7 0.11960784313725496 0.47368421052631576 0.054901960784313766 0.47368421052631576 0.05490196078431377 0.5502392344497608 0.11960784313725496 0.5502392344497608
1 0.37254901960784315 0.2978468899521532 0.307843137254902 0.2978468899521532 0.307843137254902 0.37799043062200954 0.37254901960784315 0.37799043062200954
2 0.5666666666666667 0.563397129186603 0.515686274509804 0.563397129186603 0.515686274509804 0.6244019138755981 0.5666666666666667 0.6244019138755981
10 0.4490196078431374 0.645933014354067 0.38529411764705895 0.645933014354067 0.38529411764705895 0.7236842105263158 0.4490196078431374 0.7236842105263158
7 0.2411764705882353 0.19019138755980863 0.1784313725490196 0.1901913875598086 0.1784313725490196 0.2667464114832536 0.2411764705882353 0.2667464114832537
4 0.419607843137255 0.7607655502392344 0.35490196078431385 0.7607655502392344 0.35490196078431385 0.8397129186602871 0.419607843137255 0.8397129186602871
2 0.31372549019607854 0.7404306220095693 0.26176470588235307 0.7404306220095693 0.26176470588235307 0.8038277511961722 0.31372549019607854 0.8038277511961722
6 0.29215686274509817 0.8528708133971292 0.22745098039215697 0.8528708133971292 0.22745098039215697 0.930622009569378 0.29215686274509817 0.930622009569378
2 0.6284313725490196 0.5215311004784691 0.5764705882352941 0.5215311004784691 0.5764705882352941 0.5837320574162681 0.6284313725490196 0.5837320574162681
1 0.1490196078431373 0.35167464114832536 0.08333333333333336 0.35167464114832536 0.08333333333333337 0.4318181818181818 0.1490196078431373 0.4318181818181818
2 0.2500000000000001 0.7834928229665071 0.1990196078431373 0.7834928229665071 0.19901960784313732 0.8456937799043063 0.2500000000000001 0.8456937799043063
13 0.2833333333333333 0.2607655502392345 0.2068627450980392 0.2607655502392344 0.20686274509803923 0.35287081339712917 0.2833333333333333 0.35287081339712917
12 0.6186274509803922 0.8205741626794258 0.5431372549019607 0.8205741626794258 0.5431372549019607 0.9138755980861244 0.6186274509803922 0.9138755980861244
4 0.6068627450980392 0.6327751196172249 0.542156862745098 0.6327751196172249 0.542156862745098 0.7117224880382775 0.6068627450980392 0.7117224880382775
8 0.5117647058823529 0.8014354066985646 0.45784313725490206 0.8014354066985646 0.45784313725490206 0.868421052631579 0.5117647058823529 0.868421052631579
9 0.33137254901960783 0.23086124401913882 0.2803921568627451 0.23086124401913882 0.2803921568627451 0.2906698564593302 0.33137254901960783 0.2906698564593302
8 0.5725490196078431 0.757177033492823 0.5196078431372549 0.757177033492823 0.5196078431372549 0.8241626794258373 0.5725490196078431 0.8241626794258373
3 0.2725490196078431 0.4688995215311005 0.2205882352941177 0.4688995215311005 0.2205882352941177 0.5311004784688995 0.2725490196078431 0.5311004784688995
9 0.1735294117647059 0.24282296650717702 0.12058823529411768 0.24282296650717702 0.12058823529411768 0.3050239234449761 0.17352941176470593 0.3050239234449761
3 0.21372549019607848 0.5119617224880383 0.1598039215686275 0.5119617224880383 0.1598039215686275 0.5789473684210527 0.21372549019607848 0.5789473684210527
3 0.46176470588235297 0.3373205741626795 0.4107843137254902 0.3373205741626794 0.4107843137254902 0.40071770334928236 0.46176470588235297 0.4007177033492824
3 0.5284313725490196 0.2894736842105264 0.4725490196078431 0.2894736842105264 0.4725490196078431 0.3576555023923446 0.5284313725490196 0.3576555023923446
0 0.492156862745098 0.015550239234449828 0.4284313725490196 0.015550239234449825 0.4284313725490196 0.09449760765550246 0.492156862745098 0.09449760765550246
0 0.09411764705882358 0.5861244019138756 0.025490196078431428 0.5861244019138756 0.025490196078431435 0.6710526315789473 0.09411764705882358 0.6710526315789473
11 0.05098039215686278 0.3181818181818182 0.007843137254901992 0.3181818181818182 0.007843137254901997 0.39952153110047844 0.050980392156862786 0.39952153110047844