7 0.13823529411764712 0.69377990430622 0.0901960784313726 0.69377990430622 0.09019607843137262 0.7464114832535885 0.13823529411764712 0.7464114832535885
1 0.4264705882352942 0.6913875598086124 0.37941176470588245 0.6913875598086124 0.37941176470588245 0.7464114832535885 0.4264705882352942 0.7464114832535885
2 0.49411764705882355 0.35047846889952167 0.4568627450980392 0.35047846889952167 0.4568627450980392 0.39354066985645947 0.49411764705882355 0.39354066985645947
10 0.3558823529411765 0.34210526315789475 0.3088235294117647 0.34210526315789475 0.3088235294117647 0.39473684210526316 0.3558823529411765 0.39473684210526316
7 0.3558823529411766 0.8672248803827751 0.30882352941176483 0.8672248803827751 0.30882352941176483 0.9210526315789473 0.3558823529411766 0.9210526315789473
4 0.2852941176470588 0.25837320574162687 0.2372549019607843 0.25837320574162687 0.23725490196078433 0.31220095693779903 0.2852941176470588 0.31220095693779903
2 0.20588235294117652 0.3492822966507177 0.16764705882352945 0.3492822966507177 0.16764705882352945 0.3923444976076555 0.20588235294117652 0.3923444976076555
6 0.06862745098039216 0.08373205741626795 0.020588235294117654 0.08373205741626795 0.020588235294117657 0.13636363636363635 0.06862745098039216 0.13636363636363635
6 0.13921568627450984 0.25598086124401914 0.09117647058823532 0.25598086124401914 0.09117647058823532 0.30980861244019137 0.13921568627450986 0.30980861244019137
2 0.5647058823529412 0.35047846889952167 0.5264705882352941 0.35047846889952167 0.5264705882352941 0.39354066985645947 0.5647058823529412 0.39354066985645947
1 0.21176470588235302 0.7811004784688995 0.16274509803921575 0.7811004784688995 0.16274509803921577 0.8361244019138756 0.21176470588235305 0.8361244019138756
2 0.1333333333333334 0.35047846889952156 0.09607843137254905 0.35047846889952156 0.09607843137254905 0.3923444976076555 0.1333333333333334 0.3923444976076555
13 0.3607843137254903 0.7727272727272727 0.3029411764705883 0.7727272727272727 0.3029411764705883 0.8349282296650717 0.3607843137254903 0.8349282296650717
12 0.4303921568627451 0.07655502392344504 0.37450980392156863 0.07655502392344504 0.37450980392156863 0.14114832535885175 0.4303921568627451 0.14114832535885175
4 0.4970588235294118 0.2559808612440192 0.45 0.2559808612440192 0.45 0.3110047846889953 0.4970588235294118 0.31100478468899534
8 0.3519607843137255 0.17224880382775126 0.3127450980392157 0.17224880382775126 0.3127450980392157 0.22009569377990437 0.3519607843137255 0.22009569377990437
9 0.4215686274509805 0.7870813397129187 0.3843137254901962 0.7870813397129187 0.3843137254901962 0.8277511961722488 0.4215686274509805 0.8277511961722488
10 0.14215686274509803 0.08133971291866031 0.09411764705882353 0.08133971291866028 0.09411764705882353 0.13636363636363638 0.14215686274509803 0.1363636363636364
8 0.4215686274509804 0.1734449760765551 0.38333333333333336 0.1734449760765551 0.38333333333333336 0.22009569377990437 0.4215686274509804 0.22009569377990437
3 0.277450980392157 0.6124401913875598 0.23823529411764713 0.6124401913875598 0.23823529411764713 0.6555023923444976 0.277450980392157 0.6555023923444976
9 0.2803921568627452 0.8720095693779905 0.24019607843137267 0.8720095693779905 0.24019607843137267 0.9126794258373205 0.2803921568627452 0.9126794258373205
3 0.20686274509803926 0.6064593301435407 0.16862745098039222 0.6064593301435407 0.16862745098039222 0.6543062200956937 0.20686274509803926 0.6543062200956937
3 0.4911764705882354 0.611244019138756 0.45490196078431383 0.611244019138756 0.45490196078431383 0.6555023923444976 0.4911764705882354 0.6555023923444976
3 0.5666666666666667 0.6100478468899523 0.5264705882352941 0.6100478468899523 0.5264705882352941 0.6578947368421053 0.5666666666666667 0.6578947368421053
0 0.6401960784313725 0.8660287081339713 0.5941176470588235 0.8660287081339713 0.5941176470588235 0.9222488038277512 0.6401960784313725 0.9222488038277512
0 0.06960784313725496 0.6052631578947368 0.019607843137254964 0.6052631578947368 0.019607843137254968 0.6650717703349283 0.06960784313725496 0.6650717703349283
11 0.13921568627450992 0.8660287081339713 0.09117647058823537 0.8660287081339713 0.09117647058823537 0.9258373205741627 0.13921568627450992 0.9258373205741627