7 0.12352941176470593 0.35526315789473684 0.054901960784313766 0.35526315789473684 0.054901960784313766 0.44019138755980863 0.12352941176470594 0.44019138755980863
2 0.5735294117647058 0.31100478468899534 0.5205882352941177 0.31100478468899534 0.5205882352941177 0.37559808612440204 0.5735294117647058 0.37559808612440204
4 0.30490196078431375 0.18421052631578955 0.23823529411764705 0.18421052631578955 0.23823529411764705 0.2655502392344498 0.30490196078431375 0.2655502392344498
1 0.1401960784313726 0.4784688995215311 0.0725490196078432 0.4784688995215311 0.0725490196078432 0.562200956937799 0.1401960784313726 0.562200956937799
6 0.15686274509803927 0.5956937799043063 0.08823529411764712 0.5956937799043063 0.08823529411764712 0.6794258373205742 0.15686274509803927 0.6794258373205742
2 0.6313725490196078 0.3576555023923446 0.5774509803921568 0.3576555023923446 0.5774509803921568 0.4234449760765552 0.6313725490196078 0.4234449760765552
8 0.5392156862745098 0.06818181818181826 0.4843137254901961 0.06818181818181825 0.4843137254901961 0.13636363636363644 0.5392156862745098 0.13636363636363644
13 0.36274509803921573 0.5406698564593302 0.2833333333333333 0.5406698564593302 0.2833333333333334 0.6411483253588517 0.3627450980392158 0.6411483253588517
12 0.65 0.0263157894736843 0.5715686274509804 0.026315789473684296 0.5715686274509804 0.12320574162679436 0.65 0.12320574162679436
2 0.3382352941176471 0.11842105263157898 0.28431372549019607 0.11842105263157898 0.28431372549019607 0.18421052631578955 0.3382352941176471 0.18421052631578955
6 0.503921568627451 0.13397129186602877 0.4392156862745098 0.13397129186602877 0.4392156862745098 0.21411483253588523 0.503921568627451 0.21411483253588523
2 0.2784313725490196 0.07177033492822969 0.22647058823529412 0.07177033492822969 0.22647058823529412 0.1363636363636364 0.2784313725490196 0.1363636363636364
0 0.21764705882352947 0.6471291866028708 0.15000000000000005 0.6471291866028708 0.15000000000000005 0.7296650717703349 0.21764705882352947 0.7296650717703349
8 0.596078431372549 0.11842105263157904 0.5431372549019607 0.11842105263157901 0.5431372549019607 0.1830143540669857 0.596078431372549 0.1830143540669857
9 0.3107843137254903 0.6267942583732058 0.2539215686274511 0.6267942583732058 0.2539215686274511 0.6961722488038278 0.3107843137254903 0.6961722488038278
3 0.4509803921568628 0.5251196172248804 0.3931372549019608 0.5251196172248804 0.39313725490196083 0.59688995215311 0.45098039215686286 0.59688995215311
3 0.5078431372549019 0.5753588516746412 0.4519607843137256 0.5753588516746412 0.4519607843137256 0.6447368421052632 0.5078431372549019 0.6447368421052632
11 0.22352941176470595 0.32894736842105265 0.15392156862745104 0.32894736842105265 0.15392156862745104 0.41626794258373206 0.22352941176470595 0.41626794258373206