7 0.13921568627450984 0.24043062200956938 0.08823529411764709 0.24043062200956938 0.08823529411764709 0.29784688995215314 0.13921568627450986 0.29784688995215314
2 0.47843137254901974 0.583732057416268 0.4372549019607844 0.583732057416268 0.4372549019607844 0.6303827751196173 0.47843137254901974 0.6303827751196173
4 0.20196078431372555 0.49760765550239233 0.1509803921568628 0.49760765550239233 0.1509803921568628 0.5550239234449761 0.20196078431372555 0.5550239234449761
1 0.21568627450980393 0.14832535885167467 0.1627450980392157 0.14832535885167467 0.1627450980392157 0.20574162679425836 0.21568627450980393 0.20574162679425836
2 0.5490196078431373 0.5825358851674642 0.5078431372549019 0.5825358851674642 0.5078431372549019 0.6279904306220095 0.5490196078431373 0.6279904306220095
6 0.2901960784313726 0.0586124401913876 0.2372549019607843 0.058612440191387595 0.2372549019607843 0.11602870813397133 0.2901960784313726 0.11602870813397133
8 0.32941176470588246 0.7607655502392344 0.28823529411764715 0.7607655502392344 0.28823529411764715 0.8086124401913876 0.32941176470588246 0.8086124401913876
13 0.4323529411764706 0.22607655502392351 0.37058823529411766 0.22607655502392351 0.37058823529411766 0.2978468899521532 0.4323529411764706 0.2978468899521532
6 0.3362745098039217 0.666267942583732 0.2872549019607844 0.666267942583732 0.2872549019607844 0.722488038277512 0.3362745098039217 0.722488038277512
12 0.40490196078431384 0.8373205741626795 0.3460784313725491 0.8373205741626795 0.3460784313725491 0.9055023923444976 0.40490196078431384 0.9055023923444976
2 0.11862745098039221 0.5933014354066986 0.07745098039215692 0.5933014354066986 0.07745098039215692 0.6375598086124402 0.11862745098039221 0.6375598086124402
2 0.19117647058823534 0.5909090909090909 0.15000000000000005 0.5909090909090909 0.15000000000000005 0.6363636363636364 0.19117647058823534 0.6363636363636364
10 0.11568627450980401 0.8492822966507177 0.06372549019607851 0.8492822966507177 0.06372549019607851 0.9066985645933014 0.11568627450980401 0.9066985645933014
0 0.36176470588235293 0.05741626794258378 0.3107843137254902 0.05741626794258378 0.3107843137254902 0.11602870813397134 0.36176470588235293 0.11602870813397136
8 0.40000000000000013 0.7595693779904307 0.3588235294117648 0.7595693779904307 0.3588235294117648 0.80622009569378 0.40000000000000013 0.80622009569378
3 0.49019607843137253 0.3241626794258374 0.44509803921568625 0.3241626794258373 0.44509803921568625 0.3732057416267943 0.49019607843137253 0.3732057416267944
3 0.557843137254902 0.31937799043062215 0.5176470588235295 0.31937799043062215 0.5176470588235295 0.37200956937799057 0.557843137254902 0.37200956937799057
9 0.4235294117647059 0.14832535885167472 0.3803921568627451 0.14832535885167472 0.3803921568627451 0.19617224880382783 0.4235294117647059 0.19617224880382783
11 0.20686274509803926 0.32057416267942584 0.15588235294117653 0.32057416267942584 0.15588235294117653 0.3815789473684211 0.20686274509803926 0.3815789473684211