7 0.8127450980392157 0.8875598086124402 0.75 0.8875598086124402 0.75 0.9617224880382775 0.8127450980392157 0.9617224880382775
11 0.8754901960784314 0.7296650717703349 0.8088235294117647 0.7296650717703349 0.8088235294117647 0.80622009569378 0.8754901960784314 0.80622009569378
2 0.6009803921568627 0.3815789473684212 0.5509803921568628 0.3815789473684212 0.5509803921568628 0.44138755980861255 0.6009803921568627 0.44138755980861255
7 0.557843137254902 0.9198564593301436 0.4950980392156864 0.9198564593301436 0.4950980392156864 0.9952153110047847 0.557843137254902 0.9952153110047847
6 0.7676470588235295 0.37559808612440204 0.703921568627451 0.37559808612440204 0.703921568627451 0.45215311004784703 0.7676470588235295 0.45215311004784703
4 0.8333333333333334 0.41985645933014365 0.7676470588235295 0.41985645933014365 0.7676470588235295 0.4976076555023925 0.8333333333333334 0.4976076555023925
2 0.538235294117647 0.3433014354066987 0.4872549019607843 0.3433014354066987 0.4872549019607843 0.4031100478468901 0.538235294117647 0.4031100478468901
1 0.7186274509803922 0.9234449760765551 0.6529411764705882 0.9234449760765551 0.6529411764705882 1 0.7186274509803922 1
2 0.8627450980392157 0.5442583732057418 0.8117647058823529 0.5442583732057418 0.8117647058823529 0.6040669856459332 0.8627450980392157 0.6040669856459332
2 0.9284313725490196 0.5837320574162681 0.8784313725490196 0.5837320574162681 0.8784313725490196 0.6435406698564594 0.9284313725490196 0.6435406698564596
8 0.792156862745098 0.3050239234449762 0.7401960784313726 0.3050239234449762 0.7401960784313726 0.3684210526315791 0.792156862745098 0.3684210526315791
13 0.5607843137254902 0.7117224880382775 0.4803921568627452 0.7117224880382775 0.4803921568627452 0.8086124401913876 0.5607843137254902 0.8086124401913876
10 1 0.34210526315789486 0.9588235294117647 0.34210526315789486 0.9588235294117647 0.41746411483253604 1 0.41746411483253604
4 0.7352941176470589 0.4545454545454547 0.6725490196078432 0.4545454545454547 0.6725490196078432 0.528708133971292 0.7352941176470589 0.528708133971292
6 0.6264705882352941 0.9593301435406698 0.5617647058823529 0.9593301435406698 0.5617647058823529 1 0.6264705882352941 1
12 0.7696078431372549 0.17464114832535899 0.6941176470588235 0.17464114832535899 0.6941176470588235 0.26435406698564606 0.7696078431372549 0.26435406698564606
8 0.7264705882352941 0.26913875598086134 0.6754901960784314 0.2691387559808613 0.6754901960784314 0.32775119617224896 0.7264705882352941 0.32775119617224896
9 0.5166666666666667 0.812200956937799 0.4666666666666668 0.812200956937799 0.4666666666666668 0.8708133971291866 0.5166666666666667 0.8708133971291866
3 0.4470588235294119 0.5753588516746412 0.39509803921568637 0.5753588516746412 0.39509803921568637 0.6351674641148325 0.4470588235294119 0.6351674641148325
3 0.5137254901960784 0.6148325358851675 0.4627450980392158 0.6148325358851675 0.4627450980392158 0.680622009569378 0.5137254901960784 0.680622009569378
0 0.2980392156862746 0.7583732057416268 0.2333333333333334 0.7583732057416268 0.23333333333333342 0.8373205741626795 0.2980392156862746 0.8373205741626795