7 0.8372549019607843 0.8313397129186603 0.7784313725490196 0.8313397129186603 0.7784313725490196 0.8971291866028708 0.8372549019607843 0.8971291866028708
7 0.6274509803921569 0.7703349282296651 0.5666666666666667 0.7703349282296651 0.5666666666666667 0.8385167464114832 0.6274509803921569 0.8385167464114832
2 0.5431372549019607 0.3995215311004786 0.49607843137254903 0.3995215311004786 0.49607843137254903 0.45334928229665084 0.5431372549019607 0.45334928229665084
4 0.7764705882352941 0.3648325358851676 0.7176470588235294 0.3648325358851676 0.7176470588235294 0.43181818181818193 0.7764705882352941 0.43181818181818193
1 0.5901960784313726 0.5849282296650719 0.5294117647058824 0.5849282296650719 0.5294117647058824 0.65311004784689 0.5901960784313726 0.65311004784689
6 0.9166666666666666 0.41028708133971303 0.8558823529411764 0.41028708133971303 0.8558823529411764 0.4784688995215312 0.9166666666666666 0.4784688995215312
2 0.8264705882352941 0.4808612440191389 0.7784313725490196 0.4808612440191389 0.7784313725490196 0.5334928229665074 0.8264705882352941 0.5334928229665074
2 0.8960784313725491 0.501196172248804 0.8480392156862745 0.501196172248804 0.8480392156862745 0.5538277511961723 0.8960784313725491 0.5538277511961723
10 0.6911764705882353 0.43062200956937813 0.6303921568627451 0.43062200956937813 0.6303921568627451 0.501196172248804 0.6911764705882353 0.501196172248804
1 0.75 0.8947368421052632 0.6892156862745098 0.8947368421052632 0.6892156862745098 0.9629186602870813 0.75 0.9629186602870813
2 0.47352941176470587 0.3767942583732058 0.42549019607843136 0.37679425837320574 0.42549019607843136 0.4318181818181819 0.47352941176470587 0.43181818181818193
8 0.7186274509803922 0.26555023923444987 0.6696078431372549 0.2655502392344498 0.6696078431372549 0.3217703349282298 0.7186274509803922 0.3217703349282298
0 0.34705882352941186 0.6949760765550239 0.2872549019607844 0.6949760765550239 0.2872549019607844 0.7619617224880383 0.34705882352941186 0.7619617224880383
12 0.6745098039215687 0.1507177033492824 0.6049019607843137 0.1507177033492824 0.6049019607843137 0.23086124401913882 0.6745098039215687 0.23086124401913882
10 0.9490196078431372 0.23684210526315802 0.888235294117647 0.23684210526315802 0.888235294117647 0.3050239234449762 0.9490196078431372 0.3050239234449762
13 0.6 0.9366028708133971 0.5303921568627451 0.9366028708133971 0.5303921568627451 1 0.6 1
4 0.5676470588235294 0.30741626794258387 0.5078431372549019 0.30741626794258387 0.5078431372549019 0.37559808612440204 0.5676470588235294 0.37559808612440204
3 0.7098039215686275 0.7177033492822966 0.6607843137254902 0.7177033492822966 0.6607843137254902 0.7703349282296651 0.7098039215686275 0.7703349282296651
3 0.9186274509803921 0.7763157894736843 0.8696078431372549 0.7763157894736842 0.8696078431372549 0.8301435406698566 0.9186274509803921 0.8301435406698567
0 0.9911764705882353 0.2583732057416269 0.9588235294117647 0.2583732057416269 0.9588235294117647 0.3229665071770336 0.9911764705882353 0.3229665071770336
9 0.5352941176470588 0.8456937799043063 0.4872549019607844 0.8456937799043063 0.4872549019607844 0.8983253588516746 0.5352941176470588 0.8983253588516746
3 0.7774509803921569 0.7368421052631579 0.7274509803921568 0.7368421052631579 0.7274509803921568 0.7894736842105263 0.7774509803921569 0.7894736842105263
9 0.6607843137254902 0.9712918660287081 0.6107843137254902 0.9712918660287081 0.6107843137254902 1 0.6607843137254902 1
3 0.4970588235294119 0.6543062200956937 0.4490196078431374 0.6543062200956937 0.4490196078431374 0.7105263157894737 0.4970588235294119 0.7105263157894737
3 0.4284313725490197 0.6351674641148325 0.38137254901960793 0.6351674641148325 0.38137254901960793 0.6889952153110048 0.4284313725490197 0.6889952153110048
8 0.6450980392156863 0.24880382775119625 0.596078431372549 0.24880382775119625 0.596078431372549 0.30382775119617234 0.6450980392156863 0.30382775119617234