7 0.4852941176470588 0.019138755980861316 0.42745098039215684 0.019138755980861313 0.42745098039215684 0.045454545454545525 0.4852941176470588 0.045454545454545525
2 0.6303921568627451 0.5107655502392345 0.5852941176470589 0.5107655502392345 0.5852941176470589 0.570574162679426 0.6303921568627451 0.570574162679426
1 0.39019607843137255 0.2954545454545455 0.3323529411764706 0.2954545454545455 0.3323529411764706 0.3708133971291866 0.39019607843137255 0.3708133971291866
7 0.2784313725490196 0.15191387559808617 0.22058823529411764 0.15191387559808617 0.22058823529411764 0.2260765550239235 0.2784313725490196 0.22607655502392351
4 0.7745098039215687 0.28947368421052644 0.7166666666666667 0.28947368421052644 0.7166666666666667 0.3648325358851676 0.7745098039215687 0.3648325358851676
1 0.3941176470588235 0.01794258373205747 0.3362745098039216 0.017942583732057468 0.3362745098039216 0.09330143540669862 0.3941176470588235 0.09330143540669864
2 0.6078431372549019 0.5897129186602872 0.5617647058823529 0.5897129186602872 0.5617647058823529 0.6507177033492823 0.6078431372549019 0.6507177033492823
2 0.7470588235294118 0.10167464114832546 0.7029411764705882 0.10167464114832546 0.7029411764705882 0.16028708133971306 0.7470588235294118 0.16028708133971306
6 0.7519607843137255 0.37200956937799057 0.6941176470588235 0.37200956937799057 0.6941176470588235 0.4461722488038279 0.7519607843137255 0.4461722488038279
4 0.7058823529411765 0.5334928229665074 0.6480392156862745 0.5334928229665074 0.6480392156862745 0.6076555023923447 0.7058823529411765 0.6076555023923447
8 0.8166666666666667 0.4078947368421054 0.765686274509804 0.4078947368421054 0.765686274509804 0.47129186602870826 0.8166666666666667 0.47129186602870826
11 0.41274509803921566 0.2165071770334929 0.35490196078431374 0.2165071770334929 0.35490196078431374 0.2906698564593302 0.41274509803921566 0.2906698564593302
10 0.9568627450980393 0.19019138755980874 0.8980392156862745 0.19019138755980874 0.8980392156862745 0.26674641148325373 0.9568627450980393 0.26674641148325373
2 0.7245098039215686 0.18301435406698574 0.6784313725490196 0.1830143540669857 0.6784313725490196 0.24282296650717713 0.7245098039215686 0.24282296650717716
12 0.8696078431372549 0.5083732057416269 0.8019607843137255 0.5083732057416269 0.8019607843137255 0.5968899521531101 0.8696078431372549 0.5968899521531101
13 0.37254901960784315 0.0968899521531101 0.30686274509803924 0.09688995215311008 0.30686274509803924 0.1830143540669857 0.37254901960784315 0.1830143540669857
8 0.7931372549019607 0.49162679425837336 0.7431372549019608 0.49162679425837336 0.7431372549019608 0.5538277511961723 0.7931372549019607 0.5538277511961723
9 0.30098039215686273 0.0753588516746412 0.24705882352941178 0.07535885167464118 0.24705882352941178 0.13995215311004788 0.30098039215686273 0.13995215311004788
10 0.6196078431372549 0.03229665071770344 0.5617647058823529 0.032296650717703435 0.5617647058823529 0.10765550239234459 0.6196078431372549 0.1076555023923446
3 0.5 0.17224880382775126 0.453921568627451 0.17224880382775126 0.453921568627451 0.23205741626794266 0.5 0.23205741626794266
9 0.31862745098039214 0.27153110047846896 0.27156862745098037 0.27153110047846896 0.27156862745098037 0.33133971291866027 0.31862745098039214 0.33133971291866027
3 0.5205882352941177 0.08971291866028715 0.47549019607843135 0.08971291866028715 0.47549019607843135 0.15071770334928236 0.5205882352941177 0.15071770334928236
3 0.43137254901960786 0.41746411483253587 0.38235294117647056 0.41746411483253587 0.38235294117647056 0.4772727272727273 0.43137254901960786 0.4772727272727273
0 0.1852941176470589 0.4772727272727273 0.12549019607843143 0.4772727272727273 0.12549019607843143 0.5514354066985646 0.1852941176470589 0.5514354066985646
3 0.4058823529411765 0.49760765550239233 0.35980392156862745 0.49760765550239233 0.3598039215686275 0.55622009569378 0.4058823529411766 0.55622009569378