7 0.2735294117647059 0.06818181818181822 0.21568627450980393 0.06818181818181822 0.21568627450980393 0.13995215311004788 0.2735294117647059 0.13995215311004788
7 0.3303921568627451 0.326555023923445 0.27156862745098037 0.326555023923445 0.27156862745098037 0.39832535885167464 0.3303921568627451 0.39832535885167464
2 0.6362745098039215 0.44138755980861255 0.5892156862745098 0.44138755980861255 0.5892156862745098 0.4976076555023925 0.6362745098039215 0.4976076555023925
1 0.4852941176470588 0.38038277511961727 0.42549019607843136 0.3803827751196172 0.42549019607843136 0.452153110047847 0.4852941176470588 0.45215311004784703
4 0.6509803921568628 0.15789473684210534 0.592156862745098 0.15789473684210534 0.592156862745098 0.229665071770335 0.6509803921568628 0.229665071770335
2 0.5598039215686275 0.09330143540669864 0.5137254901960784 0.09330143540669864 0.5137254901960784 0.1519138755980862 0.5598039215686275 0.1519138755980862
6 0.6127450980392157 0.025119617224880472 0.5558823529411765 0.02511961722488047 0.5558823529411765 0.05980861244019147 0.6127450980392157 0.05980861244019147
10 0.6058823529411764 0.26076555023923453 0.5490196078431373 0.26076555023923453 0.5490196078431373 0.33253588516746424 0.6058823529411764 0.33253588516746424
1 0.2235294117647059 0.173444976076555 0.16470588235294117 0.173444976076555 0.16470588235294117 0.24641148325358853 0.2235294117647059 0.24641148325358853
0 0.40490196078431384 0.6686602870813397 0.3450980392156864 0.6686602870813397 0.3450980392156864 0.7416267942583732 0.40490196078431384 0.7416267942583732
2 0.657843137254902 0.5263157894736843 0.6107843137254902 0.5263157894736843 0.6107843137254902 0.5837320574162681 0.657843137254902 0.5837320574162681
2 0.5401960784313725 0.022727272727272804 0.49411764705882355 0.022727272727272804 0.49411764705882355 0.06459330143540677 0.5401960784313725 0.06459330143540679
13 0.26666666666666666 0.3349282296650718 0.19509803921568633 0.3349282296650718 0.19509803921568633 0.42105263157894735 0.26666666666666666 0.42105263157894735
8 0.7372549019607844 0.23444976076555038 0.6882352941176471 0.23444976076555038 0.6882352941176471 0.2942583732057418 0.7372549019607844 0.2942583732057418
4 0.711764705882353 0.41507177033492837 0.6529411764705882 0.41507177033492837 0.6529411764705882 0.4856459330143542 0.711764705882353 0.4856459330143542
12 0.8352941176470589 0.28947368421052644 0.7666666666666667 0.28947368421052644 0.7666666666666667 0.37440191387559824 0.8352941176470589 0.37440191387559824
11 0.13431372549019607 0.09808612440191389 0.07450980392156863 0.09808612440191387 0.07450980392156864 0.173444976076555 0.13431372549019607 0.173444976076555
8 0.7558823529411764 0.31937799043062215 0.7107843137254902 0.31937799043062215 0.7107843137254902 0.3767942583732059 0.7558823529411764 0.3767942583732059
9 0.2725490196078431 0.4366028708133971 0.22647058823529417 0.4366028708133971 0.22647058823529417 0.49282296650717705 0.2725490196078431 0.49282296650717705
3 0.37058823529411766 0.22727272727272735 0.3235294117647059 0.22727272727272735 0.3235294117647059 0.2858851674641149 0.37058823529411766 0.2858851674641149
3 0.3519607843137255 0.14354066985645939 0.3058823529411765 0.14354066985645936 0.3058823529411765 0.20215311004784695 0.3519607843137255 0.20215311004784695
3 0.4343137254901961 0.4868421052631579 0.38235294117647056 0.4868421052631579 0.38235294117647056 0.5454545454545454 0.4343137254901961 0.5454545454545454
3 0.4519607843137256 0.5753588516746412 0.4039215686274511 0.5753588516746412 0.4039215686274511 0.6303827751196173 0.4519607843137256 0.6303827751196173
9 0.16764705882352945 0.2799043062200957 0.11568627450980395 0.2799043062200957 0.11568627450980395 0.3361244019138756 0.16764705882352945 0.3361244019138756