7 0.9284313725490196 0.2822966507177035 0.861764705882353 0.2822966507177035 0.861764705882353 0.3648325358851676 0.9284313725490196 0.3648325358851676
11 0.8176470588235294 0.16387559808612454 0.75 0.16387559808612454 0.75 0.24760765550239247 0.8176470588235294 0.24760765550239247
2 0.4725490196078431 0.3767942583732058 0.4196078431372549 0.37679425837320574 0.4196078431372549 0.4401913875598087 0.4725490196078431 0.44019138755980874
6 0.5127450980392156 0.18062200956937804 0.44607843137254904 0.18062200956937804 0.44607843137254904 0.26196172248803834 0.5127450980392156 0.26196172248803834
7 0.9029411764705882 0.5933014354066987 0.8362745098039216 0.5933014354066987 0.8362745098039216 0.6746411483253588 0.9029411764705882 0.6746411483253588
1 0.9382352941176471 0.4078947368421054 0.8705882352941177 0.4078947368421054 0.8705882352941177 0.4904306220095695 0.9382352941176471 0.4904306220095695
2 0.4284313725490196 0.43899521531100477 0.37549019607843137 0.43899521531100477 0.37549019607843137 0.5035885167464115 0.4284313725490196 0.5035885167464115
2 0.6549019607843137 0.11842105263157905 0.6019607843137255 0.11842105263157905 0.6019607843137255 0.1830143540669857 0.6549019607843137 0.1830143540669857
8 0.453921568627451 0.125598086124402 0.39705882352941174 0.125598086124402 0.39705882352941174 0.194976076555024 0.453921568627451 0.194976076555024
2 0.7009803921568627 0.05263157894736852 0.6480392156862745 0.05263157894736852 0.6480392156862745 0.11722488038277522 0.7009803921568627 0.11722488038277522
13 0.753921568627451 0.5299043062200959 0.6715686274509803 0.5299043062200959 0.6715686274509803 0.6327751196172249 0.753921568627451 0.6327751196172249
6 0.946078431372549 0.528708133971292 0.8794117647058823 0.528708133971292 0.8794117647058823 0.6112440191387561 0.946078431372549 0.6112440191387561
4 0.5627450980392157 0.1136363636363637 0.49117647058823527 0.1136363636363637 0.49117647058823527 0.20095693779904314 0.5627450980392157 0.20095693779904314
4 0.5676470588235294 0.2380382775119618 0.5019607843137255 0.2380382775119618 0.5019607843137255 0.31937799043062215 0.5676470588235294 0.31937799043062215
12 0.36470588235294116 0.11722488038277518 0.28627450980392155 0.11722488038277515 0.28627450980392155 0.2129186602870814 0.36470588235294116 0.2129186602870814
8 0.4088235294117647 0.19377990430622016 0.35490196078431374 0.19377990430622016 0.35490196078431374 0.25837320574162687 0.4088235294117647 0.25837320574162687
9 0.7941176470588235 0.6076555023923447 0.7431372549019608 0.6076555023923447 0.7431372549019608 0.6710526315789473 0.7941176470588235 0.6710526315789473
3 0.6401960784313725 0.5526315789473686 0.5852941176470589 0.5526315789473686 0.5852941176470589 0.6196172248803827 0.6401960784313725 0.6196172248803827
3 0.5950980392156863 0.6172248803827751 0.5411764705882353 0.6172248803827751 0.5411764705882353 0.6842105263157895 0.5950980392156863 0.6842105263157895
0 0.7235294117647059 0.8504784688995215 0.653921568627451 0.8504784688995215 0.653921568627451 0.9354066985645934 0.7235294117647059 0.9354066985645934