7 0.9833333333333333 0.5143540669856461 0.9098039215686274 0.5143540669856461 0.9098039215686274 0.6040669856459332 0.9833333333333333 0.6040669856459332
2 0.6284313725490196 0.6471291866028708 0.5725490196078431 0.6471291866028708 0.5725490196078431 0.715311004784689 0.6284313725490196 0.715311004784689
7 0.6372549019607843 0.20215311004784695 0.5647058823529412 0.20215311004784695 0.5647058823529412 0.2894736842105264 0.6372549019607843 0.2894736842105264
5 0.7205882352941176 0.06100478468899532 0.6490196078431373 0.06100478468899532 0.6490196078431373 0.14832535885167475 0.7205882352941176 0.14832535885167475
10 0.3960784313725491 0.7464114832535885 0.3254901960784315 0.7464114832535885 0.3254901960784315 0.8325358851674641 0.3960784313725491 0.8325358851674641
12 0.5558823529411765 0.7739234449760766 0.4745098039215687 0.7739234449760766 0.4745098039215687 0.8732057416267942 0.5558823529411765 0.8732057416267942
6 0.7676470588235295 0.8648325358851675 0.6970588235294117 0.8648325358851675 0.6970588235294117 0.9425837320574163 0.7676470588235295 0.9425837320574163
2 0.746078431372549 0.7547846889952153 0.6901960784313725 0.7547846889952153 0.6901960784313725 0.8229665071770335 0.746078431372549 0.8229665071770335
4 0.3352941176470589 0.6913875598086124 0.26372549019607855 0.6913875598086124 0.26372549019607855 0.777511961722488 0.3352941176470589 0.777511961722488
2 0.5137254901960784 0.5418660287081342 0.45784313725490194 0.5418660287081342 0.457843137254902 0.6100478468899523 0.5137254901960784 0.6100478468899523
6 0.42156862745098045 0.5514354066985646 0.35 0.5514354066985646 0.35000000000000003 0.6375598086124402 0.4215686274509805 0.6375598086124402
2 0.3990196078431373 0.44138755980861244 0.34411764705882353 0.44138755980861244 0.34411764705882353 0.507177033492823 0.3990196078431373 0.507177033492823
2 0.8029411764705883 0.80622009569378 0.7490196078431373 0.80622009569378 0.7490196078431373 0.8732057416267942 0.8029411764705883 0.8732057416267942
11 0.7813725490196078 0.11363636363636374 0.7088235294117647 0.11363636363636374 0.7088235294117647 0.2009569377990432 0.7813725490196078 0.2009569377990432
8 0.4431372549019609 0.80622009569378 0.3882352941176472 0.80622009569378 0.3882352941176472 0.8732057416267942 0.4431372549019609 0.8732057416267942
8 0.5588235294117647 0.9114832535885168 0.503921568627451 0.9114832535885168 0.503921568627451 0.9593301435406698 0.5588235294117647 0.9593301435406698
3 0.7578431372549019 0.43660287081339727 0.7029411764705882 0.43660287081339727 0.7029411764705882 0.5035885167464116 0.7578431372549019 0.5035885167464116
3 0.9901960784313726 0.6483253588516749 0.9333333333333333 0.6483253588516749 0.9333333333333333 0.7165071770334931 0.9901960784313726 0.7165071770334931
9 0.8294117647058824 0.17464114832535899 0.7735294117647059 0.17464114832535899 0.7735294117647059 0.24162679425837333 0.8294117647058824 0.24162679425837333
13 0.8578431372549019 0.2822966507177035 0.7774509803921569 0.2822966507177035 0.7774509803921569 0.3803827751196174 0.8578431372549019 0.3803827751196174
3 0.5852941176470589 0.27870813397129196 0.5294117647058824 0.27870813397129196 0.5294117647058824 0.3468899521531102 0.5852941176470589 0.3468899521531102
0 0.2823529411764707 0.6411483253588517 0.2098039215686275 0.6411483253588517 0.2098039215686275 0.7284688995215312 0.2823529411764707 0.7284688995215312
3 0.8754901960784314 0.5418660287081342 0.8186274509803921 0.5418660287081342 0.8186274509803921 0.6100478468899523 0.8754901960784314 0.6100478468899523
3 0.6460784313725491 0.3361244019138757 0.5911764705882353 0.3361244019138757 0.5911764705882353 0.4019138755980863 0.6460784313725491 0.4019138755980863
9 0.9450980392156862 0.27631578947368435 0.8872549019607843 0.27631578947368435 0.8872549019607843 0.3468899521531102 0.9450980392156862 0.3468899521531102
5 1 0.3253588516746413 0.9401960784313725 0.3253588516746413 0.9401960784313725 0.4090909090909092 1 0.4090909090909092
11 1 0.3779904306220097 0.996078431372549 0.3779904306220097 0.996078431372549 0.46291866028708145 1 0.46291866028708145
1 0.6676470588235294 0.008373205741626888 0.596078431372549 0.008373205741626883 0.596078431372549 0.09688995215311015 0.6676470588235294 0.09688995215311015