7 0.1362745098039216 0.4665071770334928 0.06764705882352946 0.4665071770334928 0.06764705882352946 0.5454545454545454 0.1362745098039216 0.5454545454545454
7 0.3235294117647059 0.34688995215311 0.2568627450980392 0.34688995215311 0.2568627450980392 0.423444976076555 0.3235294117647059 0.423444976076555
2 0.5823529411764706 0.5801435406698566 0.5294117647058824 0.5801435406698566 0.5294117647058824 0.6399521531100478 0.5823529411764706 0.6399521531100478
1 0.4568627450980392 0.45693779904306225 0.39019607843137255 0.4569377990430622 0.39019607843137255 0.5334928229665072 0.4568627450980392 0.5334928229665074
4 0.4372549019607844 0.7727272727272727 0.3705882352941178 0.7727272727272727 0.3705882352941178 0.8492822966507177 0.4372549019607844 0.8492822966507177
5 0.5715686274509804 0.1830143540669857 0.5049019607843137 0.1830143540669857 0.5049019607843137 0.25956937799043067 0.5715686274509804 0.25956937799043067
6 0.30980392156862757 0.8492822966507177 0.2431372549019609 0.8492822966507177 0.2431372549019609 0.9270334928229665 0.30980392156862757 0.9270334928229665
2 0.32941176470588246 0.7440191387559809 0.27647058823529425 0.7440191387559809 0.27647058823529425 0.8038277511961722 0.32941176470588246 0.8038277511961722
2 0.2666666666666668 0.7834928229665071 0.21470588235294122 0.7834928229665071 0.21470588235294125 0.8444976076555024 0.2666666666666668 0.8444976076555024
10 0.46372549019607856 0.6495215311004785 0.39411764705882363 0.6495215311004785 0.39411764705882363 0.7320574162679426 0.46372549019607856 0.7320574162679426
8 0.5284313725490196 0.8133971291866029 0.473529411764706 0.8133971291866029 0.473529411764706 0.8791866028708134 0.5284313725490196 0.8791866028708134
12 0.6352941176470588 0.8385167464114832 0.557843137254902 0.8385167464114832 0.557843137254902 0.9294258373205742 0.6352941176470588 0.9294258373205742
2 0.6441176470588236 0.5394736842105264 0.5892156862745098 0.5394736842105264 0.5892156862745098 0.6016746411483255 0.6441176470588236 0.6016746411483255
0 0.8166666666666667 0.7236842105263158 0.7480392156862745 0.7236842105263158 0.7480392156862745 0.8026315789473685 0.8166666666666667 0.8026315789473685
9 0.28137254901960784 0.27153110047846896 0.22647058823529412 0.2715311004784689 0.22647058823529415 0.3373205741626794 0.28137254901960784 0.3373205741626794
8 0.5901960784313726 0.7739234449760766 0.5333333333333333 0.7739234449760766 0.5333333333333333 0.8397129186602871 0.5901960784313726 0.8397129186602871
3 0.2852941176470588 0.4700956937799043 0.23235294117647065 0.4700956937799043 0.23235294117647065 0.5311004784688995 0.2852941176470588 0.5311004784688995
11 0.06372549019607845 0.31100478468899523 0.014705882352941207 0.31100478468899523 0.014705882352941211 0.388755980861244 0.06372549019607845 0.388755980861244
1 0.03921568627450985 0.430622009569378 0.02058823529411769 0.430622009569378 0.020588235294117692 0.5047846889952153 0.03921568627450986 0.5047846889952153
4 0.6245098039215686 0.645933014354067 0.5529411764705883 0.645933014354067 0.5529411764705883 0.7308612440191388 0.6245098039215686 0.7308612440191388
13 0.257843137254902 0.18660287081339716 0.17941176470588235 0.18660287081339713 0.17941176470588235 0.27511961722488043 0.257843137254902 0.27511961722488043
3 0.0990196078431373 0.5921052631578947 0.04509803921568633 0.5921052631578947 0.045098039215686336 0.6519138755980861 0.0990196078431373 0.6519138755980861
3 0.22843137254901966 0.5083732057416268 0.17450980392156867 0.5083732057416268 0.17450980392156867 0.5681818181818182 0.22843137254901966 0.5681818181818182
3 0.5392156862745098 0.30622009569378006 0.4843137254901961 0.30622009569378006 0.4843137254901961 0.36722488038277523 0.5392156862745098 0.36722488038277523
3 0.47352941176470587 0.34688995215311014 0.4215686274509804 0.34688995215311 0.4215686274509804 0.40909090909090917 0.47352941176470587 0.4090909090909092
6 0.12450980392156866 0.2727272727272727 0.05882352941176473 0.2727272727272727 0.05882352941176474 0.35167464114832536 0.12450980392156866 0.35167464114832536
9 0.3431372549019608 0.23205741626794266 0.28823529411764703 0.23205741626794266 0.28823529411764703 0.2978468899521532 0.3431372549019608 0.2978468899521532