7 0.14117647058823535 0.6949760765550239 0.09313725490196087 0.6949760765550239 0.09313725490196087 0.7476076555023924 0.14117647058823535 0.7476076555023924
11 0.14117647058823535 0.5179425837320574 0.0921568627450981 0.5179425837320574 0.0921568627450981 0.5717703349282297 0.14117647058823535 0.5717703349282297
2 0.49411764705882355 0.348086124401914 0.45588235294117646 0.348086124401914 0.45588235294117646 0.39234449760765566 0.49411764705882355 0.39234449760765566
7 0.3558823529411766 0.8672248803827751 0.30882352941176483 0.8672248803827751 0.30882352941176483 0.9210526315789473 0.3558823529411766 0.9210526315789473
6 0.3568627450980392 0.2559808612440192 0.3088235294117647 0.2559808612440192 0.3088235294117647 0.30980861244019137 0.3568627450980392 0.30980861244019137
4 0.2833333333333333 0.25956937799043067 0.23529411764705882 0.25956937799043067 0.23529411764705885 0.3145933014354067 0.2833333333333333 0.3145933014354067
2 0.5647058823529412 0.34928229665071786 0.5254901960784314 0.34928229665071786 0.5254901960784314 0.39234449760765566 0.5647058823529412 0.39234449760765566
1 0.2137254901960785 0.7811004784688995 0.16470588235294123 0.7811004784688995 0.16470588235294126 0.8349282296650717 0.21372549019607853 0.8349282296650717
2 0.20686274509803926 0.3492822966507177 0.16862745098039222 0.3492822966507177 0.16862745098039222 0.3923444976076555 0.20686274509803926 0.3923444976076555
2 0.1333333333333334 0.3492822966507177 0.09607843137254905 0.3492822966507177 0.09607843137254905 0.3911483253588517 0.1333333333333334 0.3911483253588517
8 0.3509803921568627 0.17224880382775126 0.3127450980392157 0.17224880382775126 0.3127450980392157 0.21889952153110054 0.3509803921568627 0.21889952153110054
13 0.4343137254901962 0.6830143540669856 0.3754901960784315 0.6830143540669856 0.3754901960784315 0.7523923444976076 0.4343137254901962 0.7523923444976076
10 0.1411764705882353 0.08133971291866031 0.09313725490196079 0.08133971291866028 0.09313725490196079 0.13636363636363638 0.1411764705882353 0.1363636363636364
4 0.35784313725490197 0.3444976076555024 0.3107843137254902 0.3444976076555024 0.3107843137254902 0.39712918660287083 0.35784313725490197 0.39712918660287083
6 0.2823529411764707 0.8660287081339713 0.2323529411764707 0.8660287081339713 0.2323529411764707 0.9198564593301436 0.2823529411764707 0.9198564593301436
12 0.4303921568627451 0.07535885167464121 0.37450980392156863 0.0753588516746412 0.37450980392156863 0.1399521531100479 0.4303921568627451 0.1399521531100479
8 0.42254901960784313 0.17703349282296657 0.38333333333333336 0.17703349282296657 0.38333333333333336 0.21770334928229673 0.42254901960784313 0.21770334928229673
9 0.4215686274509805 0.7870813397129187 0.38333333333333347 0.7870813397129187 0.38333333333333347 0.8277511961722488 0.4215686274509805 0.8277511961722488
3 0.5676470588235294 0.6124401913875598 0.5264705882352941 0.6124401913875598 0.5264705882352941 0.6543062200956937 0.5676470588235294 0.6543062200956937
3 0.49019607843137264 0.6088516746411484 0.45490196078431383 0.6088516746411483 0.45490196078431383 0.6590909090909091 0.49019607843137264 0.6590909090909091
0 0.6411764705882353 0.8648325358851675 0.5950980392156863 0.8648325358851675 0.5950980392156863 0.9246411483253588 0.6411764705882353 0.9246411483253588