7 0.14117647058823535 0.6901913875598086 0.09313725490196084 0.6901913875598086 0.09313725490196086 0.742822966507177 0.14117647058823535 0.742822966507177
2 0.49411764705882355 0.35047846889952167 0.4568627450980392 0.35047846889952167 0.4568627450980392 0.39354066985645947 0.49411764705882355 0.39354066985645947
1 0.42941176470588244 0.6925837320574163 0.38137254901960793 0.6925837320574163 0.38137254901960793 0.7464114832535885 0.42941176470588244 0.7464114832535885
7 0.35490196078431385 0.8672248803827751 0.30882352941176483 0.8672248803827751 0.30882352941176483 0.9222488038277512 0.35490196078431385 0.9222488038277512
6 0.06764705882352941 0.08373205741626795 0.020588235294117654 0.08373205741626795 0.020588235294117657 0.13636363636363635 0.06764705882352941 0.13636363636363635
4 0.2852941176470588 0.25717703349282306 0.2372549019607843 0.25717703349282306 0.23725490196078433 0.31220095693779903 0.2852941176470588 0.31220095693779903
1 0.21078431372549028 0.7822966507177034 0.16274509803921575 0.7822966507177034 0.16274509803921577 0.8361244019138756 0.2107843137254903 0.8361244019138756
2 0.5666666666666667 0.3468899521531102 0.5284313725490196 0.3468899521531102 0.5284313725490196 0.389952153110048 0.5666666666666667 0.389952153110048
2 0.1333333333333334 0.35047846889952156 0.09607843137254905 0.35047846889952156 0.09607843137254905 0.3923444976076555 0.1333333333333334 0.3923444976076555
6 0.3558823529411765 0.2559808612440192 0.30980392156862746 0.2559808612440192 0.30980392156862746 0.31100478468899523 0.3558823529411765 0.31100478468899523
2 0.20588235294117652 0.3492822966507177 0.16764705882352945 0.3492822966507177 0.16764705882352945 0.3923444976076555 0.20588235294117652 0.3923444976076555
8 0.35 0.17583732057416274 0.31176470588235294 0.17583732057416274 0.31176470588235294 0.21531100478468906 0.35 0.21531100478468906
4 0.4970588235294118 0.2559808612440192 0.45 0.2559808612440192 0.45 0.3110047846889953 0.4970588235294118 0.31100478468899534
10 0.14117647058823535 0.5179425837320574 0.09313725490196084 0.5179425837320574 0.09313725490196084 0.5717703349282297 0.14117647058823535 0.5717703349282297
12 0.4303921568627451 0.07535885167464121 0.37450980392156863 0.0753588516746412 0.37450980392156863 0.14114832535885175 0.4303921568627451 0.14114832535885175
10 0.14215686274509803 0.08133971291866031 0.09411764705882353 0.08133971291866028 0.09411764705882353 0.13755980861244022 0.14215686274509803 0.13755980861244022
11 0.35686274509803934 0.6925837320574163 0.30980392156862757 0.6925837320574163 0.30980392156862757 0.7476076555023924 0.35686274509803934 0.7476076555023924
13 0.28823529411764715 0.7763157894736842 0.23431372549019613 0.7763157894736842 0.23431372549019616 0.8397129186602871 0.28823529411764715 0.8397129186602871
8 0.4235294117647059 0.1734449760765551 0.3843137254901961 0.1734449760765551 0.3843137254901961 0.21411483253588523 0.4235294117647059 0.21411483253588523
0 0.1421568627450981 0.6076555023923444 0.09313725490196084 0.6076555023923444 0.09313725490196084 0.6626794258373205 0.1421568627450981 0.6626794258373205
9 0.27941176470588247 0.8732057416267942 0.24019607843137267 0.8732057416267942 0.24019607843137267 0.9138755980861244 0.27941176470588247 0.9138755980861244
9 0.4215686274509805 0.7870813397129187 0.38333333333333347 0.7870813397129187 0.38333333333333347 0.8277511961722488 0.4215686274509805 0.8277511961722488
3 0.2803921568627452 0.6088516746411483 0.2401960784313726 0.6088516746411483 0.2401960784313726 0.6578947368421053 0.2803921568627452 0.6578947368421053
3 0.4921568627450982 0.6088516746411484 0.4519607843137256 0.6088516746411483 0.4519607843137256 0.6555023923444976 0.4921568627450982 0.6555023923444976
0 0.6421568627450981 0.8648325358851675 0.5941176470588235 0.8648325358851675 0.5941176470588235 0.9234449760765551 0.6421568627450981 0.9234449760765551
3 0.5647058823529412 0.6064593301435408 0.5254901960784314 0.6064593301435408 0.5254901960784314 0.6555023923444976 0.5647058823529412 0.6555023923444976