7 0.2754901960784314 0.06100478468899525 0.20980392156862746 0.06100478468899525 0.20980392156862746 0.1363636363636364 0.2754901960784314 0.1363636363636364
5 0.5990196078431372 0.2655502392344498 0.5333333333333333 0.2655502392344498 0.5333333333333333 0.3433014354066987 0.5990196078431372 0.3433014354066987
7 0.46862745098039216 0.18540669856459338 0.40294117647058825 0.18540669856459338 0.40294117647058825 0.26196172248803834 0.46862745098039216 0.26196172248803834
2 0.4715686274509805 0.5813397129186604 0.419607843137255 0.5813397129186603 0.419607843137255 0.6423444976076556 0.4715686274509805 0.6423444976076556
1 0.47549019607843135 0.38038277511961727 0.40980392156862744 0.3803827751196172 0.40980392156862744 0.45693779904306225 0.47549019607843135 0.4569377990430623
4 0.2509803921568628 0.5287081339712919 0.18627450980392163 0.5287081339712919 0.18627450980392163 0.604066985645933 0.25098039215686285 0.604066985645933
2 0.2098039215686275 0.4150717703349282 0.157843137254902 0.4150717703349282 0.157843137254902 0.4772727272727273 0.2098039215686275 0.4772727272727273
5 0.40098039215686276 0.009569377990430677 0.3352941176470588 0.009569377990430674 0.3352941176470588 0.026315789473684265 0.40098039215686276 0.02631578947368427
6 0.12352941176470594 0.44138755980861244 0.057843137254902005 0.44138755980861244 0.05784313725490201 0.5191387559808612 0.12352941176470594 0.5191387559808612
2 0.14607843137254908 0.37559808612440193 0.09411764705882356 0.37559808612440193 0.09411764705882357 0.4366028708133971 0.14607843137254908 0.4366028708133971
10 0.3490196078431373 0.4880382775119617 0.27941176470588236 0.4880382775119617 0.2794117647058824 0.5705741626794258 0.34901960784313735 0.5705741626794258
2 0.5970588235294118 0.6638755980861244 0.546078431372549 0.6638755980861244 0.546078431372549 0.7236842105263158 0.5970588235294118 0.7236842105263158
8 0.27843137254901973 0.6555023923444976 0.22745098039215692 0.6555023923444976 0.22745098039215692 0.7141148325358851 0.27843137254901973 0.7141148325358851
12 0.32450980392156875 0.757177033492823 0.24901960784313731 0.757177033492823 0.24901960784313734 0.84688995215311 0.32450980392156875 0.84688995215311
0 0.5137254901960784 0.8863636363636364 0.4470588235294119 0.8863636363636364 0.4470588235294119 0.965311004784689 0.5137254901960784 0.965311004784689
6 0.7901960784313725 0.1961722488038279 0.7235294117647059 0.1961722488038279 0.7235294117647059 0.2727272727272729 0.7901960784313725 0.2727272727272729
9 0.49607843137254903 0.11483253588516754 0.4411764705882353 0.11483253588516754 0.4411764705882353 0.17942583732057424 0.49607843137254903 0.17942583732057424
3 0.36764705882352944 0.22846889952153115 0.3156862745098039 0.22846889952153115 0.3156862745098039 0.2882775119617226 0.36764705882352944 0.2882775119617226
8 0.3431372549019609 0.6973684210526315 0.29215686274509817 0.6973684210526315 0.29215686274509817 0.7559808612440191 0.3431372549019609 0.7559808612440191
10 0.06078431372549026 0.5980861244019139 0.014705882352941235 0.5980861244019139 0.014705882352941239 0.6746411483253588 0.060784313725490265 0.6746411483253588
3 0.17254901960784313 0.10287081339712922 0.11960784313725491 0.10287081339712922 0.11960784313725492 0.1638755980861244 0.17254901960784313 0.1638755980861244
13 0.5352941176470588 0.0227272727272728 0.4588235294117647 0.022727272727272794 0.4588235294117647 0.11124401913875605 0.5352941176470588 0.11124401913875605
3 0.6274509803921569 0.39234449760765566 0.5745098039215686 0.39234449760765566 0.5745098039215686 0.45334928229665084 0.6274509803921569 0.45334928229665084
3 0.30392156862745096 0.18540669856459338 0.2519607843137255 0.18540669856459338 0.2519607843137255 0.24641148325358858 0.30392156862745096 0.24641148325358858
9 0.5882352941176471 0.08014354066985654 0.5352941176470588 0.08014354066985653 0.5352941176470588 0.13995215311004794 0.5882352941176471 0.13995215311004794
4 0.44509803921568636 0.6507177033492823 0.37745098039215697 0.6507177033492823 0.37745098039215697 0.7320574162679426 0.44509803921568636 0.7320574162679426
3 0.5617647058823529 0.3516746411483255 0.5098039215686274 0.3516746411483255 0.5098039215686274 0.41387559808612456 0.5617647058823529 0.41387559808612456