7 0.14117647058823535 0.6901913875598086 0.09313725490196084 0.6901913875598086 0.09313725490196086 0.742822966507177 0.14117647058823535 0.742822966507177
7 0.3558823529411766 0.6901913875598086 0.30882352941176483 0.6901913875598086 0.30882352941176483 0.7452153110047847 0.3558823529411766 0.7452153110047847
2 0.4950980392156863 0.34928229665071786 0.4568627450980392 0.34928229665071786 0.4568627450980392 0.39234449760765566 0.4950980392156863 0.39234449760765566
4 0.2833333333333333 0.25358851674641153 0.23529411764705882 0.25358851674641153 0.23529411764705885 0.30861244019138756 0.2833333333333333 0.30861244019138756
1 0.4254901960784314 0.5203349282296651 0.3784313725490196 0.5203349282296651 0.37843137254901965 0.5753588516746412 0.42549019607843147 0.5753588516746412
6 0.14117647058823532 0.2595693779904306 0.09215686274509807 0.2595693779904306 0.09215686274509807 0.3133971291866029 0.14117647058823535 0.3133971291866029
2 0.20588235294117652 0.3492822966507177 0.16764705882352945 0.3492822966507177 0.16764705882352945 0.3923444976076555 0.20588235294117652 0.3923444976076555
2 0.13431372549019613 0.35047846889952156 0.09607843137254905 0.35047846889952156 0.09607843137254905 0.3923444976076555 0.13431372549019613 0.3923444976076555
10 0.3558823529411765 0.34210526315789475 0.30686274509803924 0.34210526315789475 0.30686274509803924 0.39952153110047844 0.3558823529411765 0.39952153110047844
1 0.215686274509804 0.777511961722488 0.1666666666666667 0.777511961722488 0.1666666666666667 0.8325358851674641 0.215686274509804 0.8325358851674641
2 0.5666666666666667 0.348086124401914 0.5284313725490196 0.348086124401914 0.5284313725490196 0.389952153110048 0.5666666666666667 0.389952153110048
8 0.35 0.17224880382775126 0.3107843137254902 0.17224880382775126 0.3107843137254902 0.21531100478468906 0.35 0.21531100478468906
0 0.6421568627450981 0.6949760765550239 0.5931372549019608 0.6949760765550239 0.5931372549019608 0.7488038277511961 0.6421568627450981 0.7488038277511961
6 0.07058823529411773 0.8660287081339713 0.02254901960784322 0.8660287081339713 0.022549019607843224 0.9186602870813397 0.07058823529411773 0.9186602870813397
12 0.4303921568627451 0.07655502392344504 0.37450980392156863 0.07655502392344504 0.37450980392156863 0.14114832535885175 0.4303921568627451 0.14114832535885175
10 0.14019607843137255 0.08133971291866031 0.09215686274509804 0.08133971291866028 0.09215686274509804 0.13636363636363638 0.14019607843137255 0.1363636363636364
13 0.3607843137254903 0.861244019138756 0.30392156862745107 0.861244019138756 0.30392156862745107 0.9234449760765551 0.3607843137254903 0.9234449760765551
4 0.4970588235294118 0.2559808612440192 0.45 0.2559808612440192 0.45 0.3110047846889953 0.4970588235294118 0.31100478468899534
3 0.277450980392157 0.6124401913875598 0.23823529411764713 0.6124401913875598 0.23823529411764713 0.6543062200956937 0.277450980392157 0.6543062200956937
11 0.1411764705882354 0.8660287081339713 0.09117647058823537 0.8660287081339713 0.09117647058823537 0.9198564593301436 0.1411764705882354 0.9198564593301436
3 0.06372549019607848 0.6124401913875598 0.02450980392156869 0.6124401913875598 0.02450980392156869 0.6543062200956937 0.06372549019607848 0.6543062200956937
0 0.06764705882352941 0.08373205741626795 0.020588235294117654 0.08373205741626795 0.020588235294117657 0.13636363636363635 0.06764705882352941 0.13636363636363635
9 0.4215686274509805 0.7858851674641149 0.38333333333333347 0.7858851674641149 0.38333333333333347 0.8277511961722488 0.4215686274509805 0.8277511961722488
3 0.20882352941176477 0.6124401913875598 0.16862745098039222 0.6124401913875598 0.16862745098039222 0.6543062200956937 0.20882352941176477 0.6543062200956937
9 0.2803921568627452 0.8732057416267942 0.24019607843137267 0.8732057416267942 0.24019607843137267 0.9126794258373205 0.2803921568627452 0.9126794258373205
3 0.4931372549019609 0.6100478468899523 0.45588235294117657 0.6100478468899523 0.45588235294117657 0.6566985645933014 0.4931372549019609 0.6566985645933014
3 0.5637254901960784 0.6100478468899523 0.5264705882352941 0.6100478468899523 0.5264705882352941 0.6543062200956937 0.5637254901960784 0.6543062200956937
8 0.4245098039215686 0.17583732057416274 0.3862745098039216 0.17583732057416274 0.3862745098039216 0.21889952153110054 0.4245098039215686 0.21889952153110054