7 0.1401960784313726 0.6949760765550239 0.09215686274509813 0.6949760765550239 0.09215686274509813 0.7476076555023924 0.1401960784313726 0.7476076555023924
7 0.3558823529411766 0.6901913875598086 0.30882352941176483 0.6901913875598086 0.30882352941176483 0.7440191387559809 0.3558823529411766 0.7440191387559809
2 0.49411764705882355 0.35047846889952167 0.4568627450980392 0.35047846889952167 0.4568627450980392 0.39354066985645947 0.49411764705882355 0.39354066985645947
10 0.3558823529411765 0.34210526315789475 0.3088235294117647 0.34210526315789475 0.3088235294117647 0.39832535885167464 0.3558823529411765 0.39832535885167464
2 0.20588235294117652 0.3492822966507177 0.16764705882352945 0.3492822966507177 0.16764705882352945 0.3923444976076555 0.20588235294117652 0.3923444976076555
1 0.4284313725490197 0.69377990430622 0.37941176470588245 0.69377990430622 0.37941176470588245 0.7476076555023924 0.4284313725490197 0.7476076555023924
4 0.2833333333333333 0.2523923444976077 0.23431372549019608 0.2523923444976077 0.2343137254901961 0.3145933014354067 0.2833333333333333 0.3145933014354067
6 0.14117647058823532 0.2511961722488038 0.09215686274509807 0.2511961722488038 0.09215686274509807 0.3133971291866029 0.14117647058823535 0.3133971291866029
1 0.21176470588235302 0.7799043062200957 0.161764705882353 0.7799043062200957 0.16176470588235303 0.8349282296650717 0.21176470588235305 0.8349282296650717
2 0.13431372549019613 0.35047846889952156 0.09607843137254905 0.35047846889952156 0.09607843137254905 0.3923444976076555 0.13431372549019613 0.3923444976076555
13 0.3607843137254903 0.7727272727272727 0.3029411764705883 0.7727272727272727 0.3029411764705883 0.8409090909090909 0.3607843137254903 0.8409090909090909
2 0.5647058823529412 0.35047846889952167 0.5264705882352941 0.35047846889952167 0.5264705882352941 0.39234449760765566 0.5647058823529412 0.39234449760765566
4 0.4970588235294118 0.2559808612440192 0.45 0.2559808612440192 0.45 0.3110047846889953 0.4970588235294118 0.31100478468899534
8 0.3519607843137255 0.17224880382775126 0.3127450980392157 0.17224880382775126 0.3127450980392157 0.22009569377990437 0.3519607843137255 0.22009569377990437
12 0.4303921568627451 0.07655502392344504 0.37450980392156863 0.07655502392344504 0.37450980392156863 0.14114832535885175 0.4303921568627451 0.14114832535885175
11 0.14019607843137266 0.8672248803827751 0.08921568627450989 0.8672248803827751 0.08921568627450989 0.9210526315789473 0.14019607843137266 0.9210526315789473
6 0.07156862745098047 0.8660287081339713 0.02254901960784322 0.8660287081339713 0.022549019607843224 0.9186602870813397 0.07156862745098047 0.9186602870813397
10 0.1411764705882353 0.08253588516746413 0.09313725490196079 0.08253588516746412 0.09313725490196079 0.13636363636363638 0.1411764705882353 0.1363636363636364
3 0.2823529411764707 0.611244019138756 0.23823529411764713 0.611244019138756 0.23823529411764713 0.6543062200956937 0.2823529411764707 0.6543062200956937
9 0.42254901960784325 0.7834928229665071 0.3843137254901962 0.7834928229665071 0.3843137254901962 0.8313397129186603 0.42254901960784325 0.8313397129186603
3 0.49411764705882366 0.6088516746411484 0.45588235294117657 0.6088516746411484 0.45588235294117657 0.6543062200956937 0.49411764705882366 0.6543062200956937
8 0.4215686274509804 0.17105263157894743 0.38333333333333336 0.17105263157894743 0.38333333333333336 0.22009569377990437 0.4215686274509804 0.22009569377990437
9 0.27941176470588247 0.8720095693779905 0.24019607843137267 0.8720095693779905 0.24019607843137267 0.9198564593301436 0.27941176470588247 0.9198564593301436
3 0.5656862745098039 0.6076555023923447 0.5264705882352941 0.6076555023923447 0.5264705882352941 0.6555023923444976 0.5656862745098039 0.6555023923444976
3 0.20588235294117652 0.611244019138756 0.16862745098039222 0.611244019138756 0.16862745098039222 0.6555023923444976 0.20588235294117652 0.6555023923444976
0 0.6411764705882353 0.8696172248803827 0.5941176470588235 0.8696172248803827 0.5941176470588235 0.9210526315789473 0.6411764705882353 0.9210526315789473
0 0.06862745098039222 0.6016746411483254 0.01862745098039222 0.6016746411483254 0.018627450980392223 0.6650717703349283 0.06862745098039222 0.6650717703349283