11 0.1421568627450981 0.5179425837320574 0.0921568627450981 0.5179425837320574 0.0921568627450981 0.5717703349282297 0.1421568627450981 0.5717703349282297
7 0.14117647058823535 0.6901913875598086 0.0921568627450981 0.6901913875598086 0.09215686274509811 0.75 0.14117647058823535 0.75
6 0.2833333333333333 0.08253588516746414 0.23333333333333334 0.08253588516746414 0.23333333333333334 0.1363636363636364 0.2833333333333333 0.1363636363636364
7 0.35686274509803934 0.8672248803827751 0.30882352941176483 0.8672248803827751 0.30882352941176483 0.9210526315789473 0.35686274509803934 0.9210526315789473
4 0.2833333333333333 0.2559808612440192 0.23529411764705882 0.2559808612440192 0.23529411764705885 0.30980861244019137 0.2833333333333333 0.30980861244019137
1 0.21372549019607848 0.7787081339712919 0.1637254901960785 0.7787081339712919 0.1637254901960785 0.8325358851674641 0.21372549019607848 0.8325358851674641
6 0.353921568627451 0.2559808612440192 0.30686274509803924 0.2559808612440192 0.30686274509803924 0.30980861244019137 0.353921568627451 0.30980861244019137
2 0.5647058823529412 0.35047846889952167 0.5264705882352941 0.35047846889952167 0.5264705882352941 0.39234449760765566 0.5647058823529412 0.39234449760765566
13 0.3607843137254903 0.7727272727272727 0.3019607843137256 0.7727272727272727 0.3019607843137256 0.8409090909090909 0.3607843137254903 0.8409090909090909
2 0.49411764705882355 0.35047846889952167 0.4568627450980392 0.35047846889952167 0.4568627450980392 0.39234449760765566 0.49411764705882355 0.39234449760765566
8 0.3519607843137255 0.1734449760765551 0.3127450980392157 0.1734449760765551 0.3127450980392157 0.22009569377990437 0.3519607843137255 0.22009569377990437
2 0.20588235294117652 0.35047846889952156 0.16764705882352945 0.35047846889952156 0.16764705882352945 0.39354066985645936 0.20588235294117652 0.39354066985645936
4 0.353921568627451 0.3456937799043062 0.307843137254902 0.3456937799043062 0.307843137254902 0.39952153110047844 0.353921568627451 0.39952153110047844
2 0.13431372549019613 0.35047846889952156 0.09607843137254905 0.35047846889952156 0.09607843137254905 0.3911483253588517 0.13431372549019613 0.3911483253588517
10 0.1411764705882353 0.08253588516746413 0.09313725490196079 0.08253588516746412 0.09313725490196079 0.13636363636363638 0.1411764705882353 0.1363636363636364
12 0.4303921568627451 0.07655502392344504 0.37450980392156863 0.07655502392344504 0.37450980392156863 0.14114832535885175 0.4303921568627451 0.14114832535885175
8 0.42254901960784313 0.16985645933014362 0.38333333333333336 0.16985645933014362 0.38333333333333336 0.21889952153110054 0.42254901960784313 0.21889952153110054
0 0.6431372549019608 0.8648325358851675 0.5911764705882353 0.8648325358851675 0.5911764705882353 0.9198564593301436 0.6431372549019608 0.9198564593301436
3 0.5676470588235294 0.6124401913875598 0.5264705882352941 0.6124401913875598 0.5264705882352941 0.6543062200956937 0.5676470588235294 0.6543062200956937
9 0.42254901960784325 0.7858851674641149 0.3843137254901962 0.7858851674641149 0.3843137254901962 0.8277511961722488 0.42254901960784325 0.8277511961722488
3 0.4911764705882354 0.6100478468899523 0.4568627450980393 0.6100478468899523 0.4568627450980393 0.6543062200956937 0.4911764705882354 0.6543062200956937
9 0.277450980392157 0.8696172248803827 0.2431372549019609 0.8696172248803827 0.2431372549019609 0.9198564593301436 0.277450980392157 0.9198564593301436