7 0.14117647058823535 0.6901913875598086 0.09313725490196084 0.6901913875598086 0.09313725490196086 0.7464114832535885 0.14117647058823535 0.7464114832535885
2 0.4950980392156863 0.35047846889952167 0.4568627450980392 0.35047846889952167 0.4568627450980392 0.39354066985645947 0.4950980392156863 0.39354066985645947
5 0.4970588235294119 0.69377990430622 0.4490196078431374 0.69377990430622 0.4490196078431374 0.7488038277511961 0.4970588235294119 0.7488038277511961
7 0.35686274509803934 0.6901913875598086 0.30882352941176483 0.6901913875598086 0.30882352941176483 0.7452153110047847 0.35686274509803934 0.7452153110047847
6 0.3568627450980392 0.2559808612440192 0.3088235294117647 0.2559808612440192 0.3088235294117647 0.30980861244019137 0.3568627450980392 0.30980861244019137
4 0.2833333333333333 0.2547846889952154 0.23529411764705882 0.2547846889952154 0.23529411764705885 0.3145933014354067 0.2833333333333333 0.3145933014354067
6 0.13921568627450984 0.25598086124401914 0.09117647058823532 0.25598086124401914 0.09117647058823532 0.30980861244019137 0.13921568627450986 0.30980861244019137
10 0.3558823529411765 0.3409090909090909 0.30980392156862746 0.3409090909090909 0.30980392156862746 0.39473684210526316 0.3558823529411765 0.39473684210526316
2 0.20588235294117652 0.3492822966507177 0.16764705882352945 0.3492822966507177 0.16764705882352945 0.3923444976076555 0.20588235294117652 0.3923444976076555
2 0.6362745098039215 0.348086124401914 0.5980392156862745 0.348086124401914 0.5980392156862745 0.389952153110048 0.6362745098039215 0.389952153110048
2 0.1333333333333334 0.35047846889952156 0.09607843137254905 0.35047846889952156 0.09607843137254905 0.3923444976076555 0.1333333333333334 0.3923444976076555
1 0.6421568627450981 0.5179425837320576 0.592156862745098 0.5179425837320576 0.592156862745098 0.5741626794258374 0.6421568627450981 0.5741626794258374
12 0.4303921568627451 0.07655502392344504 0.37450980392156863 0.07655502392344504 0.37450980392156863 0.14114832535885175 0.4303921568627451 0.14114832535885175
0 0.6401960784313725 0.08133971291866039 0.5911764705882353 0.08133971291866039 0.5911764705882353 0.1375598086124403 0.6401960784313725 0.1375598086124403
13 0.36176470588235304 0.7739234449760766 0.30392156862745107 0.7739234449760766 0.30392156862745107 0.8409090909090909 0.36176470588235304 0.8409090909090909
8 0.4235294117647059 0.17583732057416274 0.3843137254901961 0.17583732057416274 0.3843137254901961 0.2165071770334929 0.4235294117647059 0.2165071770334929
3 0.277450980392157 0.6124401913875598 0.23823529411764713 0.6124401913875598 0.23823529411764713 0.6543062200956937 0.277450980392157 0.6543062200956937
0 0.06764705882352941 0.08373205741626795 0.020588235294117654 0.08373205741626795 0.020588235294117657 0.13636363636363635 0.06764705882352941 0.13636363636363635
11 0.14215686274509814 0.8672248803827751 0.09019607843137263 0.8672248803827751 0.09019607843137263 0.9210526315789473 0.14215686274509814 0.9210526315789473
1 0.07058823529411773 0.7787081339712919 0.022549019607843213 0.7787081339712919 0.022549019607843217 0.8325358851674641 0.07058823529411773 0.8325358851674641
10 0.14019607843137255 0.08253588516746413 0.09215686274509804 0.08253588516746412 0.09215686274509804 0.13636363636363638 0.14019607843137255 0.1363636363636364
9 0.2823529411764707 0.8720095693779905 0.2411764705882354 0.8720095693779905 0.2411764705882354 0.916267942583732 0.2823529411764707 0.916267942583732
3 0.06372549019607848 0.6124401913875598 0.023529411764705944 0.6124401913875598 0.023529411764705944 0.6543062200956937 0.06372549019607848 0.6543062200956937
4 0.49901960784313726 0.2559808612440192 0.4519607843137255 0.2559808612440192 0.4519607843137255 0.3110047846889953 0.49901960784313726 0.31100478468899534
3 0.5656862745098039 0.6088516746411484 0.5284313725490196 0.6088516746411484 0.5284313725490196 0.6566985645933014 0.5656862745098039 0.6566985645933014
8 0.27647058823529413 0.08612440191387563 0.24019607843137256 0.08612440191387563 0.24019607843137256 0.13397129186602874 0.27647058823529413 0.13397129186602874
3 0.4931372549019609 0.611244019138756 0.4539215686274511 0.611244019138756 0.4539215686274511 0.6578947368421053 0.4931372549019609 0.6578947368421053
3 0.20784313725490203 0.6100478468899522 0.1705882352941177 0.6100478468899522 0.1705882352941177 0.6578947368421053 0.20784313725490203 0.6578947368421053
9 0.4215686274509805 0.8708133971291866 0.3823529411764707 0.8708133971291866 0.3823529411764707 0.916267942583732 0.4215686274509805 0.916267942583732
5 0.2127450980392158 0.8648325358851675 0.16372549019607854 0.8648325358851675 0.16372549019607854 0.9246411483253588 0.2127450980392158 0.9246411483253588