7 0.9725490196078431 0.5944976076555025 0.9088235294117647 0.5944976076555025 0.9088235294117647 0.6686602870813398 0.9725490196078431 0.66866028708134
7 0.7715686274509804 0.6602870813397129 0.707843137254902 0.6602870813397129 0.707843137254902 0.7356459330143541 0.7715686274509804 0.7356459330143541
2 0.5274509803921569 0.3779904306220097 0.4764705882352941 0.3779904306220097 0.4764705882352941 0.4377990430622011 0.5274509803921569 0.4377990430622011
1 0.653921568627451 0.5155502392344499 0.5901960784313726 0.5155502392344499 0.5901960784313726 0.590909090909091 0.653921568627451 0.590909090909091
4 0.7098039215686275 0.21411483253588526 0.6441176470588236 0.21411483253588523 0.6441176470588236 0.2954545454545456 0.7098039215686275 0.2954545454545456
6 0.8401960784313726 0.1710526315789475 0.7764705882352941 0.1710526315789475 0.7764705882352941 0.24641148325358866 0.8401960784313726 0.24641148325358866
1 0.9343137254901961 0.7009569377990432 0.8696078431372549 0.7009569377990431 0.8696078431372549 0.7763157894736843 0.9343137254901961 0.7763157894736845
2 0.796078431372549 0.28588516746411496 0.7450980392156863 0.28588516746411496 0.7450980392156863 0.3444976076555025 0.796078431372549 0.3444976076555025
2 0.8627450980392157 0.26315789473684226 0.8127450980392157 0.26315789473684226 0.8127450980392157 0.3229665071770336 0.8627450980392157 0.3229665071770336
5 0.5078431372549019 0.7523923444976076 0.4431372549019609 0.7523923444976076 0.4431372549019609 0.8289473684210527 0.5078431372549019 0.8289473684210527
2 0.46078431372549017 0.3983253588516747 0.4088235294117647 0.39832535885167464 0.4088235294117647 0.4593301435406699 0.46078431372549017 0.45933014354067
10 0.6676470588235294 0.3217703349282298 0.6029411764705882 0.3217703349282298 0.6029411764705882 0.4031100478468901 0.6676470588235294 0.4031100478468901
8 0.6088235294117647 0.16267942583732065 0.5568627450980392 0.16267942583732065 0.5568627450980392 0.22488038277511968 0.6088235294117647 0.22488038277511968
12 0.5274509803921569 0.08612440191387567 0.453921568627451 0.08612440191387567 0.453921568627451 0.17583732057416274 0.5274509803921569 0.17583732057416274
0 0.3235294117647059 0.16028708133971298 0.2568627450980392 0.16028708133971298 0.2568627450980392 0.2392344497607656 0.3235294117647059 0.2392344497607656
9 0.7931372549019607 0.7511961722488039 0.7411764705882353 0.7511961722488039 0.7411764705882353 0.812200956937799 0.7931372549019607 0.812200956937799
4 0.5107843137254902 0.28349282296650724 0.44313725490196076 0.28349282296650724 0.44313725490196076 0.3648325358851675 0.5107843137254902 0.3648325358851676
8 0.5411764705882353 0.18421052631578955 0.4872549019607843 0.18421052631578955 0.4872549019607843 0.24760765550239242 0.5411764705882353 0.24760765550239242
3 0.8098039215686275 0.563397129186603 0.7588235294117647 0.563397129186603 0.7588235294117647 0.6220095693779905 0.8098039215686275 0.6220095693779905
13 0.8323529411764706 0.8217703349282297 0.7558823529411764 0.8217703349282297 0.7558823529411764 0.9102870813397129 0.8323529411764706 0.9102870813397129
3 1 0.494019138755981 0.9568627450980393 0.494019138755981 0.9568627450980393 0.5526315789473686 1 0.5526315789473686
11 1 0.7595693779904309 0.9598039215686275 0.7595693779904309 0.9598039215686275 0.8361244019138758 1 0.8361244019138758
3 0.8764705882352941 0.5370813397129188 0.8205882352941176 0.5370813397129188 0.8205882352941176 0.6016746411483255 0.8764705882352941 0.6016746411483255
3 0.5411764705882353 0.6543062200956937 0.48823529411764716 0.6543062200956937 0.48823529411764716 0.715311004784689 0.5411764705882353 0.715311004784689
3 0.6088235294117647 0.6291866028708134 0.557843137254902 0.6291866028708134 0.557843137254902 0.6913875598086124 0.6088235294117647 0.6913875598086124
9 0.7294117647058823 0.7751196172248804 0.6754901960784314 0.7751196172248804 0.6754901960784314 0.8397129186602871 0.7294117647058823 0.8397129186602871