11 0.9205882352941176 0.3767942583732059 0.8666666666666667 0.3767942583732059 0.8666666666666667 0.43660287081339727 0.9205882352941176 0.43660287081339727
7 0.907843137254902 0.2009569377990432 0.8539215686274509 0.2009569377990432 0.8539215686274509 0.26555023923444987 0.907843137254902 0.26555023923444987
6 0.8107843137254902 0.8253588516746412 0.7578431372549019 0.8253588516746412 0.7578431372549019 0.8827751196172249 0.8107843137254902 0.8827751196172249
7 0.6784313725490196 0.04904306220095704 0.6274509803921569 0.04904306220095704 0.6274509803921569 0.10645933014354077 0.6784313725490196 0.10645933014354077
4 0.7970588235294118 0.6507177033492823 0.7441176470588236 0.6507177033492823 0.7441176470588236 0.7117224880382775 0.7970588235294118 0.7117224880382775
1 0.8303921568627451 0.12320574162679437 0.7764705882352941 0.12320574162679436 0.7764705882352941 0.18301435406698577 0.8303921568627451 0.18301435406698577
6 0.7254901960784313 0.6590909090909091 0.6745098039215687 0.6590909090909091 0.6745098039215687 0.7165071770334929 0.7254901960784313 0.7165071770334929
2 0.5000000000000001 0.5956937799043064 0.4588235294117648 0.5956937799043064 0.4588235294117648 0.6423444976076556 0.5000000000000001 0.6423444976076556
13 0.6931372549019608 0.12799043062200968 0.6294117647058823 0.12799043062200968 0.6294117647058823 0.202153110047847 0.6931372549019608 0.20215311004784703
2 0.5696078431372549 0.5897129186602872 0.5284313725490196 0.5897129186602872 0.5284313725490196 0.6351674641148325 0.5696078431372549 0.6351674641148325
8 0.7254901960784313 0.7488038277511961 0.6833333333333333 0.7488038277511961 0.6833333333333333 0.7978468899521531 0.7254901960784313 0.7978468899521531
2 0.8578431372549019 0.563397129186603 0.8156862745098039 0.563397129186603 0.8156862745098039 0.6088516746411484 0.8578431372549019 0.6088516746411484
4 0.7186274509803922 0.570574162679426 0.6676470588235294 0.570574162679426 0.6676470588235294 0.6279904306220095 0.7186274509803922 0.6279904306220095
2 0.9294117647058824 0.5574162679425839 0.888235294117647 0.5574162679425839 0.888235294117647 0.6028708133971293 0.9294117647058824 0.6028708133971293
10 0.9519607843137254 0.8122009569377991 0.9 0.812200956937799 0.9 0.8708133971291867 0.9519607843137254 0.8708133971291869
12 0.6715686274509803 0.833732057416268 0.6107843137254902 0.833732057416268 0.6107843137254902 0.90311004784689 0.6715686274509803 0.90311004784689
8 0.6549019607843137 0.757177033492823 0.611764705882353 0.757177033492823 0.611764705882353 0.8086124401913876 0.6549019607843137 0.8086124401913876
0 0.39705882352941174 0.0753588516746412 0.34215686274509804 0.0753588516746412 0.34215686274509804 0.1351674641148326 0.39705882352941174 0.1351674641148326
3 0.4803921568627451 0.33492822966507185 0.4362745098039216 0.3349282296650718 0.4362745098039216 0.38038277511961727 0.4803921568627451 0.3803827751196174
9 0.6107843137254902 0.14952153110047856 0.5686274509803921 0.14952153110047853 0.5686274509803921 0.194976076555024 0.6107843137254902 0.194976076555024
3 0.55 0.32894736842105277 0.5127450980392156 0.32894736842105277 0.5127450980392156 0.3767942583732059 0.55 0.3767942583732059
9 0.7441176470588236 0.04425837320574174 0.7058823529411765 0.044258373205741726 0.7058823529411765 0.09808612440191397 0.7441176470588236 0.09808612440191397