7 0.1401960784313726 0.69377990430622 0.0921568627450981 0.69377990430622 0.09215686274509811 0.7464114832535885 0.1401960784313726 0.7464114832535885
5 0.4970588235294119 0.6925837320574163 0.4490196078431374 0.6925837320574163 0.4490196078431374 0.7464114832535885 0.4970588235294119 0.7464114832535885
7 0.35686274509803934 0.6901913875598086 0.3078431372549021 0.6901913875598086 0.3078431372549021 0.7440191387559809 0.35686274509803934 0.7440191387559809
2 0.4950980392156863 0.35047846889952167 0.4568627450980392 0.35047846889952167 0.4568627450980392 0.39354066985645947 0.4950980392156863 0.39354066985645947
1 0.42647058823529416 0.5179425837320574 0.3784313725490196 0.5179425837320574 0.37843137254901965 0.5729665071770335 0.4264705882352942 0.5729665071770335
4 0.28431372549019607 0.25358851674641153 0.23529411764705882 0.25358851674641153 0.23529411764705885 0.30861244019138756 0.28431372549019607 0.30861244019138756
2 0.20588235294117652 0.3492822966507177 0.16764705882352945 0.3492822966507177 0.16764705882352945 0.3923444976076555 0.20588235294117652 0.3923444976076555
6 0.14117647058823532 0.2595693779904306 0.09215686274509807 0.2595693779904306 0.09215686274509807 0.3133971291866029 0.14117647058823535 0.3133971291866029
2 0.13431372549019613 0.35047846889952156 0.09607843137254905 0.35047846889952156 0.09607843137254905 0.3923444976076555 0.13431372549019613 0.3923444976076555
6 0.6411764705882353 0.8672248803827751 0.5911764705882353 0.8672248803827751 0.5911764705882353 0.9198564593301436 0.6411764705882353 0.9198564593301436
10 0.3568627450980392 0.3409090909090909 0.307843137254902 0.3409090909090909 0.307843137254902 0.39832535885167464 0.3568627450980392 0.39832535885167464
5 0.21372549019607853 0.8660287081339713 0.1627450980392158 0.8660287081339713 0.1627450980392158 0.9210526315789473 0.21372549019607853 0.9210526315789473
11 0.1411764705882354 0.8672248803827751 0.08921568627450989 0.8672248803827751 0.08921568627450989 0.9210526315789473 0.1411764705882354 0.9210526315789473
8 0.3519607843137255 0.17583732057416274 0.3127450980392157 0.17583732057416274 0.3127450980392157 0.21531100478468906 0.3519607843137255 0.21531100478468906
2 0.6362745098039215 0.348086124401914 0.5980392156862745 0.348086124401914 0.5980392156862745 0.38875598086124413 0.6362745098039215 0.38875598086124413
12 0.4303921568627451 0.07655502392344504 0.37450980392156863 0.07655502392344504 0.37450980392156863 0.14114832535885175 0.4303921568627451 0.14114832535885175
0 0.6401960784313725 0.08133971291866039 0.5911764705882353 0.08133971291866039 0.5911764705882353 0.1375598086124403 0.6401960784313725 0.1375598086124403
9 0.35294117647058837 0.7834928229665071 0.3127450980392158 0.7834928229665071 0.3127450980392158 0.8289473684210527 0.35294117647058837 0.8289473684210527
3 0.277450980392157 0.6124401913875598 0.23823529411764713 0.6124401913875598 0.23823529411764713 0.6543062200956937 0.277450980392157 0.6543062200956937
8 0.4235294117647059 0.17583732057416274 0.3843137254901961 0.17583732057416274 0.3843137254901961 0.21531100478468906 0.4235294117647059 0.21531100478468906
10 0.1411764705882353 0.08014354066985648 0.09215686274509804 0.08014354066985646 0.09215686274509804 0.13516746411483255 0.1411764705882353 0.13516746411483258
1 0.06862745098039225 0.7799043062200957 0.020588235294117723 0.7799043062200957 0.020588235294117727 0.8349282296650717 0.06862745098039225 0.8349282296650717
13 0.36176470588235304 0.8648325358851675 0.3029411764705883 0.8648325358851675 0.3029411764705883 0.9258373205741627 0.36176470588235304 0.9258373205741627
3 0.06372549019607848 0.6124401913875598 0.023529411764705944 0.6124401913875598 0.023529411764705944 0.6543062200956937 0.06372549019607848 0.6543062200956937
3 0.5666666666666667 0.6124401913875598 0.5264705882352941 0.6124401913875598 0.5264705882352941 0.6543062200956937 0.5666666666666667 0.6543062200956937
3 0.20882352941176477 0.6124401913875598 0.16960784313725497 0.6124401913875598 0.16960784313725497 0.6543062200956937 0.20882352941176477 0.6543062200956937
0 0.06764705882352941 0.08373205741626795 0.020588235294117654 0.08373205741626795 0.020588235294117657 0.13636363636363635 0.06764705882352941 0.13636363636363635
3 0.4950980392156864 0.611244019138756 0.45490196078431383 0.611244019138756 0.45490196078431383 0.6566985645933014 0.4950980392156864 0.6566985645933014
4 0.4980392156862745 0.2523923444976077 0.4519607843137255 0.2523923444976077 0.4519607843137255 0.3110047846889953 0.4980392156862745 0.31100478468899534
9 0.42058823529411776 0.8696172248803827 0.3823529411764707 0.8696172248803827 0.3823529411764707 0.9138755980861244 0.42058823529411776 0.9138755980861244