7 0.14117647058823535 0.6901913875598086 0.09313725490196084 0.6901913875598086 0.09313725490196086 0.7511961722488039 0.14117647058823535 0.7511961722488039
11 0.1421568627450981 0.5191387559808612 0.0921568627450981 0.5191387559808612 0.0921568627450981 0.5717703349282297 0.1421568627450981 0.5717703349282297
6 0.3568627450980392 0.2559808612440192 0.30490196078431375 0.2559808612440192 0.30490196078431375 0.30980861244019137 0.3568627450980392 0.30980861244019137
2 0.49411764705882355 0.34928229665071786 0.4568627450980392 0.34928229665071786 0.4568627450980392 0.39234449760765566 0.49411764705882355 0.39234449760765566
7 0.35490196078431385 0.8672248803827751 0.30882352941176483 0.8672248803827751 0.30882352941176483 0.9222488038277512 0.35490196078431385 0.9222488038277512
1 0.2137254901960785 0.7822966507177034 0.16568627450980397 0.7822966507177034 0.165686274509804 0.8361244019138756 0.21372549019607853 0.8361244019138756
2 0.5647058823529412 0.35047846889952167 0.5254901960784314 0.35047846889952167 0.5254901960784314 0.39234449760765566 0.5647058823529412 0.39234449760765566
2 0.20686274509803926 0.3492822966507177 0.16862745098039222 0.3492822966507177 0.16862745098039222 0.39354066985645936 0.20686274509803926 0.39354066985645936
8 0.3509803921568627 0.17583732057416274 0.3127450980392157 0.17583732057416274 0.3127450980392157 0.21889952153110054 0.3509803921568627 0.21889952153110054
2 0.13431372549019613 0.35047846889952156 0.09607843137254905 0.35047846889952156 0.09607843137254905 0.3923444976076555 0.13431372549019613 0.3923444976076555
13 0.43039215686274523 0.6842105263157895 0.37254901960784326 0.6842105263157895 0.37254901960784326 0.757177033492823 0.43039215686274523 0.757177033492823
10 0.1411764705882353 0.08133971291866031 0.09313725490196079 0.08133971291866028 0.09313725490196079 0.13636363636363638 0.1411764705882353 0.1363636363636364
12 0.4303921568627451 0.07535885167464121 0.37450980392156863 0.0753588516746412 0.37450980392156863 0.1399521531100479 0.4303921568627451 0.1399521531100479
6 0.2823529411764707 0.8708133971291866 0.2323529411764707 0.8708133971291866 0.2323529411764707 0.9222488038277512 0.2823529411764707 0.9222488038277512
4 0.3558823529411765 0.3456937799043062 0.307843137254902 0.3456937799043062 0.307843137254902 0.39832535885167464 0.3558823529411765 0.39832535885167464
4 0.28431372549019607 0.2559808612440192 0.23529411764705882 0.2559808612440192 0.23529411764705885 0.3145933014354067 0.28431372549019607 0.3145933014354067
8 0.42254901960784313 0.17703349282296657 0.38333333333333336 0.17703349282296657 0.38333333333333336 0.21889952153110054 0.42254901960784313 0.21889952153110054
3 0.4931372549019609 0.6100478468899522 0.45490196078431383 0.6100478468899522 0.45490196078431383 0.6578947368421053 0.4931372549019609 0.6578947368421053
3 0.5647058823529412 0.6064593301435408 0.5284313725490196 0.6064593301435408 0.5284313725490196 0.6590909090909091 0.5647058823529412 0.6590909090909091
9 0.42254901960784325 0.7834928229665071 0.38333333333333347 0.7834928229665071 0.38333333333333347 0.8277511961722488 0.42254901960784325 0.8277511961722488
0 0.6421568627450981 0.8660287081339713 0.5931372549019608 0.8660287081339713 0.5931372549019608 0.9270334928229665 0.6421568627450981 0.9270334928229665