7 0.6470588235294118 0.041866028708134065 0.5794117647058824 0.04186602870813406 0.5794117647058824 0.08851674641148335 0.6470588235294118 0.08851674641148335
5 0.403921568627451 0.31698564593301437 0.33431372549019606 0.31698564593301437 0.33431372549019606 0.4019138755980861 0.403921568627451 0.4019138755980861
2 0.6019607843137255 0.570574162679426 0.5470588235294118 0.570574162679426 0.5470588235294118 0.638755980861244 0.6019607843137255 0.638755980861244
7 0.5019607843137255 0.194976076555024 0.4323529411764706 0.194976076555024 0.4323529411764706 0.27990430622009577 0.5019607843137255 0.27990430622009577
4 0.8088235294117647 0.43660287081339727 0.7401960784313726 0.43660287081339727 0.7401960784313726 0.5215311004784691 0.8088235294117647 0.5215311004784691
2 0.8019607843137255 0.31937799043062215 0.7470588235294118 0.31937799043062215 0.7470588235294118 0.3863636363636365 0.8019607843137255 0.3863636363636365
10 0.7088235294117647 0.44019138755980874 0.6411764705882353 0.44019138755980874 0.6411764705882353 0.5239234449760767 0.7088235294117647 0.5239234449760767
6 0.907843137254902 0.30741626794258387 0.8372549019607843 0.30741626794258387 0.8372549019607843 0.39354066985645947 0.907843137254902 0.39354066985645947
2 0.8509803921568627 0.2571770334928231 0.796078431372549 0.2571770334928231 0.796078431372549 0.3229665071770336 0.8509803921568627 0.3229665071770336
2 0.5058823529411764 0.69377990430622 0.4519607843137256 0.69377990430622 0.4519607843137256 0.7595693779904307 0.5058823529411764 0.7595693779904307
6 0.5656862745098039 0.7452153110047847 0.4950980392156864 0.7452153110047847 0.4950980392156864 0.8325358851674641 0.5656862745098039 0.8325358851674641
12 0.8225490196078431 0.6758373205741627 0.7411764705882353 0.6758373205741627 0.7411764705882353 0.7751196172248804 0.8225490196078431 0.7751196172248804
4 0.6637254901960784 0.6232057416267942 0.5941176470588235 0.6232057416267942 0.5941176470588235 0.7081339712918661 0.6637254901960784 0.7081339712918661
8 0.807843137254902 0.5681818181818183 0.7490196078431373 0.5681818181818183 0.7490196078431373 0.638755980861244 0.807843137254902 0.638755980861244
0 0.6696078431372549 0.8672248803827751 0.5990196078431372 0.8672248803827751 0.5990196078431372 0.9545454545454546 0.6696078431372549 0.9545454545454546
9 0.44313725490196076 0.14114832535885175 0.3872549019607843 0.14114832535885175 0.3872549019607843 0.21052631578947376 0.44313725490196076 0.21052631578947376
3 0.5970588235294118 0.19736842105263164 0.542156862745098 0.19736842105263164 0.542156862745098 0.264354066985646 0.5970588235294118 0.264354066985646
8 0.7588235294117647 0.6291866028708134 0.6990196078431372 0.6291866028708134 0.6990196078431372 0.7009569377990431 0.7588235294117647 0.7009569377990431
1 0.40980392156862755 0.5633971291866029 0.3382352941176472 0.5633971291866029 0.3382352941176472 0.6507177033492823 0.40980392156862755 0.6507177033492823
10 0.9872549019607844 0.4330143540669858 0.9441176470588235 0.4330143540669858 0.9441176470588235 0.5155502392344499 0.9872549019607844 0.5155502392344499
13 0.40588235294117647 0.062200956937799104 0.3235294117647059 0.0622009569377991 0.3235294117647059 0.16387559808612448 0.40588235294117647 0.16387559808612448
3 0.6450980392156863 0.13636363636363646 0.5892156862745098 0.13636363636363646 0.5892156862745098 0.2045454545454546 0.6450980392156863 0.2045454545454546
9 0.3431372549019608 0.13875598086124408 0.28627450980392155 0.13875598086124405 0.28627450980392155 0.2081339712918661 0.3431372549019608 0.2081339712918661
3 0.40098039215686276 0.44976076555023925 0.34411764705882353 0.44976076555023925 0.34411764705882353 0.5179425837320574 0.40098039215686276 0.5179425837320574
3 0.44803921568627453 0.38516746411483255 0.38823529411764707 0.38516746411483255 0.38823529411764707 0.4569377990430622 0.44803921568627453 0.4569377990430622