7 0.14117647058823535 0.6901913875598086 0.09313725490196084 0.6901913875598086 0.09313725490196086 0.7440191387559809 0.14117647058823535 0.7440191387559809
11 0.1421568627450981 0.5191387559808612 0.0921568627450981 0.5191387559808612 0.0921568627450981 0.5729665071770335 0.1421568627450981 0.5729665071770335
6 0.2823529411764706 0.08253588516746414 0.23333333333333334 0.08253588516746414 0.23333333333333334 0.1363636363636364 0.2823529411764706 0.1363636363636364
2 0.4950980392156863 0.35047846889952167 0.4568627450980392 0.35047846889952167 0.4568627450980392 0.39354066985645947 0.4950980392156863 0.39354066985645947
7 0.35490196078431385 0.8672248803827751 0.30882352941176483 0.8672248803827751 0.30882352941176483 0.9222488038277512 0.35490196078431385 0.9222488038277512
4 0.2833333333333333 0.2559808612440192 0.23529411764705882 0.2559808612440192 0.23529411764705885 0.3145933014354067 0.2833333333333333 0.3145933014354067
1 0.2137254901960785 0.7822966507177034 0.16470588235294123 0.7822966507177034 0.16470588235294126 0.8361244019138756 0.21372549019607853 0.8361244019138756
2 0.5647058823529412 0.35047846889952167 0.5264705882352941 0.35047846889952167 0.5264705882352941 0.39354066985645947 0.5647058823529412 0.39354066985645947
8 0.3519607843137255 0.17942583732057424 0.3127450980392157 0.17942583732057424 0.3127450980392157 0.22009569377990437 0.3519607843137255 0.22009569377990437
6 0.35490196078431374 0.2559808612440192 0.307843137254902 0.2559808612440192 0.307843137254902 0.31100478468899523 0.35490196078431374 0.31100478468899523
2 0.1333333333333334 0.35047846889952156 0.09607843137254905 0.35047846889952156 0.09607843137254905 0.3923444976076555 0.1333333333333334 0.3923444976076555
4 0.4970588235294118 0.2559808612440192 0.45 0.2559808612440192 0.45 0.3110047846889953 0.4970588235294118 0.31100478468899534
2 0.20686274509803926 0.35047846889952156 0.16862745098039222 0.35047846889952156 0.16862745098039222 0.39354066985645936 0.20686274509803926 0.39354066985645936
10 0.14215686274509803 0.08133971291866031 0.09313725490196079 0.08133971291866028 0.09313725490196079 0.13516746411483255 0.14215686274509803 0.13516746411483258
13 0.28921568627450994 0.687799043062201 0.23431372549019613 0.687799043062201 0.23431372549019613 0.7511961722488039 0.28921568627450994 0.7511961722488039
12 0.4303921568627451 0.07655502392344504 0.37450980392156863 0.07655502392344504 0.37450980392156863 0.14114832535885175 0.4303921568627451 0.14114832535885175
8 0.4245098039215686 0.17703349282296657 0.3862745098039216 0.17703349282296657 0.3862745098039216 0.21770334928229673 0.4245098039215686 0.21770334928229673
9 0.423529411764706 0.7822966507177034 0.38137254901960793 0.7822966507177034 0.38137254901960793 0.8289473684210527 0.423529411764706 0.8289473684210527
3 0.4911764705882354 0.605263157894737 0.4539215686274511 0.6052631578947368 0.4539215686274511 0.6578947368421053 0.4911764705882354 0.6578947368421053
3 0.5627450980392157 0.6100478468899523 0.5294117647058824 0.6100478468899523 0.5294117647058824 0.6566985645933014 0.5627450980392157 0.6566985645933014
0 0.6411764705882353 0.8636363636363636 0.5911764705882353 0.8636363636363636 0.5911764705882353 0.9210526315789473 0.6411764705882353 0.9210526315789473
9 0.2823529411764707 0.8696172248803827 0.23921568627450993 0.8696172248803827 0.23921568627450993 0.916267942583732 0.2823529411764707 0.916267942583732