7 0.7931372549019607 0.881578947368421 0.7284313725490196 0.881578947368421 0.7284313725490196 0.9557416267942583 0.7931372549019607 0.9557416267942583
5 0.46862745098039227 0.6925837320574163 0.4058823529411766 0.6925837320574163 0.4058823529411766 0.7691387559808612 0.46862745098039227 0.7691387559808612
7 0.6 0.7667464114832536 0.5352941176470588 0.7667464114832536 0.5352941176470588 0.8421052631578947 0.6 0.8421052631578947
2 0.5823529411764706 0.38516746411483266 0.5323529411764706 0.38516746411483266 0.5323529411764706 0.4449760765550241 0.5823529411764706 0.4449760765550241
1 0.592156862745098 0.570574162679426 0.5294117647058824 0.570574162679426 0.5294117647058824 0.6471291866028708 0.592156862745098 0.6471291866028708
4 0.8156862745098039 0.4114832535885169 0.7529411764705882 0.4114832535885169 0.7529411764705882 0.486842105263158 0.8156862745098039 0.486842105263158
2 0.8450980392156863 0.5370813397129188 0.7941176470588235 0.5370813397129188 0.7941176470588235 0.598086124401914 0.8450980392156863 0.598086124401914
5 0.6686274509803921 0.9988038277511961 0.6029411764705882 0.9988038277511961 0.6029411764705882 1 0.6686274509803921 1
6 0.9441176470588235 0.4904306220095695 0.8803921568627451 0.4904306220095695 0.8803921568627451 0.5657894736842106 0.9441176470588235 0.5657894736842106
2 0.907843137254902 0.5741626794258374 0.8578431372549019 0.5741626794258374 0.8578431372549019 0.6339712918660287 0.907843137254902 0.6339712918660287
10 0.7225490196078431 0.4509569377990432 0.6558823529411765 0.4509569377990432 0.6558823529411765 0.5322966507177035 0.7225490196078431 0.5322966507177035
2 0.4568627450980392 0.3110047846889953 0.4068627450980392 0.31100478468899523 0.4068627450980392 0.37081339712918665 0.4568627450980392 0.37081339712918676
8 0.7754901960784314 0.3038277511961724 0.7254901960784313 0.3038277511961724 0.7254901960784313 0.3600478468899523 0.7754901960784314 0.3600478468899523
12 0.7529411764705882 0.1722488038277513 0.6794117647058824 0.17224880382775126 0.6794117647058824 0.2619617224880384 0.7529411764705882 0.2619617224880384
0 0.5558823529411765 0.06459330143540677 0.49019607843137253 0.06459330143540677 0.49019607843137253 0.14234449760765558 0.5558823529411765 0.14234449760765558
6 0.27941176470588247 0.7727272727272727 0.21372549019607848 0.7727272727272727 0.2137254901960785 0.8492822966507177 0.27941176470588247 0.8492822966507177
1 0.8264705882352941 1 0.7637254901960784 1 0.7637254901960784 1 0.8264705882352941 1
9 0.5617647058823529 0.8504784688995215 0.5078431372549019 0.8504784688995215 0.5078431372549019 0.9138755980861244 0.5617647058823529 0.9138755980861244
3 0.6872549019607843 0.7344497607655502 0.6362745098039215 0.7344497607655502 0.6362745098039215 0.7942583732057417 0.6872549019607843 0.7942583732057417
8 0.7107843137254902 0.264354066985646 0.6598039215686274 0.264354066985646 0.6598039215686274 0.3229665071770336 0.7107843137254902 0.3229665071770336
10 0.9950980392156863 0.33014354066985657 0.942156862745098 0.33014354066985657 0.942156862745098 0.40550239234449775 0.9950980392156863 0.40550239234449775
3 0.8823529411764706 0.8492822966507177 0.8303921568627451 0.8492822966507177 0.8303921568627451 0.9090909090909091 0.8823529411764706 0.9090909090909091
13 0.5441176470588235 0.9210526315789473 0.46862745098039227 0.9210526315789473 0.46862745098039227 1 0.5441176470588235 1
3 0.4284313725490197 0.583732057416268 0.3754901960784315 0.583732057416268 0.3754901960784315 0.6435406698564593 0.4284313725490197 0.6435406698564593
3 0.7509803921568627 0.7739234449760766 0.6990196078431372 0.7739234449760766 0.6990196078431372 0.833732057416268 0.7509803921568627 0.833732057416268
9 0.4676470588235295 0.895933014354067 0.41568627450980405 0.895933014354067 0.41568627450980405 0.9545454545454546 0.4676470588235295 0.9545454545454546
4 0.6245098039215686 0.2942583732057417 0.5588235294117647 0.2942583732057417 0.5588235294117647 0.37440191387559824 0.6245098039215686 0.37440191387559824
3 0.4921568627450982 0.6196172248803827 0.44215686274509813 0.6196172248803827 0.44215686274509813 0.6818181818181818 0.4921568627450982 0.6818181818181818