7 0.6607843137254902 0.9916267942583732 0.5941176470588235 0.9916267942583732 0.5941176470588235 1 0.6607843137254902 1
2 0.6450980392156863 0.44138755980861255 0.5901960784313726 0.44138755980861255 0.5901960784313726 0.5059808612440193 0.6450980392156863 0.5059808612440193
11 0.7735294117647059 0.8911483253588517 0.703921568627451 0.8911483253588517 0.703921568627451 0.9748803827751196 0.7735294117647059 0.9748803827751196
7 0.4147058823529413 0.8755980861244019 0.34705882352941186 0.8755980861244019 0.34705882352941186 0.9569377990430622 0.4147058823529413 0.9569377990430622
1 0.4803921568627452 0.6985645933014354 0.4107843137254903 0.6985645933014354 0.4107843137254903 0.7822966507177034 0.4803921568627452 0.7822966507177034
0 0.6264705882352941 0.8014354066985646 0.5568627450980392 0.8014354066985646 0.5568627450980392 0.8839712918660287 0.6264705882352941 0.8839712918660287
1 0.5617647058823529 0.9700956937799043 0.49411764705882366 0.9700956937799043 0.49411764705882366 1 0.5617647058823529 1
4 0.8480392156862745 0.5992822966507179 0.7794117647058824 0.5992822966507179 0.7794117647058824 0.6818181818181818 0.8480392156862745 0.6818181818181818
2 0.8303921568627451 0.7296650717703349 0.7764705882352941 0.7296650717703349 0.7764705882352941 0.7954545454545454 0.8303921568627451 0.7954545454545454
2 0.6 0.37081339712918676 0.546078431372549 0.37081339712918676 0.546078431372549 0.43660287081339727 0.6 0.43660287081339727
2 0.8764705882352941 0.8026315789473685 0.8235294117647058 0.8026315789473685 0.8235294117647058 0.8672248803827751 0.8764705882352941 0.8672248803827751
6 0.7990196078431373 0.5251196172248805 0.7313725490196078 0.5251196172248805 0.7313725490196078 0.6064593301435408 0.7990196078431373 0.6064593301435408
4 0.7088235294117647 0.38397129186602885 0.6392156862745098 0.38397129186602885 0.6392156862745098 0.4653110047846891 0.7088235294117647 0.4653110047846891
8 0.8470588235294118 0.48444976076555035 0.7911764705882353 0.48444976076555035 0.7911764705882353 0.5502392344497609 0.8470588235294118 0.5502392344497609
12 0.8705882352941177 0.348086124401914 0.7901960784313725 0.348086124401914 0.7901960784313725 0.4437799043062202 0.8705882352941177 0.4437799043062202
10 1 0.6399521531100482 0.9774509803921568 0.6399521531100482 0.9774509803921568 0.7212918660287084 1 0.7212918660287084
13 0.5205882352941177 0.8911483253588517 0.44215686274509813 0.8911483253588517 0.44215686274509813 0.9856459330143541 0.5205882352941177 0.9856459330143541
8 0.8009803921568628 0.41387559808612456 0.746078431372549 0.41387559808612456 0.746078431372549 0.47966507177033507 0.8009803921568628 0.47966507177033507
9 0.41764705882352954 0.7643540669856459 0.3637254901960785 0.7643540669856459 0.3637254901960785 0.8277511961722488 0.41764705882352954 0.8277511961722488
9 0.45588235294117657 0.9557416267942583 0.4009803921568629 0.9557416267942583 0.4009803921568629 1 0.45588235294117657 1
3 0.48529411764705893 0.5909090909090909 0.42450980392156873 0.5909090909090909 0.42450980392156873 0.6614832535885168 0.48529411764705893 0.6614832535885168
3 0.4421568627450981 0.5155502392344498 0.3803921568627451 0.5155502392344498 0.38039215686274513 0.5873205741626795 0.44215686274509813 0.5873205741626795
0 0.2333333333333334 0.5885167464114832 0.16274509803921575 0.5885167464114832 0.16274509803921575 0.6710526315789473 0.2333333333333334 0.6710526315789473