7 0.1421568627450981 0.6961722488038278 0.09313725490196087 0.6961722488038278 0.09313725490196087 0.7488038277511961 0.1421568627450981 0.7488038277511961
5 0.49803921568627463 0.6925837320574163 0.4500000000000001 0.6925837320574163 0.4500000000000001 0.7476076555023924 0.49803921568627463 0.7476076555023924
2 0.4950980392156863 0.35047846889952167 0.4568627450980392 0.35047846889952167 0.4568627450980392 0.39354066985645947 0.4950980392156863 0.39354066985645947
7 0.35686274509803934 0.6901913875598086 0.30882352941176483 0.6901913875598086 0.30882352941176483 0.7452153110047847 0.35686274509803934 0.7452153110047847
4 0.2852941176470588 0.25717703349282306 0.2372549019607843 0.25717703349282306 0.23725490196078433 0.31100478468899523 0.2852941176470588 0.31100478468899523
2 0.20588235294117652 0.3492822966507177 0.16764705882352945 0.3492822966507177 0.16764705882352945 0.3923444976076555 0.20588235294117652 0.3923444976076555
10 0.3568627450980392 0.34210526315789475 0.3088235294117647 0.34210526315789475 0.3088235294117647 0.39473684210526316 0.3568627450980392 0.39473684210526316
6 0.14117647058823532 0.2595693779904306 0.09215686274509807 0.2595693779904306 0.09215686274509807 0.3133971291866029 0.14117647058823535 0.3133971291866029
2 0.13431372549019613 0.35047846889952156 0.09607843137254905 0.35047846889952156 0.09607843137254905 0.3923444976076555 0.13431372549019613 0.3923444976076555
2 0.634313725490196 0.35047846889952167 0.596078431372549 0.35047846889952167 0.596078431372549 0.39234449760765566 0.634313725490196 0.39234449760765566
6 0.6401960784313725 0.2559808612440192 0.5911764705882353 0.2559808612440192 0.5911764705882353 0.31100478468899534 0.6401960784313725 0.31100478468899534
12 0.4303921568627451 0.07655502392344504 0.37450980392156863 0.07655502392344504 0.37450980392156863 0.1399521531100479 0.4303921568627451 0.1399521531100479
5 0.21372549019607853 0.8660287081339713 0.1627450980392158 0.8660287081339713 0.1627450980392158 0.9210526315789473 0.21372549019607853 0.9210526315789473
4 0.4980392156862745 0.2547846889952154 0.45 0.2547846889952154 0.45 0.3110047846889953 0.4980392156862745 0.31100478468899534
8 0.3519607843137255 0.17224880382775126 0.3127450980392157 0.17224880382775126 0.3127450980392157 0.21889952153110054 0.3519607843137255 0.21889952153110054
11 0.1411764705882354 0.8672248803827751 0.08921568627450989 0.8672248803827751 0.08921568627450989 0.9210526315789473 0.1411764705882354 0.9210526315789473
0 0.6401960784313725 0.08133971291866039 0.5901960784313726 0.08133971291866039 0.5901960784313726 0.1375598086124403 0.6401960784313725 0.1375598086124403
9 0.35294117647058837 0.7834928229665071 0.3127450980392158 0.7834928229665071 0.3127450980392158 0.8277511961722488 0.35294117647058837 0.8277511961722488
3 0.277450980392157 0.6124401913875598 0.23823529411764713 0.6124401913875598 0.23823529411764713 0.6543062200956937 0.277450980392157 0.6543062200956937
8 0.4235294117647059 0.17105263157894743 0.3843137254901961 0.17105263157894743 0.3843137254901961 0.22009569377990437 0.4235294117647059 0.22009569377990437
1 0.06764705882352949 0.777511961722488 0.019607843137254978 0.777511961722488 0.01960784313725498 0.8325358851674641 0.06764705882352949 0.8325358851674641
1 0.6421568627450981 0.5179425837320576 0.592156862745098 0.5179425837320576 0.592156862745098 0.5729665071770337 0.6421568627450981 0.5729665071770337
10 0.14019607843137255 0.08133971291866031 0.09313725490196079 0.08133971291866028 0.09313725490196079 0.13636363636363638 0.14019607843137255 0.1363636363636364
13 0.35980392156862756 0.861244019138756 0.3019607843137256 0.861244019138756 0.3019607843137256 0.9258373205741627 0.35980392156862756 0.9258373205741627
3 0.06372549019607848 0.6124401913875598 0.023529411764705944 0.6124401913875598 0.023529411764705944 0.6543062200956937 0.06372549019607848 0.6543062200956937
3 0.20882352941176477 0.6124401913875598 0.16862745098039222 0.6124401913875598 0.16862745098039222 0.6543062200956937 0.20882352941176477 0.6543062200956937
0 0.06764705882352941 0.08373205741626795 0.020588235294117654 0.08373205741626795 0.020588235294117657 0.13636363636363635 0.06764705882352941 0.13636363636363635
9 0.4215686274509805 0.8732057416267942 0.38137254901960793 0.8732057416267942 0.38137254901960793 0.9174641148325359 0.4215686274509805 0.9174641148325359
3 0.5637254901960784 0.6076555023923447 0.5264705882352941 0.6076555023923447 0.5264705882352941 0.6543062200956937 0.5637254901960784 0.6543062200956937
3 0.4970588235294119 0.6112440191387561 0.45588235294117657 0.6112440191387561 0.45588235294117657 0.6578947368421053 0.4970588235294119 0.6578947368421053