7 0.696078431372549 0.9270334928229665 0.6490196078431373 0.9270334928229665 0.6490196078431373 0.9820574162679426 0.696078431372549 0.9820574162679426
1 0.703921568627451 0.5777511961722489 0.6558823529411765 0.5777511961722489 0.6558823529411765 0.638755980861244 0.703921568627451 0.638755980861244
2 0.41568627450980394 0.4904306220095694 0.3784313725490196 0.4904306220095694 0.3784313725490196 0.5382775119617225 0.41568627450980394 0.5382775119617225
10 0.4147058823529413 0.6590909090909091 0.36666666666666675 0.6590909090909091 0.36666666666666675 0.7200956937799043 0.4147058823529413 0.7200956937799043
7 0.846078431372549 0.666267942583732 0.7980392156862746 0.666267942583732 0.7980392156862746 0.7260765550239234 0.846078431372549 0.7260765550239234
4 0.34411764705882364 0.7440191387559809 0.2970588235294119 0.7440191387559809 0.2970588235294119 0.80622009569378 0.34411764705882364 0.80622009569378
2 0.40784313725490207 0.8433014354066986 0.36960784313725503 0.8433014354066986 0.36960784313725503 0.8923444976076556 0.40784313725490207 0.8923444976076556
6 0.3382352941176472 0.9222488038277512 0.2911764705882354 0.9222488038277512 0.2911764705882354 0.9844497607655502 0.3382352941176472 0.9844497607655502
2 0.4176470588235294 0.4055023923444976 0.3803921568627451 0.4055023923444976 0.3803921568627451 0.45454545454545453 0.4176470588235294 0.45454545454545453
1 0.7715686274509804 0.8409090909090909 0.7225490196078431 0.8409090909090909 0.7225490196078431 0.9043062200956937 0.7715686274509804 0.9043062200956937
2 0.4058823529411766 0.930622009569378 0.3686274509803923 0.930622009569378 0.3686274509803923 0.9796650717703349 0.4058823529411766 0.9796650717703349
13 0.7745098039215687 0.6590909090909091 0.7205882352941176 0.6590909090909091 0.7205882352941176 0.7332535885167464 0.7745098039215687 0.7332535885167464
12 0.20784313725490203 0.5645933014354066 0.15196078431372553 0.5645933014354066 0.15196078431372553 0.6363636363636364 0.20784313725490203 0.6363636363636364
4 0.34901960784313724 0.48444976076555024 0.30098039215686273 0.48444976076555024 0.30098039215686273 0.5454545454545454 0.34901960784313724 0.5454545454545454
8 0.269607843137255 0.6626794258373205 0.22843137254901966 0.6626794258373205 0.22843137254901966 0.7117224880382775 0.269607843137255 0.7117224880382775
9 0.7705882352941177 0.5849282296650719 0.734313725490196 0.5849282296650719 0.734313725490196 0.6327751196172249 0.7705882352941177 0.6327751196172249
10 0.19705882352941187 0.916267942583732 0.14705882352941188 0.916267942583732 0.14705882352941188 0.9796650717703349 0.19705882352941187 0.9796650717703349
8 0.2715686274509805 0.5765550239234449 0.2313725490196079 0.5765550239234449 0.2313725490196079 0.6267942583732058 0.2715686274509805 0.6267942583732058
3 0.6245098039215686 0.7583732057416268 0.5882352941176471 0.7583732057416268 0.5882352941176471 0.8086124401913876 0.6245098039215686 0.8086124401913876
9 0.8362745098039216 0.7583732057416268 0.8009803921568628 0.7583732057416268 0.8009803921568628 0.8098086124401914 0.8362745098039216 0.8098086124401914
3 0.6225490196078431 0.8444976076555024 0.5803921568627451 0.8444976076555024 0.5803921568627451 0.8935406698564593 0.6225490196078431 0.8935406698564593
3 0.6303921568627451 0.4976076555023925 0.592156862745098 0.4976076555023925 0.592156862745098 0.5442583732057418 0.6303921568627451 0.5442583732057418
3 0.634313725490196 0.40550239234449775 0.5931372549019608 0.40550239234449775 0.5931372549019608 0.4569377990430623 0.634313725490196 0.4569377990430623
0 0.8539215686274509 0.31818181818181834 0.8049019607843138 0.31818181818181834 0.8049019607843138 0.3779904306220097 0.8539215686274509 0.3779904306220097
11 0.8431372549019608 0.930622009569378 0.7901960784313725 0.930622009569378 0.7901960784313725 0.9784688995215312 0.8431372549019608 0.9784688995215312