7 0.09313725490196084 0.5167464114832536 0.026470588235294166 0.5167464114832536 0.026470588235294173 0.5921052631578947 0.09313725490196084 0.5921052631578947
7 0.2823529411764706 0.37679425837320574 0.215686274509804 0.37679425837320574 0.215686274509804 0.4557416267942584 0.2823529411764706 0.4557416267942584
2 0.5372549019607843 0.590909090909091 0.48529411764705893 0.590909090909091 0.48529411764705893 0.6507177033492823 0.5372549019607843 0.6507177033492823
4 0.3892156862745099 0.7966507177033493 0.32254901960784327 0.7966507177033493 0.32254901960784327 0.8732057416267942 0.3892156862745099 0.8732057416267942
1 0.41078431372549024 0.4772727272727273 0.3431372549019608 0.4772727272727273 0.34313725490196084 0.55622009569378 0.4107843137254903 0.55622009569378
6 0.26176470588235307 0.8827751196172249 0.19411764705882364 0.8827751196172249 0.19411764705882364 0.9605263157894737 0.26176470588235307 0.9605263157894737
2 0.28333333333333344 0.7751196172248804 0.23039215686274514 0.7751196172248804 0.2303921568627452 0.8349282296650717 0.28333333333333344 0.8349282296650717
2 0.21960784313725498 0.8205741626794258 0.16764705882352945 0.8205741626794258 0.16764705882352948 0.8803827751196173 0.219607843137255 0.8803827751196173
10 0.4186274509803923 0.6722488038277512 0.34901960784313735 0.6722488038277512 0.34901960784313735 0.7535885167464115 0.4186274509803923 0.7535885167464115
1 0.12450980392156867 0.39354066985645936 0.055882352941176515 0.39354066985645936 0.055882352941176515 0.47129186602870815 0.12450980392156868 0.47129186602870815
2 0.6009803921568627 0.5466507177033494 0.5480392156862746 0.5466507177033494 0.5480392156862746 0.6076555023923447 0.6009803921568627 0.6076555023923447
8 0.4794117647058825 0.833732057416268 0.42549019607843147 0.833732057416268 0.42549019607843147 0.895933014354067 0.4794117647058825 0.895933014354067
0 0.5323529411764706 0.19258373205741633 0.4647058823529412 0.19258373205741633 0.4647058823529412 0.2691387559808613 0.5323529411764706 0.2691387559808613
12 0.5882352941176471 0.8456937799043063 0.5098039215686274 0.8456937799043063 0.5098039215686274 0.9366028708133971 0.5882352941176471 0.9366028708133971
13 0.21960784313725493 0.22248803827751196 0.14215686274509803 0.22248803827751196 0.14215686274509806 0.31220095693779903 0.21960784313725495 0.31220095693779903
4 0.5764705882352941 0.6578947368421053 0.5098039215686274 0.6578947368421053 0.5098039215686274 0.7356459330143541 0.5764705882352941 0.7356459330143541
3 0.24313725490196084 0.5047846889952153 0.18921568627450985 0.5047846889952153 0.18921568627450985 0.5657894736842105 0.24313725490196084 0.5657894736842105
11 0.02352941176470592 0.36483253588516745 3.661934056273948e-17 0.36483253588516745 4.0521401442375655e-17 0.44258373205741625 0.023529411764705924 0.44258373205741625
3 0.05588235294117654 0.6411483253588517 0.0009803921568628095 0.6411483253588517 0.0009803921568628125 0.7021531100478469 0.05588235294117654 0.7021531100478469
9 0.3029411764705882 0.2655502392344498 0.25 0.2655502392344498 0.25000000000000006 0.3253588516746411 0.3029411764705882 0.3253588516746411
3 0.18333333333333338 0.5490430622009569 0.12843137254901965 0.5490430622009569 0.12843137254901965 0.6100478468899522 0.18333333333333338 0.6100478468899522
9 0.14313725490196083 0.2834928229665072 0.09019607843137258 0.2834928229665072 0.09019607843137258 0.34210526315789475 0.14313725490196083 0.34210526315789475
3 0.4343137254901961 0.3660287081339713 0.3803921568627451 0.3660287081339713 0.3803921568627451 0.430622009569378 0.4343137254901961 0.430622009569378
3 0.49607843137254903 0.32296650717703357 0.44313725490196076 0.3229665071770335 0.44313725490196076 0.3851674641148326 0.49607843137254903 0.38516746411483266
8 0.5441176470588235 0.7822966507177034 0.4892156862745099 0.7822966507177034 0.4892156862745099 0.8456937799043063 0.5441176470588235 0.8456937799043063