11 0.8764705882352941 0.25358851674641164 0.8137254901960784 0.25358851674641164 0.8137254901960784 0.32416267942583743 0.8764705882352941 0.32416267942583743
7 0.8578431372549019 0.08253588516746424 0.7941176470588235 0.08253588516746421 0.7941176470588235 0.1578947368421054 0.8578431372549019 0.1578947368421054
6 0.7843137254901961 0.7212918660287081 0.7225490196078431 0.7212918660287081 0.7225490196078431 0.7894736842105263 0.7843137254901961 0.7894736842105263
7 0.6225490196078431 8.855251077566688e-17 0.5627450980392157 8.408460080270105e-17 0.5627450980392157 0.058612440191387644 0.6225490196078431 0.058612440191387644
4 0.7637254901960784 0.5538277511961723 0.7019607843137254 0.5538277511961723 0.7019607843137254 0.6232057416267942 0.7637254901960784 0.6232057416267942
1 0.7764705882352941 0.025119617224880497 0.7137254901960784 0.025119617224880493 0.7137254901960784 0.09569377990430632 0.7764705882352941 0.09569377990430632
6 0.692156862745098 0.5777511961722489 0.6323529411764706 0.5777511961722489 0.6323529411764706 0.6471291866028708 0.692156862745098 0.6471291866028708
2 0.46372549019607856 0.570574162679426 0.4147058823529413 0.5705741626794258 0.4147058823529413 0.6255980861244019 0.46372549019607856 0.6255980861244019
13 0.6411764705882353 0.06339712918660297 0.5656862745098039 0.06339712918660295 0.5656862745098039 0.1507177033492824 0.6411764705882353 0.1507177033492824
2 0.5323529411764706 0.5478468899521532 0.4843137254901961 0.5478468899521532 0.48431372549019613 0.6028708133971293 0.5323529411764706 0.6028708133971293
8 0.6950980392156862 0.6674641148325359 0.6450980392156863 0.6674641148325359 0.6450980392156863 0.7248803827751196 0.6950980392156862 0.7248803827751196
2 0.8196078431372549 0.4509569377990432 0.7705882352941177 0.4509569377990432 0.7705882352941177 0.5059808612440193 0.8196078431372549 0.5059808612440193
4 0.6813725490196079 0.49162679425837336 0.6215686274509804 0.49162679425837336 0.6215686274509804 0.5610047846889954 0.6813725490196079 0.5610047846889954
2 0.8911764705882353 0.42822966507177046 0.8431372549019608 0.42822966507177046 0.8431372549019608 0.48205741626794274 0.8911764705882353 0.48205741626794274
10 0.9245098039215687 0.6734449760765552 0.8637254901960785 0.6734449760765551 0.8637254901960785 0.7428229665071772 0.9245098039215687 0.7428229665071773
12 0.6460784313725491 0.7631578947368421 0.5745098039215686 0.7631578947368421 0.5745098039215686 0.8456937799043063 0.6460784313725491 0.8456937799043063
8 0.6245098039215686 0.6913875598086124 0.5745098039215686 0.6913875598086124 0.5745098039215686 0.7523923444976076 0.6245098039215686 0.7523923444976076
0 0.34215686274509804 0.08373205741626799 0.2774509803921569 0.08373205741626798 0.2774509803921569 0.15550239234449767 0.34215686274509804 0.15550239234449767
3 0.43333333333333335 0.319377990430622 0.38235294117647056 0.319377990430622 0.38235294117647056 0.37440191387559807 0.43333333333333335 0.37440191387559807
9 0.5558823529411765 0.1052631578947369 0.5078431372549019 0.1052631578947369 0.5078431372549019 0.15909090909090917 0.5558823529411765 0.15909090909090917
3 0.503921568627451 0.2954545454545455 0.45784313725490194 0.2954545454545455 0.45784313725490194 0.35047846889952167 0.503921568627451 0.35047846889952167
9 0.6872549019607843 9.9172952514684e-17 0.6401960784313725 9.56572200769404e-17 0.6401960784313725 0.02990430622009579 0.6872549019607843 0.029904306220095794