7 0.14803921568627457 0.6267942583732058 0.08039215686274516 0.6267942583732058 0.08039215686274517 0.7057416267942583 0.14803921568627457 0.7057416267942583
7 0.30196078431372547 0.4461722488038278 0.23431372549019613 0.4461722488038278 0.23431372549019613 0.5251196172248804 0.30196078431372547 0.5251196172248804
2 0.5970588235294118 0.5813397129186604 0.5431372549019607 0.5813397129186604 0.5431372549019607 0.6435406698564593 0.5970588235294118 0.6435406698564593
10 0.5058823529411764 0.6949760765550239 0.4362745098039217 0.6949760765550239 0.4362745098039217 0.7763157894736842 0.5058823529411764 0.7763157894736842
2 0.3960784313725491 0.8265550239234449 0.3411764705882354 0.8265550239234449 0.3411764705882354 0.8899521531100478 0.3960784313725491 0.8899521531100478
1 0.34901960784313724 0.3827751196172249 0.2803921568627451 0.3827751196172249 0.2803921568627451 0.46291866028708134 0.34901960784313724 0.46291866028708134
4 0.5068627450980392 0.8181818181818182 0.4343137254901962 0.8181818181818182 0.4343137254901962 0.90311004784689 0.5068627450980392 0.90311004784689
6 0.40784313725490207 0.937799043062201 0.3352941176470589 0.937799043062201 0.3352941176470589 1 0.40784313725490207 1
1 0.14705882352941183 0.5035885167464115 0.07745098039215692 0.5035885167464115 0.07745098039215692 0.5849282296650717 0.14705882352941183 0.5849282296650717
2 0.3460784313725491 0.8875598086124402 0.29215686274509817 0.8875598086124402 0.29215686274509817 0.9497607655502392 0.3460784313725491 0.9497607655502392
13 0.25588235294117645 0.37320574162679426 0.1725490196078432 0.37320574162679426 0.1725490196078432 0.47129186602870815 0.25588235294117645 0.47129186602870815
2 0.6470588235294118 0.5227272727272728 0.592156862745098 0.5227272727272728 0.592156862745098 0.5861244019138757 0.6470588235294118 0.5861244019138757
4 0.6549019607843137 0.638755980861244 0.5872549019607843 0.638755980861244 0.5872549019607843 0.7177033492822966 0.6549019607843137 0.7177033492822966
8 0.6019607843137255 0.8277511961722488 0.5441176470588235 0.8277511961722488 0.5441176470588235 0.8947368421052632 0.6019607843137255 0.8947368421052632
12 0.7137254901960784 0.8181818181818182 0.6333333333333333 0.8181818181818182 0.6333333333333333 0.9114832535885168 0.7137254901960784 0.9114832535885168
11 0.04705882352941182 0.5023923444976076 0.01176470588235299 0.5023923444976076 0.011764705882352995 0.583732057416268 0.04705882352941182 0.583732057416268
3 0.29607843137254913 0.5741626794258373 0.23725490196078436 0.5741626794258373 0.23725490196078436 0.6411483253588517 0.29607843137254913 0.6411483253588517
9 0.2931372549019608 0.3277511961722488 0.23529411764705888 0.3277511961722488 0.23529411764705888 0.39473684210526316 0.2931372549019608 0.39473684210526316
3 0.44509803921568625 0.39473684210526316 0.3892156862745098 0.39473684210526316 0.3892156862745098 0.45933014354066987 0.44509803921568625 0.45933014354066987
8 0.6519607843137255 0.7679425837320574 0.5931372549019608 0.7679425837320574 0.5931372549019608 0.8361244019138756 0.6519607843137255 0.8361244019138756
9 0.14117647058823535 0.3839712918660287 0.08333333333333336 0.3839712918660287 0.08333333333333337 0.45215311004784686 0.14117647058823535 0.45215311004784686
3 0.49607843137254903 0.333732057416268 0.43823529411764706 0.33373205741626794 0.43823529411764706 0.40191387559808617 0.49607843137254903 0.4019138755980863
3 0.24313725490196084 0.6375598086124402 0.1882352941176471 0.6375598086124402 0.1882352941176471 0.7009569377990431 0.24313725490196084 0.7009569377990431
0 0.39509803921568626 0.07775119617224885 0.32941176470588235 0.07775119617224883 0.32941176470588235 0.15430622009569384 0.39509803921568626 0.15430622009569384
0 0.15196078431372556 0.7476076555023924 0.07745098039215695 0.7476076555023924 0.07745098039215695 0.8349282296650717 0.1519607843137256 0.8349282296650717