7 0.8774509803921569 0.16507177033492837 0.8137254901960784 0.16507177033492837 0.8137254901960784 0.244019138755981 0.8774509803921569 0.244019138755981
7 0.7705882352941177 0.39354066985645947 0.7068627450980393 0.39354066985645947 0.7068627450980393 0.47129186602870826 0.7705882352941177 0.47129186602870826
2 0.44607843137254904 0.3791866028708134 0.39509803921568626 0.3791866028708134 0.39509803921568626 0.44138755980861244 0.44607843137254904 0.44138755980861244
4 0.5009803921568627 0.09808612440191394 0.4343137254901961 0.09808612440191394 0.4343137254901961 0.17942583732057424 0.5009803921568627 0.17942583732057424
1 0.6137254901960785 0.3803827751196174 0.55 0.3803827751196174 0.55 0.45813397129186617 0.6137254901960785 0.45813397129186617
2 0.5901960784313726 0.0741626794258374 0.5401960784313725 0.0741626794258374 0.5401960784313725 0.13636363636363644 0.5901960784313726 0.13636363636363646
6 0.5715686274509804 8.064211279074376e-17 0.5078431372549019 7.588122511463265e-17 0.5078431372549019 0.02751196172248812 0.5715686274509804 0.027511961722488123
10 0.5215686274509804 0.21889952153110054 0.4588235294117647 0.21889952153110054 0.4588235294117647 0.2954545454545455 0.5215686274509804 0.2954545454545455
1 0.903921568627451 0.28708133971291877 0.8392156862745098 0.28708133971291877 0.8392156862745098 0.3660287081339714 0.903921568627451 0.3660287081339714
0 0.6313725490196078 0.6925837320574163 0.5666666666666667 0.6925837320574163 0.5666666666666667 0.7715311004784688 0.6313725490196078 0.7715311004784688
2 0.4088235294117647 0.45454545454545453 0.35784313725490197 0.45454545454545453 0.35784313725490197 0.5167464114832536 0.4088235294117647 0.5167464114832536
13 0.8382352941176471 0.42822966507177046 0.7637254901960784 0.42822966507177046 0.7637254901960784 0.5203349282296652 0.8382352941176471 0.5203349282296652
2 0.6264705882352941 8.987091043982072e-17 0.5764705882352941 8.613544472471815e-17 0.5764705882352941 0.05861244019138765 0.6264705882352941 0.058612440191387664
8 0.3941176470588235 0.14114832535885175 0.34509803921568627 0.14114832535885175 0.34509803921568627 0.20215311004784695 0.3941176470588235 0.20215311004784695
4 0.3911764705882353 0.3253588516746411 0.32745098039215687 0.3253588516746411 0.32745098039215687 0.40311004784689 0.3911764705882353 0.40311004784689
12 0.3088235294117647 0.1566985645933015 0.23431372549019608 0.1566985645933015 0.23431372549019608 0.24760765550239242 0.3088235294117647 0.24760765550239242
11 1 0.2500000000000001 0.9382352941176471 0.2500000000000001 0.9382352941176471 0.33133971291866043 1 0.33133971291866043
3 0.7411764705882353 0.2799043062200958 0.6911764705882353 0.2799043062200958 0.6911764705882353 0.34210526315789486 0.7411764705882353 0.34210526315789486
8 0.3568627450980392 0.2129186602870814 0.307843137254902 0.2129186602870814 0.307843137254902 0.27511961722488043 0.3568627450980392 0.27511961722488043
9 0.792156862745098 0.5215311004784691 0.7421568627450981 0.5215311004784691 0.7421568627450981 0.5825358851674642 0.792156862745098 0.5825358851674642
3 0.6352941176470588 0.5071770334928231 0.5813725490196079 0.5071770334928231 0.5813725490196079 0.5729665071770337 0.6352941176470588 0.5729665071770337
3 0.6009803921568627 0.5813397129186604 0.5441176470588235 0.5813397129186604 0.5441176470588235 0.6471291866028708 0.6009803921568627 0.6471291866028708
9 0.9254901960784314 0.41028708133971303 0.8735294117647059 0.41028708133971303 0.8735294117647059 0.47368421052631593 0.9254901960784314 0.47368421052631593
3 0.7774509803921569 0.20454545454545467 0.7225490196078431 0.20454545454545467 0.7225490196078431 0.271531100478469 0.7774509803921569 0.271531100478469