7 0.16274509803921575 0.7093301435406698 0.10980392156862753 0.7093301435406698 0.10980392156862753 0.7751196172248804 0.16274509803921575 0.7751196172248804
5 0.5196078431372549 0.7165071770334929 0.4666666666666668 0.7165071770334929 0.4666666666666668 0.7763157894736842 0.5196078431372549 0.7763157894736842
12 0.3588235294117647 0.1830143540669857 0.29705882352941176 0.1830143540669857 0.29705882352941176 0.2523923444976077 0.3588235294117647 0.2523923444976077
7 0.3784313725490197 0.7129186602870813 0.3254901960784315 0.7129186602870813 0.3254901960784315 0.7727272727272727 0.3784313725490197 0.7727272727272727
4 0.28627450980392155 0.2775119617224881 0.2323529411764706 0.2775119617224881 0.23235294117647062 0.33851674641148327 0.28627450980392155 0.33851674641148327
6 0.3568627450980392 0.27870813397129196 0.30392156862745096 0.27870813397129196 0.30392156862745096 0.3373205741626794 0.3568627450980392 0.3373205741626794
2 0.49901960784313726 0.3732057416267943 0.4549019607843137 0.37320574162679426 0.4549019607843137 0.42105263157894746 0.49901960784313726 0.4210526315789475
1 0.09901960784313733 0.888755980861244 0.04509803921568636 0.888755980861244 0.045098039215686364 0.9485645933014354 0.09901960784313733 0.9485645933014354
10 0.35980392156862745 0.36483253588516745 0.307843137254902 0.36483253588516745 0.307843137254902 0.423444976076555 0.35980392156862745 0.423444976076555
2 0.21274509803921574 0.3708133971291866 0.1705882352941177 0.3708133971291866 0.1705882352941177 0.41746411483253587 0.21274509803921574 0.41746411483253587
2 0.14117647058823535 0.3696172248803828 0.10000000000000003 0.3696172248803828 0.10000000000000003 0.4150717703349282 0.14117647058823535 0.4150717703349282
6 0.14117647058823532 0.2751196172248804 0.08823529411764709 0.2751196172248804 0.08823529411764709 0.3349282296650718 0.14117647058823535 0.3349282296650718
1 0.6558823529411765 0.5442583732057418 0.6009803921568627 0.5442583732057418 0.6009803921568627 0.6040669856459332 0.6558823529411765 0.6040669856459332
2 0.6411764705882353 0.37440191387559824 0.5990196078431372 0.37440191387559824 0.5990196078431372 0.41985645933014365 0.6411764705882353 0.41985645933014365
8 0.41862745098039217 0.19736842105263164 0.37549019607843137 0.19736842105263164 0.37549019607843137 0.2428229665071771 0.41862745098039217 0.2428229665071771
0 0.6323529411764706 0.10645933014354077 0.5784313725490197 0.10645933014354077 0.5784313725490197 0.1686602870813398 0.6323529411764706 0.1686602870813398
3 0.2970588235294119 0.6339712918660287 0.2549019607843138 0.6339712918660287 0.2549019607843138 0.6794258373205742 0.2970588235294119 0.6794258373205742
13 0.38725490196078444 0.7990430622009569 0.3254901960784315 0.7990430622009569 0.3254901960784315 0.8672248803827751 0.38725490196078444 0.8672248803827751
0 0.06176470588235296 0.10167464114832536 0.009803921568627461 0.10167464114832536 0.009803921568627465 0.1590909090909091 0.06176470588235296 0.1590909090909091
11 0.1715686274509805 0.8875598086124402 0.11666666666666675 0.8875598086124402 0.11666666666666675 0.9473684210526315 0.1715686274509805 0.9473684210526315
3 0.0813725490196079 0.6327751196172249 0.03725490196078438 0.6327751196172249 0.03725490196078438 0.6782296650717703 0.0813725490196079 0.6782296650717703
10 0.13431372549019607 0.10167464114832538 0.08137254901960785 0.10167464114832536 0.08137254901960786 0.16148325358851676 0.13431372549019607 0.16148325358851676
4 0.5 0.27990430622009577 0.44803921568627453 0.27990430622009577 0.44803921568627453 0.33971291866028713 0.5 0.33971291866028724
9 0.30980392156862757 0.895933014354067 0.26568627450980403 0.895933014354067 0.26568627450980403 0.9401913875598086 0.30980392156862757 0.9401913875598086
3 0.5833333333333334 0.638755980861244 0.5392156862745098 0.638755980861244 0.5392156862745098 0.6830143540669856 0.5833333333333334 0.6830143540669856
3 0.5098039215686274 0.6339712918660287 0.46862745098039227 0.6339712918660287 0.46862745098039227 0.6854066985645934 0.5098039215686274 0.6854066985645934
3 0.22254901960784318 0.631578947368421 0.1813725490196079 0.631578947368421 0.1813725490196079 0.6794258373205742 0.22254901960784318 0.6794258373205742
5 0.24215686274509815 0.8875598086124402 0.18823529411764717 0.8875598086124402 0.18823529411764717 0.9521531100478469 0.24215686274509815 0.9521531100478469
8 0.27156862745098037 0.10765550239234453 0.23039215686274508 0.10765550239234453 0.23039215686274508 0.15789473684210534 0.27156862745098037 0.15789473684210534
9 0.45098039215686286 0.895933014354067 0.4088235294117648 0.895933014354067 0.4088235294117648 0.9449760765550239 0.45098039215686286 0.9449760765550239