7 0.14117647058823535 0.6901913875598086 0.0921568627450981 0.6901913875598086 0.09215686274509811 0.7464114832535885 0.14117647058823535 0.7464114832535885
7 0.35686274509803934 0.6901913875598086 0.30882352941176483 0.6901913875598086 0.30882352941176483 0.7440191387559809 0.35686274509803934 0.7440191387559809
2 0.4950980392156863 0.34928229665071786 0.4568627450980392 0.34928229665071786 0.4568627450980392 0.39234449760765566 0.4950980392156863 0.39234449760765566
1 0.4294117647058824 0.5179425837320574 0.3813725490196078 0.5179425837320574 0.3813725490196079 0.5729665071770335 0.42941176470588244 0.5729665071770335
4 0.2852941176470588 0.25358851674641153 0.2372549019607843 0.25358851674641153 0.23725490196078433 0.30861244019138756 0.2852941176470588 0.30861244019138756
5 0.6421568627450981 0.6925837320574163 0.592156862745098 0.6925837320574163 0.592156862745098 0.7464114832535885 0.6421568627450981 0.7464114832535885
6 0.14117647058823532 0.2595693779904306 0.09215686274509807 0.2595693779904306 0.09215686274509807 0.3133971291866029 0.14117647058823535 0.3133971291866029
2 0.20588235294117652 0.3492822966507177 0.16764705882352945 0.3492822966507177 0.16764705882352945 0.3923444976076555 0.20588235294117652 0.3923444976076555
2 0.13431372549019613 0.35047846889952156 0.09607843137254905 0.35047846889952156 0.09607843137254905 0.3923444976076555 0.13431372549019613 0.3923444976076555
10 0.3568627450980392 0.34210526315789475 0.307843137254902 0.34210526315789475 0.307843137254902 0.4019138755980861 0.3568627450980392 0.4019138755980861
8 0.3519607843137255 0.17224880382775126 0.3127450980392157 0.17224880382775126 0.3127450980392157 0.21889952153110054 0.3519607843137255 0.21889952153110054
12 0.4303921568627451 0.07655502392344504 0.37450980392156863 0.07655502392344504 0.37450980392156863 0.1399521531100479 0.4303921568627451 0.1399521531100479
2 0.5666666666666667 0.34928229665071786 0.5254901960784314 0.34928229665071786 0.5254901960784314 0.3911483253588518 0.5666666666666667 0.3911483253588518
0 0.6401960784313725 0.08133971291866039 0.5911764705882353 0.08133971291866039 0.5911764705882353 0.1375598086124403 0.6401960784313725 0.1375598086124403
9 0.3519607843137256 0.7834928229665071 0.3127450980392158 0.7834928229665071 0.3127450980392158 0.8313397129186603 0.3519607843137256 0.8313397129186603
8 0.4235294117647059 0.17224880382775126 0.38235294117647056 0.17224880382775126 0.38235294117647056 0.21889952153110054 0.4235294117647059 0.21889952153110054
3 0.277450980392157 0.6124401913875598 0.23823529411764713 0.6124401913875598 0.23823529411764713 0.6543062200956937 0.277450980392157 0.6543062200956937
10 0.1411764705882353 0.08133971291866031 0.09313725490196079 0.08133971291866028 0.09313725490196079 0.13636363636363638 0.1411764705882353 0.1363636363636364
11 0.1411764705882354 0.8672248803827751 0.08921568627450989 0.8672248803827751 0.08921568627450989 0.9210526315789473 0.1411764705882354 0.9210526315789473
1 0.07156862745098047 0.7787081339712919 0.022549019607843213 0.7787081339712919 0.022549019607843217 0.8325358851674641 0.07156862745098047 0.8325358851674641
4 0.4980392156862745 0.2523923444976077 0.44901960784313727 0.2523923444976077 0.44901960784313727 0.31459330143540676 0.4980392156862745 0.3145933014354068
0 0.06764705882352941 0.08373205741626795 0.020588235294117654 0.08373205741626795 0.020588235294117657 0.13636363636363635 0.06764705882352941 0.13636363636363635
13 0.35980392156862756 0.8624401913875598 0.30098039215686284 0.8624401913875598 0.30098039215686284 0.9234449760765551 0.35980392156862756 0.9234449760765551
3 0.06372549019607848 0.6124401913875598 0.023529411764705944 0.6124401913875598 0.023529411764705944 0.6543062200956937 0.06372549019607848 0.6543062200956937
3 0.211764705882353 0.6124401913875598 0.17156862745098045 0.6124401913875598 0.17156862745098045 0.6543062200956937 0.211764705882353 0.6543062200956937
3 0.5676470588235294 0.6124401913875598 0.5264705882352941 0.6124401913875598 0.5264705882352941 0.6543062200956937 0.5676470588235294 0.6543062200956937
3 0.4921568627450982 0.6112440191387561 0.45588235294117657 0.6112440191387561 0.45588235294117657 0.6566985645933014 0.4921568627450982 0.6566985645933014
6 0.20882352941176482 0.8636363636363636 0.1627450980392158 0.8636363636363636 0.1627450980392158 0.9210526315789473 0.20882352941176482 0.9210526315789473
9 0.4215686274509805 0.7822966507177034 0.3843137254901962 0.7822966507177034 0.3843137254901962 0.8325358851674641 0.4215686274509805 0.8325358851674641