7 0.35490196078431385 0.9354066985645934 0.28921568627450994 0.9354066985645934 0.28921568627450994 1 0.35490196078431385 1
6 0.28627450980392155 0.4354066985645933 0.2205882352941177 0.4354066985645933 0.2205882352941177 0.5155502392344498 0.28627450980392155 0.5155502392344498
4 0.23627450980392162 0.4880382775119617 0.1637254901960785 0.4880382775119617 0.1637254901960785 0.5765550239234449 0.23627450980392162 0.5765550239234449
2 0.43529411764705883 0.39832535885167464 0.3843137254901961 0.39832535885167464 0.3843137254901961 0.46172248803827753 0.43529411764705883 0.46172248803827753
6 0.5558823529411765 0.9593301435406698 0.49019607843137264 0.9593301435406698 0.49019607843137264 1 0.5558823529411765 1
2 0.48823529411764705 0.3433014354066986 0.4362745098039216 0.34330143540669855 0.4362745098039216 0.4066985645933015 0.48823529411764705 0.40669856459330156
1 0.45784313725490206 0.9485645933014354 0.39215686274509814 0.9485645933014354 0.39215686274509814 1 0.45784313725490206 1
8 0.23431372549019613 0.37679425837320574 0.1813725490196079 0.37679425837320574 0.1813725490196079 0.44258373205741625 0.23431372549019613 0.44258373205741625
2 0.21666666666666673 0.6244019138755981 0.16470588235294123 0.6244019138755981 0.16470588235294123 0.6889952153110048 0.21666666666666673 0.6889952153110048
2 0.16078431372549026 0.6818181818181818 0.1098039215686275 0.6818181818181818 0.10980392156862752 0.7452153110047847 0.16078431372549026 0.7452153110047847
13 0.5843137254901961 0.7009569377990431 0.5000000000000001 0.7009569377990431 0.5000000000000001 0.8038277511961722 0.5843137254901961 0.8038277511961722
10 0.03039215686274515 0.47248803827751196 4.742504761403966e-17 0.47248803827751196 5.1447171905356946e-17 0.5526315789473685 0.030392156862745153 0.5526315789473685
0 0.6137254901960785 0.9019138755980861 0.5470588235294118 0.9019138755980861 0.5470588235294118 0.9832535885167464 0.6137254901960785 0.9832535885167464
8 0.28921568627450983 0.3181818181818182 0.2333333333333334 0.3181818181818182 0.2333333333333334 0.38636363636363635 0.28921568627450983 0.38636363636363635
12 0.2529411764705882 0.23923444976076558 0.17549019607843136 0.23923444976076555 0.1754901960784314 0.33373205741626794 0.2529411764705882 0.33373205741626794
9 0.6127450980392157 0.7906698564593302 0.5617647058823529 0.7906698564593302 0.5617647058823529 0.8516746411483254 0.6127450980392157 0.8516746411483254
11 0.33235294117647063 0.5 0.2656862745098039 0.5 0.265686274509804 0.5801435406698564 0.3323529411764707 0.5801435406698564
3 0.5745098039215686 0.5968899521531101 0.5196078431372549 0.5968899521531101 0.5196078431372549 0.6638755980861244 0.5745098039215686 0.6638755980861244
3 0.6323529411764706 0.5406698564593303 0.5754901960784313 0.5406698564593303 0.5754901960784313 0.6100478468899523 0.6323529411764706 0.6100478468899523