7 0.9549019607843138 0.5131578947368423 0.8921568627450981 0.5131578947368423 0.8921568627450981 0.5897129186602872 0.9549019607843138 0.5897129186602872
7 0.7607843137254902 0.6124401913875598 0.6980392156862745 0.6124401913875598 0.6980392156862745 0.6913875598086124 0.7607843137254902 0.6913875598086124
2 0.5 0.36961722488038284 0.45 0.3696172248803828 0.45 0.4318181818181819 0.5 0.43181818181818193
1 0.6352941176470588 0.4880382775119619 0.5725490196078431 0.4880382775119619 0.5725490196078431 0.5669856459330145 0.6352941176470588 0.5669856459330145
4 0.6715686274509803 0.17583732057416274 0.6049019607843137 0.17583732057416274 0.6049019607843137 0.26076555023923453 0.6715686274509803 0.26076555023923453
6 0.7970588235294118 0.1112440191387561 0.7333333333333333 0.11124401913875609 0.7333333333333333 0.1889952153110049 0.7970588235294118 0.1889952153110049
1 0.9235294117647059 0.6267942583732059 0.8598039215686275 0.6267942583732058 0.8598039215686275 0.7045454545454547 0.9235294117647059 0.7045454545454548
2 0.7607843137254902 0.2320574162679427 0.7107843137254902 0.2320574162679427 0.7107843137254902 0.2942583732057418 0.7607843137254902 0.2942583732057418
2 0.8245098039215686 0.19856459330143555 0.7754901960784314 0.19856459330143555 0.7754901960784314 0.2607655502392346 0.8245098039215686 0.2607655502392346
5 0.5058823529411764 0.7511961722488039 0.44215686274509813 0.7511961722488039 0.44215686274509813 0.8289473684210527 0.5058823529411764 0.8289473684210527
2 0.4362745098039216 0.4019138755980861 0.38529411764705884 0.4019138755980861 0.38529411764705884 0.465311004784689 0.4362745098039216 0.465311004784689
10 0.6372549019607843 0.29186602870813405 0.5725490196078431 0.29186602870813405 0.5725490196078431 0.37440191387559824 0.6372549019607843 0.37440191387559824
8 0.5676470588235294 0.13875598086124408 0.515686274509804 0.13875598086124408 0.515686274509804 0.2045454545454546 0.5676470588235294 0.2045454545454546
12 0.4843137254901961 0.07775119617224888 0.4107843137254902 0.07775119617224888 0.4107843137254902 0.17105263157894743 0.4843137254901961 0.17105263157894743
0 0.28627450980392155 0.18660287081339716 0.22058823529411764 0.18660287081339713 0.22058823529411764 0.2679425837320574 0.28627450980392155 0.2679425837320575
9 0.7872549019607843 0.7009569377990431 0.7362745098039216 0.7009569377990431 0.7362745098039216 0.7643540669856459 0.7872549019607843 0.7643540669856459
4 0.47941176470588237 0.27870813397129196 0.4117647058823529 0.27870813397129196 0.4117647058823529 0.3636363636363637 0.47941176470588237 0.36363636363636376
8 0.5009803921568627 0.17224880382775126 0.44901960784313727 0.17224880382775126 0.44901960784313727 0.2392344497607656 0.5009803921568627 0.2392344497607656
3 0.7911764705882353 0.5083732057416269 0.7411764705882353 0.5083732057416269 0.7411764705882353 0.570574162679426 0.7911764705882353 0.570574162679426
13 0.8313725490196079 0.7655502392344498 0.7558823529411764 0.7655502392344498 0.7558823529411764 0.8588516746411483 0.8313725490196079 0.8588516746411483
3 0.9833333333333333 0.40550239234449775 0.9323529411764706 0.40550239234449775 0.9323529411764706 0.4677033492822968 0.9833333333333333 0.4677033492822968
11 1 0.6698564593301438 0.9529411764705882 0.6698564593301438 0.9529411764705882 0.7500000000000002 1 0.7500000000000002
3 0.8558823529411764 0.47129186602870826 0.8 0.47129186602870826 0.8 0.5394736842105264 0.8558823529411764 0.5394736842105264
3 0.5313725490196078 0.645933014354067 0.4794117647058825 0.645933014354067 0.4794117647058825 0.7093301435406698 0.5313725490196078 0.7093301435406698
3 0.5980392156862745 0.6088516746411484 0.5470588235294118 0.6088516746411484 0.5470588235294118 0.6734449760765551 0.5980392156862745 0.6734449760765551
9 0.7254901960784313 0.7356459330143541 0.6725490196078432 0.7356459330143541 0.6725490196078432 0.8014354066985646 0.7254901960784313 0.8014354066985646