7 0.8539215686274509 0.13995215311004797 0.7931372549019607 0.13995215311004794 0.7931372549019607 0.20454545454545467 0.8539215686274509 0.20454545454545467
2 0.5411764705882353 0.5861244019138757 0.49411764705882366 0.5861244019138757 0.49411764705882366 0.6399521531100478 0.5411764705882353 0.6399521531100478
11 0.8794117647058823 0.30861244019138767 0.8166666666666667 0.30861244019138767 0.8166666666666667 0.37559808612440204 0.8794117647058823 0.37559808612440204
7 0.6166666666666667 0.03110047846889961 0.557843137254902 0.031100478468899607 0.557843137254902 0.09688995215311014 0.6166666666666667 0.09688995215311015
1 0.5696078431372549 0.22488038277511968 0.5088235294117647 0.22488038277511968 0.5088235294117647 0.29186602870813405 0.5696078431372549 0.29186602870813405
6 0.9656862745098039 0.7141148325358855 0.9490196078431372 0.7141148325358855 0.9490196078431372 0.779904306220096 0.9656862745098039 0.779904306220096
0 0.7264705882352941 0.26076555023923453 0.6656862745098039 0.26076555023923453 0.6656862745098039 0.32894736842105277 0.7264705882352941 0.32894736842105277
1 0.7735294117647059 0.07535885167464126 0.711764705882353 0.07535885167464125 0.711764705882353 0.14114832535885177 0.7735294117647059 0.14114832535885177
4 0.7754901960784314 0.605263157894737 0.7137254901960784 0.605263157894737 0.7137254901960784 0.6722488038277512 0.7754901960784314 0.6722488038277512
2 0.8274509803921568 0.5059808612440193 0.7784313725490196 0.5059808612440193 0.7784313725490196 0.5586124401913877 0.8274509803921568 0.5586124401913877
2 0.473529411764706 0.6064593301435407 0.42450980392156873 0.6064593301435407 0.42450980392156873 0.6602870813397129 0.473529411764706 0.6602870813397129
2 0.8980392156862745 0.4856459330143542 0.8490196078431372 0.4856459330143542 0.8490196078431372 0.5370813397129188 0.8980392156862745 0.5370813397129188
6 0.7 0.6255980861244019 0.6411764705882353 0.6255980861244019 0.6411764705882353 0.6925837320574163 0.7 0.6925837320574163
4 0.5607843137254902 0.6650717703349283 0.5009803921568629 0.6650717703349283 0.5009803921568629 0.7320574162679426 0.5607843137254902 0.7320574162679426
8 0.7068627450980393 0.715311004784689 0.6588235294117647 0.715311004784689 0.6588235294117647 0.7691387559808612 0.7068627450980393 0.7691387559808612
12 0.6607843137254902 0.8098086124401914 0.5901960784313726 0.8098086124401914 0.5901960784313726 0.8875598086124402 0.6607843137254902 0.8875598086124402
10 0.9372549019607843 0.7332535885167466 0.8754901960784314 0.7332535885167464 0.8754901960784314 0.8026315789473686 0.9372549019607843 0.8026315789473687
13 0.703921568627451 0.09090909090909101 0.634313725490196 0.09090909090909101 0.634313725490196 0.16626794258373215 0.703921568627451 0.1662679425837322
8 0.6372549019607843 0.7356459330143541 0.5882352941176471 0.7356459330143541 0.5882352941176471 0.7882775119617225 0.6372549019607843 0.7882775119617225
9 0.553921568627451 0.14354066985645939 0.5058823529411764 0.14354066985645939 0.5058823529411764 0.19377990430622016 0.553921568627451 0.19377990430622016
9 0.6843137254901961 0.02033492822966517 0.634313725490196 0.020334928229665164 0.634313725490196 0.07057416267942594 0.6843137254901961 0.07057416267942594
3 0.5098039215686274 0.32775119617224896 0.4588235294117647 0.32775119617224896 0.4588235294117647 0.38875598086124413 0.5098039215686274 0.38875598086124413
3 0.4392156862745098 0.35167464114832536 0.3872549019607843 0.35167464114832536 0.3872549019607843 0.4138755980861244 0.4392156862745098 0.4138755980861244
0 0.3352941176470588 0.11124401913875602 0.2754901960784314 0.11124401913875602 0.2754901960784314 0.18062200956937804 0.3352941176470588 0.18062200956937804