7 0.14117647058823535 0.69377990430622 0.09313725490196084 0.69377990430622 0.09313725490196086 0.7476076555023924 0.14117647058823535 0.7476076555023924
2 0.49411764705882355 0.35047846889952167 0.4568627450980392 0.35047846889952167 0.4568627450980392 0.39354066985645947 0.49411764705882355 0.39354066985645947
11 0.1421568627450981 0.5191387559808612 0.0921568627450981 0.5191387559808612 0.0921568627450981 0.5729665071770335 0.1421568627450981 0.5729665071770335
7 0.3558823529411766 0.8672248803827751 0.30882352941176483 0.8672248803827751 0.30882352941176483 0.9222488038277512 0.3558823529411766 0.9222488038277512
1 0.43039215686274523 0.6889952153110048 0.3823529411764707 0.6889952153110048 0.3823529411764707 0.7440191387559809 0.43039215686274523 0.7440191387559809
6 0.06764705882352941 0.08253588516746412 0.020588235294117654 0.08253588516746412 0.020588235294117657 0.13516746411483255 0.06764705882352941 0.13516746411483255
0 0.2823529411764707 0.6076555023923444 0.23431372549019613 0.6076555023923444 0.23431372549019613 0.6626794258373205 0.2823529411764707 0.6626794258373205
1 0.21176470588235302 0.7799043062200957 0.16274509803921575 0.7799043062200957 0.16274509803921577 0.833732057416268 0.21176470588235305 0.833732057416268
4 0.28137254901960784 0.2547846889952154 0.23333333333333334 0.2547846889952154 0.23333333333333336 0.30980861244019137 0.28137254901960784 0.30980861244019137
2 0.20588235294117652 0.35047846889952156 0.16764705882352945 0.35047846889952156 0.16764705882352945 0.39354066985645936 0.20588235294117652 0.39354066985645936
2 0.5647058823529412 0.35047846889952167 0.5254901960784314 0.35047846889952167 0.5254901960784314 0.39354066985645947 0.5647058823529412 0.39354066985645947
2 0.13431372549019613 0.35047846889952156 0.09607843137254905 0.35047846889952156 0.09607843137254905 0.3923444976076555 0.13431372549019613 0.3923444976076555
6 0.3558823529411765 0.2559808612440192 0.30980392156862746 0.2559808612440192 0.30980392156862746 0.31100478468899523 0.3558823529411765 0.31100478468899523
4 0.4970588235294118 0.2559808612440192 0.45 0.2559808612440192 0.45 0.3110047846889953 0.4970588235294118 0.31100478468899534
8 0.3519607843137255 0.17583732057416274 0.3127450980392157 0.17583732057416274 0.3127450980392157 0.22009569377990437 0.3519607843137255 0.22009569377990437
12 0.4303921568627451 0.07655502392344504 0.37450980392156863 0.07655502392344504 0.37450980392156863 0.14114832535885175 0.4303921568627451 0.14114832535885175
10 0.14215686274509803 0.08133971291866031 0.09411764705882353 0.08133971291866028 0.09411764705882353 0.13755980861244022 0.14215686274509803 0.13755980861244022
13 0.28823529411764715 0.777511961722488 0.23431372549019613 0.777511961722488 0.23431372549019616 0.8385167464114832 0.28823529411764715 0.8385167464114832
8 0.42254901960784313 0.17703349282296657 0.3843137254901961 0.17703349282296657 0.3843137254901961 0.21889952153110054 0.42254901960784313 0.21889952153110054
9 0.4215686274509805 0.7870813397129187 0.38333333333333347 0.7870813397129187 0.38333333333333347 0.8277511961722488 0.4215686274509805 0.8277511961722488
9 0.27941176470588247 0.8732057416267942 0.24019607843137267 0.8732057416267942 0.24019607843137267 0.9126794258373205 0.27941176470588247 0.9126794258373205
3 0.4921568627450982 0.6076555023923446 0.4539215686274511 0.6076555023923444 0.4539215686274511 0.6590909090909091 0.4921568627450982 0.6590909090909091
3 0.5647058823529412 0.6028708133971293 0.5254901960784314 0.6028708133971293 0.5254901960784314 0.6555023923444976 0.5647058823529412 0.6555023923444976
0 0.6401960784313725 0.8636363636363636 0.5950980392156863 0.8636363636363636 0.5950980392156863 0.9234449760765551 0.6401960784313725 0.9234449760765551