7 0.5147058823529411 7.236549267688906e-17 0.453921568627451 6.782433827813691e-17 0.453921568627451 0.01196172248803835 0.5147058823529411 0.011961722488038354
2 0.44019607843137254 0.4904306220095694 0.39019607843137255 0.4904306220095694 0.39019607843137255 0.5514354066985646 0.44019607843137254 0.5514354066985646
1 0.6598039215686274 0.24162679425837327 0.596078431372549 0.24162679425837327 0.596078431372549 0.31937799043062215 0.6598039215686274 0.31937799043062215
7 0.7490196078431373 0.08014354066985656 0.6852941176470588 0.08014354066985656 0.6852941176470588 0.1578947368421054 0.7490196078431373 0.1578947368421054
4 0.27941176470588236 0.291866028708134 0.21470588235294122 0.291866028708134 0.21470588235294122 0.3708133971291866 0.27941176470588236 0.3708133971291866
1 0.6166666666666667 8.738059996308568e-17 0.5529411764705883 8.261971228697455e-17 0.5529411764705883 0.043062200956937885 0.6166666666666667 0.043062200956937885
2 0.473529411764706 0.5681818181818182 0.42254901960784325 0.5681818181818182 0.42254901960784325 0.6303827751196173 0.473529411764706 0.6303827751196173
2 0.2607843137254902 0.10287081339712922 0.21176470588235294 0.10287081339712922 0.21176470588235294 0.16387559808612442 0.2607843137254902 0.16387559808612448
6 0.3127450980392157 0.3708133971291866 0.24901960784313731 0.3708133971291866 0.24901960784313731 0.4485645933014354 0.3127450980392157 0.4485645933014354
2 0.29705882352941176 0.17942583732057424 0.24509803921568626 0.17942583732057424 0.24509803921568626 0.2428229665071771 0.29705882352941176 0.2428229665071771
8 0.2421568627450981 0.41866028708133973 0.19313725490196085 0.41866028708133973 0.19313725490196085 0.4796650717703349 0.2421568627450981 0.4796650717703349
4 0.3833333333333334 0.5215311004784688 0.31862745098039214 0.5215311004784688 0.3186274509803922 0.6004784688995215 0.38333333333333347 0.6004784688995215
10 0.39215686274509803 0.015550239234449816 0.3284313725490196 0.015550239234449812 0.3284313725490196 0.09330143540669862 0.39215686274509803 0.09330143540669864
12 0.22843137254901966 0.5215311004784688 0.1529411764705883 0.5215311004784688 0.1529411764705883 0.6124401913875598 0.22843137254901966 0.6124401913875598
10 0.08333333333333336 0.22129186602870812 0.017647058823529432 0.22129186602870812 0.017647058823529436 0.3014354066985646 0.08333333333333336 0.3014354066985646
11 0.6254901960784314 0.16387559808612448 0.5607843137254902 0.16387559808612448 0.5607843137254902 0.24162679425837327 0.6254901960784314 0.24162679425837327
13 0.6568627450980392 0.038277511961722584 0.5833333333333334 0.03827751196172257 0.5833333333333334 0.1291866028708135 0.6568627450980392 0.1291866028708135
8 0.27745098039215693 0.4964114832535885 0.22745098039215692 0.4964114832535885 0.22745098039215692 0.5598086124401914 0.277450980392157 0.5598086124401914
0 0.45784313725490194 6.364940600831638e-17 0.3941176470588235 5.888851833220526e-17 0.3941176470588235 0.050239234449760826 0.45784313725490194 0.05023923444976083
9 0.7049019607843138 0.010765550239234551 0.6558823529411765 0.010765550239234548 0.6558823529411765 0.0729665071770336 0.7049019607843138 0.0729665071770336
9 0.7147058823529412 0.20454545454545464 0.6647058823529411 0.2045454545454546 0.6647058823529411 0.2667464114832537 0.7147058823529412 0.26674641148325373
3 0.5235294117647059 0.13157894736842113 0.4666666666666667 0.13157894736842113 0.4666666666666667 0.1997607655502393 0.5235294117647059 0.1997607655502393
3 0.6254901960784314 0.3612440191387561 0.5715686274509804 0.3612440191387561 0.5715686274509804 0.42703349282296665 0.6254901960784314 0.42703349282296665
0 0.8911764705882353 0.3875598086124403 0.8245098039215686 0.3875598086124403 0.8245098039215686 0.466507177033493 0.8911764705882353 0.466507177033493
3 0.6617647058823529 0.44019138755980874 0.6058823529411764 0.44019138755980874 0.6058823529411764 0.5059808612440193 0.6617647058823529 0.5059808612440193