7 0.14117647058823535 0.6901913875598086 0.09313725490196084 0.6901913875598086 0.09313725490196086 0.7488038277511961 0.14117647058823535 0.7488038277511961
2 0.49411764705882355 0.34928229665071786 0.4568627450980392 0.34928229665071786 0.4568627450980392 0.39234449760765566 0.49411764705882355 0.39234449760765566
4 0.211764705882353 0.42942583732057416 0.1637254901960785 0.42942583732057416 0.1637254901960785 0.48325358851674644 0.211764705882353 0.48325358851674644
1 0.2137254901960785 0.7822966507177034 0.16470588235294123 0.7822966507177034 0.16470588235294126 0.8349282296650717 0.21372549019607853 0.8349282296650717
6 0.2823529411764707 0.8672248803827751 0.2323529411764707 0.8672248803827751 0.2323529411764707 0.9198564593301436 0.2823529411764707 0.9198564593301436
2 0.5647058823529412 0.35047846889952167 0.5264705882352941 0.35047846889952167 0.5264705882352941 0.39234449760765566 0.5647058823529412 0.39234449760765566
8 0.3509803921568627 0.17464114832535893 0.3127450980392157 0.17464114832535893 0.3127450980392157 0.22009569377990437 0.3509803921568627 0.22009569377990437
13 0.4323529411764707 0.687799043062201 0.3764705882352942 0.687799043062201 0.3764705882352942 0.757177033492823 0.4323529411764707 0.757177033492823
12 0.4303921568627451 0.07655502392344504 0.37450980392156863 0.07655502392344504 0.37450980392156863 0.1399521531100479 0.4303921568627451 0.1399521531100479
2 0.20588235294117652 0.3492822966507177 0.16764705882352945 0.3492822966507177 0.16764705882352945 0.3923444976076555 0.20588235294117652 0.3923444976076555
6 0.35490196078431374 0.2559808612440192 0.3088235294117647 0.2559808612440192 0.3088235294117647 0.30980861244019137 0.35490196078431374 0.30980861244019137
10 0.14019607843137255 0.08133971291866031 0.09313725490196079 0.08133971291866028 0.09313725490196079 0.13636363636363638 0.14019607843137255 0.1363636363636364
2 0.13431372549019613 0.35047846889952156 0.09607843137254905 0.35047846889952156 0.09607843137254905 0.3923444976076555 0.13431372549019613 0.3923444976076555
0 0.35686274509803934 0.8672248803827751 0.30882352941176483 0.8672248803827751 0.30882352941176483 0.9222488038277512 0.35686274509803934 0.9222488038277512
8 0.42254901960784313 0.17703349282296657 0.3843137254901961 0.17703349282296657 0.3843137254901961 0.21889952153110054 0.42254901960784313 0.21889952153110054
9 0.42450980392156873 0.784688995215311 0.3823529411764707 0.784688995215311 0.3823529411764707 0.8289473684210527 0.42450980392156873 0.8289473684210527
3 0.4931372549019609 0.6064593301435407 0.4539215686274511 0.6064593301435407 0.4539215686274511 0.6566985645933014 0.4931372549019609 0.6566985645933014
3 0.5637254901960784 0.6088516746411484 0.5264705882352941 0.6088516746411484 0.5264705882352941 0.6578947368421053 0.5637254901960784 0.6578947368421053
11 0.21274509803921574 0.6028708133971292 0.1637254901960785 0.6028708133971292 0.1637254901960785 0.6626794258373205 0.21274509803921574 0.6626794258373205