7 0.14117647058823535 0.6901913875598086 0.09313725490196084 0.6901913875598086 0.09313725490196086 0.7440191387559809 0.14117647058823535 0.7440191387559809
2 0.49411764705882355 0.35047846889952167 0.4568627450980392 0.35047846889952167 0.4568627450980392 0.39354066985645947 0.49411764705882355 0.39354066985645947
1 0.4264705882352942 0.69377990430622 0.37941176470588245 0.69377990430622 0.37941176470588245 0.7476076555023924 0.4264705882352942 0.7476076555023924
7 0.35490196078431385 0.8672248803827751 0.30882352941176483 0.8672248803827751 0.30882352941176483 0.9222488038277512 0.35490196078431385 0.9222488038277512
6 0.06764705882352941 0.08373205741626795 0.020588235294117654 0.08373205741626795 0.020588235294117657 0.13636363636363635 0.06764705882352941 0.13636363636363635
4 0.28431372549019607 0.25717703349282306 0.23627450980392156 0.25717703349282306 0.2362745098039216 0.31100478468899523 0.28431372549019607 0.31100478468899523
1 0.21078431372549025 0.7787081339712919 0.16274509803921575 0.7787081339712919 0.16274509803921575 0.8325358851674641 0.21078431372549025 0.8325358851674641
2 0.5647058823529412 0.35047846889952167 0.5264705882352941 0.35047846889952167 0.5264705882352941 0.39354066985645947 0.5647058823529412 0.39354066985645947
2 0.1333333333333334 0.35047846889952156 0.09607843137254905 0.35047846889952156 0.09607843137254905 0.3923444976076555 0.1333333333333334 0.3923444976076555
6 0.35490196078431374 0.2559808612440192 0.307843137254902 0.2559808612440192 0.307843137254902 0.31100478468899523 0.35490196078431374 0.31100478468899523
4 0.4970588235294118 0.2559808612440192 0.45 0.2559808612440192 0.45 0.3110047846889953 0.4970588235294118 0.31100478468899534
8 0.35 0.17105263157894743 0.31176470588235294 0.17105263157894743 0.31176470588235294 0.22009569377990437 0.35 0.22009569377990437
11 0.35686274509803934 0.6925837320574163 0.30980392156862757 0.6925837320574163 0.30980392156862757 0.7476076555023924 0.35686274509803934 0.7476076555023924
10 0.14215686274509803 0.08133971291866031 0.09411764705882353 0.08133971291866028 0.09411764705882353 0.13755980861244022 0.14215686274509803 0.13755980861244022
2 0.20588235294117652 0.35047846889952156 0.16862745098039222 0.35047846889952156 0.16862745098039222 0.39354066985645936 0.20588235294117652 0.39354066985645936
12 0.4303921568627451 0.07655502392344504 0.37450980392156863 0.07655502392344504 0.37450980392156863 0.14114832535885175 0.4303921568627451 0.14114832535885175
13 0.28823529411764715 0.7763157894736842 0.23431372549019613 0.7763157894736842 0.23431372549019616 0.8397129186602871 0.28823529411764715 0.8397129186602871
8 0.42254901960784313 0.17105263157894743 0.38333333333333336 0.17105263157894743 0.38333333333333336 0.21889952153110054 0.42254901960784313 0.21889952153110054
9 0.27941176470588247 0.8672248803827751 0.24019607843137267 0.8672248803827751 0.24019607843137267 0.9198564593301436 0.27941176470588247 0.9198564593301436
10 0.14117647058823535 0.5179425837320574 0.0921568627450981 0.5179425837320574 0.0921568627450981 0.5717703349282297 0.14117647058823535 0.5717703349282297
3 0.27941176470588247 0.6100478468899522 0.24117647058823535 0.6100478468899522 0.24117647058823535 0.6519138755980861 0.27941176470588247 0.6519138755980861
9 0.4215686274509805 0.7822966507177034 0.38333333333333347 0.7822966507177034 0.38333333333333347 0.8277511961722488 0.4215686274509805 0.8277511961722488
3 0.20784313725490203 0.6124401913875598 0.16862745098039222 0.6124401913875598 0.16862745098039222 0.6543062200956937 0.20784313725490203 0.6543062200956937
0 0.0705882352941177 0.604066985645933 0.0225490196078432 0.604066985645933 0.0225490196078432 0.6590909090909091 0.0705882352941177 0.6590909090909091
3 0.4931372549019609 0.6064593301435408 0.4568627450980393 0.6064593301435408 0.4568627450980393 0.6543062200956937 0.4931372549019609 0.6543062200956937
0 0.6411764705882353 0.8672248803827751 0.5950980392156863 0.8672248803827751 0.5950980392156863 0.9246411483253588 0.6411764705882353 0.9246411483253588
3 0.5637254901960784 0.6100478468899523 0.5274509803921569 0.6100478468899523 0.5274509803921569 0.6543062200956937 0.5637254901960784 0.6543062200956937