7 0.8411764705882353 0.8767942583732058 0.7823529411764706 0.8767942583732058 0.7823529411764706 0.9545454545454546 0.8411764705882353 0.9545454545454546
5 0.7147058823529412 0.45933014354067 0.653921568627451 0.45933014354067 0.653921568627451 0.5370813397129188 0.7147058823529412 0.5370813397129188
7 0.7627450980392156 0.6244019138755981 0.7019607843137254 0.6244019138755981 0.7019607843137254 0.7021531100478469 0.7627450980392156 0.7021531100478469
2 0.4411764705882354 0.5657894736842105 0.39215686274509814 0.5657894736842105 0.39215686274509814 0.6279904306220095 0.4411764705882354 0.6279904306220095
1 0.6058823529411764 0.5921052631578949 0.5450980392156862 0.5921052631578949 0.5450980392156862 0.6710526315789473 0.6058823529411764 0.6710526315789473
4 0.4539215686274511 0.8373205741626795 0.39411764705882363 0.8373205741626795 0.39411764705882363 0.9150717703349283 0.4539215686274511 0.9150717703349283
2 0.5431372549019607 0.9043062200956937 0.4950980392156864 0.9043062200956937 0.4950980392156864 0.9665071770334929 0.5431372549019607 0.9665071770334929
2 0.5676470588235294 0.9880382775119617 0.5205882352941177 0.9880382775119617 0.5205882352941177 1 0.5676470588235294 1
6 0.796078431372549 0.24043062200956952 0.7352941176470589 0.24043062200956952 0.7352941176470589 0.31937799043062215 0.796078431372549 0.31937799043062215
10 0.4970588235294119 0.7260765550239234 0.4343137254901962 0.7260765550239234 0.4343137254901962 0.8050239234449761 0.4970588235294119 0.8050239234449761
5 0.9490196078431372 0.7392344497607657 0.8872549019607843 0.7392344497607656 0.8872549019607843 0.820574162679426 0.9490196078431372 0.8205741626794261
11 0.9745098039215686 0.8253588516746414 0.9137254901960784 0.8253588516746414 0.9137254901960784 0.9055023923444979 0.9745098039215686 0.9055023923444979
8 0.3558823529411766 0.7858851674641149 0.30980392156862757 0.7858851674641149 0.30980392156862757 0.84688995215311 0.3558823529411766 0.84688995215311
2 0.3862745098039216 0.40311004784689 0.3411764705882353 0.40311004784689 0.3411764705882353 0.46411483253588515 0.3862745098039216 0.46411483253588515
12 0.27647058823529425 0.715311004784689 0.20588235294117652 0.715311004784689 0.20588235294117652 0.80622009569378 0.27647058823529425 0.80622009569378
0 0.19705882352941181 0.47248803827751196 0.13529411764705887 0.47248803827751196 0.13529411764705887 0.5514354066985646 0.19705882352941181 0.5514354066985646
9 0.8254901960784313 0.605263157894737 0.7745098039215687 0.605263157894737 0.7745098039215687 0.6698564593301436 0.8254901960784313 0.6698564593301436
3 0.7186274509803922 0.7440191387559809 0.6705882352941176 0.7440191387559809 0.6705882352941176 0.80622009569378 0.7186274509803922 0.80622009569378
8 0.3303921568627452 0.7021531100478469 0.28333333333333344 0.7021531100478469 0.28333333333333344 0.7631578947368421 0.3303921568627452 0.7631578947368421
13 0.9029411764705882 0.5645933014354069 0.8333333333333334 0.5645933014354069 0.8333333333333334 0.6578947368421053 0.9029411764705882 0.6578947368421053
3 0.615686274509804 0.40550239234449775 0.5676470588235294 0.40550239234449775 0.5676470588235294 0.47009569377990446 0.615686274509804 0.47009569377990446
3 0.7421568627450981 0.8241626794258373 0.6941176470588235 0.8241626794258373 0.6941176470588235 0.8875598086124402 0.7421568627450981 0.8875598086124402
3 0.6431372549019608 0.4892344497607657 0.592156862745098 0.4892344497607657 0.592156862745098 0.5538277511961723 0.6431372549019608 0.5538277511961723
4 0.3784313725490197 0.5861244019138756 0.31666666666666676 0.5861244019138756 0.31666666666666676 0.6638755980861244 0.3784313725490197 0.6638755980861244
9 0.865686274509804 0.501196172248804 0.8166666666666667 0.501196172248804 0.8166666666666667 0.5622009569377991 0.865686274509804 0.5622009569377991