7 0.29901960784313725 0.007177033492823006 0.2323529411764706 0.0071770334928230005 0.2323529411764706 0.09449760765550243 0.29901960784313725 0.09449760765550243
11 0.22549019607843138 0.16507177033492823 0.1588235294117647 0.16507177033492823 0.1588235294117647 0.24760765550239233 0.22549019607843138 0.24760765550239233
6 0.30000000000000004 0.5191387559808612 0.2333333333333334 0.5191387559808612 0.2333333333333334 0.6028708133971292 0.3000000000000001 0.6028708133971292
2 0.4529411764705883 0.5334928229665071 0.40294117647058825 0.5334928229665071 0.4029411764705883 0.59688995215311 0.45294117647058835 0.59688995215311
7 0.5549019607843138 7.815180231400872e-17 0.49117647058823527 7.33909146378976e-17 0.49117647058823527 0.05861244019138764 0.5549019607843138 0.058612440191387644
1 0.39705882352941174 5.4493852785025764e-17 0.3323529411764706 4.9659720683128316e-17 0.3323529411764706 0.05502392344497613 0.39705882352941174 0.05502392344497613
2 0.5137254901960784 0.5717703349282298 0.4627450980392158 0.5717703349282298 0.4627450980392158 0.6363636363636364 0.5137254901960784 0.6363636363636364
2 0.20588235294117652 0.3684210526315789 0.15490196078431379 0.3684210526315789 0.15490196078431379 0.43301435406698563 0.20588235294117652 0.43301435406698563
8 0.2578431372549021 0.604066985645933 0.20588235294117652 0.604066985645933 0.20588235294117652 0.6698564593301436 0.2578431372549021 0.6698564593301436
2 0.1421568627450981 0.32894736842105265 0.09215686274509807 0.32894736842105265 0.09215686274509807 0.3923444976076555 0.1421568627450981 0.3923444976076555
13 0.5509803921568628 0.15909090909090917 0.4696078431372549 0.15909090909090917 0.4696078431372549 0.264354066985646 0.5509803921568628 0.264354066985646
10 0.042156862745098105 0.5526315789473685 0.002941176470588291 0.5526315789473685 0.002941176470588295 0.6327751196172249 0.04215686274509811 0.6327751196172249
12 0.2931372549019609 0.7093301435406698 0.2186274509803922 0.7093301435406698 0.2186274509803922 0.8038277511961722 0.2931372549019609 0.8038277511961722
6 0.492156862745098 6.87032713875728e-17 0.42745098039215684 6.386913928567535e-17 0.42745098039215684 0.014354066985646001 0.492156862745098 0.014354066985646004
4 0.33725490196078434 0.44138755980861244 0.2725490196078431 0.44138755980861244 0.2725490196078431 0.5227272727272727 0.33725490196078434 0.5227272727272727
4 0.2401960784313726 0.4748803827751196 0.1725490196078432 0.4748803827751196 0.1725490196078432 0.5610047846889952 0.2401960784313726 0.5610047846889952
8 0.31862745098039225 0.645933014354067 0.26862745098039226 0.645933014354067 0.26862745098039226 0.7093301435406698 0.31862745098039225 0.7093301435406698
3 0.5627450980392157 0.29665071770334933 0.5098039215686274 0.29665071770334933 0.5098039215686274 0.3648325358851676 0.5627450980392157 0.3648325358851676
3 0.6254901960784314 0.3361244019138757 0.5715686274509804 0.3361244019138757 0.5715686274509804 0.4090909090909092 0.6254901960784314 0.4090909090909092
9 0.5735294117647058 0.1040669856459331 0.5196078431372549 0.10406698564593309 0.5196078431372549 0.17224880382775126 0.5735294117647058 0.17224880382775126
0 0.803921568627451 0.13516746411483266 0.7352941176470589 0.13516746411483263 0.7352941176470589 0.2224880382775121 0.803921568627451 0.2224880382775121