7 0.10196078431372554 0.5035885167464115 0.03627450980392163 0.5035885167464115 0.03627450980392163 0.5849282296650717 0.10196078431372554 0.5849282296650717
2 0.5441176470588235 0.6423444976076556 0.4921568627450982 0.6423444976076556 0.4921568627450982 0.7057416267942583 0.5441176470588235 0.7057416267942583
7 0.22352941176470592 0.23205741626794257 0.15980392156862744 0.23205741626794257 0.15980392156862747 0.31220095693779903 0.22352941176470595 0.31220095693779903
10 0.42549019607843147 0.7081339712918661 0.3588235294117648 0.7081339712918661 0.3588235294117648 0.7930622009569378 0.42549019607843147 0.7930622009569378
1 0.12941176470588242 0.3827751196172249 0.06274509803921571 0.3827751196172249 0.06274509803921573 0.465311004784689 0.12941176470588242 0.465311004784689
1 0.35490196078431374 0.35406698564593303 0.28823529411764703 0.35406698564593303 0.28823529411764703 0.4366028708133971 0.35490196078431374 0.4366028708133971
2 0.6088235294117647 0.6076555023923447 0.5558823529411765 0.6076555023923447 0.5558823529411765 0.6722488038277512 0.6088235294117647 0.6722488038277512
6 0.4568627450980393 0.7870813397129187 0.39215686274509814 0.7870813397129187 0.39215686274509814 0.8696172248803827 0.4568627450980393 0.8696172248803827
13 0.2656862745098039 0.3026315789473685 0.1852941176470589 0.3026315789473684 0.1852941176470589 0.40311004784689 0.2656862745098039 0.40311004784689
2 0.28921568627450994 0.7918660287081339 0.23627450980392162 0.7918660287081339 0.23627450980392165 0.8552631578947368 0.28921568627450994 0.8552631578947368
2 0.22450980392156872 0.8277511961722488 0.1725490196078432 0.8277511961722488 0.17254901960784322 0.8923444976076556 0.22450980392156875 0.8923444976076556
8 0.48333333333333345 0.8732057416267942 0.43039215686274523 0.8732057416267942 0.43039215686274523 0.9366028708133971 0.48333333333333345 0.9366028708133971
4 0.39215686274509814 0.8205741626794258 0.3254901960784315 0.8205741626794258 0.3254901960784315 0.90311004784689 0.39215686274509814 0.90311004784689
11 0.2911764705882353 0.3911483253588517 0.2245098039215687 0.3911483253588517 0.2245098039215687 0.47248803827751196 0.2911764705882353 0.47248803827751196
4 0.5823529411764706 0.715311004784689 0.5176470588235295 0.715311004784689 0.5176470588235295 0.7966507177033493 0.5823529411764706 0.7966507177033493
12 0.592156862745098 0.9043062200956937 0.515686274509804 0.9043062200956937 0.515686274509804 0.9988038277511961 0.592156862745098 0.9988038277511961
9 0.3137254901960784 0.28229665071770343 0.26176470588235295 0.28229665071770343 0.26176470588235295 0.34688995215311 0.3137254901960784 0.34688995215311
8 0.5470588235294118 0.8373205741626795 0.49411764705882366 0.8373205741626795 0.49411764705882366 0.9019138755980861 0.5470588235294118 0.9019138755980861
3 0.25196078431372554 0.5143540669856459 0.1990196078431373 0.5143540669856459 0.1990196078431373 0.5801435406698564 0.2519607843137256 0.5801435406698564
9 0.15490196078431376 0.2751196172248804 0.10000000000000003 0.2751196172248804 0.10000000000000003 0.34330143540669855 0.15490196078431379 0.34330143540669855
3 0.4441176470588235 0.40311004784689 0.38823529411764707 0.40311004784689 0.38823529411764707 0.47368421052631576 0.4441176470588235 0.47368421052631576
3 0.5078431372549019 0.3648325358851675 0.4519607843137255 0.36483253588516745 0.4519607843137255 0.4366028708133972 0.5078431372549019 0.43660287081339727
3 0.18921568627450985 0.5490430622009569 0.13529411764705887 0.5490430622009569 0.13529411764705887 0.6172248803827751 0.18921568627450985 0.6172248803827751
0 0.47843137254901963 0.08492822966507184 0.4117647058823529 0.08492822966507184 0.4117647058823529 0.1686602870813398 0.47843137254901963 0.1686602870813398
0 0.07156862745098046 0.6148325358851675 0.0029411764705882973 0.6148325358851675 0.0029411764705883016 0.7009569377990431 0.07156862745098047 0.7009569377990431