7 0.942156862745098 0.5574162679425839 0.8764705882352941 0.5574162679425839 0.8764705882352941 0.6339712918660289 0.942156862745098 0.633971291866029
11 0.8568627450980392 0.6997607655502392 0.7892156862745098 0.6997607655502392 0.7892156862745098 0.7787081339712919 0.8568627450980392 0.7787081339712919
2 0.47647058823529426 0.5933014354066987 0.42450980392156873 0.5933014354066986 0.42450980392156873 0.6543062200956937 0.47647058823529426 0.6543062200956937
7 0.8539215686274509 0.26315789473684226 0.7892156862745098 0.26315789473684226 0.7892156862745098 0.34090909090909105 0.8539215686274509 0.34090909090909105
6 0.553921568627451 0.757177033492823 0.48823529411764716 0.757177033492823 0.48823529411764716 0.8349282296650717 0.553921568627451 0.8349282296650717
4 0.615686274509804 0.8050239234449761 0.5490196078431373 0.8050239234449761 0.5490196078431373 0.8851674641148325 0.615686274509804 0.8851674641148325
2 0.4205882352941177 0.5418660287081339 0.36764705882352944 0.5418660287081339 0.3676470588235295 0.604066985645933 0.42058823529411776 0.604066985645933
1 0.9274509803921569 0.4342105263157896 0.8607843137254902 0.4342105263157896 0.8607843137254902 0.5131578947368423 0.9274509803921569 0.5131578947368423
2 0.707843137254902 0.7978468899521531 0.6549019607843137 0.7978468899521531 0.6549019607843137 0.8600478468899522 0.707843137254902 0.8600478468899522
2 0.7647058823529411 0.8504784688995215 0.7127450980392157 0.8504784688995215 0.7127450980392157 0.9114832535885168 0.7647058823529411 0.9114832535885168
8 0.5058823529411764 0.8349282296650717 0.4519607843137256 0.8349282296650717 0.4519607843137256 0.8995215311004785 0.5058823529411764 0.8995215311004785
13 0.7186274509803922 0.3433014354066987 0.6362745098039215 0.3433014354066987 0.6362745098039215 0.4425837320574164 0.7186274509803922 0.4425837320574164
4 0.5950980392156863 0.6842105263157895 0.5303921568627451 0.6842105263157895 0.5303921568627451 0.7619617224880383 0.5950980392156863 0.7619617224880383
6 0.9147058823529411 0.3169856459330145 0.8480392156862745 0.3169856459330145 0.8480392156862745 0.39593301435406714 0.9147058823529411 0.39593301435406714
12 0.41764705882352954 0.8421052631578947 0.3401960784313727 0.8421052631578947 0.3401960784313727 0.9342105263157895 0.41764705882352954 0.9342105263157895
8 0.4490196078431374 0.784688995215311 0.39705882352941185 0.784688995215311 0.39705882352941185 0.8456937799043063 0.4490196078431374 0.8456937799043063
9 0.7480392156862745 0.2918660287081341 0.6970588235294117 0.2918660287081341 0.6970588235294117 0.3516746411483255 0.7480392156862745 0.3516746411483255
3 0.5480392156862746 0.32775119617224896 0.4950980392156863 0.32775119617224896 0.4950980392156863 0.389952153110048 0.5480392156862746 0.389952153110048
3 0.6088235294117647 0.3791866028708135 0.5549019607843138 0.3791866028708135 0.5549019607843138 0.4449760765550241 0.6088235294117647 0.4449760765550241
0 0.6264705882352941 0.056220095693779996 0.5598039215686275 0.05622009569377999 0.5598039215686275 0.13636363636363644 0.6264705882352941 0.13636363636363646