4 0.14215686274509814 0.8660287081339713 0.09215686274509813 0.8660287081339713 0.09215686274509813 0.9210526315789473 0.14215686274509814 0.9210526315789473
10 0.2127450980392158 0.8672248803827751 0.1627450980392158 0.8672248803827751 0.1627450980392158 0.9234449760765551 0.2127450980392158 0.9234449760765551
6 0.1401960784313726 0.6925837320574163 0.0921568627450981 0.6925837320574163 0.09215686274509811 0.7452153110047847 0.1401960784313726 0.7452153110047847
4 0.49901960784313737 0.8660287081339713 0.4490196078431374 0.8660287081339713 0.4490196078431374 0.9198564593301436 0.49901960784313737 0.9198564593301436
7 0.13921568627450984 0.25717703349282295 0.09215686274509807 0.25717703349282295 0.09215686274509807 0.30980861244019137 0.13921568627450986 0.30980861244019137
2 0.35294117647058837 0.6124401913875598 0.31372549019607854 0.6124401913875598 0.31372549019607854 0.6543062200956937 0.35294117647058837 0.6543062200956937
7 0.5715686274509804 0.2559808612440192 0.5235294117647059 0.2559808612440192 0.5235294117647059 0.30980861244019153 0.5715686274509804 0.30980861244019153
12 0.36176470588235304 0.7739234449760766 0.30490196078431386 0.7739234449760766 0.30490196078431386 0.8385167464114832 0.36176470588235304 0.8385167464114832
10 0.5715686274509804 0.8660287081339713 0.5205882352941177 0.8660287081339713 0.5205882352941177 0.9234449760765551 0.5715686274509804 0.9234449760765551
6 0.5715686274509804 0.6925837320574163 0.5225490196078432 0.6925837320574163 0.5225490196078432 0.7476076555023924 0.5715686274509804 0.7476076555023924
2 0.49411764705882366 0.6088516746411484 0.4568627450980393 0.6088516746411484 0.4568627450980393 0.6507177033492823 0.49411764705882366 0.6507177033492823
1 0.0696078431372549 0.08373205741626795 0.0215686274509804 0.08373205741626795 0.021568627450980402 0.13636363636363635 0.0696078431372549 0.13636363636363635
13 0.35980392156862745 0.16746411483253595 0.30490196078431375 0.16746411483253595 0.30490196078431375 0.22846889952153115 0.35980392156862745 0.22846889952153115
2 0.20686274509803926 0.6124401913875598 0.16764705882352945 0.6124401913875598 0.16764705882352945 0.6543062200956937 0.20686274509803926 0.6543062200956937
9 0.42549019607843136 0.08971291866028715 0.3862745098039216 0.08971291866028715 0.3862745098039216 0.12918660287081346 0.42549019607843136 0.12918660287081346
2 0.06568627450980398 0.6088516746411483 0.02647058823529418 0.6088516746411483 0.02647058823529418 0.6495215311004785 0.06568627450980398 0.6495215311004785
2 0.6362745098039215 0.6112440191387561 0.5970588235294118 0.6112440191387561 0.5970588235294118 0.65311004784689 0.6362745098039215 0.65311004784689
9 0.28137254901960784 0.08851674641148329 0.24215686274509804 0.08851674641148329 0.24215686274509804 0.12918660287081343 0.28137254901960784 0.12918660287081343
8 0.42549019607843147 0.8732057416267942 0.3843137254901962 0.8732057416267942 0.3843137254901962 0.9138755980861244 0.42549019607843147 0.9138755980861244
3 0.20784313725490203 0.35047846889952156 0.16764705882352945 0.35047846889952156 0.16764705882352945 0.3911483253588517 0.20784313725490203 0.3911483253588517
0 0.06764705882352949 0.8672248803827751 0.02254901960784322 0.8672248803827751 0.022549019607843224 0.9234449760765551 0.06764705882352949 0.9234449760765551
3 0.6362745098039215 0.34928229665071786 0.596078431372549 0.34928229665071786 0.596078431372549 0.38875598086124413 0.6362745098039215 0.38875598086124413
8 0.277450980392157 0.8732057416267942 0.23823529411764718 0.8732057416267942 0.23823529411764718 0.9138755980861244 0.277450980392157 0.9138755980861244
3 0.06372549019607845 0.3480861244019139 0.024509803921568662 0.3480861244019139 0.024509803921568665 0.388755980861244 0.06372549019607845 0.388755980861244
11 0.5725490196078431 0.0825358851674642 0.5235294117647059 0.08253588516746418 0.5235294117647059 0.13755980861244027 0.5725490196078431 0.1375598086124403
3 0.3519607843137255 0.3492822966507177 0.3127450980392157 0.3492822966507177 0.3127450980392157 0.38995215311004783 0.3519607843137255 0.38995215311004783
5 0.1411764705882353 0.08253588516746413 0.09313725490196079 0.08253588516746412 0.09313725490196079 0.13636363636363638 0.1411764705882353 0.1363636363636364
1 0.6411764705882353 0.08253588516746421 0.592156862745098 0.08253588516746421 0.592156862745098 0.1375598086124403 0.6411764705882353 0.1375598086124403
11 0.21470588235294116 0.07894736842105267 0.16176470588235295 0.07894736842105267 0.16176470588235295 0.13755980861244022 0.21470588235294116 0.13755980861244022
5 0.5009803921568627 0.08253588516746418 0.44607843137254904 0.08253588516746418 0.44607843137254904 0.1351674641148326 0.5009803921568627 0.1351674641148326
0 0.6411764705882353 0.8672248803827751 0.5941176470588235 0.8672248803827751 0.5941176470588235 0.9246411483253588 0.6411764705882353 0.9246411483253588
3 0.4950980392156863 0.348086124401914 0.45588235294117646 0.348086124401914 0.45588235294117646 0.3875598086124403 0.4950980392156863 0.3875598086124403