1 0.4297945205479453 0.7052023121387285 0.4023972602739727 0.7052023121387285 0.4023972602739727 0.7471098265895953 0.4297945205479453 0.7471098265895953
13 0.5419520547945206 0.7485549132947977 0.5102739726027398 0.7485549132947977 0.5102739726027398 0.7947976878612717 0.5419520547945206 0.7947976878612717
6 0.6053082191780822 0.5953757225433528 0.5804794520547946 0.5953757225433528 0.5804794520547946 0.6315028901734105 0.6053082191780822 0.6315028901734105
11 0.5008561643835616 0.5997109826589597 0.4751712328767123 0.5997109826589597 0.4751712328767123 0.6372832369942198 0.5008561643835616 0.6372832369942198
12 0.5376712328767124 0.26300578034682087 0.5068493150684932 0.26300578034682087 0.5068493150684932 0.3121387283236995 0.5376712328767124 0.3121387283236995
5 0.502568493150685 0.7037572254335261 0.476027397260274 0.7037572254335261 0.476027397260274 0.7413294797687862 0.502568493150685 0.7413294797687862
0 0.6746575342465754 0.6965317919075146 0.6481164383561644 0.6965317919075146 0.6481164383561644 0.7326589595375724 0.6746575342465754 0.7326589595375724
10 0.4606164383561644 0.31936416184971106 0.4323630136986301 0.31936416184971106 0.4323630136986301 0.3569364161849712 0.4606164383561644 0.3569364161849712
7 0.5710616438356164 0.6401734104046244 0.5462328767123288 0.6401734104046244 0.5462328767123288 0.6777456647398845 0.5710616438356164 0.6777456647398845
0 0.639554794520548 0.27745664739884407 0.6138698630136986 0.27745664739884407 0.6138698630136986 0.3150289017341042 0.639554794520548 0.3150289017341042
7 0.7097602739726028 0.4797687861271678 0.6832191780821918 0.4797687861271678 0.6832191780821918 0.5158959537572256 0.7097602739726028 0.5158959537572256
2 0.4220890410958904 0.43786127167630073 0.398972602739726 0.43786127167630073 0.398972602739726 0.46676300578034696 0.4220890410958904 0.46676300578034696
4 0.6763698630136986 0.43063583815028916 0.6506849315068494 0.43063583815028916 0.6506849315068494 0.4682080924855493 0.6763698630136986 0.4682080924855493
2 0.601027397260274 0.43930635838150306 0.5813356164383562 0.43930635838150306 0.5813356164383562 0.46676300578034696 0.601027397260274 0.46676300578034696
3 0.4957191780821918 0.5433526011560695 0.4743150684931507 0.5433526011560695 0.4743150684931507 0.5722543352601158 0.4957191780821918 0.5722543352601158
3 0.6018835616438356 0.5476878612716765 0.5813356164383562 0.5476878612716765 0.5813356164383562 0.5751445086705204 0.6018835616438356 0.5751445086705204
9 0.571917808219178 0.7543352601156069 0.5513698630136986 0.7543352601156069 0.5513698630136986 0.7846820809248555 0.571917808219178 0.7846820809248555
3 0.7071917808219178 0.5881502890173412 0.6866438356164384 0.5881502890173412 0.6866438356164384 0.6156069364161851 0.7071917808219178 0.6156069364161851
8 0.565068493150685 0.37861271676300595 0.5445205479452054 0.37861271676300595 0.5445205479452054 0.4075144508670522 0.565068493150685 0.4075144508670522
3 0.4957191780821918 0.4335260115606938 0.4751712328767123 0.4335260115606938 0.4751712328767123 0.46387283236994237 0.4957191780821918 0.46387283236994237
6 0.6053082191780822 0.3728323699421967 0.5804794520547946 0.3728323699421967 0.5804794520547946 0.41040462427745683 0.6053082191780822 0.41040462427745683
8 0.5308219178082192 0.32658959537572263 0.5102739726027398 0.32658959537572263 0.5102739726027398 0.3569364161849712 0.5308219178082192 0.3569364161849712
2 0.461472602739726 0.4942196531791909 0.4400684931506849 0.4942196531791909 0.4400684931506849 0.5216763005780348 0.461472602739726 0.5216763005780348
3 0.461472602739726 0.5997109826589597 0.4383561643835616 0.5997109826589597 0.4383561643835616 0.6300578034682083 0.461472602739726 0.6300578034682083
10 0.464041095890411 0.651734104046243 0.4375 0.651734104046243 0.43750000000000006 0.6921965317919077 0.464041095890411 0.6921965317919077
4 0.4991438356164384 0.3757225433526013 0.473458904109589 0.3757225433526013 0.473458904109589 0.4161849710982661 0.4991438356164384 0.4161849710982661
11 0.6404109589041096 0.5375722543352602 0.6147260273972602 0.5375722543352602 0.6147260273972602 0.5751445086705204 0.6404109589041096 0.5751445086705204
2 0.5693493150684932 0.489884393063584 0.5488013698630136 0.489884393063584 0.5488013698630136 0.5187861271676302 0.5693493150684932 0.5187861271676302
9 0.5342465753424658 0.647398843930636 0.5111301369863014 0.647398843930636 0.5111301369863014 0.6777456647398845 0.5342465753424658 0.6777456647398845
5 0.5727739726027398 0.6921965317919077 0.5462328767123288 0.6921965317919077 0.5462328767123288 0.7297687861271678 0.5727739726027398 0.7297687861271678
2 0.6746575342465754 0.3728323699421967 0.6523972602739726 0.3728323699421967 0.6523972602739726 0.40317919075144526 0.6746575342465754 0.40317919075144526
1 0.6404109589041096 0.6387283236994221 0.6138698630136986 0.6387283236994221 0.6138698630136986 0.6806358381502892 0.6404109589041096 0.6806358381502892