13 0.6386986301369864 0.5144508670520233 0.5967465753424658 0.5144508670520233 0.5967465753424658 0.5852601156069366 0.6386986301369864 0.5852601156069366
12 0.413527397260274 0.2760115606936417 0.3741438356164384 0.2760115606936417 0.3741438356164384 0.34104046242774577 0.413527397260274 0.34104046242774577
1 0.6695205479452054 0.3410404624277458 0.6335616438356164 0.3410404624277458 0.6335616438356164 0.40173410404624293 0.6695205479452054 0.40173410404624293
5 0.6309931506849316 0.43930635838150306 0.5950342465753424 0.43930635838150306 0.5950342465753424 0.5000000000000001 0.6309931506849316 0.5000000000000001
10 0.6215753424657534 0.3627167630057805 0.586472602739726 0.36271676300578043 0.586472602739726 0.42341040462427765 0.6215753424657534 0.42341040462427765
4 0.4118150684931507 0.5390173410404625 0.3801369863013699 0.5390173410404624 0.3801369863013699 0.592485549132948 0.4118150684931507 0.5924855491329482
6 0.521404109589041 0.5289017341040464 0.488013698630137 0.5289017341040464 0.488013698630137 0.5852601156069366 0.521404109589041 0.5852601156069366
7 0.5633561643835616 0.5028901734104048 0.5282534246575342 0.5028901734104048 0.5282534246575342 0.5621387283236996 0.5633561643835616 0.5621387283236996
7 0.4169520547945205 0.6083815028901735 0.3844178082191781 0.6083815028901735 0.3844178082191781 0.6647398843930636 0.4169520547945205 0.6647398843930638
0 0.538527397260274 0.6777456647398845 0.5042808219178082 0.6777456647398845 0.5042808219178082 0.7355491329479771 0.538527397260274 0.7355491329479771
9 0.6147260273972602 0.5722543352601158 0.5856164383561644 0.5722543352601158 0.5856164383561644 0.6213872832369944 0.6147260273972602 0.6213872832369944
6 0.4195205479452055 0.4190751445086706 0.3886986301369863 0.4190751445086705 0.3886986301369863 0.4710982658959538 0.4195205479452055 0.47109826589595394
2 0.5325342465753424 0.2167630057803469 0.5059931506849316 0.2167630057803469 0.5059931506849316 0.2615606936416186 0.5325342465753424 0.2615606936416186
5 0.589041095890411 0.531791907514451 0.5539383561643836 0.531791907514451 0.5539383561643836 0.5924855491329482 0.589041095890411 0.5924855491329482
10 0.4674657534246575 0.20520231213872842 0.4349315068493151 0.20520231213872842 0.4349315068493151 0.2601156069364163 0.4674657534246575 0.2601156069364163
2 0.3809931506849315 0.5173410404624278 0.3570205479452055 0.5173410404624278 0.3570205479452055 0.5578034682080925 0.3809931506849315 0.5578034682080925
2 0.4460616438356164 0.45086705202312155 0.4203767123287671 0.45086705202312155 0.4203767123287671 0.4927745664739886 0.4460616438356164 0.4927745664739886
8 0.4357876712328767 0.37861271676300595 0.410958904109589 0.37861271676300595 0.410958904109589 0.420520231213873 0.4357876712328767 0.420520231213873
3 0.5916095890410958 0.34104046242774577 0.5642123287671232 0.34104046242774577 0.5642123287671232 0.3872832369942198 0.5916095890410958 0.3872832369942198
3 0.4623287671232877 0.6690751445086707 0.4366438356164384 0.6690751445086707 0.4366438356164384 0.7138728323699424 0.4623287671232877 0.7138728323699424
8 0.4297945205479452 0.3092485549132949 0.4049657534246575 0.3092485549132949 0.4049657534246575 0.35260115606936426 0.4297945205479452 0.35260115606936426
2 0.4837328767123288 0.43497109826589614 0.4589041095890411 0.43497109826589614 0.4589041095890411 0.4768786127167632 0.4837328767123288 0.4768786127167632
3 0.4965753424657534 0.3106936416184972 0.4700342465753425 0.3106936416184972 0.4700342465753425 0.35549132947976886 0.4965753424657534 0.35549132947976886
3 0.547945205479452 0.3598265895953758 0.5205479452054794 0.3598265895953758 0.5205479452054794 0.4075144508670522 0.547945205479452 0.4075144508670522
0 0.3638698630136986 0.4161849710982659 0.3304794520547945 0.4161849710982659 0.3304794520547945 0.4725433526011561 0.3638698630136986 0.4725433526011561
3 0.4940068493150685 0.5057803468208094 0.4674657534246575 0.5057803468208094 0.4674657534246575 0.5491329479768787 0.4940068493150685 0.5491329479768787
4 0.473458904109589 0.2846820809248556 0.4417808219178082 0.2846820809248556 0.4417808219178082 0.3381502890173411 0.473458904109589 0.3381502890173411
9 0.5796232876712328 0.46387283236994237 0.5513698630136986 0.46387283236994237 0.5513698630136986 0.5101156069364163 0.5796232876712328 0.5101156069364163
11 0.4785958904109589 0.5476878612716765 0.4452054794520548 0.5476878612716765 0.4452054794520548 0.6026011560693644 0.4785958904109589 0.6026011560693644
1 0.5273972602739726 0.5997109826589597 0.4940068493150685 0.5997109826589597 0.4940068493150685 0.6546242774566475 0.5273972602739726 0.6546242774566475
11 0.5779109589041096 0.3858381502890175 0.5436643835616438 0.3858381502890175 0.5436643835616438 0.4450867052023123 0.5779109589041096 0.4450867052023123
2 0.538527397260274 0.2933526011560694 0.5128424657534246 0.2933526011560694 0.5128424657534246 0.3367052023121388 0.538527397260274 0.3367052023121388