3 0.08626760563380291 0.42374517374517373 0.031690140845070526 0.42374517374517373 0.031690140845070526 0.4575289575289575 0.08626760563380291 0.4575289575289575
3 0.30809859154929586 0.42277992277992277 0.24823943661971842 0.42277992277992277 0.24823943661971842 0.45656370656370654 0.30809859154929586 0.45656370656370654
9 0.637323943661972 0.583976833976834 0.580985915492958 0.583976833976834 0.580985915492958 0.6206563706563707 0.637323943661972 0.6206563706563707
3 0.8591549295774649 0.4237451737451738 0.8063380281690141 0.42374517374517373 0.8063380281690142 0.45945945945945954 0.859154929577465 0.4594594594594596
3 0.415492957746479 0.42277992277992277 0.35915492957746487 0.42277992277992277 0.35915492957746487 0.4575289575289575 0.415492957746479 0.4575289575289575
3 0.7464788732394367 0.42277992277992277 0.6919014084507042 0.42277992277992277 0.6919014084507044 0.45656370656370654 0.7464788732394368 0.45656370656370654
5 0.6443661971830988 0.46814671814671815 0.5721830985915495 0.46814671814671815 0.5721830985915495 0.5173745173745173 0.6443661971830988 0.5173745173745173
9 0.415492957746479 0.583976833976834 0.36091549295774655 0.583976833976834 0.36091549295774655 0.6196911196911197 0.415492957746479 0.6196911196911197
5 0.3133802816901409 0.472007722007722 0.24119718309859164 0.472007722007722 0.24119718309859164 0.5183397683397684 0.3133802816901409 0.5183397683397684
12 0.5440140845070423 0.14478764478764483 0.4524647887323944 0.14478764478764483 0.4524647887323944 0.195945945945946 0.5440140845070423 0.195945945945946
11 0.5387323943661972 0.4189189189189189 0.4612676056338028 0.4189189189189189 0.4612676056338029 0.4623552123552124 0.5387323943661974 0.4623552123552124
6 0.20422535211267612 0.20366795366795368 0.1320422535211268 0.20366795366795368 0.1320422535211268 0.25 0.20422535211267612 0.25
10 0.20598591549295778 0.09362934362934364 0.13204225352112675 0.09362934362934362 0.13204225352112678 0.138996138996139 0.2059859154929578 0.138996138996139
2 0.08626760563380288 0.2625482625482625 0.03345070422535217 0.2625482625482625 0.03345070422535217 0.2972972972972973 0.0862676056338029 0.2972972972972973
10 0.8661971830985915 0.09362934362934368 0.7852112676056338 0.09362934362934368 0.7852112676056338 0.1428571428571429 0.8661971830985915 0.1428571428571429
0 0.9735915492957746 0.09652509652509658 0.9014084507042254 0.09652509652509658 0.9014084507042254 0.14092664092664098 0.9735915492957746 0.14092664092664098
0 0.09330985915492962 0.14961389961389962 0.021126760563380313 0.14961389961389962 0.02112676056338032 0.1969111969111969 0.09330985915492963 0.1969111969111969
1 0.0950704225352114 0.5791505791505791 0.015845070422535343 0.5791505791505791 0.015845070422535346 0.6225868725868726 0.09507042253521142 0.6225868725868726
6 0.5404929577464789 0.2046332046332047 0.45774647887323944 0.2046332046332047 0.45774647887323944 0.2461389961389962 0.5404929577464789 0.2461389961389962
4 0.6461267605633803 0.20366795366795373 0.5704225352112676 0.20366795366795373 0.5704225352112676 0.24806949806949807 0.6461267605633803 0.24806949806949807
7 0.4278169014084508 0.4700772200772201 0.3503521126760564 0.4700772200772201 0.3503521126760564 0.5183397683397684 0.4278169014084508 0.5183397683397684
4 0.42781690140845074 0.20173745173745178 0.3485915492957746 0.20173745173745175 0.3485915492957747 0.2471042471042471 0.4278169014084508 0.2471042471042471
7 0.5387323943661974 0.472007722007722 0.45774647887323966 0.472007722007722 0.45774647887323966 0.5144787644787645 0.5387323943661974 0.5144787644787645
11 0.8679577464788735 0.5801158301158301 0.7869718309859157 0.5801158301158301 0.7869718309859157 0.6196911196911197 0.8679577464788735 0.6196911196911197
8 0.6390845070422535 0.10038610038610042 0.5757042253521126 0.10038610038610041 0.5757042253521126 0.13610038610038616 0.6390845070422535 0.13610038610038616
1 0.9753521126760564 0.5762548262548263 0.8961267605633805 0.5762548262548263 0.8961267605633805 0.6225868725868726 0.9753521126760564 0.6225868725868726
2 0.20070422535211271 0.26158301158301156 0.14084507042253527 0.26158301158301156 0.14084507042253527 0.29633204633204635 0.20070422535211271 0.29633204633204635
2 0.528169014084507 0.3156370656370656 0.46830985915492956 0.3156370656370656 0.46830985915492956 0.35135135135135137 0.528169014084507 0.35135135135135137
2 0.9700704225352113 0.25965250965250974 0.9102112676056338 0.25965250965250974 0.9102112676056338 0.29922779922779935 0.9700704225352113 0.29922779922779935
13 0.5422535211267607 0.5231660231660231 0.4542253521126763 0.5231660231660231 0.4542253521126763 0.5723938223938224 0.5422535211267607 0.5723938223938224
2 0.8591549295774648 0.26061776061776065 0.7992957746478874 0.2606177606177606 0.7992957746478874 0.29826254826254833 0.8591549295774648 0.2982625482625484
8 0.41725352112676056 0.10135135135135138 0.3573943661971831 0.10135135135135138 0.3573943661971831 0.1341698841698842 0.41725352112676056 0.13416988416988423