3 0.8609154929577465 0.3494208494208495 0.7676056338028169 0.34942084942084944 0.7676056338028169 0.39961389961389965 0.8609154929577465 0.3996138996138997
9 0.3626760563380283 0.4546332046332046 0.27288732394366205 0.4546332046332046 0.27288732394366205 0.502895752895753 0.3626760563380283 0.502895752895753
3 0.6021126760563382 0.5472972972972973 0.5158450704225354 0.5472972972972973 0.5158450704225354 0.5955598455598455 0.6021126760563382 0.5955598455598455
3 0.7922535211267606 0.4015444015444015 0.7077464788732394 0.4015444015444015 0.7077464788732395 0.44884169884169883 0.7922535211267607 0.44884169884169883
3 0.5404929577464791 0.5955598455598455 0.4471830985915494 0.5955598455598455 0.4471830985915494 0.6467181467181468 0.5404929577464791 0.6467181467181468
9 0.49119718309859156 0.3552123552123552 0.4031690140845071 0.3552123552123552 0.4031690140845071 0.4034749034749035 0.49119718309859156 0.4034749034749035
7 0.5387323943661974 0.5077220077220077 0.4172535211267607 0.5077220077220077 0.4172535211267607 0.5743243243243243 0.5387323943661974 0.5743243243243243
1 1 0.3252895752895754 0.897887323943662 0.3252895752895754 0.897887323943662 0.39092664092664103 1 0.39092664092664103
3 0.4084507042253523 0.693050193050193 0.3204225352112678 0.693050193050193 0.3204225352112678 0.7432432432432432 0.4084507042253523 0.7432432432432432
5 0.6690140845070424 0.41023166023166024 0.551056338028169 0.41023166023166024 0.5510563380281691 0.4749034749034749 0.6690140845070425 0.4749034749034749
5 0.2517605633802818 0.5453667953667953 0.13204225352112686 0.5453667953667953 0.1320422535211269 0.611003861003861 0.2517605633802818 0.611003861003861
11 0.6778169014084509 0.4922779922779923 0.5633802816901411 0.4922779922779923 0.5633802816901411 0.555984555984556 0.6778169014084509 0.555984555984556
4 1 0.5685328185328186 0.9507042253521126 0.5685328185328186 0.9507042253521126 0.6167953667953668 1 0.6167953667953668
1 0.1848591549295776 0.5945945945945946 0.06866197183098605 0.5945945945945946 0.06866197183098606 0.6573359073359073 0.1848591549295776 0.6573359073359073
7 0.5985915492957748 0.46042471042471045 0.484154929577465 0.46042471042471045 0.484154929577465 0.5231660231660231 0.5985915492957748 0.5231660231660231
6 0.6461267605633805 0.7017374517374517 0.5246478873239439 0.7017374517374517 0.5246478873239439 0.7664092664092664 0.6461267605633805 0.7664092664092664
11 0.6302816901408451 0.25096525096525096 0.5193661971830986 0.25096525096525096 0.5193661971830986 0.31177606177606176 0.6302816901408451 0.31177606177606176
2 0.6514084507042256 0.7886100386100386 0.558098591549296 0.7886100386100386 0.558098591549296 0.8397683397683398 0.6514084507042256 0.8397683397683398
2 0.830985915492958 0.5588803088803089 0.734154929577465 0.5588803088803089 0.734154929577465 0.611969111969112 0.830985915492958 0.611969111969112
2 0.7130281690140847 0.7374517374517374 0.6179577464788735 0.7374517374517374 0.6179577464788735 0.7905405405405406 0.7130281690140847 0.7905405405405406
13 0.4471830985915494 0.3938223938223938 0.318661971830986 0.3938223938223938 0.318661971830986 0.46621621621621623 0.4471830985915494 0.46621621621621623
6 0.9647887323943662 0.6177606177606177 0.8838028169014086 0.6177606177606177 0.8838028169014086 0.666988416988417 0.9647887323943662 0.666988416988417
4 0.9014084507042254 0.666023166023166 0.8204225352112678 0.666023166023166 0.8204225352112678 0.7133204633204633 0.9014084507042254 0.7133204633204633