1 0.31164383561643844 0.7023121387283237 0.27654109589041104 0.7023121387283237 0.27654109589041104 0.7514450867052023 0.31164383561643844 0.7514450867052023
11 0.5924657534246576 0.4783236994219655 0.5590753424657534 0.4783236994219655 0.5590753424657534 0.5289017341040464 0.5924657534246576 0.5289017341040464
10 0.35873287671232884 0.6286127167630058 0.3227739726027397 0.6286127167630058 0.32277397260273977 0.6791907514450867 0.35873287671232884 0.6791907514450867
6 0.5470890410958904 0.5520231213872834 0.5128424657534246 0.5520231213872834 0.5128424657534246 0.601156069364162 0.5470890410958904 0.601156069364162
5 0.4083904109589042 0.6979768786127168 0.37414383561643844 0.6979768786127167 0.37414383561643844 0.7485549132947977 0.4083904109589042 0.7485549132947977
12 0.4571917808219178 0.11416184971098274 0.4169520547945205 0.11416184971098274 0.4169520547945205 0.17919075144508678 0.4571917808219178 0.17919075144508678
0 0.6404109589041096 0.6907514450867054 0.6061643835616438 0.6907514450867054 0.6061643835616438 0.7398843930635838 0.6404109589041096 0.7398843930635838
7 0.6866438356164384 0.40173410404624293 0.6532534246575342 0.40173410404624293 0.6532534246575342 0.4494219653179192 0.6866438356164384 0.4494219653179192
7 0.5017123287671232 0.6156069364161851 0.4691780821917808 0.6156069364161851 0.4691780821917808 0.6647398843930638 0.5017123287671232 0.6647398843930638
4 0.4058219178082192 0.2601156069364163 0.3724315068493151 0.2601156069364163 0.3724315068493151 0.3106936416184972 0.4058219178082192 0.3106936416184972
6 0.5488013698630136 0.2572254335260116 0.5162671232876712 0.2572254335260116 0.5162671232876712 0.3092485549132949 0.5488013698630136 0.3092485549132949
13 0.461472602739726 0.7572254335260116 0.4220890410958905 0.7572254335260116 0.4220890410958905 0.819364161849711 0.461472602739726 0.819364161849711
11 0.4075342465753425 0.5606936416184972 0.3724315068493151 0.5606936416184971 0.3724315068493151 0.6127167630057804 0.4075342465753425 0.6127167630057805
2 0.3561643835616438 0.4190751445086705 0.3279109589041096 0.4190751445086705 0.3279109589041096 0.45809248554913296 0.3561643835616438 0.45809248554913296
3 0.6832191780821918 0.5462427745664742 0.6541095890410958 0.5462427745664742 0.6541095890410958 0.5838150289017343 0.6832191780821918 0.5838150289017343
5 0.5034246575342466 0.6849710982658961 0.4708904109589041 0.6849710982658961 0.4708904109589041 0.7369942196531793 0.5034246575342466 0.7369942196531793
9 0.5034246575342466 0.7658959537572254 0.4751712328767123 0.7658959537572254 0.4751712328767123 0.8063583815028902 0.5034246575342466 0.8063583815028902
8 0.449486301369863 0.19653179190751452 0.4212328767123288 0.19653179190751452 0.4212328767123288 0.23699421965317927 0.449486301369863 0.23699421965317927
3 0.4006849315068493 0.33959537572254345 0.3715753424657534 0.33959537572254345 0.3715753424657534 0.38005780346820817 0.4006849315068493 0.3800578034682083
0 0.5924657534246576 0.1271676300578036 0.5590753424657534 0.1271676300578036 0.5590753424657534 0.17919075144508684 0.5924657534246576 0.17919075144508684
2 0.3039383561643836 0.34104046242774577 0.273972602739726 0.34104046242774577 0.273972602739726 0.3800578034682081 0.3039383561643836 0.3800578034682081
9 0.4511986301369863 0.6213872832369944 0.4238013698630137 0.6213872832369944 0.4238013698630137 0.6647398843930638 0.4511986301369863 0.6647398843930638
3 0.3527397260273973 0.5578034682080925 0.324486301369863 0.5578034682080925 0.324486301369863 0.5982658959537572 0.3527397260273973 0.5982658959537572
3 0.401541095890411 0.48554913294797697 0.3724315068493151 0.48554913294797686 0.3724315068493151 0.5289017341040463 0.401541095890411 0.5289017341040464
4 0.6412671232876712 0.33381502890173426 0.6070205479452054 0.33381502890173426 0.6070205479452054 0.3829479768786129 0.6412671232876712 0.3829479768786129
1 0.5916095890410958 0.6141618497109829 0.5573630136986302 0.6141618497109829 0.5573630136986302 0.6618497109826591 0.5916095890410958 0.6618497109826591
3 0.5428082191780822 0.4884393063583817 0.5162671232876712 0.4884393063583817 0.5162671232876712 0.5260115606936417 0.5428082191780822 0.5260115606936417
2 0.6404109589041096 0.2557803468208094 0.6113013698630136 0.2557803468208094 0.6113013698630136 0.2991329479768788 0.6404109589041096 0.2991329479768788
2 0.4991438356164384 0.41473988439306375 0.4717465753424658 0.41473988439306375 0.4717465753424658 0.4523121387283239 0.4991438356164384 0.4523121387283239
2 0.5402397260273972 0.3482658959537573 0.5136986301369864 0.3482658959537573 0.5136986301369864 0.3858381502890175 0.5402397260273972 0.3858381502890175
10 0.3518835616438356 0.18497109826589603 0.3176369863013699 0.18497109826589603 0.3176369863013699 0.2384393063583816 0.3518835616438356 0.2384393063583816
8 0.4931506849315068 0.2644508670520232 0.4674657534246575 0.2644508670520232 0.4674657534246575 0.3092485549132949 0.4931506849315068 0.3092485549132949