13 0.5582191780821918 0.3251445086705203 0.5162671232876712 0.3251445086705203 0.5162671232876712 0.39161849710982677 0.5582191780821918 0.39161849710982677
12 0.4563356164383562 0.7268786127167631 0.4178082191780823 0.7268786127167631 0.4178082191780823 0.7875722543352601 0.4563356164383562 0.7875722543352601
1 0.4443493150684932 0.29046242774566483 0.4083904109589041 0.29046242774566483 0.4083904109589041 0.3453757225433527 0.4443493150684932 0.3453757225433527
5 0.509417808219178 0.3453757225433527 0.473458904109589 0.3453757225433527 0.473458904109589 0.40173410404624293 0.509417808219178 0.40173410404624293
10 0.4657534246575342 0.3684971098265897 0.4306506849315068 0.3684971098265897 0.4306506849315068 0.42341040462427765 0.4657534246575342 0.42341040462427765
4 0.603595890410959 0.7037572254335261 0.571917808219178 0.7037572254335261 0.571917808219178 0.7528901734104047 0.603595890410959 0.7528901734104047
6 0.5779109589041096 0.5202312138728326 0.5453767123287672 0.5202312138728326 0.5453767123287672 0.5736994219653181 0.5779109589041096 0.5736994219653181
7 0.5582191780821918 0.4523121387283239 0.5231164383561644 0.4523121387283239 0.5231164383561644 0.5086705202312141 0.5582191780821918 0.5086705202312141
7 0.6438356164383562 0.6878612716763007 0.6121575342465754 0.6878612716763007 0.6121575342465754 0.7384393063583816 0.6438356164383562 0.7384393063583816
0 0.6626712328767124 0.4768786127167632 0.6292808219178082 0.4768786127167632 0.6292808219178082 0.531791907514451 0.6626712328767124 0.531791907514451
9 0.5830479452054794 0.3598265895953758 0.553082191780822 0.3598265895953758 0.553082191780822 0.4046242774566476 0.5830479452054794 0.4046242774566476
6 0.5308219178082192 0.7008670520231216 0.5008561643835616 0.7008670520231216 0.5008561643835616 0.75 0.5308219178082192 0.75
2 0.386986301369863 0.5332369942196532 0.3604452054794521 0.5332369942196532 0.3604452054794521 0.5736994219653179 0.386986301369863 0.5736994219653179
5 0.5702054794520548 0.40606936416184986 0.535958904109589 0.40606936416184986 0.535958904109589 0.4609826589595377 0.5702054794520548 0.4609826589595377
10 0.39897260273972607 0.6416184971098267 0.3664383561643836 0.6416184971098265 0.3664383561643836 0.6936416184971099 0.3989726027397261 0.69364161849711
2 0.5873287671232876 0.7586705202312138 0.5642123287671232 0.7586705202312138 0.5642123287671232 0.7947976878612717 0.5873287671232876 0.7947976878612717
2 0.538527397260274 0.6546242774566475 0.5136986301369864 0.6546242774566475 0.5136986301369864 0.69364161849711 0.538527397260274 0.69364161849711
8 0.4974315068493151 0.6777456647398845 0.4726027397260274 0.6777456647398845 0.4726027397260274 0.7182080924855493 0.4974315068493151 0.7182080924855493
3 0.4503424657534247 0.4219653179190753 0.4229452054794521 0.4219653179190753 0.4229452054794521 0.46387283236994237 0.4503424657534247 0.46387283236994237
3 0.663527397260274 0.6054913294797689 0.6378424657534246 0.6054913294797689 0.6378424657534246 0.647398843930636 0.663527397260274 0.647398843930636
8 0.4597602739726027 0.6950867052023123 0.4340753424657535 0.6950867052023123 0.4340753424657535 0.7355491329479771 0.4597602739726027 0.7355491329479771
2 0.5222602739726028 0.5939306358381504 0.4965753424657534 0.5939306358381504 0.4965753424657534 0.6329479768786129 0.5222602739726028 0.6329479768786129
3 0.4486301369863014 0.5838150289017343 0.4220890410958904 0.5838150289017343 0.4220890410958904 0.6257225433526014 0.4486301369863014 0.6257225433526014
3 0.4691780821917808 0.4927745664739886 0.4417808219178082 0.4927745664739886 0.4417808219178082 0.5346820809248557 0.4691780821917808 0.5346820809248557
0 0.5419520547945206 0.796242774566474 0.509417808219178 0.796242774566474 0.509417808219178 0.8482658959537572 0.5419520547945206 0.8482658959537572
3 0.5625 0.5679190751445088 0.5368150684931506 0.5679190751445088 0.5368150684931506 0.6112716763005782 0.5625 0.6112716763005782
4 0.4426369863013699 0.624277456647399 0.410958904109589 0.624277456647399 0.4109589041095891 0.67485549132948 0.4426369863013699 0.67485549132948
9 0.523972602739726 0.4291907514450869 0.4965753424657534 0.4291907514450869 0.4965753424657534 0.47398843930635853 0.523972602739726 0.47398843930635853
11 0.5967465753424658 0.5910404624277459 0.5642123287671232 0.5910404624277459 0.5642123287671232 0.643063583815029 0.5967465753424658 0.643063583815029
1 0.6181506849315068 0.5043352601156071 0.5856164383561644 0.5043352601156071 0.5856164383561644 0.5578034682080927 0.6181506849315068 0.5578034682080927
11 0.4863013698630137 0.43930635838150306 0.4520547945205479 0.43930635838150306 0.4520547945205479 0.4927745664739886 0.4863013698630137 0.4927745664739886
2 0.4306506849315068 0.5158959537572256 0.4041095890410959 0.5158959537572256 0.4041095890410959 0.554913294797688 0.4306506849315068 0.554913294797688