7 0.5522260273972602 0.1647398843930637 0.5179794520547946 0.1647398843930637 0.5179794520547946 0.22398843930635845 0.5522260273972602 0.22398843930635845
13 0.509417808219178 0.15606936416184983 0.4691780821917808 0.1560693641618498 0.4691780821917808 0.22109826589595383 0.509417808219178 0.22109826589595383
1 0.398972602739726 0.16040462427745672 0.3647260273972603 0.16040462427745672 0.3647260273972603 0.21387283236994228 0.398972602739726 0.21387283236994228
9 0.5042808219178082 0.2398843930635839 0.4777397260273973 0.2398843930635839 0.4777397260273973 0.28323699421965326 0.5042808219178082 0.28323699421965326
3 0.5556506849315068 0.3843930635838152 0.5282534246575342 0.3843930635838152 0.5282534246575342 0.42774566473988457 0.5556506849315068 0.42774566473988457
11 0.5085616438356164 0.3121387283236995 0.4717465753424658 0.3121387283236995 0.4717465753424658 0.3656069364161851 0.5085616438356164 0.3656069364161851
3 0.3946917808219178 0.38439306358381503 0.3681506849315068 0.38439306358381503 0.3681506849315068 0.430635838150289 0.3946917808219178 0.430635838150289
3 0.3416095890410959 0.38872832369942195 0.3133561643835616 0.38872832369942195 0.3133561643835616 0.430635838150289 0.3416095890410959 0.430635838150289
7 0.3450342465753425 0.30635838150289024 0.3082191780821918 0.30635838150289024 0.3082191780821918 0.3656069364161851 0.3450342465753425 0.3656069364161851
2 0.5008561643835616 0.531791907514451 0.473458904109589 0.531791907514451 0.473458904109589 0.5736994219653181 0.5008561643835616 0.5736994219653181
2 0.3450342465753425 0.6083815028901735 0.3176369863013699 0.6083815028901735 0.3176369863013699 0.6488439306358381 0.3450342465753425 0.6488439306358381
11 0.613013698630137 0.16184971098265907 0.5779109589041096 0.16184971098265907 0.5779109589041096 0.2239884393063585 0.613013698630137 0.22398843930635853
4 0.5077054794520548 0.5953757225433528 0.4726027397260274 0.5953757225433528 0.4726027397260274 0.6560693641618499 0.5077054794520548 0.6560693641618499
5 0.666095890410959 0.15895953757225445 0.6318493150684932 0.15895953757225445 0.6318493150684932 0.21387283236994237 0.666095890410959 0.21387283236994237
1 0.7243150684931506 0.8251445086705202 0.6866438356164384 0.8251445086705202 0.6866438356164384 0.8858381502890174 0.7243150684931506 0.8858381502890174
0 0.6669520547945206 0.536127167630058 0.6318493150684932 0.536127167630058 0.6318493150684932 0.5939306358381504 0.6669520547945206 0.5939306358381504
10 0.5573630136986302 0.75 0.5222602739726028 0.75 0.5222602739726028 0.8078034682080925 0.5573630136986302 0.8078034682080925
10 0.39554794520547953 0.8280346820809249 0.36044520547945214 0.8280346820809249 0.36044520547945214 0.8815028901734104 0.39554794520547953 0.8815028901734104
8 0.5539383561643836 0.8294797687861272 0.5282534246575342 0.8294797687861272 0.5282534246575342 0.869942196531792 0.5539383561643836 0.869942196531792
8 0.4486301369863014 0.8352601156069365 0.4220890410958905 0.8352601156069365 0.4220890410958905 0.8757225433526011 0.4486301369863014 0.8757225433526011
0 0.2893835616438357 0.8179190751445087 0.25513698630136994 0.8179190751445087 0.25513698630136994 0.8728323699421965 0.2893835616438357 0.8728323699421965
4 0.3981164383561645 0.6835260115606937 0.3630136986301371 0.6835260115606936 0.3630136986301371 0.7398843930635838 0.3981164383561645 0.7398843930635838
2 0.6061643835616438 0.6083815028901736 0.5787671232876712 0.6083815028901736 0.5787671232876712 0.6488439306358383 0.6061643835616438 0.6488439306358383
6 0.5051369863013698 0.6719653179190753 0.4700342465753425 0.6719653179190753 0.4700342465753425 0.7297687861271678 0.5051369863013698 0.7297687861271678
6 0.4554794520547945 0.6806358381502892 0.4195205479452056 0.6806358381502892 0.4195205479452056 0.7384393063583816 0.4554794520547945 0.7384393063583816
3 0.4991438356164384 0.3829479768786129 0.4717465753424658 0.3829479768786129 0.4717465753424658 0.43063583815028916 0.4991438356164384 0.43063583815028916
2 0.3964041095890411 0.611271676300578 0.3672945205479452 0.611271676300578 0.3672945205479452 0.6488439306358381 0.3964041095890411 0.6488439306358381
12 0.5111301369863014 0.8222543352601156 0.4708904109589041 0.8222543352601156 0.4708904109589041 0.8858381502890174 0.5111301369863014 0.8858381502890174
5 0.3998287671232877 0.46098265895953766 0.3672945205479452 0.46098265895953755 0.3672945205479452 0.5144508670520233 0.3998287671232877 0.5144508670520233
9 0.4486301369863014 0.16329479768786134 0.4212328767123288 0.16329479768786134 0.4212328767123288 0.2037572254335261 0.4486301369863014 0.2037572254335261