5 0.4648972602739726 0.8294797687861272 0.4083904109589042 0.8294797687861272 0.4083904109589042 0.9248554913294798 0.4648972602739726 0.9248554913294798
6 0.627568493150685 0.3554913294797689 0.5761986301369864 0.35549132947976886 0.5761986301369864 0.4407514450867054 0.627568493150685 0.4407514450867054
7 0.4606164383561644 0.17485549132947986 0.4083904109589041 0.17485549132947986 0.4083904109589041 0.2644508670520232 0.4606164383561644 0.2644508670520232
12 0.764554794520548 0.44364161849711 0.702054794520548 0.44364161849711 0.702054794520548 0.5491329479768787 0.764554794520548 0.5491329479768787
4 0.7131849315068494 0.5997109826589597 0.6592465753424658 0.5997109826589597 0.6592465753424658 0.6907514450867054 0.7131849315068494 0.6907514450867054
2 0.6566780821917808 0.7702312138728323 0.6121575342465754 0.7702312138728323 0.6121575342465754 0.8424855491329479 0.6566780821917808 0.8424855491329479
4 0.5256849315068494 0.2283236994219654 0.473458904109589 0.2283236994219654 0.473458904109589 0.31502890173410414 0.5256849315068494 0.31502890173410414
7 0.4554794520547945 0.6127167630057805 0.3998287671232877 0.6127167630057805 0.39982876712328774 0.7052023121387285 0.4554794520547945 0.7052023121387285
10 0.541095890410959 0.8771676300578035 0.4828767123287671 0.8771676300578035 0.4828767123287671 0.9725433526011561 0.541095890410959 0.9725433526011561
9 0.35445205479452063 0.6950867052023122 0.30993150684931514 0.6950867052023122 0.30993150684931514 0.7702312138728323 0.35445205479452063 0.7702312138728323
3 0.6712328767123288 0.6531791907514453 0.6292808219178082 0.6531791907514453 0.6292808219178082 0.7239884393063586 0.6712328767123288 0.7239884393063586
2 0.565068493150685 0.19797687861271684 0.5231164383561644 0.19797687861271684 0.5231164383561644 0.2687861271676301 0.565068493150685 0.2687861271676301
6 0.4606164383561644 0.4942196531791909 0.4049657534246575 0.4942196531791909 0.4049657534246575 0.5881502890173412 0.4606164383561644 0.5881502890173412
5 0.4109589041095891 0.647398843930636 0.3527397260273973 0.6473988439306358 0.3527397260273973 0.7427745664739884 0.41095890410958913 0.7427745664739884
11 0.547945205479452 0.7572254335260116 0.4940068493150685 0.7572254335260116 0.4940068493150685 0.8482658959537572 0.547945205479452 0.8482658959537572
2 0.7303082191780822 0.8208092485549133 0.6866438356164384 0.8208092485549133 0.6866438356164384 0.8959537572254336 0.7303082191780822 0.8959537572254336
8 0.7166095890410958 0.49566473988439325 0.675513698630137 0.49566473988439325 0.675513698630137 0.5650289017341042 0.7166095890410958 0.5650289017341042
3 0.589041095890411 0.7283236994219655 0.5462328767123288 0.7283236994219655 0.5462328767123288 0.8005780346820809 0.589041095890411 0.8005780346820809
11 0.473458904109589 0.3757225433526013 0.4195205479452055 0.3757225433526013 0.4195205479452055 0.46676300578034696 0.473458904109589 0.46676300578034696
1 0.3964041095890411 0.44653179190751446 0.3407534246575342 0.44653179190751446 0.3407534246575342 0.5404624277456648 0.3964041095890411 0.5404624277456648
3 0.4974315068493151 0.47109826589595394 0.4537671232876712 0.47109826589595394 0.4537671232876712 0.5447976878612718 0.4974315068493151 0.5447976878612718
3 0.5779109589041096 0.8482658959537572 0.5333904109589042 0.8482658959537572 0.5333904109589042 0.9248554913294798 0.5779109589041096 0.9248554913294798
3 0.3741438356164384 0.25000000000000006 0.3296232876712329 0.25000000000000006 0.3296232876712329 0.3251445086705203 0.3741438356164384 0.3251445086705203
9 0.4777397260273973 0.7095375722543354 0.4315068493150686 0.7095375722543354 0.4315068493150686 0.7846820809248555 0.4777397260273973 0.7846820809248555
8 0.651541095890411 0.4523121387283239 0.6095890410958904 0.4523121387283239 0.6095890410958904 0.5216763005780348 0.651541095890411 0.5216763005780348
0 0.6686643835616438 0.2196531791907516 0.6172945205479452 0.2196531791907516 0.6172945205479452 0.30491329479768803 0.6686643835616438 0.30491329479768803
10 0.7876712328767124 0.6575144508670522 0.735445205479452 0.6575144508670522 0.735445205479452 0.7442196531791907 0.7876712328767124 0.7442196531791907
2 0.5787671232876712 0.41040462427745683 0.5368150684931506 0.41040462427745683 0.5368150684931506 0.4797687861271678 0.5787671232876712 0.4797687861271678
13 0.3946917808219179 0.7630057803468208 0.3261986301369864 0.7630057803468208 0.3261986301369864 0.8771676300578035 0.3946917808219179 0.8771676300578035
0 0.3159246575342466 0.3988439306358382 0.2602739726027397 0.3988439306358382 0.2602739726027397 0.4913294797687861 0.3159246575342466 0.4913294797687861
2 0.5693493150684932 0.513005780346821 0.523972602739726 0.513005780346821 0.523972602739726 0.5852601156069366 0.5693493150684932 0.5852601156069366