7 0.4032534246575342 0.5563583815028903 0.3775684931506849 0.5563583815028902 0.3775684931506849 0.596820809248555 0.4032534246575342 0.5968208092485551
13 0.3981164383561644 0.49566473988439314 0.3664383561643836 0.4956647398843931 0.3664383561643836 0.5491329479768787 0.3981164383561644 0.5491329479768787
11 0.4537671232876712 0.4942196531791909 0.4297945205479452 0.4942196531791909 0.4297945205479452 0.5346820809248557 0.4537671232876712 0.5346820809248557
3 0.4674657534246575 0.3684971098265897 0.4477739726027397 0.3684971098265897 0.4477739726027397 0.40606936416184986 0.4674657534246575 0.40606936416184986
9 0.3852739726027397 0.4436416184971098 0.3672945205479452 0.4436416184971098 0.3672945205479452 0.47832369942196534 0.3852739726027397 0.47832369942196534
10 0.6327054794520548 0.5187861271676302 0.6061643835616438 0.5187861271676302 0.6061643835616438 0.5621387283236996 0.6327054794520548 0.5621387283236996
3 0.4845890410958904 0.5491329479768787 0.4631849315068493 0.5491329479768787 0.4631849315068493 0.5867052023121389 0.4845890410958904 0.5867052023121389
5 0.5034246575342466 0.3612716763005781 0.4751712328767123 0.3612716763005781 0.4751712328767123 0.4075144508670522 0.5034246575342466 0.4075144508670522
5 0.41095890410958913 0.680635838150289 0.38613013698630144 0.680635838150289 0.38613013698630144 0.7254335260115607 0.41095890410958913 0.7254335260115609
8 0.6549657534246576 0.5187861271676302 0.6378424657534246 0.5187861271676302 0.6378424657534246 0.554913294797688 0.6549657534246576 0.554913294797688
3 0.464041095890411 0.3106936416184972 0.4443493150684932 0.3106936416184972 0.4443493150684932 0.34393063583815037 0.464041095890411 0.34393063583815037
8 0.646404109589041 0.39884393063583834 0.6284246575342466 0.39884393063583834 0.6284246575342466 0.4335260115606938 0.646404109589041 0.4335260115606938
2 0.5761986301369864 0.5924855491329482 0.5556506849315068 0.5924855491329482 0.5556506849315068 0.6257225433526014 0.5761986301369864 0.6257225433526014
1 0.3835616438356164 0.3800578034682081 0.3595890410958904 0.3800578034682081 0.3595890410958904 0.42485549132947975 0.3835616438356164 0.42485549132947975
2 0.5547945205479452 0.35404624277456653 0.5351027397260274 0.35404624277456653 0.5351027397260274 0.39017341040462444 0.5547945205479452 0.39017341040462444
3 0.4768835616438356 0.485549132947977 0.4571917808219178 0.485549132947977 0.4571917808219178 0.5216763005780348 0.4768835616438356 0.5216763005780348
6 0.5941780821917808 0.4089595375722545 0.5684931506849316 0.4089595375722545 0.5684931506849316 0.45086705202312155 0.5941780821917808 0.45086705202312155
9 0.4203767123287671 0.5028901734104048 0.4023972602739726 0.5028901734104048 0.4023972602739726 0.536127167630058 0.4203767123287671 0.536127167630058
4 0.5667808219178082 0.47109826589595394 0.5419520547945206 0.47109826589595394 0.5419520547945206 0.5173410404624279 0.5667808219178082 0.5173410404624279
2 0.550513698630137 0.2976878612716764 0.5291095890410958 0.2976878612716764 0.5291095890410958 0.3338150289017342 0.550513698630137 0.3338150289017342
1 0.6789383561643836 0.697976878612717 0.6532534246575342 0.697976878612717 0.6532534246575342 0.7398843930635838 0.6789383561643836 0.7398843930635838
10 0.6455479452054794 0.33236994219653193 0.6207191780821918 0.33236994219653193 0.6207191780821918 0.37427745664739903 0.6455479452054794 0.37427745664739903
12 0.6583904109589042 0.4537572254335262 0.6284246575342466 0.4537572254335262 0.6284246575342466 0.5057803468208094 0.6583904109589042 0.5057803468208094
0 0.5616438356164384 0.6546242774566475 0.5342465753424658 0.6546242774566475 0.5342465753424658 0.697976878612717 0.5616438356164384 0.697976878612717
7 0.4383561643835616 0.30780346820809257 0.4092465753424658 0.30780346820809257 0.4092465753424658 0.35404624277456653 0.4383561643835616 0.35404624277456653
4 0.589041095890411 0.3453757225433527 0.5625 0.3453757225433527 0.5625 0.3872832369942198 0.589041095890411 0.3872832369942198
6 0.5958904109589042 0.4653179190751447 0.5710616438356164 0.4653179190751447 0.5710616438356164 0.5086705202312141 0.5958904109589042 0.5086705202312141
0 0.6309931506849316 0.21531791907514466 0.6061643835616438 0.21531791907514466 0.6061643835616438 0.25867052023121406 0.6309931506849316 0.25867052023121406
11 0.4066780821917808 0.6184971098265897 0.3818493150684932 0.6184971098265896 0.3818493150684932 0.6632947976878614 0.4066780821917808 0.6632947976878615
2 0.535958904109589 0.4783236994219655 0.514554794520548 0.4783236994219655 0.514554794520548 0.5115606936416187 0.535958904109589 0.5115606936416187