1 0.7011986301369864 0.8251445086705202 0.666095890410959 0.8251445086705202 0.666095890410959 0.8916184971098265 0.7011986301369864 0.8916184971098265
11 0.521404109589041 0.3713872832369944 0.4863013698630137 0.3713872832369944 0.4863013698630137 0.4364161849710984 0.521404109589041 0.4364161849710984
10 0.651541095890411 0.7514450867052023 0.6147260273972602 0.7514450867052023 0.6147260273972602 0.819364161849711 0.651541095890411 0.819364161849711
6 0.5727739726027398 0.44219653179190765 0.538527397260274 0.44219653179190765 0.538527397260274 0.5057803468208094 0.5727739726027398 0.5057803468208094
5 0.6832191780821918 0.6632947976878615 0.646404109589041 0.6632947976878615 0.646404109589041 0.7283236994219655 0.6832191780821918 0.7283236994219655
12 0.34246575342465757 0.6286127167630058 0.2979452054794521 0.6286127167630058 0.2979452054794521 0.7052023121387283 0.3424657534246576 0.7052023121387283
0 0.636986301369863 0.27312138728323715 0.6018835616438356 0.27312138728323715 0.6018835616438356 0.3395953757225435 0.636986301369863 0.3395953757225435
7 0.4597602739726027 0.21965317919075153 0.4246575342465753 0.21965317919075153 0.4246575342465753 0.28323699421965326 0.4597602739726027 0.28323699421965326
7 0.6172945205479452 0.513005780346821 0.5821917808219178 0.513005780346821 0.5821917808219178 0.5765895953757227 0.6172945205479452 0.5765895953757227
4 0.428082191780822 0.7037572254335261 0.3904109589041097 0.703757225433526 0.3904109589041097 0.7687861271676301 0.428082191780822 0.7687861271676301
6 0.4006849315068493 0.46387283236994226 0.3655821917808219 0.4638728323699422 0.3655821917808219 0.527456647398844 0.4006849315068493 0.5274566473988441
13 0.7157534246575342 0.5650289017341042 0.672945205479452 0.5650289017341042 0.672945205479452 0.643063583815029 0.7157534246575342 0.643063583815029
11 0.6027397260273972 0.6763005780346822 0.5659246575342466 0.6763005780346822 0.5659246575342466 0.7427745664739884 0.6027397260273972 0.7427745664739884
2 0.521404109589041 0.7760115606936416 0.4931506849315068 0.7760115606936416 0.4931506849315068 0.8294797687861272 0.521404109589041 0.8294797687861272
3 0.5376712328767124 0.21387283236994228 0.5102739726027398 0.21387283236994228 0.5102739726027398 0.2687861271676301 0.5376712328767124 0.2687861271676301
5 0.6583904109589042 0.5028901734104048 0.622431506849315 0.5028901734104048 0.622431506849315 0.5664739884393065 0.6583904109589042 0.5664739884393065
9 0.6986301369863014 0.49855491329479784 0.6703767123287672 0.49855491329479784 0.6703767123287672 0.5520231213872834 0.6986301369863014 0.5520231213872834
8 0.3758561643835617 0.638728323699422 0.3467465753424658 0.638728323699422 0.3467465753424658 0.6921965317919075 0.37585616438356173 0.6921965317919075
3 0.4674657534246575 0.7080924855491331 0.4383561643835616 0.7080924855491331 0.4383561643835616 0.7615606936416185 0.4674657534246575 0.7615606936416185
0 0.3176369863013699 0.40173410404624277 0.2816780821917808 0.40173410404624277 0.2816780821917808 0.4653179190751445 0.3176369863013699 0.4653179190751445
2 0.4845890410958904 0.8713872832369942 0.4563356164383562 0.8713872832369942 0.4563356164383562 0.9263005780346821 0.4845890410958904 0.9263005780346821
9 0.6241438356164384 0.5982658959537573 0.5941780821917808 0.5982658959537573 0.5941780821917808 0.6502890173410406 0.6241438356164384 0.6502890173410406
3 0.603595890410959 0.7687861271676301 0.574486301369863 0.7687861271676301 0.574486301369863 0.8236994219653179 0.603595890410959 0.8236994219653179
3 0.5547945205479452 0.69364161849711 0.523972602739726 0.69364161849711 0.523972602739726 0.75 0.5547945205479452 0.75
4 0.4289383561643836 0.300578034682081 0.3929794520547945 0.300578034682081 0.3929794520547945 0.3684971098265897 0.4289383561643836 0.3684971098265897
1 0.6001712328767124 0.36127167630057816 0.5659246575342466 0.3612716763005781 0.5659246575342466 0.42630057803468224 0.6001712328767124 0.42630057803468224
3 0.5282534246575342 0.45520231213872847 0.5008561643835616 0.45520231213872847 0.5008561643835616 0.5057803468208094 0.5282534246575342 0.5057803468208094
2 0.3792808219178082 0.3106936416184972 0.348458904109589 0.3106936416184972 0.348458904109589 0.3656069364161851 0.3792808219178082 0.3656069364161851
2 0.4931506849315068 0.5346820809248557 0.4648972602739726 0.5346820809248557 0.4648972602739726 0.5881502890173412 0.4931506849315068 0.5881502890173412
2 0.4469178082191781 0.4725433526011562 0.4195205479452055 0.4725433526011562 0.4195205479452055 0.5231213872832372 0.4469178082191781 0.5231213872832372
10 0.39383561643835624 0.8005780346820809 0.3570205479452056 0.8005780346820809 0.3570205479452056 0.8670520231213873 0.39383561643835624 0.8670520231213873
8 0.4092465753424658 0.5578034682080926 0.3792808219178082 0.5578034682080925 0.3792808219178082 0.6069364161849712 0.4092465753424658 0.6069364161849713