3 0.8626760563380284 0.5115830115830116 0.785211267605634 0.5115830115830116 0.785211267605634 0.555019305019305 0.8626760563380284 0.555019305019305
3 0.4119718309859156 0.5540540540540541 0.3380281690140846 0.5540540540540541 0.3380281690140846 0.5955598455598455 0.4119718309859156 0.5955598455598455
3 0.7271126760563382 0.48455598455598453 0.6496478873239439 0.48455598455598453 0.6496478873239439 0.528957528957529 0.7271126760563382 0.528957528957529
9 0.5299295774647887 0.36196911196911197 0.4524647887323944 0.36196911196911197 0.4524647887323944 0.4034749034749035 0.5299295774647887 0.4034749034749035
3 0.30809859154929586 0.5762548262548263 0.22711267605633814 0.5762548262548263 0.22711267605633814 0.6216216216216216 0.30809859154929586 0.6216216216216216
1 0.14612676056338042 0.667953667953668 0.03873239436619733 0.667953667953668 0.03873239436619734 0.7268339768339769 0.14612676056338042 0.7268339768339769
5 0.609154929577465 0.4517374517374517 0.49647887323943685 0.4517374517374517 0.49647887323943685 0.5125482625482626 0.609154929577465 0.5125482625482626
3 0.2059859154929579 0.6003861003861004 0.12852112676056354 0.6003861003861004 0.12852112676056354 0.6438223938223938 0.2059859154929579 0.6438223938223938
11 0.5316901408450706 0.5260617760617761 0.4278169014084508 0.5260617760617761 0.4278169014084508 0.582046332046332 0.5316901408450706 0.582046332046332
7 0.7112676056338029 0.4295366795366795 0.602112676056338 0.4295366795366795 0.6021126760563381 0.4874517374517375 0.711267605633803 0.4874517374517375
7 0.39788732394366205 0.49903474903474904 0.290492957746479 0.49903474903474904 0.290492957746479 0.555019305019305 0.39788732394366205 0.555019305019305
6 0.5845070422535213 0.7953667953667953 0.47359154929577485 0.7953667953667953 0.47359154929577485 0.8542471042471043 0.5845070422535213 0.8542471042471043
12 0.7007042253521129 0.7702702702702703 0.5757042253521129 0.7702702702702703 0.5757042253521129 0.8368725868725869 0.7007042253521129 0.8368725868725869
4 0.7640845070422537 0.6988416988416989 0.6514084507042256 0.6988416988416989 0.6514084507042256 0.7577220077220077 0.7640845070422537 0.7577220077220077
11 0.7482394366197183 0.3079150579150579 0.6426056338028169 0.3079150579150579 0.6426056338028169 0.36486486486486486 0.7482394366197183 0.36486486486486486
9 0.45774647887323955 0.4333976833976834 0.3767605633802818 0.4333976833976834 0.3767605633802818 0.4768339768339768 0.45774647887323966 0.4768339768339768
5 0.36443661971831 0.44884169884169883 0.25880281690140855 0.44884169884169883 0.25880281690140855 0.5067567567567568 0.36443661971831 0.5067567567567568
10 0.5228873239436622 0.6959459459459459 0.4154929577464791 0.6959459459459459 0.4154929577464791 0.7538610038610039 0.5228873239436622 0.7538610038610039
6 0.8679577464788735 0.6766409266409267 0.7605633802816903 0.6766409266409267 0.7605633802816903 0.7355212355212355 0.8679577464788735 0.7355212355212355
2 0.9278169014084507 0.61003861003861 0.8450704225352115 0.61003861003861 0.8450704225352115 0.6563706563706564 0.9278169014084507 0.6563706563706564
8 0.8151408450704227 0.8040540540540541 0.72887323943662 0.8040540540540541 0.72887323943662 0.8503861003861004 0.8151408450704227 0.8503861003861004
8 0.6073943661971833 0.8523166023166023 0.5211267605633805 0.8523166023166023 0.5211267605633805 0.8957528957528957 0.6073943661971833 0.8957528957528957
2 0.19894366197183116 0.7741312741312741 0.11443661971831001 0.7741312741312741 0.11443661971831004 0.8175675675675675 0.1989436619718312 0.8175675675675675
2 0.3063380281690143 0.749034749034749 0.22007042253521142 0.749034749034749 0.22007042253521145 0.7934362934362934 0.3063380281690143 0.7934362934362934
0 0.8978873239436622 0.7277992277992278 0.7869718309859157 0.7277992277992278 0.7869718309859157 0.7857142857142857 0.8978873239436622 0.7857142857142857
10 0.9471830985915493 0.4835907335907337 0.8732394366197185 0.4835907335907337 0.8732394366197185 0.5415057915057915 0.9471830985915493 0.5415057915057915
13 0.443661971830986 0.3764478764478765 0.3274647887323945 0.3764478764478765 0.3274647887323945 0.4343629343629344 0.443661971830986 0.4343629343629344
2 0.586267605633803 0.6293436293436293 0.5017605633802819 0.6293436293436293 0.5017605633802819 0.6756756756756757 0.586267605633803 0.6756756756756757
0 0.4788732394366199 0.8166023166023166 0.36443661971831004 0.8166023166023166 0.36443661971831004 0.8803088803088803 0.4788732394366199 0.8803088803088803
4 0.5563380281690142 0.747104247104247 0.4454225352112678 0.747104247104247 0.4454225352112678 0.8040540540540541 0.5563380281690142 0.8040540540540541