3 0.8591549295774649 0.42181467181467186 0.801056338028169 0.4218146718146718 0.8010563380281691 0.45945945945945954 0.859154929577465 0.4594594594594596
3 0.30985915492957755 0.4218146718146718 0.24823943661971842 0.4218146718146718 0.24823943661971842 0.4594594594594595 0.30985915492957755 0.4594594594594595
3 0.7464788732394367 0.42277992277992277 0.6919014084507042 0.42277992277992277 0.6919014084507044 0.4575289575289575 0.7464788732394368 0.4575289575289575
7 0.4260563380281691 0.4700772200772201 0.3521126760563381 0.4700772200772201 0.3521126760563381 0.5106177606177607 0.4260563380281691 0.5106177606177607
9 0.415492957746479 0.583976833976834 0.36091549295774655 0.583976833976834 0.36091549295774655 0.6196911196911197 0.415492957746479 0.6196911196911197
9 0.637323943661972 0.583976833976834 0.580985915492958 0.583976833976834 0.580985915492958 0.6206563706563707 0.637323943661972 0.6206563706563707
3 0.415492957746479 0.42374517374517373 0.35915492957746487 0.42374517374517373 0.35915492957746487 0.4584942084942085 0.415492957746479 0.4584942084942085
5 0.3169014084507043 0.47104247104247104 0.23767605633802827 0.47104247104247104 0.23767605633802827 0.5173745173745173 0.3169014084507043 0.5173745173745173
5 0.6443661971830988 0.4700772200772201 0.5686619718309861 0.4700772200772201 0.5686619718309861 0.5154440154440154 0.6443661971830988 0.5154440154440154
3 0.08626760563380291 0.4218146718146718 0.028169014084507144 0.4218146718146718 0.028169014084507144 0.4575289575289575 0.08626760563380291 0.4575289575289575
12 0.5422535211267606 0.14478764478764483 0.45598591549295775 0.14478764478764483 0.45598591549295775 0.19691119691119696 0.5422535211267606 0.19691119691119696
11 0.540492957746479 0.4189189189189189 0.4595070422535211 0.4189189189189189 0.45950704225352124 0.4623552123552124 0.5404929577464791 0.4623552123552124
10 0.20598591549295778 0.09362934362934364 0.13204225352112675 0.09362934362934362 0.13204225352112678 0.138996138996139 0.2059859154929578 0.138996138996139
6 0.2059859154929578 0.20173745173745175 0.12852112676056343 0.20173745173745175 0.12852112676056343 0.24806949806949807 0.2059859154929578 0.24806949806949807
0 0.9735915492957746 0.09652509652509658 0.9014084507042254 0.09652509652509658 0.9014084507042254 0.14092664092664098 0.9735915492957746 0.14092664092664098
10 0.8661971830985915 0.09362934362934368 0.7922535211267606 0.09362934362934368 0.7922535211267606 0.1380308880308881 0.8661971830985915 0.1380308880308881
4 0.6461267605633803 0.2017374517374518 0.5669014084507042 0.2017374517374518 0.5669014084507042 0.2461389961389962 0.6461267605633803 0.2461389961389962
1 0.0950704225352114 0.5791505791505791 0.021126760563380413 0.5791505791505791 0.021126760563380417 0.6225868725868726 0.09507042253521142 0.6225868725868726
8 0.6390845070422535 0.10038610038610042 0.579225352112676 0.10038610038610041 0.579225352112676 0.13320463320463327 0.6390845070422535 0.13320463320463327
6 0.5387323943661971 0.2017374517374518 0.4595070422535211 0.2017374517374518 0.4595070422535211 0.2471042471042471 0.5387323943661971 0.2471042471042471
8 0.41725352112676056 0.10135135135135138 0.3573943661971831 0.10135135135135138 0.3573943661971831 0.13223938223938228 0.41725352112676056 0.13223938223938228
2 0.20070422535211271 0.26158301158301156 0.13908450704225356 0.26158301158301156 0.13908450704225356 0.2953667953667954 0.20070422535211271 0.2953667953667954
2 0.9683098591549296 0.25965250965250974 0.9049295774647887 0.25965250965250974 0.9049295774647887 0.29633204633204646 0.9683098591549296 0.29633204633204646
2 0.8609154929577465 0.2615830115830116 0.795774647887324 0.26158301158301156 0.795774647887324 0.29826254826254833 0.8609154929577465 0.2982625482625484
4 0.42957746478873243 0.20173745173745178 0.34683098591549294 0.20173745173745175 0.346830985915493 0.2451737451737452 0.4295774647887325 0.24517374517374524
2 0.5316901408450704 0.3156370656370656 0.4665492957746479 0.3156370656370656 0.4665492957746479 0.3503861003861004 0.5316901408450704 0.3503861003861004
1 0.9735915492957746 0.36293436293436304 0.8943661971830986 0.36293436293436304 0.8943661971830986 0.40733590733590747 0.9735915492957746 0.40733590733590747
11 0.8644366197183101 0.5772200772200772 0.7887323943661974 0.5772200772200772 0.7887323943661974 0.6225868725868726 0.8644366197183101 0.6225868725868726
2 0.08802816901408457 0.2635135135135135 0.026408450704225407 0.2635135135135135 0.026408450704225414 0.2944015444015444 0.08802816901408458 0.2944015444015444
7 0.5369718309859157 0.47297297297297297 0.45950704225352135 0.47297297297297297 0.45950704225352135 0.5154440154440154 0.5369718309859157 0.5154440154440154
13 0.5387323943661974 0.5231660231660231 0.45774647887323966 0.5231660231660231 0.45774647887323966 0.5694980694980695 0.5387323943661974 0.5694980694980695
0 0.31690140845070425 0.15154440154440155 0.23591549295774647 0.15154440154440155 0.23591549295774647 0.19498069498069498 0.31690140845070425 0.19498069498069498