1 0.735445205479452 0.5101156069364163 0.6875 0.5101156069364163 0.6875 0.5910404624277459 0.735445205479452 0.5910404624277459
7 0.348458904109589 0.21387283236994228 0.3022260273972603 0.21387283236994228 0.3022260273972603 0.29046242774566483 0.348458904109589 0.29046242774566483
1 0.5051369863013698 0.2023121387283238 0.4589041095890411 0.2023121387283238 0.4589041095890411 0.277456647398844 0.5051369863013698 0.277456647398844
7 0.5676369863013698 0.31791907514450873 0.521404109589041 0.31791907514450873 0.521404109589041 0.39450867052023136 0.5676369863013698 0.39450867052023136
5 0.5976027397260274 0.2702312138728325 0.5522260273972602 0.27023121387283244 0.5522260273972602 0.346820809248555 0.5976027397260274 0.3468208092485551
11 0.6070205479452054 0.4768786127167632 0.559931506849315 0.4768786127167632 0.559931506849315 0.5563583815028903 0.6070205479452054 0.5563583815028903
0 0.5068493150684932 0.0939306358381504 0.461472602739726 0.09393063583815037 0.461472602739726 0.16907514450867062 0.5068493150684932 0.16907514450867064
5 0.6686643835616438 0.3843930635838152 0.6190068493150684 0.3843930635838152 0.6190068493150684 0.46676300578034696 0.6686643835616438 0.46676300578034696
6 0.509417808219178 0.2976878612716764 0.4631849315068493 0.2976878612716764 0.4631849315068493 0.3728323699421967 0.509417808219178 0.3728323699421967
2 0.5702054794520548 0.6401734104046244 0.5333904109589042 0.6401734104046244 0.5333904109589042 0.7023121387283239 0.5702054794520548 0.7023121387283239
4 0.4768835616438356 0.6676300578034684 0.4297945205479452 0.6676300578034684 0.42979452054794526 0.7442196531791907 0.4768835616438356 0.7442196531791907
12 0.3886986301369864 0.6864161849710982 0.33133561643835624 0.6864161849710982 0.33133561643835624 0.7817919075144508 0.3886986301369864 0.7817919075144508
10 0.6712328767123288 0.49132947976878627 0.6198630136986302 0.49132947976878627 0.6198630136986302 0.5751445086705204 0.6712328767123288 0.5751445086705204
13 0.6669520547945206 0.2716763005780348 0.610445205479452 0.2716763005780348 0.610445205479452 0.3641618497109828 0.6669520547945206 0.3641618497109828
3 0.4066780821917808 0.1358381502890174 0.3698630136986301 0.1358381502890174 0.3698630136986301 0.19653179190751452 0.4066780821917808 0.19653179190751452
2 0.3116438356164384 0.3699421965317919 0.2722602739726027 0.3699421965317919 0.2722602739726027 0.43352601156069365 0.3116438356164384 0.43352601156069365
3 0.5068493150684932 0.6343930635838152 0.4683219178082192 0.6343930635838152 0.4683219178082192 0.6965317919075146 0.5068493150684932 0.6965317919075146
0 0.2902397260273973 0.5101156069364162 0.24743150684931506 0.5101156069364162 0.24743150684931506 0.5809248554913294 0.2902397260273973 0.5809248554913294
8 0.4109589041095891 0.6604046242774567 0.3732876712328767 0.6604046242774566 0.37328767123287676 0.7239884393063585 0.41095890410958913 0.7239884393063586
3 0.473458904109589 0.35260115606936426 0.4375 0.35260115606936426 0.4375 0.4132947976878614 0.473458904109589 0.4132947976878614
9 0.625 0.22976878612716775 0.589041095890411 0.22976878612716772 0.589041095890411 0.28901734104046256 0.625 0.2890173410404626
6 0.3801369863013699 0.4841040462427746 0.3339041095890411 0.4841040462427746 0.3339041095890411 0.5606936416184971 0.3801369863013699 0.5606936416184971
2 0.574486301369863 0.7557803468208093 0.535958904109589 0.7557803468208093 0.535958904109589 0.819364161849711 0.574486301369863 0.819364161849711
2 0.413527397260274 0.44797687861271684 0.3775684931506849 0.4479768786127168 0.3775684931506849 0.5072254335260117 0.413527397260274 0.5072254335260117
3 0.5693493150684932 0.5390173410404626 0.5333904109589042 0.5390173410404626 0.5333904109589042 0.5982658959537573 0.5693493150684932 0.5982658959537573
4 0.3501712328767123 0.31502890173410414 0.3056506849315068 0.31502890173410414 0.3056506849315068 0.38872832369942195 0.3501712328767123 0.38872832369942195
8 0.4101027397260274 0.5578034682080926 0.3741438356164384 0.5578034682080925 0.3741438356164384 0.6170520231213874 0.4101027397260274 0.6170520231213874
10 0.4794520547945205 0.7875722543352601 0.4323630136986302 0.7875722543352601 0.4323630136986302 0.865606936416185 0.4794520547945205 0.865606936416185
9 0.5967465753424658 0.3858381502890175 0.5590753424657534 0.3858381502890175 0.5590753424657534 0.4494219653179192 0.5967465753424658 0.4494219653179192
3 0.6352739726027398 0.5534682080924858 0.5967465753424658 0.5534682080924858 0.5967465753424658 0.6156069364161851 0.6352739726027398 0.6156069364161851
11 0.4443493150684932 0.28323699421965326 0.3981164383561644 0.28323699421965326 0.3981164383561644 0.3598265895953758 0.4443493150684932 0.3598265895953758
2 0.4700342465753425 0.45520231213872847 0.4340753424657534 0.45520231213872847 0.4340753424657534 0.5144508670520233 0.4700342465753425 0.5144508670520233