1 0.535958904109589 0.18641618497109835 0.4991438356164384 0.18641618497109835 0.4991438356164384 0.24566473988439314 0.535958904109589 0.24566473988439314
13 0.6386986301369864 0.2630057803468209 0.5941780821917808 0.26300578034682087 0.5941780821917808 0.3338150289017342 0.6386986301369864 0.33381502890173426
11 0.5445205479452054 0.3482658959537573 0.5077054794520548 0.3482658959537573 0.5077054794520548 0.40606936416184986 0.5445205479452054 0.40606936416184986
6 0.6181506849315068 0.46676300578034696 0.5830479452054794 0.46676300578034696 0.5830479452054794 0.5231213872832372 0.6181506849315068 0.5231213872832372
12 0.4383561643835616 0.6329479768786128 0.3938356164383562 0.6329479768786127 0.39383561643835624 0.7052023121387284 0.4383561643835616 0.7052023121387285
5 0.5881849315068494 0.26734104046242785 0.5513698630136986 0.26734104046242785 0.5513698630136986 0.3251445086705203 0.5881849315068494 0.3251445086705203
0 0.708904109589041 0.4609826589595377 0.672945205479452 0.4609826589595377 0.672945205479452 0.5187861271676302 0.708904109589041 0.5187861271676302
10 0.398972602739726 0.5173410404624278 0.3613013698630137 0.5173410404624278 0.3613013698630137 0.5780346820809249 0.398972602739726 0.578034682080925
7 0.6121575342465754 0.39450867052023136 0.5761986301369864 0.39450867052023136 0.5761986301369864 0.4523121387283239 0.6121575342465754 0.4523121387283239
0 0.5128424657534246 0.7471098265895953 0.4768835616438356 0.7471098265895953 0.4768835616438356 0.8049132947976878 0.5128424657534246 0.8049132947976878
7 0.646404109589041 0.666184971098266 0.610445205479452 0.666184971098266 0.610445205479452 0.7239884393063586 0.646404109589041 0.7239884393063586
2 0.4169520547945205 0.3973988439306359 0.386986301369863 0.39739884393063585 0.386986301369863 0.4465317919075145 0.4169520547945205 0.44653179190751463
4 0.603595890410959 0.6676300578034684 0.5667808219178082 0.6676300578034684 0.5667808219178082 0.7254335260115609 0.603595890410959 0.7254335260115609
3 0.5154109589041096 0.39450867052023136 0.4845890410958904 0.39450867052023136 0.4845890410958904 0.44219653179190765 0.5154109589041096 0.44219653179190765
3 0.5924657534246576 0.5101156069364163 0.5642123287671232 0.5101156069364163 0.5642123287671232 0.5534682080924858 0.5924657534246576 0.5534682080924858
2 0.547945205479452 0.5910404624277459 0.5196917808219178 0.5910404624277459 0.5196917808219178 0.6358381502890175 0.547945205479452 0.6358381502890175
3 0.684931506849315 0.5924855491329482 0.6566780821917808 0.5924855491329482 0.6566780821917808 0.6372832369942198 0.684931506849315 0.6372832369942198
9 0.6566780821917808 0.3164739884393065 0.6267123287671232 0.3164739884393065 0.6267123287671232 0.3641618497109828 0.6566780821917808 0.3641618497109828
8 0.4974315068493151 0.601156069364162 0.4691780821917808 0.601156069364162 0.4691780821917808 0.647398843930636 0.4974315068493151 0.647398843930636
3 0.4700342465753425 0.48265895953757243 0.4417808219178082 0.48265895953757243 0.4417808219178082 0.5289017341040464 0.4700342465753425 0.5289017341040464
2 0.4691780821917808 0.4002890173410406 0.4400684931506849 0.4002890173410406 0.4400684931506849 0.4450867052023123 0.4691780821917808 0.4450867052023123
10 0.5393835616438356 0.27023121387283244 0.502568493150685 0.27023121387283244 0.502568493150685 0.32803468208092496 0.5393835616438356 0.32803468208092496
11 0.6215753424657534 0.5447976878612718 0.5847602739726028 0.5447976878612718 0.5847602739726028 0.6026011560693644 0.6215753424657534 0.6026011560693644
3 0.511986301369863 0.31502890173410414 0.4820205479452055 0.31502890173410414 0.4820205479452055 0.36416184971098275 0.511986301369863 0.36416184971098275
8 0.4520547945205479 0.601156069364162 0.4229452054794521 0.601156069364162 0.4229452054794521 0.6488439306358383 0.4520547945205479 0.6488439306358383
6 0.5273972602739726 0.6358381502890175 0.4922945205479452 0.6358381502890175 0.4922945205479452 0.69364161849711 0.5273972602739726 0.69364161849711
2 0.5470890410958904 0.5158959537572256 0.5162671232876712 0.5158959537572256 0.5162671232876712 0.5664739884393065 0.5470890410958904 0.5664739884393065
4 0.4537671232876712 0.5187861271676302 0.4169520547945205 0.5187861271676302 0.4169520547945205 0.578034682080925 0.4537671232876712 0.578034682080925
5 0.6352739726027398 0.3497109826589597 0.598458904109589 0.3497109826589597 0.598458904109589 0.4089595375722545 0.6352739726027398 0.4089595375722545
2 0.5753424657534246 0.7196531791907516 0.5453767123287672 0.7196531791907516 0.5453767123287672 0.7673410404624278 0.5753424657534246 0.7673410404624278
9 0.5830479452054794 0.35549132947976886 0.5547945205479452 0.35549132947976886 0.5547945205479452 0.40173410404624293 0.5830479452054794 0.40173410404624293
1 0.6618150684931506 0.46676300578034696 0.625 0.46676300578034696 0.625 0.5260115606936417 0.6618150684931506 0.5260115606936417