11 0.4794520547945205 0.5375722543352602 0.4452054794520548 0.5375722543352602 0.4452054794520548 0.5939306358381504 0.4794520547945205 0.5939306358381504
4 0.3998287671232877 0.3829479768786128 0.3664383561643836 0.3829479768786127 0.3664383561643836 0.4378612716763007 0.3998287671232877 0.43786127167630073
12 0.3904109589041096 0.2731213872832371 0.351027397260274 0.2731213872832371 0.351027397260274 0.3381502890173411 0.3904109589041096 0.3381502890173411
13 0.5710616438356164 0.6026011560693644 0.5282534246575342 0.6026011560693644 0.5282534246575342 0.67485549132948 0.5710616438356164 0.67485549132948
1 0.5933219178082192 0.4161849710982661 0.5590753424657534 0.4161849710982661 0.5590753424657534 0.4725433526011562 0.5933219178082192 0.4725433526011562
6 0.5513698630136986 0.420520231213873 0.5179794520547946 0.420520231213873 0.5179794520547946 0.47543352601156086 0.5513698630136986 0.47543352601156086
5 0.5205479452054794 0.6141618497109829 0.4845890410958904 0.6141618497109829 0.4845890410958904 0.6734104046242776 0.5205479452054794 0.6734104046242776
10 0.3527397260273973 0.38872832369942195 0.3210616438356164 0.38872832369942195 0.3210616438356164 0.4421965317919075 0.3527397260273973 0.4421965317919075
7 0.5462328767123288 0.489884393063584 0.5102739726027398 0.489884393063584 0.5102739726027398 0.5462427745664742 0.5462328767123288 0.5462427745664742
4 0.5376712328767124 0.23554913294797697 0.5059931506849316 0.23554913294797697 0.5059931506849316 0.2890173410404625 0.5376712328767124 0.2890173410404625
0 0.6412671232876712 0.41907514450867067 0.6070205479452054 0.41907514450867067 0.6070205479452054 0.4768786127167632 0.6412671232876712 0.4768786127167632
7 0.5796232876712328 0.23265895953757235 0.5470890410958904 0.23265895953757235 0.5470890410958904 0.2861271676300579 0.5796232876712328 0.2861271676300579
0 0.4589041095890411 0.17774566473988448 0.4280821917808219 0.17774566473988448 0.4280821917808219 0.2283236994219654 0.4589041095890411 0.2283236994219654
5 0.5667808219178082 0.5303468208092487 0.5316780821917808 0.5303468208092487 0.5316780821917808 0.5867052023121389 0.5667808219178082 0.5867052023121389
2 0.4118150684931507 0.5014450867052024 0.3852739726027397 0.5014450867052023 0.3852739726027397 0.5462427745664741 0.4118150684931507 0.5462427745664742
10 0.4743150684931507 0.6127167630057805 0.4392123287671233 0.6127167630057805 0.4392123287671233 0.6705202312138729 0.4743150684931507 0.6705202312138729
11 0.5547945205479452 0.34393063583815037 0.5205479452054794 0.34393063583815037 0.5205479452054794 0.4002890173410406 0.5547945205479452 0.4002890173410406
2 0.4837328767123288 0.3858381502890175 0.4580479452054795 0.3858381502890175 0.4580479452054795 0.4291907514450869 0.4837328767123288 0.4291907514450869
2 0.4863013698630137 0.3208092485549134 0.4606164383561644 0.3208092485549134 0.4606164383561644 0.36416184971098275 0.4863013698630137 0.36416184971098275
3 0.4486301369863014 0.5794797687861273 0.4212328767123288 0.5794797687861273 0.4212328767123288 0.6257225433526014 0.4486301369863014 0.6257225433526014
2 0.3655821917808219 0.5043352601156069 0.339041095890411 0.5043352601156069 0.339041095890411 0.5491329479768786 0.3655821917808219 0.5491329479768786
3 0.5273972602739726 0.39017341040462444 0.5 0.39017341040462444 0.5 0.43497109826589614 0.5273972602739726 0.43497109826589614
3 0.413527397260274 0.42774566473988446 0.3878424657534247 0.4277456647398844 0.3878424657534247 0.47254335260115615 0.413527397260274 0.4725433526011562
9 0.5881849315068494 0.5751445086705204 0.559931506849315 0.5751445086705204 0.559931506849315 0.6213872832369944 0.5881849315068494 0.6213872832369944
3 0.6164383561643836 0.3078034682080926 0.589041095890411 0.30780346820809257 0.589041095890411 0.35260115606936426 0.6164383561643836 0.3526011560693643
8 0.3998287671232877 0.31936416184971106 0.375 0.31936416184971106 0.375 0.3612716763005781 0.3998287671232877 0.3612716763005781
3 0.4537671232876712 0.5028901734104048 0.4272260273972603 0.5028901734104048 0.4272260273972603 0.5476878612716765 0.4537671232876712 0.5476878612716765
8 0.4417808219178082 0.31936416184971106 0.4160958904109589 0.31936416184971106 0.4160958904109589 0.3612716763005781 0.4417808219178082 0.3612716763005781
1 0.4691780821917808 0.69364161849711 0.4340753424657535 0.69364161849711 0.4340753424657535 0.7528901734104047 0.4691780821917808 0.7528901734104047
6 0.4700342465753425 0.27167630057803477 0.4375 0.27167630057803477 0.4375 0.32658959537572263 0.4700342465753425 0.32658959537572263
2 0.5128424657534246 0.2023121387283238 0.4871575342465753 0.2023121387283238 0.4871575342465753 0.24421965317919084 0.5128424657534246 0.24421965317919084
9 0.5171232876712328 0.5375722543352602 0.4897260273972603 0.5375722543352602 0.4897260273972603 0.5823699421965319 0.5171232876712328 0.5823699421965319