11 0.6909246575342466 0.578034682080925 0.6378424657534246 0.578034682080925 0.6378424657534246 0.6690751445086707 0.6909246575342466 0.6690751445086707
4 0.4315068493150685 0.2601156069364163 0.3827054794520548 0.2601156069364163 0.3827054794520548 0.3453757225433527 0.4315068493150685 0.3453757225433527
1 0.6309931506849316 0.2095375722543354 0.5796232876712328 0.20953757225433534 0.5796232876712328 0.2991329479768787 0.6309931506849316 0.2991329479768788
10 0.7611301369863014 0.6300578034682083 0.7071917808219178 0.6300578034682083 0.7071917808219178 0.7239884393063586 0.7611301369863014 0.7239884393063586
5 0.7842465753424658 0.5072254335260117 0.728595890410959 0.5072254335260117 0.728595890410959 0.601156069364162 0.7842465753424658 0.601156069364162
2 0.6147260273972602 0.7384393063583816 0.574486301369863 0.7384393063583816 0.574486301369863 0.8092485549132948 0.6147260273972602 0.8092485549132948
10 0.4863013698630137 0.8352601156069365 0.4375000000000001 0.8352601156069365 0.4375000000000001 0.9219653179190751 0.4863013698630137 0.9219653179190751
7 0.449486301369863 0.1445086705202313 0.398972602739726 0.1445086705202313 0.398972602739726 0.23265895953757235 0.449486301369863 0.23265895953757235
6 0.615582191780822 0.3193641618497111 0.5633561643835616 0.31936416184971106 0.5633561643835616 0.4089595375722545 0.615582191780822 0.4089595375722545
4 0.5034246575342466 0.7052023121387285 0.4537671232876712 0.7052023121387285 0.4537671232876712 0.791907514450867 0.5034246575342466 0.791907514450867
6 0.4323630136986301 0.46098265895953766 0.3835616438356164 0.46098265895953755 0.3835616438356164 0.5462427745664741 0.4323630136986301 0.5462427745664742
0 0.336472602739726 0.4407514450867052 0.2876712328767123 0.4407514450867052 0.2876712328767123 0.5245664739884393 0.336472602739726 0.5245664739884393
7 0.678082191780822 0.3757225433526013 0.6232876712328768 0.3757225433526013 0.6232876712328768 0.4696531791907516 0.678082191780822 0.4696531791907516
1 0.836472602739726 0.6878612716763007 0.7816780821917808 0.6878612716763007 0.7816780821917808 0.781791907514451 0.836472602739726 0.7817919075144512
3 0.5436643835616438 0.6921965317919077 0.5034246575342466 0.6921965317919077 0.5034246575342466 0.7630057803468208 0.5436643835616438 0.7630057803468208
5 0.726027397260274 0.3395953757225435 0.6746575342465754 0.3395953757225435 0.6746575342465754 0.43063583815028916 0.726027397260274 0.43063583815028916
12 0.40325342465753433 0.6777456647398845 0.3424657534246576 0.6777456647398844 0.3424657534246576 0.7817919075144508 0.40325342465753433 0.7817919075144508
2 0.5950342465753424 0.8627167630057804 0.5539383561643836 0.8627167630057804 0.5539383561643836 0.9335260115606936 0.5950342465753424 0.9335260115606936
2 0.4794520547945205 0.43786127167630073 0.4383561643835616 0.43786127167630073 0.4383561643835616 0.5072254335260117 0.4794520547945205 0.5072254335260117
8 0.43578767123287676 0.666184971098266 0.3955479452054795 0.6661849710982659 0.3955479452054795 0.7341040462427747 0.4357876712328768 0.7341040462427747
3 0.7080479452054794 0.6763005780346822 0.666095890410959 0.6763005780346822 0.666095890410959 0.7514450867052023 0.7080479452054794 0.7514450867052023
2 0.5402397260273972 0.4812138728323701 0.4991438356164384 0.4812138728323701 0.4991438356164384 0.5520231213872834 0.5402397260273972 0.5520231213872834
3 0.5325342465753424 0.08236994219653189 0.4914383561643836 0.08236994219653189 0.4914383561643836 0.15606936416184983 0.5325342465753424 0.15606936416184983
2 0.3801369863013699 0.3049132947976879 0.3407534246575342 0.3049132947976879 0.3407534246575342 0.37427745664739887 0.3801369863013699 0.37427745664739887
3 0.636986301369863 0.6271676300578036 0.5950342465753424 0.6271676300578036 0.5950342465753424 0.697976878612717 0.636986301369863 0.697976878612717
3 0.565068493150685 0.3656069364161851 0.5248287671232876 0.3656069364161851 0.5248287671232876 0.43786127167630073 0.565068493150685 0.43786127167630073
9 0.771404109589041 0.3020231213872834 0.7277397260273972 0.3020231213872834 0.7277397260273972 0.3771676300578036 0.771404109589041 0.3771676300578036
11 0.5436643835616438 0.2731213872832371 0.4922945205479452 0.2731213872832371 0.4922945205479452 0.3612716763005781 0.5436643835616438 0.3612716763005781
8 0.4537671232876712 0.5563583815028903 0.4143835616438356 0.5563583815028903 0.4143835616438356 0.6257225433526014 0.4537671232876712 0.6257225433526014
0 0.6592465753424658 0.08236994219653193 0.6044520547945206 0.08236994219653192 0.6044520547945206 0.17052023121387297 0.6592465753424658 0.17052023121387297
9 0.7003424657534246 0.47109826589595394 0.6575342465753424 0.47109826589595394 0.6575342465753424 0.5462427745664742 0.7003424657534246 0.5462427745664742
13 0.8056506849315068 0.3728323699421967 0.7422945205479452 0.3728323699421967 0.7422945205479452 0.48410404624277475 0.8056506849315068 0.48410404624277475