11 0.4443493150684932 0.48699421965317935 0.4186643835616438 0.48699421965317935 0.4186643835616438 0.5231213872832372 0.4443493150684932 0.5231213872832372
4 0.4520547945205479 0.2846820809248556 0.4272260273972603 0.2846820809248556 0.4272260273972603 0.31936416184971106 0.4520547945205479 0.31936416184971106
12 0.488013698630137 0.19075144508670527 0.4606164383561644 0.19075144508670527 0.4606164383561644 0.23410404624277464 0.488013698630137 0.23410404624277464
13 0.4794520547945205 0.6372832369942198 0.4477739726027397 0.6372832369942198 0.4477739726027397 0.6820809248554915 0.4794520547945205 0.6820809248554915
1 0.5753424657534246 0.536127167630058 0.550513698630137 0.536127167630058 0.550513698630137 0.5722543352601158 0.5753424657534246 0.5722543352601158
6 0.5445205479452054 0.4884393063583817 0.5205479452054794 0.4884393063583817 0.5205479452054794 0.5245664739884395 0.5445205479452054 0.5245664739884395
5 0.4400684931506849 0.5867052023121389 0.4160958904109589 0.5867052023121389 0.4160958904109589 0.6286127167630059 0.4400684931506849 0.6286127167630059
10 0.4169520547945205 0.23410404624277464 0.3921232876712329 0.23410404624277464 0.3921232876712329 0.26734104046242785 0.4169520547945205 0.26734104046242785
7 0.5111301369863014 0.5303468208092487 0.4854452054794521 0.5303468208092487 0.4854452054794521 0.5679190751445088 0.5111301369863014 0.5679190751445088
4 0.613013698630137 0.3424855491329481 0.5881849315068494 0.34248554913294804 0.5881849315068494 0.3757225433526013 0.613013698630137 0.3757225433526013
0 0.6095890410958904 0.5939306358381504 0.5830479452054794 0.5939306358381504 0.5830479452054794 0.6300578034682083 0.6095890410958904 0.6300578034682083
7 0.6429794520547946 0.3887283236994221 0.6207191780821918 0.3887283236994221 0.6207191780821918 0.4248554913294799 0.6429794520547946 0.4248554913294799
0 0.5804794520547946 0.20953757225433534 0.5573630136986302 0.20953757225433534 0.5573630136986302 0.24132947976878621 0.5804794520547946 0.24132947976878621
5 0.5102739726027398 0.5838150289017343 0.4845890410958904 0.5838150289017343 0.4845890410958904 0.6228323699421967 0.5102739726027398 0.6228323699421967
2 0.413527397260274 0.3858381502890174 0.3929794520547945 0.38583815028901736 0.3929794520547945 0.41329479768786137 0.413527397260274 0.4132947976878614
10 0.4092465753424658 0.5346820809248556 0.3827054794520548 0.5346820809248555 0.3827054794520548 0.5708092485549133 0.4092465753424658 0.5708092485549134
11 0.5787671232876712 0.43930635838150306 0.5539383561643836 0.43930635838150306 0.5539383561643836 0.47398843930635853 0.5787671232876712 0.47398843930635853
2 0.5128424657534246 0.3887283236994221 0.4940068493150685 0.3887283236994221 0.4940068493150685 0.4161849710982661 0.5128424657534246 0.4161849710982661
2 0.5419520547945206 0.346820809248555 0.5231164383561644 0.346820809248555 0.5231164383561644 0.3728323699421967 0.5419520547945206 0.3728323699421967
3 0.4066780821917808 0.48410404624277464 0.3861301369863014 0.4841040462427746 0.3861301369863014 0.5144508670520233 0.4066780821917808 0.5144508670520233
2 0.3792808219178082 0.3338150289017342 0.3587328767123288 0.3338150289017342 0.3587328767123288 0.3612716763005781 0.3792808219178082 0.3612716763005781
3 0.5419520547945206 0.44364161849711 0.5222602739726028 0.44364161849711 0.5222602739726028 0.47109826589595394 0.5419520547945206 0.47109826589595394
3 0.4460616438356164 0.3367052023121388 0.425513698630137 0.3367052023121388 0.425513698630137 0.36416184971098275 0.4460616438356164 0.36416184971098275
9 0.5085616438356164 0.6445086705202314 0.4888698630136986 0.6445086705202314 0.4888698630136986 0.6763005780346822 0.5085616438356164 0.6763005780346822
3 0.6412671232876712 0.489884393063584 0.6207191780821918 0.489884393063584 0.6207191780821918 0.5173410404624279 0.6412671232876712 0.5173410404624279
8 0.4811643835616438 0.24421965317919084 0.4623287671232877 0.24421965317919084 0.4623287671232877 0.27023121387283244 0.4811643835616438 0.27023121387283244
3 0.4417808219178082 0.43786127167630073 0.4220890410958904 0.43786127167630073 0.4220890410958904 0.46387283236994237 0.4417808219178082 0.46387283236994237
8 0.5111301369863014 0.29190751445086716 0.4922945205479452 0.29190751445086716 0.4922945205479452 0.31936416184971106 0.5111301369863014 0.31936416184971106
1 0.3707191780821918 0.5852601156069365 0.3458904109589041 0.5852601156069365 0.3458904109589041 0.6242774566473989 0.3707191780821918 0.6242774566473989
6 0.5488013698630136 0.2875722543352602 0.5248287671232876 0.2875722543352602 0.5248287671232876 0.3222543352601157 0.5488013698630136 0.3222543352601157
2 0.610445205479452 0.2933526011560695 0.5916095890410958 0.2933526011560694 0.5916095890410958 0.32080924855491344 0.610445205479452 0.32080924855491344
9 0.473458904109589 0.536127167630058 0.4529109589041096 0.536127167630058 0.4529109589041096 0.5635838150289019 0.473458904109589 0.5635838150289019