1 0.6592465753424658 0.20809248554913312 0.6267123287671232 0.20809248554913312 0.6267123287671232 0.27023121387283255 0.6592465753424658 0.27023121387283255
7 0.5085616438356164 0.8526011560693642 0.4768835616438356 0.8526011560693642 0.4768835616438356 0.9147398843930635 0.5085616438356164 0.9147398843930635
1 0.627568493150685 0.6907514450867054 0.5950342465753424 0.6907514450867054 0.5950342465753424 0.7485549132947977 0.627568493150685 0.7485549132947977
7 0.6232876712328768 0.536127167630058 0.5898972602739726 0.536127167630058 0.5898972602739726 0.5939306358381504 0.6232876712328768 0.5939306358381504
5 0.6652397260273972 0.5375722543352602 0.6327054794520548 0.5375722543352602 0.6327054794520548 0.5953757225433528 0.6652397260273972 0.5953757225433528
11 0.5813356164383562 0.3757225433526013 0.5488013698630136 0.3757225433526013 0.5488013698630136 0.4364161849710984 0.5813356164383562 0.4364161849710984
0 0.675513698630137 0.7658959537572254 0.6438356164383562 0.7658959537572254 0.6438356164383562 0.8236994219653179 0.675513698630137 0.8236994219653179
5 0.6669520547945206 0.3757225433526013 0.6301369863013698 0.3757225433526013 0.6301369863013698 0.43497109826589614 0.6669520547945206 0.43497109826589614
6 0.5898972602739726 0.6156069364161851 0.5573630136986302 0.6156069364161851 0.5573630136986302 0.6734104046242776 0.5898972602739726 0.6734104046242776
2 0.4888698630136986 0.30346820809248565 0.4631849315068493 0.30346820809248565 0.4631849315068493 0.35260115606936426 0.4888698630136986 0.35260115606936426
4 0.4066780821917808 0.3829479768786128 0.3732876712328767 0.3829479768786127 0.3732876712328767 0.4407514450867053 0.4066780821917808 0.4407514450867054
12 0.3313356164383562 0.4595375722543353 0.2902397260273973 0.4595375722543353 0.2902397260273973 0.5303468208092486 0.3313356164383562 0.5303468208092486
10 0.6207191780821918 0.2933526011560695 0.5847602739726028 0.2933526011560694 0.5847602739726028 0.35693641618497124 0.6207191780821918 0.35693641618497124
13 0.7106164383561644 0.45520231213872847 0.6703767123287672 0.45520231213872847 0.6703767123287672 0.5245664739884395 0.7106164383561644 0.5245664739884395
3 0.5881849315068494 0.8526011560693642 0.5633561643835616 0.8526011560693642 0.5633561643835616 0.9002890173410405 0.5881849315068494 0.9002890173410405
2 0.4195205479452056 0.7875722543352601 0.3904109589041097 0.7875722543352601 0.3904109589041097 0.8352601156069365 0.4195205479452056 0.8352601156069365
3 0.4452054794520548 0.3800578034682083 0.4186643835616438 0.3800578034682083 0.4186643835616438 0.42774566473988457 0.4452054794520548 0.42774566473988457
0 0.341609589041096 0.7066473988439307 0.30993150684931514 0.7066473988439307 0.30993150684931514 0.7601156069364162 0.341609589041096 0.7601156069364162
8 0.3655821917808219 0.4653179190751445 0.3381849315068493 0.4653179190751445 0.3381849315068493 0.5158959537572254 0.3655821917808219 0.5158959537572254
3 0.5436643835616438 0.6213872832369944 0.5188356164383562 0.6213872832369944 0.5188356164383562 0.6676300578034684 0.5436643835616438 0.6676300578034684
9 0.7063356164383562 0.5447976878612718 0.6806506849315068 0.5447976878612718 0.6806506849315068 0.5895953757225435 0.7063356164383562 0.5895953757225435
6 0.41609589041095896 0.624277456647399 0.3835616438356164 0.6242774566473989 0.3835616438356165 0.6820809248554914 0.416095890410959 0.6820809248554915
2 0.4417808219178082 0.21531791907514458 0.4152397260273973 0.21531791907514458 0.4152397260273973 0.2644508670520232 0.4417808219178082 0.2644508670520232
2 0.4597602739726027 0.6199421965317921 0.4340753424657534 0.6199421965317921 0.4340753424657534 0.6647398843930638 0.4597602739726027 0.6647398843930638
3 0.5325342465753424 0.38150289017341055 0.5068493150684932 0.38150289017341055 0.5068493150684932 0.42630057803468224 0.5325342465753424 0.42630057803468224
4 0.4674657534246575 0.7789017341040463 0.43664383561643844 0.7789017341040463 0.43664383561643844 0.8367052023121387 0.4674657534246575 0.8367052023121387
8 0.4101027397260274 0.5447976878612718 0.3835616438356164 0.5447976878612717 0.3835616438356164 0.5881502890173411 0.4101027397260274 0.5881502890173412
10 0.3561643835616438 0.29190751445086716 0.3236301369863014 0.29190751445086716 0.3236301369863014 0.35260115606936426 0.3561643835616438 0.35260115606936426
9 0.6190068493150684 0.4609826589595377 0.5898972602739726 0.4609826589595377 0.5898972602739726 0.5057803468208094 0.6190068493150684 0.5057803468208094
3 0.571917808219178 0.2962427745664741 0.5462328767123288 0.2962427745664741 0.5462328767123288 0.3453757225433527 0.571917808219178 0.3453757225433527
11 0.5488013698630136 0.697976878612717 0.5162671232876712 0.697976878612717 0.5162671232876712 0.7557803468208093 0.5488013698630136 0.7557803468208093
2 0.4974315068493151 0.5520231213872834 0.4717465753424658 0.5520231213872834 0.4717465753424658 0.5968208092485551 0.4974315068493151 0.5968208092485551