5 0.4529109589041096 0.1445086705202313 0.3964041095890411 0.1445086705202313 0.3964041095890411 0.24132947976878621 0.4529109589041096 0.24132947976878621
1 0.5231164383561644 0.05202312138728334 0.4657534246575342 0.05202312138728334 0.4657534246575342 0.08815028901734115 0.5231164383561644 0.08815028901734115
4 0.6832191780821918 0.48410404624277475 0.6301369863013698 0.48410404624277475 0.6301369863013698 0.5751445086705204 0.6832191780821918 0.5751445086705204
10 0.5308219178082192 0.12716763005780357 0.4726027397260274 0.12716763005780354 0.4726027397260274 0.2268786127167631 0.5308219178082192 0.2268786127167631
6 0.5856164383561644 0.6965317919075146 0.5342465753424658 0.6965317919075146 0.5342465753424658 0.7846820809248555 0.5856164383561644 0.7846820809248555
2 0.636986301369863 0.30924855491329495 0.5933219178082192 0.3092485549132949 0.5933219178082192 0.3843930635838152 0.636986301369863 0.3843930635838152
7 0.4118150684931508 0.8063583815028902 0.3595890410958905 0.8063583815028902 0.3595890410958905 0.8959537572254336 0.4118150684931508 0.8959537572254336
6 0.4315068493150685 0.4797687861271677 0.3758561643835616 0.4797687861271676 0.3758561643835616 0.5751445086705204 0.4315068493150685 0.5751445086705204
7 0.4306506849315068 0.3598265895953758 0.375 0.3598265895953758 0.375 0.45664739884393074 0.4306506849315068 0.4566473988439308
3 0.6455479452054794 0.43497109826589614 0.6027397260273972 0.43497109826589614 0.6027397260273972 0.5086705202312141 0.6455479452054794 0.5086705202312141
5 0.3878424657534247 0.30346820809248565 0.3321917808219178 0.30346820809248565 0.3321917808219178 0.3988439306358382 0.3878424657534247 0.3988439306358382
12 0.7243150684931506 0.6445086705202314 0.6618150684931506 0.6445086705202314 0.6618150684931506 0.7514450867052023 0.7243150684931506 0.7514450867052023
11 0.43578767123287676 0.6040462427745665 0.3818493150684932 0.6040462427745664 0.3818493150684932 0.6965317919075146 0.4357876712328768 0.6965317919075146
9 0.3356164383561644 0.25433526011560703 0.2902397260273973 0.25433526011560703 0.2902397260273973 0.3323699421965319 0.3356164383561644 0.3323699421965319
11 0.5316780821917808 0.25578034682080936 0.476027397260274 0.25578034682080936 0.476027397260274 0.35260115606936426 0.5316780821917808 0.35260115606936426
3 0.5684931506849316 0.323699421965318 0.5248287671232876 0.323699421965318 0.5248287671232876 0.39884393063583834 0.5684931506849316 0.39884393063583834
2 0.5162671232876712 0.8497109826589595 0.473458904109589 0.8497109826589595 0.473458904109589 0.9219653179190751 0.5162671232876712 0.9219653179190751
1 0.3647260273972603 0.5014450867052023 0.3090753424657534 0.5014450867052023 0.3090753424657534 0.596820809248555 0.3647260273972603 0.596820809248555
8 0.6806506849315068 0.6127167630057805 0.6386986301369864 0.6127167630057805 0.6386986301369864 0.6835260115606938 0.6806506849315068 0.6835260115606938
4 0.4785958904109589 0.7832369942196532 0.4263698630136987 0.7832369942196532 0.4263698630136987 0.8728323699421965 0.4785958904109589 0.8728323699421965
3 0.4648972602739726 0.5419075144508673 0.4203767123287671 0.5419075144508673 0.4203767123287671 0.6170520231213874 0.4648972602739726 0.6170520231213874
2 0.714041095890411 0.28468208092485564 0.6695205479452054 0.28468208092485564 0.6695205479452054 0.3612716763005782 0.714041095890411 0.3612716763005782
3 0.3304794520547946 0.7095375722543352 0.28595890410958913 0.7095375722543352 0.28595890410958913 0.7846820809248555 0.3304794520547946 0.7846820809248555
2 0.541095890410959 0.6416184971098268 0.4982876712328767 0.6416184971098268 0.4982876712328767 0.7138728323699424 0.541095890410959 0.7138728323699424
8 0.6147260273972602 0.6300578034682083 0.571917808219178 0.6300578034682083 0.571917808219178 0.7008670520231216 0.6147260273972602 0.7008670520231216
9 0.4589041095890411 0.29046242774566483 0.4126712328767123 0.29046242774566483 0.4126712328767123 0.3684971098265897 0.4589041095890411 0.3684971098265897
0 0.6190068493150684 0.8497109826589595 0.5667808219178082 0.8497109826589595 0.5667808219178082 0.9393063583815029 0.6190068493150684 0.9393063583815029
13 0.3809931506849315 0.16040462427745672 0.3159246575342466 0.16040462427745672 0.3159246575342466 0.27456647398843936 0.3809931506849315 0.27456647398843936
0 0.2842465753424658 0.5144508670520231 0.22602739726027396 0.5144508670520231 0.22602739726027396 0.6127167630057804 0.2842465753424658 0.6127167630057804
3 0.5659246575342466 0.1936416184971099 0.5196917808219178 0.1936416184971099 0.5196917808219178 0.27167630057803477 0.5659246575342466 0.27167630057803477
10 0.7585616438356164 0.45953757225433545 0.7063356164383562 0.45953757225433545 0.7063356164383562 0.5491329479768787 0.7585616438356164 0.5491329479768787
2 0.538527397260274 0.5289017341040464 0.4914383561643836 0.5289017341040464 0.4914383561643836 0.6054913294797689 0.538527397260274 0.6054913294797689