1 0.3578767123287672 0.7066473988439307 0.3219178082191782 0.7066473988439307 0.3219178082191782 0.7572254335260116 0.3578767123287672 0.7572254335260116
4 0.4529109589041096 0.2658959537572255 0.4186643835616438 0.2658959537572255 0.4186643835616438 0.31936416184971106 0.4529109589041096 0.31936416184971106
5 0.5496575342465754 0.6921965317919077 0.5162671232876712 0.6921965317919077 0.5162671232876712 0.7427745664739884 0.5496575342465754 0.7427745664739884
11 0.4529109589041096 0.5635838150289019 0.4186643835616438 0.5635838150289019 0.4186643835616438 0.6141618497109829 0.4529109589041096 0.6141618497109829
4 0.6883561643835616 0.3410404624277458 0.6549657534246576 0.3410404624277458 0.6549657534246576 0.39017341040462444 0.6883561643835616 0.39017341040462444
1 0.6386986301369864 0.6184971098265898 0.6053082191780822 0.6184971098265898 0.6053082191780822 0.6676300578034684 0.6386986301369864 0.6676300578034684
7 0.547945205479452 0.6213872832369944 0.514554794520548 0.6213872832369944 0.514554794520548 0.6719653179190753 0.547945205479452 0.6719653179190753
6 0.5933219178082192 0.5563583815028903 0.559931506849315 0.5563583815028903 0.559931506849315 0.6069364161849713 0.5933219178082192 0.6069364161849713
6 0.5950342465753424 0.2644508670520232 0.5616438356164384 0.2644508670520232 0.5616438356164384 0.31502890173410414 0.5950342465753424 0.31502890173410414
0 0.6840753424657534 0.6950867052023123 0.651541095890411 0.6950867052023123 0.651541095890411 0.7442196531791907 0.6840753424657534 0.7442196531791907
5 0.4546232876712329 0.7037572254335261 0.4203767123287672 0.7037572254335261 0.4203767123287672 0.7543352601156069 0.4546232876712329 0.7543352601156069
12 0.5042808219178082 0.11705202312138739 0.4623287671232877 0.11705202312138736 0.4623287671232877 0.18208092485549143 0.5042808219178082 0.18208092485549146
7 0.7337328767123288 0.4075144508670522 0.7003424657534246 0.4075144508670522 0.7003424657534246 0.4566473988439308 0.7337328767123288 0.4566473988439308
11 0.6386986301369864 0.48410404624277475 0.6061643835616438 0.48410404624277475 0.6061643835616438 0.5346820809248557 0.6386986301369864 0.5346820809248557
10 0.40667808219178087 0.6343930635838151 0.3707191780821918 0.634393063583815 0.37071917808219185 0.6849710982658961 0.4066780821917809 0.6849710982658961
3 0.4486301369863014 0.34393063583815037 0.4195205479452055 0.34393063583815037 0.4195205479452055 0.3843930635838152 0.4486301369863014 0.3843930635838152
3 0.3998287671232877 0.5664739884393064 0.3698630136986301 0.5664739884393064 0.3698630136986301 0.6040462427745665 0.3998287671232877 0.6040462427745666
13 0.5102739726027398 0.7630057803468208 0.4708904109589041 0.7630057803468208 0.4708904109589041 0.8236994219653179 0.5102739726027398 0.8236994219653179
2 0.5462328767123288 0.420520231213873 0.5188356164383562 0.420520231213873 0.5188356164383562 0.4580924855491331 0.5462328767123288 0.4580924855491331
9 0.5488013698630136 0.7745664739884393 0.521404109589041 0.7745664739884393 0.521404109589041 0.815028901734104 0.5488013698630136 0.815028901734104
3 0.4460616438356164 0.49132947976878627 0.4178082191780822 0.49132947976878627 0.4178082191780822 0.5303468208092487 0.4460616438356164 0.5303468208092487
2 0.4032534246575342 0.42485549132947986 0.375 0.42485549132947975 0.375 0.46387283236994226 0.4032534246575342 0.46387283236994237
2 0.351027397260274 0.346820809248555 0.3227739726027397 0.346820809248555 0.3227739726027397 0.3872832369942196 0.351027397260274 0.3872832369942196
3 0.589041095890411 0.4942196531791909 0.5616438356164384 0.4942196531791909 0.5616438356164384 0.5332369942196533 0.589041095890411 0.5332369942196533
0 0.6404109589041096 0.13294797687861284 0.6061643835616438 0.13294797687861284 0.6061643835616438 0.18352601156069376 0.6404109589041096 0.18352601156069376
3 0.7277397260273972 0.5491329479768787 0.7011986301369864 0.5491329479768787 0.7011986301369864 0.5895953757225435 0.7277397260273972 0.5895953757225435
8 0.5402397260273972 0.27167630057803477 0.5128424657534246 0.27167630057803477 0.5128424657534246 0.3121387283236995 0.5402397260273972 0.3121387283236995
2 0.586472602739726 0.35260115606936426 0.559931506849315 0.35260115606936426 0.559931506849315 0.39306358381502904 0.586472602739726 0.39306358381502904
8 0.4948630136986301 0.20086705202312147 0.4683219178082192 0.20086705202312147 0.4683219178082192 0.2427745664739885 0.4948630136986301 0.2427745664739885
2 0.6840753424657534 0.26156069364161866 0.6575342465753424 0.26156069364161866 0.6575342465753424 0.30635838150289035 0.6840753424657534 0.30635838150289035
9 0.4974315068493151 0.6257225433526014 0.4683219178082192 0.6257225433526014 0.4683219178082192 0.6734104046242776 0.4974315068493151 0.6734104046242776
10 0.3972602739726027 0.18786127167630065 0.363013698630137 0.18786127167630065 0.363013698630137 0.24710982658959546 0.3972602739726027 0.24710982658959546