3 0.5933098591549297 0.666023166023166 0.5088028169014086 0.666023166023166 0.5088028169014086 0.7133204633204633 0.5933098591549297 0.7133204633204633
3 0.36443661971831 0.4642857142857143 0.2781690140845071 0.4642857142857143 0.2781690140845071 0.5115830115830116 0.36443661971831 0.5115830115830116
3 0.5968309859154931 0.583976833976834 0.507042253521127 0.583976833976834 0.507042253521127 0.6341698841698842 0.5968309859154931 0.6341698841698842
3 0.216549295774648 0.3803088803088803 0.13204225352112686 0.3803088803088803 0.13204225352112686 0.42857142857142855 0.216549295774648 0.42857142857142855
9 0.7288732394366199 0.4266409266409266 0.6461267605633803 0.4266409266409266 0.6461267605633804 0.47393822393822393 0.72887323943662 0.47393822393822393
5 0.60387323943662 0.49613899613899615 0.48767605633802835 0.49613899613899615 0.48767605633802835 0.5617760617760618 0.60387323943662 0.5617760617760618
11 0.4542253521126763 0.4951737451737452 0.3380281690140846 0.4951737451737452 0.3380281690140846 0.5598455598455598 0.4542253521126763 0.5598455598455598
7 0.6813380281690142 0.5357142857142857 0.5633802816901411 0.5357142857142857 0.5633802816901411 0.6032818532818532 0.6813380281690142 0.6032818532818532
11 0.8926056338028171 0.49903474903474904 0.7816901408450706 0.49903474903474904 0.7816901408450706 0.5627413127413128 0.8926056338028171 0.5627413127413128
9 0.5845070422535212 0.4247104247104247 0.5 0.4247104247104247 0.5000000000000001 0.47297297297297297 0.5845070422535213 0.47297297297297297
7 0.4524647887323945 0.41312741312741313 0.33450704225352124 0.41312741312741313 0.33450704225352124 0.4806949806949807 0.45246478873239454 0.4806949806949807
5 0.5246478873239436 0.3745173745173745 0.4102112676056339 0.3745173745173745 0.4102112676056339 0.44015444015444016 0.5246478873239436 0.44015444015444016
1 0.23767605633802832 0.6148648648648649 0.12500000000000014 0.6148648648648649 0.12500000000000014 0.6785714285714286 0.23767605633802838 0.6785714285714286
6 0.1672535211267607 0.6515444015444015 0.0809859154929579 0.6515444015444015 0.0809859154929579 0.7017374517374517 0.1672535211267607 0.7017374517374517
4 0.23767605633802838 0.6959459459459459 0.15845070422535226 0.6959459459459459 0.15845070422535226 0.7422779922779923 0.23767605633802838 0.7422779922779923
2 0.5246478873239439 0.7866795366795367 0.43838028169014104 0.7866795366795367 0.43838028169014104 0.8359073359073359 0.5246478873239439 0.8359073359073359
10 0.6813380281690142 0.696911196911197 0.5651408450704227 0.696911196911197 0.5651408450704227 0.7635135135135135 0.6813380281690142 0.7635135135135135
2 0.001760563380281807 0.49903474903474904 1.1146873154210945e-16 0.49903474903474904 1.1685890231300448e-16 0.5472972972972973 0.001760563380281812 0.5472972972972973
2 0.2992957746478874 0.581081081081081 0.20950704225352126 0.581081081081081 0.20950704225352126 0.6322393822393823 0.2992957746478874 0.6322393822393823
4 0.08978873239436634 0.612934362934363 0.008802816901408588 0.612934362934363 0.008802816901408593 0.6592664092664092 0.08978873239436634 0.6592664092664092
13 0.6725352112676056 0.3735521235521235 0.5492957746478874 0.3735521235521235 0.5492957746478874 0.44305019305019305 0.6725352112676056 0.44305019305019305