1 0.7208904109589042 0.6589595375722545 0.6738013698630136 0.6589595375722545 0.6738013698630136 0.7369942196531793 0.7208904109589042 0.7369942196531793
7 0.5753424657534246 0.4364161849710984 0.5299657534246576 0.4364161849710984 0.5299657534246576 0.5115606936416187 0.5753424657534246 0.5115606936416187
12 0.3561643835616439 0.7630057803468208 0.2988013698630138 0.7630057803468208 0.2988013698630138 0.8554913294797688 0.3561643835616439 0.8554913294797688
7 0.3698630136986301 0.2875722543352602 0.324486301369863 0.2875722543352602 0.324486301369863 0.36416184971098275 0.3698630136986301 0.36416184971098275
10 0.6575342465753424 0.6315028901734105 0.610445205479452 0.6315028901734105 0.610445205479452 0.7095375722543354 0.6575342465753424 0.7095375722543354
6 0.3707191780821918 0.5635838150289018 0.3261986301369863 0.5635838150289018 0.3261986301369863 0.6358381502890174 0.3707191780821918 0.6358381502890174
4 0.3613013698630137 0.3872832369942196 0.3167808219178082 0.3872832369942196 0.3167808219178082 0.4624277456647399 0.3613013698630137 0.4624277456647399
5 0.6121575342465754 0.39450867052023136 0.565068493150685 0.39450867052023136 0.565068493150685 0.47109826589595394 0.6121575342465754 0.47109826589595394
6 0.5205479452054794 0.40606936416184986 0.4743150684931507 0.40606936416184986 0.4743150684931507 0.4797687861271678 0.5205479452054794 0.4797687861271678
4 0.4486301369863014 0.7630057803468208 0.40154109589041104 0.7630057803468208 0.40154109589041104 0.8395953757225434 0.4486301369863014 0.8395953757225434
5 0.6678082191780822 0.5216763005780348 0.6198630136986302 0.5216763005780348 0.6198630136986302 0.5997109826589597 0.6678082191780822 0.5997109826589597
0 0.5428082191780822 0.20086705202312147 0.4957191780821918 0.20086705202312147 0.4957191780821918 0.2760115606936417 0.5428082191780822 0.2760115606936417
1 0.5291095890410958 0.3092485549132949 0.4828767123287671 0.3092485549132949 0.4828767123287671 0.3843930635838152 0.5291095890410958 0.3843930635838152
11 0.4589041095890411 0.37861271676300595 0.4126712328767123 0.37861271676300595 0.4126712328767123 0.4537572254335262 0.4589041095890411 0.4537572254335262
13 0.6797945205479452 0.4089595375722545 0.6241438356164384 0.4089595375722545 0.6241438356164384 0.49855491329479784 0.6797945205479452 0.49855491329479784
3 0.4392123287671233 0.22254335260115615 0.4006849315068493 0.22254335260115615 0.4006849315068493 0.28323699421965326 0.4392123287671233 0.28323699421965326
9 0.6438356164383562 0.35693641618497124 0.6061643835616438 0.35693641618497124 0.6061643835616438 0.41763005780346835 0.6438356164383562 0.41763005780346835
8 0.38356164383561653 0.7427745664739884 0.34503424657534254 0.7427745664739884 0.34503424657534254 0.8034682080924855 0.38356164383561653 0.8034682080924855
3 0.4811643835616438 0.7341040462427747 0.4426369863013699 0.7341040462427747 0.4426369863013699 0.796242774566474 0.4811643835616438 0.796242774566474
3 0.5547945205479452 0.6546242774566475 0.5171232876712328 0.6546242774566475 0.5171232876712328 0.7153179190751446 0.5547945205479452 0.7153179190751446
3 0.6181506849315068 0.6806358381502892 0.5796232876712328 0.6806358381502892 0.5796232876712328 0.7442196531791907 0.6181506849315068 0.7442196531791907
3 0.4811643835616438 0.4523121387283239 0.4443493150684932 0.4523121387283239 0.4443493150684932 0.5115606936416187 0.4811643835616438 0.5115606936416187
2 0.5333904109589042 0.8728323699421965 0.4957191780821918 0.8728323699421965 0.4957191780821918 0.934971098265896 0.5333904109589042 0.934971098265896
0 0.2833904109589041 0.5664739884393064 0.23715753424657535 0.5664739884393064 0.23715753424657535 0.6401734104046243 0.2833904109589041 0.6401734104046243
8 0.39469178082191786 0.6401734104046243 0.3578767123287671 0.6401734104046243 0.35787671232876717 0.7008670520231214 0.3946917808219179 0.7008670520231214
9 0.5993150684931506 0.5072254335260117 0.5607876712328768 0.5072254335260117 0.5607876712328768 0.5708092485549134 0.5993150684931506 0.5708092485549134
10 0.4375000000000001 0.8815028901734104 0.3886986301369864 0.8815028901734104 0.3886986301369864 0.9595375722543352 0.4375000000000001 0.9595375722543352
2 0.5428082191780822 0.7586705202312138 0.5051369863013698 0.7586705202312138 0.5051369863013698 0.8179190751445087 0.5428082191780822 0.8179190751445087
11 0.598458904109589 0.5997109826589597 0.5513698630136986 0.5997109826589597 0.5513698630136986 0.6763005780346822 0.598458904109589 0.6763005780346822
2 0.3176369863013699 0.43641618497109824 0.2808219178082192 0.43641618497109824 0.2808219178082192 0.4956647398843931 0.3176369863013699 0.4956647398843931
2 0.4126712328767123 0.5303468208092487 0.3724315068493151 0.5303468208092486 0.3724315068493151 0.5939306358381504 0.4126712328767123 0.5939306358381504
2 0.4674657534246575 0.5534682080924858 0.4289383561643836 0.5534682080924858 0.4289383561643836 0.6170520231213874 0.4674657534246575 0.6170520231213874