13 0.5847602739726028 0.2514450867052024 0.5436643835616438 0.2514450867052024 0.5436643835616438 0.3092485549132949 0.5847602739726028 0.3092485549132949
12 0.5205479452054794 0.6820809248554915 0.4845890410958904 0.6820809248554915 0.4845890410958904 0.7341040462427747 0.5205479452054794 0.7341040462427747
5 0.6087328767123288 0.32080924855491344 0.5761986301369864 0.3208092485549134 0.5761986301369864 0.36994219653179206 0.6087328767123288 0.36994219653179206
1 0.678082191780822 0.3526011560693643 0.6446917808219178 0.3526011560693643 0.6446917808219178 0.40173410404624293 0.678082191780822 0.40173410404624293
10 0.5916095890410958 0.6791907514450869 0.5607876712328768 0.6791907514450869 0.5607876712328768 0.7196531791907516 0.5916095890410958 0.7196531791907516
1 0.4691780821917808 0.31791907514450873 0.4383561643835616 0.31791907514450873 0.4383561643835616 0.36271676300578043 0.4691780821917808 0.36271676300578043
0 0.42722602739726034 0.6358381502890175 0.3964041095890411 0.6358381502890174 0.39640410958904115 0.6791907514450868 0.42722602739726034 0.6791907514450869
7 0.3852739726027397 0.4320809248554913 0.3561643835616438 0.4320809248554913 0.3561643835616438 0.4754335260115607 0.3852739726027397 0.4754335260115607
11 0.4571917808219178 0.41040462427745683 0.4246575342465753 0.41040462427745683 0.4246575342465753 0.4566473988439308 0.4571917808219178 0.4566473988439308
0 0.4426369863013699 0.24566473988439314 0.4118150684931507 0.24566473988439314 0.4118150684931507 0.29046242774566483 0.4426369863013699 0.29046242774566483
7 0.5342465753424658 0.346820809248555 0.502568493150685 0.346820809248555 0.502568493150685 0.39450867052023136 0.5342465753424658 0.39450867052023136
11 0.5941780821917808 0.41907514450867067 0.5625 0.41907514450867067 0.5625 0.46676300578034696 0.5941780821917808 0.46676300578034696
9 0.5428082191780822 0.24710982658959546 0.5162671232876712 0.24710982658959546 0.5162671232876712 0.28323699421965326 0.5428082191780822 0.28323699421965326
2 0.5085616438356164 0.49566473988439325 0.4837328767123288 0.49566473988439325 0.4837328767123288 0.5289017341040464 0.5085616438356164 0.5289017341040464
2 0.401541095890411 0.5462427745664741 0.3775684931506849 0.546242774566474 0.3775684931506849 0.5794797687861273 0.401541095890411 0.5794797687861273
2 0.4743150684931507 0.5231213872832372 0.4503424657534247 0.5231213872832372 0.4503424657534247 0.5578034682080927 0.4743150684931507 0.5578034682080927
3 0.3955479452054795 0.34393063583815037 0.3707191780821918 0.34393063583815037 0.3707191780821918 0.37716763005780346 0.3955479452054795 0.37716763005780346
2 0.6352739726027398 0.6040462427745666 0.6095890410958904 0.6040462427745666 0.6095890410958904 0.6372832369942198 0.6352739726027398 0.6372832369942198
3 0.5702054794520548 0.5751445086705204 0.5445205479452054 0.5751445086705204 0.5445205479452054 0.6083815028901736 0.5702054794520548 0.6083815028901736
3 0.6258561643835616 0.4450867052023123 0.5993150684931506 0.4450867052023123 0.5993150684931506 0.4797687861271678 0.6258561643835616 0.4797687861271678
6 0.4948630136986301 0.3757225433526013 0.4631849315068493 0.3757225433526013 0.4631849315068493 0.420520231213873 0.4948630136986301 0.420520231213873
8 0.5222602739726028 0.6459537572254337 0.4974315068493151 0.6459537572254337 0.4974315068493151 0.6820809248554915 0.5222602739726028 0.6820809248554915
6 0.4683219178082192 0.5708092485549134 0.4383561643835616 0.5708092485549134 0.4383561643835616 0.6127167630057805 0.4683219178082192 0.6127167630057805
4 0.5625 0.6141618497109829 0.5316780821917808 0.6141618497109829 0.5316780821917808 0.6575144508670522 0.5625 0.6575144508670522
3 0.583904109589041 0.4797687861271678 0.5590753424657534 0.4797687861271678 0.5590753424657534 0.5144508670520233 0.583904109589041 0.5144508670520233
3 0.4863013698630137 0.43063583815028916 0.461472602739726 0.43063583815028916 0.461472602739726 0.4653179190751447 0.4863013698630137 0.4653179190751447
5 0.541095890410959 0.2976878612716764 0.5085616438356164 0.2976878612716764 0.5085616438356164 0.3453757225433527 0.541095890410959 0.3453757225433527
4 0.410958904109589 0.4913294797687862 0.3809931506849315 0.4913294797687861 0.3809931506849315 0.5332369942196533 0.410958904109589 0.5332369942196533
2 0.6070205479452054 0.5375722543352602 0.5821917808219178 0.5375722543352602 0.5821917808219178 0.5722543352601158 0.6070205479452054 0.5722543352601158
8 0.4982876712328767 0.5895953757225435 0.4743150684931507 0.5895953757225435 0.4743150684931507 0.624277456647399 0.4982876712328767 0.624277456647399
9 0.565068493150685 0.3656069364161851 0.538527397260274 0.3656069364161851 0.538527397260274 0.4046242774566476 0.565068493150685 0.4046242774566476
10 0.6352739726027398 0.3872832369942198 0.6027397260273972 0.3872832369942198 0.6027397260273972 0.43497109826589614 0.6352739726027398 0.43497109826589614