3 0.9137323943661971 0.49131274131274144 0.8433098591549297 0.49131274131274144 0.8433098591549297 0.5337837837837838 0.9137323943661971 0.5337837837837838
3 0.6989436619718312 0.4555984555984556 0.632042253521127 0.4555984555984556 0.632042253521127 0.4971042471042471 0.6989436619718312 0.4971042471042471
9 0.4242957746478874 0.5733590733590733 0.3538732394366198 0.5733590733590733 0.3538732394366198 0.6158301158301158 0.4242957746478874 0.6158301158301158
3 0.2887323943661973 0.333011583011583 0.21830985915492962 0.333011583011583 0.21830985915492965 0.3754826254826255 0.2887323943661973 0.3754826254826255
3 0.3767605633802818 0.3996138996138996 0.3063380281690142 0.3996138996138996 0.3063380281690142 0.44305019305019305 0.3767605633802818 0.44305019305019305
5 0.4771126760563382 0.46525096525096526 0.38556338028169024 0.46525096525096526 0.38556338028169024 0.5202702702702703 0.4771126760563382 0.5202702702702703
11 0.6073943661971832 0.4314671814671815 0.5088028169014085 0.4314671814671815 0.5088028169014086 0.4855212355212355 0.6073943661971833 0.4855212355212355
1 0.4102112676056339 0.34555984555984554 0.318661971830986 0.34555984555984554 0.318661971830986 0.3996138996138996 0.4102112676056339 0.3996138996138996
7 0.36971830985915505 0.44787644787644787 0.2781690140845071 0.44787644787644787 0.2781690140845071 0.5019305019305019 0.36971830985915505 0.5019305019305019
12 0.7165492957746479 0.16988416988416993 0.6038732394366197 0.16988416988416993 0.6038732394366197 0.23552123552123558 0.7165492957746479 0.23552123552123558
7 0.6989436619718312 0.4980694980694981 0.5933098591549297 0.4980694980694981 0.5933098591549297 0.556949806949807 0.6989436619718312 0.556949806949807
11 0.22183098591549308 0.5318532818532818 0.1285211267605635 0.5318532818532818 0.12852112676056351 0.584942084942085 0.2218309859154931 0.584942084942085
9 0.5510563380281692 0.5395752895752896 0.4823943661971833 0.5395752895752896 0.4823943661971833 0.582046332046332 0.5510563380281692 0.582046332046332
6 0.602112676056338 0.15540540540540546 0.4982394366197183 0.15540540540540546 0.4982394366197183 0.21332046332046337 0.602112676056338 0.21332046332046337
5 0.6778169014084509 0.5511583011583011 0.5757042253521129 0.5511583011583011 0.5757042253521129 0.6081081081081081 0.6778169014084509 0.6081081081081081
0 0.49471830985915494 0.13610038610038613 0.39436619718309857 0.1361003861003861 0.39436619718309857 0.19401544401544404 0.49471830985915494 0.19401544401544407
8 0.6091549295774648 0.111969111969112 0.5316901408450704 0.111969111969112 0.5316901408450704 0.1544401544401545 0.6091549295774648 0.1544401544401545
8 0.8257042253521126 0.14671814671814679 0.7447183098591549 0.14671814671814679 0.7447183098591549 0.19401544401544407 0.8257042253521126 0.19401544401544407
4 0.7992957746478874 0.24324324324324328 0.6936619718309859 0.24324324324324328 0.6936619718309859 0.29922779922779924 0.7992957746478874 0.29922779922779924
0 0.9278169014084507 0.21042471042471048 0.8257042253521126 0.21042471042471048 0.8257042253521126 0.2654440154440156 0.9278169014084507 0.2654440154440156
6 0.47183098591549294 0.1901544401544402 0.3714788732394366 0.19015444015444016 0.3714788732394367 0.2471042471042471 0.47183098591549294 0.2471042471042471
2 0.443661971830986 0.24613899613899617 0.3626760563380283 0.24613899613899615 0.3626760563380283 0.2915057915057915 0.443661971830986 0.2915057915057915
2 0.9806338028169014 0.336872586872587 0.903169014084507 0.336872586872587 0.903169014084507 0.38030888030888044 0.9806338028169014 0.38030888030888044
2 0.6338028169014085 0.33494208494208494 0.5580985915492958 0.33494208494208494 0.5580985915492958 0.37741312741312744 0.6338028169014085 0.37741312741312744
2 0.2271126760563381 0.21138996138996138 0.1514084507042254 0.21138996138996138 0.1514084507042254 0.25386100386100385 0.22711267605633814 0.25386100386100385
4 0.5845070422535211 0.20656370656370662 0.48063380281690143 0.20656370656370662 0.48063380281690143 0.2644787644787645 0.5845070422535211 0.2644787644787645
10 0.20246478873239443 0.30694980694980695 0.10035211267605641 0.30694980694980695 0.10035211267605641 0.3638996138996139 0.20246478873239446 0.3638996138996139
13 0.558098591549296 0.583976833976834 0.4419014084507043 0.583976833976834 0.4419014084507043 0.6418918918918919 0.558098591549296 0.6418918918918919