3 0.1461267605633804 0.4391891891891892 0.06866197183098602 0.4391891891891892 0.06866197183098602 0.48166023166023164 0.1461267605633804 0.48166023166023164
3 0.3573943661971832 0.4864864864864865 0.27464788732394374 0.4864864864864865 0.27464788732394374 0.5308880308880309 0.3573943661971832 0.5308880308880309
9 0.7658450704225354 0.4092664092664093 0.6848591549295775 0.4092664092664093 0.6848591549295776 0.4546332046332046 0.7658450704225354 0.4546332046332046
3 0.8802816901408452 0.6061776061776062 0.8010563380281692 0.6061776061776062 0.8010563380281692 0.6505791505791506 0.8802816901408452 0.6505791505791506
3 0.45950704225352135 0.5096525096525096 0.3767605633802818 0.5096525096525096 0.3767605633802818 0.555019305019305 0.45950704225352135 0.555019305019305
3 0.7711267605633805 0.583011583011583 0.6919014084507045 0.583011583011583 0.6919014084507045 0.6264478764478765 0.7711267605633805 0.6264478764478765
5 0.7130281690140847 0.5019305019305019 0.60387323943662 0.5019305019305019 0.60387323943662 0.5627413127413128 0.7130281690140847 0.5627413127413128
9 0.5563380281690141 0.361003861003861 0.4753521126760563 0.361003861003861 0.4753521126760563 0.4063706563706564 0.5563380281690141 0.4063706563706564
5 0.39964788732394374 0.42857142857142855 0.29401408450704236 0.42857142857142855 0.29401408450704236 0.4864864864864865 0.39964788732394374 0.4864864864864865
12 0.4260563380281692 0.7712355212355212 0.29577464788732416 0.7712355212355212 0.29577464788732416 0.8378378378378378 0.4260563380281692 0.8378378378378378
11 0.5792253521126762 0.527992277992278 0.4700704225352115 0.527992277992278 0.4700704225352115 0.584942084942085 0.5792253521126762 0.584942084942085
6 0.1355633802816903 0.6515444015444015 0.0792253521126762 0.6515444015444015 0.0792253521126762 0.7094594594594594 0.1355633802816903 0.7094594594594594
10 0.6971830985915495 0.8918918918918919 0.5827464788732396 0.8918918918918919 0.5827464788732396 0.9546332046332047 0.6971830985915495 0.9546332046332047
0 0.7992957746478875 0.917953667953668 0.6919014084507045 0.917953667953668 0.6919014084507045 0.9758687258687259 0.7992957746478875 0.9758687258687259
1 0.2552816901408452 0.2828185328185328 0.14612676056338034 0.2828185328185328 0.14612676056338036 0.3407335907335907 0.2552816901408452 0.3407335907335907
6 0.45070422535211285 0.7258687258687259 0.3380281690140847 0.7258687258687259 0.3380281690140847 0.7818532818532818 0.45070422535211285 0.7818532818532818
4 0.5528169014084509 0.7480694980694981 0.4436619718309861 0.7480694980694981 0.4436619718309861 0.805984555984556 0.5528169014084509 0.805984555984556
7 0.5088028169014086 0.4527027027027027 0.39612676056338036 0.4527027027027027 0.39612676056338036 0.5135135135135135 0.5088028169014086 0.5135135135135135
4 0.3450704225352115 0.7007722007722008 0.2323943661971833 0.7007722007722008 0.2323943661971833 0.7606177606177607 0.3450704225352115 0.7606177606177607
7 0.6126760563380284 0.4797297297297297 0.5000000000000002 0.4797297297297297 0.5000000000000002 0.5357142857142857 0.6126760563380284 0.5357142857142857
11 0.9841549295774648 0.4546332046332047 0.8767605633802819 0.4546332046332047 0.8767605633802819 0.5086872586872587 0.9841549295774648 0.5086872586872587
8 0.4771126760563382 0.8532818532818532 0.3890845070422537 0.8532818532818532 0.3890845070422537 0.8986486486486487 0.4771126760563382 0.8986486486486487
1 1 0.475868725868726 0.977112676056338 0.475868725868726 0.977112676056338 0.5357142857142857 1 0.5357142857142857
2 0.15845070422535226 0.611003861003861 0.07394366197183111 0.611003861003861 0.07394366197183112 0.6554054054054054 0.15845070422535226 0.6554054054054054
2 0.5035211267605636 0.6322393822393823 0.4172535211267607 0.6322393822393823 0.41725352112676073 0.6776061776061776 0.5035211267605636 0.6776061776061776
2 0.8890845070422537 0.775096525096525 0.8010563380281692 0.775096525096525 0.8010563380281692 0.8252895752895753 0.8890845070422537 0.8252895752895753
13 0.6496478873239437 0.42567567567567566 0.5246478873239436 0.42567567567567566 0.5246478873239437 0.49034749034749037 0.6496478873239439 0.49034749034749037
2 0.785211267605634 0.7519305019305019 0.6954225352112678 0.7519305019305019 0.6954225352112678 0.8001930501930502 0.785211267605634 0.8001930501930502
8 0.2676056338028171 0.805984555984556 0.1813380281690143 0.805984555984556 0.1813380281690143 0.8503861003861004 0.2676056338028171 0.8503861003861004