3 0.8573943661971832 0.4237451737451738 0.8045774647887324 0.42374517374517373 0.8045774647887325 0.45945945945945954 0.8573943661971833 0.4594594594594596
3 0.3063380281690142 0.4218146718146718 0.2535211267605635 0.4218146718146718 0.2535211267605635 0.4575289575289575 0.3063380281690142 0.4575289575289575
3 0.7464788732394367 0.42277992277992277 0.6919014084507042 0.42277992277992277 0.6919014084507044 0.4575289575289575 0.7464788732394368 0.4575289575289575
3 0.415492957746479 0.4247104247104247 0.36443661971831 0.4247104247104247 0.36443661971831 0.4584942084942085 0.415492957746479 0.4584942084942085
7 0.20422535211267615 0.4700772200772201 0.1285211267605635 0.4700772200772201 0.1285211267605635 0.5164092664092664 0.20422535211267615 0.5164092664092664
9 0.637323943661972 0.583976833976834 0.580985915492958 0.583976833976834 0.580985915492958 0.6206563706563707 0.637323943661972 0.6206563706563707
9 0.415492957746479 0.583976833976834 0.36091549295774655 0.583976833976834 0.36091549295774655 0.6196911196911197 0.415492957746479 0.6196911196911197
3 0.08626760563380291 0.4247104247104247 0.033450704225352214 0.4247104247104247 0.033450704225352214 0.4575289575289575 0.08626760563380291 0.4575289575289575
5 0.6514084507042256 0.4691119691119691 0.5651408450704227 0.4691119691119691 0.5651408450704227 0.5183397683397684 0.6514084507042256 0.5183397683397684
12 0.5387323943661971 0.14382239382239387 0.45422535211267606 0.14382239382239387 0.45422535211267606 0.19498069498069504 0.5387323943661971 0.19498069498069504
5 0.20774647887323958 0.5781853281853282 0.13028169014084523 0.5781853281853282 0.13028169014084523 0.6216216216216216 0.20774647887323958 0.6216216216216216
11 0.5369718309859156 0.4189189189189189 0.4595070422535211 0.4189189189189189 0.45950704225352124 0.4623552123552124 0.5369718309859157 0.4623552123552124
0 0.0950704225352113 0.09555984555984556 0.021126760563380302 0.09555984555984556 0.021126760563380306 0.13996138996138996 0.0950704225352113 0.13996138996138996
10 0.20598591549295778 0.09362934362934364 0.13204225352112675 0.09362934362934362 0.13204225352112678 0.138996138996139 0.2059859154929578 0.138996138996139
6 0.20246478873239443 0.20173745173745175 0.1320422535211268 0.20173745173745175 0.1320422535211268 0.24613899613899615 0.20246478873239443 0.24613899613899615
10 0.8661971830985915 0.09362934362934368 0.7922535211267606 0.09362934362934368 0.7922535211267606 0.1380308880308881 0.8661971830985915 0.1380308880308881
1 0.09154929577464803 0.5762548262548263 0.017605633802817034 0.5762548262548263 0.017605633802817038 0.6245173745173745 0.09154929577464804 0.6245173745173745
0 0.9735915492957746 0.09652509652509658 0.9014084507042254 0.09652509652509658 0.9014084507042254 0.14092664092664098 0.9735915492957746 0.14092664092664098
1 0.9735915492957746 0.5801158301158301 0.8961267605633805 0.5801158301158301 0.8961267605633805 0.6254826254826255 0.9735915492957746 0.6254826254826255
11 0.8679577464788735 0.582046332046332 0.7887323943661974 0.582046332046332 0.7887323943661974 0.6216216216216216 0.8679577464788735 0.6216216216216216
4 0.6496478873239436 0.2017374517374518 0.5704225352112676 0.2017374517374518 0.5704225352112676 0.25096525096525096 0.6496478873239436 0.25096525096525096
13 0.5440140845070425 0.5231660231660231 0.45246478873239454 0.5231660231660231 0.45246478873239454 0.5723938223938224 0.5440140845070425 0.5723938223938224
7 0.535211267605634 0.47297297297297297 0.4542253521126763 0.47297297297297297 0.4542253521126763 0.5115830115830116 0.535211267605634 0.5115830115830116
2 0.9700704225352113 0.26158301158301167 0.9049295774647887 0.26158301158301167 0.9049295774647887 0.2972972972972974 0.9700704225352113 0.2972972972972974
4 0.42957746478873243 0.2007722007722008 0.3503521126760563 0.20077220077220076 0.35035211267605637 0.25096525096525096 0.4295774647887325 0.25096525096525096
2 0.8591549295774648 0.2615830115830116 0.795774647887324 0.26158301158301156 0.795774647887324 0.29826254826254833 0.8591549295774648 0.2982625482625484
6 0.5387323943661971 0.2017374517374518 0.4595070422535211 0.2017374517374518 0.4595070422535211 0.24517374517374524 0.5387323943661971 0.24517374517374524
2 0.528169014084507 0.3137065637065637 0.46830985915492956 0.3137065637065637 0.46830985915492956 0.34942084942084944 0.528169014084507 0.34942084942084944
8 0.6373239436619719 0.10231660231660236 0.5774647887323944 0.10231660231660235 0.5774647887323944 0.1380308880308881 0.6373239436619719 0.1380308880308881
2 0.20246478873239443 0.26158301158301156 0.13556338028169018 0.26158301158301156 0.13556338028169018 0.2953667953667954 0.20246478873239443 0.2953667953667954
8 0.41725352112676056 0.10231660231660235 0.35563380281690143 0.10231660231660235 0.35563380281690143 0.13320463320463324 0.41725352112676056 0.13320463320463327
2 0.09154929577464795 0.2625482625482625 0.028169014084507105 0.2625482625482625 0.028169014084507105 0.29633204633204635 0.09154929577464796 0.29633204633204635