3 0.8556338028169014 0.36969111969111973 0.8028169014084507 0.3696911196911197 0.8028169014084507 0.4044401544401545 0.8556338028169014 0.4044401544401546
3 0.4172535211267607 0.4218146718146718 0.36091549295774655 0.4218146718146718 0.36091549295774655 0.4546332046332046 0.4172535211267607 0.4546332046332046
3 0.7500000000000001 0.42374517374517373 0.6919014084507042 0.42374517374517373 0.6919014084507044 0.4594594594594595 0.7500000000000002 0.4594594594594595
3 0.1971830985915494 0.42374517374517373 0.1390845070422536 0.42374517374517373 0.1390845070422536 0.45656370656370654 0.1971830985915494 0.45656370656370654
9 0.6355633802816903 0.583976833976834 0.5827464788732396 0.583976833976834 0.5827464788732396 0.6167953667953668 0.6355633802816903 0.6167953667953668
5 0.6461267605633805 0.47104247104247104 0.5704225352112678 0.47104247104247104 0.5704225352112678 0.5164092664092664 0.6461267605633805 0.5164092664092664
11 0.5352112676056339 0.416988416988417 0.45774647887323944 0.416988416988417 0.45774647887323955 0.4613899613899614 0.535211267605634 0.4613899613899614
7 0.7588028169014086 0.47104247104247104 0.6813380281690142 0.47104247104247104 0.6813380281690142 0.5183397683397684 0.7588028169014086 0.5183397683397684
11 0.8644366197183101 0.5791505791505791 0.7904929577464791 0.5791505791505791 0.7904929577464791 0.6235521235521235 0.8644366197183101 0.6235521235521235
9 0.5264084507042256 0.5299227799227799 0.47359154929577485 0.5299227799227799 0.47359154929577485 0.5646718146718147 0.5264084507042256 0.5646718146718147
7 0.4278169014084508 0.4700772200772201 0.34683098591549305 0.4700772200772201 0.34683098591549305 0.5154440154440154 0.4278169014084508 0.5154440154440154
12 0.5440140845070423 0.1457528957528958 0.4524647887323944 0.1457528957528958 0.4524647887323944 0.195945945945946 0.5440140845070423 0.195945945945946
5 0.4260563380281691 0.525096525096525 0.34859154929577474 0.525096525096525 0.34859154929577474 0.5704633204633205 0.4260563380281691 0.5704633204633205
1 0.5352112676056338 0.2557915057915058 0.4612676056338028 0.2557915057915058 0.4612676056338028 0.3001930501930502 0.5352112676056338 0.3001930501930502
6 0.5369718309859155 0.20656370656370662 0.45598591549295775 0.20656370656370662 0.45598591549295775 0.24806949806949807 0.5369718309859155 0.24806949806949807
4 0.6461267605633803 0.20270270270270277 0.5704225352112676 0.20270270270270277 0.5704225352112676 0.24517374517374524 0.6461267605633803 0.24517374517374524
0 0.8679577464788732 0.1486486486486487 0.7869718309859155 0.1486486486486487 0.7869718309859155 0.19111969111969118 0.8679577464788732 0.19111969111969118
2 0.9683098591549296 0.26158301158301167 0.9119718309859155 0.26158301158301167 0.9119718309859155 0.2953667953667955 0.9683098591549296 0.2953667953667955
10 0.977112676056338 0.36293436293436304 0.897887323943662 0.36293436293436304 0.897887323943662 0.4092664092664094 0.977112676056338 0.4092664092664094
8 0.41901408450704225 0.09942084942084944 0.3573943661971831 0.09942084942084944 0.3573943661971831 0.13223938223938228 0.41901408450704225 0.13223938223938228
2 0.08802816901408457 0.26158301158301156 0.026408450704225407 0.26158301158301156 0.02640845070422541 0.29343629343629346 0.08802816901408458 0.29343629343629346
2 0.20246478873239443 0.2625482625482625 0.13732394366197187 0.2625482625482625 0.13732394366197187 0.2944015444015444 0.20246478873239443 0.2944015444015444
2 0.5299295774647887 0.31467181467181465 0.46830985915492956 0.31467181467181465 0.46830985915492956 0.3503861003861004 0.5299295774647887 0.3503861003861004
4 0.42605633802816906 0.20173745173745178 0.3503521126760563 0.20173745173745175 0.35035211267605637 0.2471042471042471 0.4260563380281691 0.2471042471042471
8 0.6390845070422535 0.1013513513513514 0.5774647887323944 0.10135135135135138 0.5774647887323944 0.13320463320463327 0.6390845070422535 0.13320463320463327
0 0.31866197183098594 0.1476833976833977 0.23415492957746478 0.1476833976833977 0.23415492957746478 0.19401544401544402 0.31866197183098594 0.19401544401544402
13 0.5404929577464791 0.5781853281853282 0.45246478873239454 0.5781853281853282 0.45246478873239454 0.6225868725868726 0.5404929577464791 0.6225868725868726
6 0.6461267605633803 0.14768339768339775 0.5686619718309859 0.14768339768339775 0.5686619718309859 0.19111969111969118 0.6461267605633803 0.19111969111969118