3 0.852112676056338 0.3378378378378379 0.7764084507042254 0.33783783783783783 0.7764084507042254 0.38320463320463327 0.852112676056338 0.3832046332046333
3 0.3397887323943663 0.45077220077220076 0.2640845070422536 0.45077220077220076 0.2640845070422536 0.4971042471042471 0.3397887323943663 0.4971042471042471
3 0.7482394366197183 0.36003861003861004 0.670774647887324 0.36003861003861004 0.670774647887324 0.40540540540540543 0.7482394366197183 0.40540540540540543
3 0.4419014084507043 0.4305019305019305 0.36795774647887336 0.4305019305019305 0.36795774647887336 0.4749034749034749 0.4419014084507043 0.4749034749034749
7 0.2852112676056339 0.5173745173745173 0.1795774647887325 0.5173745173745173 0.17957746478873252 0.5772200772200772 0.2852112676056339 0.5772200772200772
9 0.7588028169014086 0.5318532818532818 0.6778169014084509 0.5318532818532818 0.6778169014084509 0.5781853281853282 0.7588028169014086 0.5781853281853282
9 0.5528169014084509 0.5781853281853282 0.47359154929577485 0.5781853281853282 0.47359154929577485 0.6245173745173745 0.5528169014084509 0.6245173745173745
3 0.13732394366197193 0.49903474903474904 0.059859154929577565 0.49903474903474904 0.05985915492957758 0.5434362934362934 0.13732394366197193 0.5434362934362934
5 0.7024647887323945 0.42277992277992277 0.5845070422535211 0.42277992277992277 0.5845070422535212 0.48841698841698844 0.7024647887323946 0.48841698841698844
12 0.3767605633802817 0.14478764478764478 0.25704225352112675 0.14478764478764478 0.25704225352112675 0.21235521235521235 0.3767605633802817 0.21235521235521235
5 0.3609154929577466 0.6167953667953668 0.2552816901408452 0.6167953667953668 0.25528169014084523 0.6747104247104247 0.36091549295774666 0.6747104247104247
11 0.5580985915492959 0.3996138996138996 0.4524647887323944 0.3996138996138996 0.4524647887323945 0.4584942084942085 0.558098591549296 0.4584942084942085
6 0.09859154929577471 0.26833976833976836 0.024647887323943723 0.26833976833976836 0.02464788732394373 0.3252895752895753 0.09859154929577472 0.3252895752895753
10 0.6426056338028169 0.03088803088803093 0.5387323943661971 0.03088803088803093 0.5387323943661971 0.08880308880308885 0.6426056338028169 0.08880308880308886
1 0.25528169014084523 0.638996138996139 0.14964788732394382 0.638996138996139 0.14964788732394382 0.7007722007722008 0.2552816901408453 0.7007722007722008
0 0.7447183098591549 0.009652509652509701 0.6408450704225352 0.009652509652509697 0.6408450704225352 0.06756756756756763 0.7447183098591549 0.06756756756756763
1 1 0.4584942084942086 0.9647887323943662 0.4584942084942086 0.9647887323943662 0.5173745173745173 1 0.5173745173745173
11 0.9735915492957746 0.48166023166023175 0.8679577464788735 0.48166023166023175 0.8679577464788735 0.5357142857142857 0.9735915492957746 0.5357142857142857
4 0.5176056338028169 0.1756756756756757 0.40669014084507044 0.17567567567567569 0.4066901408450705 0.2393822393822394 0.5176056338028169 0.23938223938223943
13 0.6390845070422537 0.4951737451737452 0.5176056338028171 0.4951737451737452 0.5176056338028171 0.5608108108108109 0.6390845070422537 0.5608108108108109
7 0.5897887323943664 0.45077220077220076 0.484154929577465 0.45077220077220076 0.484154929577465 0.5048262548262549 0.5897887323943664 0.5048262548262549
2 0.846830985915493 0.16409266409266415 0.7588028169014085 0.16409266409266415 0.7588028169014085 0.2123552123552124 0.846830985915493 0.2123552123552124
4 0.31338028169014087 0.22007722007722008 0.20246478873239443 0.22007722007722008 0.20246478873239443 0.2857142857142857 0.3133802816901409 0.2857142857142857
2 0.7447183098591549 0.18629343629343634 0.6584507042253521 0.18629343629343634 0.6584507042253521 0.23552123552123558 0.7447183098591549 0.23552123552123558
6 0.41197183098591555 0.19884169884169886 0.3045774647887324 0.19884169884169883 0.30457746478873243 0.25675675675675674 0.4119718309859156 0.25675675675675674
2 0.47183098591549294 0.305019305019305 0.3890845070422536 0.305019305019305 0.3890845070422536 0.35135135135135137 0.47183098591549294 0.35135135135135137
8 0.4295774647887324 0.08590733590733593 0.34507042253521125 0.08590733590733593 0.34507042253521125 0.13320463320463324 0.4295774647887324 0.13320463320463327
2 0.13204225352112683 0.32432432432432434 0.04401408450704233 0.32432432432432434 0.044014084507042334 0.37065637065637064 0.13204225352112686 0.37065637065637064
8 0.221830985915493 0.13127413127413126 0.13908450704225356 0.13127413127413126 0.13908450704225356 0.17567567567567569 0.221830985915493 0.17567567567567569