5 0.4931506849315068 0.5419075144508673 0.476027397260274 0.5419075144508673 0.476027397260274 0.5664739884393065 0.4931506849315068 0.5664739884393065
1 0.5821917808219178 0.5057803468208094 0.5667808219178082 0.5057803468208094 0.5667808219178082 0.531791907514451 0.5821917808219178 0.531791907514451
11 0.4948630136986301 0.47398843930635853 0.4794520547945205 0.47398843930635853 0.4794520547945205 0.5000000000000001 0.4948630136986301 0.5000000000000001
8 0.5196917808219178 0.3121387283236995 0.5077054794520548 0.3121387283236995 0.5077054794520548 0.3294797687861272 0.5196917808219178 0.3294797687861272
6 0.5616438356164384 0.47398843930635853 0.5462328767123288 0.47398843930635853 0.5462328767123288 0.49855491329479784 0.5616438356164384 0.49855491329479784
4 0.5 0.33959537572254345 0.4828767123287671 0.33959537572254345 0.4828767123287671 0.3612716763005781 0.5 0.3612716763005781
7 0.538527397260274 0.5028901734104048 0.5231164383561644 0.5028901734104048 0.5231164383561644 0.5260115606936417 0.538527397260274 0.5260115606936417
4 0.6070205479452054 0.3757225433526013 0.5907534246575342 0.3757225433526013 0.5907534246575342 0.40173410404624293 0.6070205479452054 0.40173410404624293
3 0.6258561643835616 0.47398843930635853 0.613013698630137 0.47398843930635853 0.613013698630137 0.49566473988439325 0.6258561643835616 0.49566473988439325
10 0.4768835616438356 0.30346820809248565 0.4606164383561644 0.30346820809248565 0.4606164383561644 0.32658959537572263 0.4768835616438356 0.32658959537572263
2 0.4511986301369863 0.3728323699421967 0.4375 0.3728323699421967 0.4375 0.39161849710982677 0.4511986301369863 0.39161849710982677
2 0.5402397260273972 0.4075144508670522 0.5273972602739726 0.4075144508670522 0.5273972602739726 0.42774566473988457 0.5402397260273972 0.42774566473988457
0 0.6053082191780822 0.5447976878612718 0.5881849315068494 0.5447976878612718 0.5881849315068494 0.5708092485549134 0.6053082191780822 0.5708092485549134
8 0.5393835616438356 0.34248554913294804 0.5282534246575342 0.34248554913294804 0.5282534246575342 0.3612716763005781 0.5393835616438356 0.3612716763005781
9 0.5376712328767124 0.5765895953757227 0.5248287671232876 0.5765895953757227 0.5248287671232876 0.5997109826589597 0.5376712328767124 0.5997109826589597
3 0.559931506849315 0.44364161849711 0.547945205479452 0.44364161849711 0.547945205479452 0.46387283236994237 0.559931506849315 0.46387283236994237
3 0.4957191780821918 0.3728323699421967 0.4828767123287671 0.3728323699421967 0.4828767123287671 0.39161849710982677 0.4957191780821918 0.39161849710982677
3 0.4700342465753425 0.47109826589595394 0.4563356164383562 0.47109826589595394 0.4563356164383562 0.49132947976878627 0.4700342465753425 0.49132947976878627
0 0.5856164383561644 0.2861271676300579 0.5702054794520548 0.2861271676300579 0.5702054794520548 0.3121387283236995 0.5856164383561644 0.3121387283236995
1 0.4469178082191781 0.5404624277456649 0.4289383561643836 0.5404624277456649 0.4289383561643836 0.5650289017341042 0.4469178082191781 0.5650289017341042
2 0.5607876712328768 0.37861271676300595 0.5470890410958904 0.37861271676300595 0.5470890410958904 0.39884393063583834 0.5607876712328768 0.39884393063583834
10 0.4708904109589041 0.5028901734104048 0.4537671232876712 0.5028901734104048 0.4537671232876712 0.5303468208092487 0.4708904109589041 0.5303468208092487
7 0.627568493150685 0.4089595375722545 0.610445205479452 0.4089595375722545 0.610445205479452 0.4320809248554915 0.627568493150685 0.4320809248554915
2 0.473458904109589 0.4075144508670522 0.461472602739726 0.4075144508670522 0.461472602739726 0.42630057803468224 0.473458904109589 0.42630057803468224
2 0.6044520547945206 0.34537572254335275 0.5933219178082192 0.3453757225433527 0.5933219178082192 0.36416184971098275 0.6044520547945206 0.3641618497109828
6 0.5633561643835616 0.33959537572254345 0.5488013698630136 0.33959537572254345 0.5488013698630136 0.3656069364161851 0.5633561643835616 0.3656069364161851
9 0.514554794520548 0.5057803468208094 0.5008561643835616 0.5057803468208094 0.5008561643835616 0.5260115606936417 0.514554794520548 0.5260115606936417
11 0.5847602739726028 0.4407514450867054 0.5684931506849316 0.4407514450867054 0.5684931506849316 0.46676300578034696 0.5847602739726028 0.46676300578034696
12 0.5248287671232876 0.2760115606936417 0.5051369863013698 0.2760115606936417 0.5051369863013698 0.3049132947976879 0.5248287671232876 0.3049132947976879
13 0.5179794520547946 0.5722543352601158 0.4982876712328767 0.5722543352601158 0.4982876712328767 0.6040462427745666 0.5179794520547946 0.6040462427745666
5 0.5393835616438356 0.5375722543352602 0.5222602739726028 0.5375722543352602 0.5222602739726028 0.5635838150289019 0.5393835616438356 0.5635838150289019
3 0.4931506849315068 0.43930635838150306 0.4803082191780822 0.43930635838150306 0.4803082191780822 0.45953757225433545 0.4931506849315068 0.45953757225433545