7 0.4452054794520548 0.815028901734104 0.4066780821917809 0.815028901734104 0.4066780821917809 0.8901734104046243 0.4452054794520548 0.8901734104046243
7 0.3227739726027397 0.48121387283236994 0.2842465753424658 0.48121387283236994 0.2842465753424658 0.5578034682080925 0.3227739726027397 0.5578034682080925
4 0.6532534246575342 0.6777456647398845 0.6164383561643836 0.6777456647398845 0.6164383561643836 0.7514450867052023 0.6532534246575342 0.7514450867052023
9 0.3664383561643836 0.5563583815028902 0.3373287671232877 0.5563583815028902 0.3373287671232877 0.615606936416185 0.3664383561643836 0.615606936416185
3 0.4871575342465753 0.8121387283236994 0.4554794520547945 0.8121387283236994 0.4554794520547945 0.8728323699421965 0.4871575342465753 0.8728323699421965
2 0.601027397260274 0.6950867052023123 0.574486301369863 0.6950867052023123 0.574486301369863 0.7514450867052023 0.601027397260274 0.7514450867052023
3 0.4409246575342466 0.4537572254335262 0.410958904109589 0.4537572254335262 0.410958904109589 0.5144508670520233 0.4409246575342466 0.5144508670520233
10 0.6626712328767124 0.40317919075144526 0.6241438356164384 0.40317919075144526 0.6241438356164384 0.4768786127167632 0.6626712328767124 0.4768786127167632
8 0.7208904109589042 0.5765895953757227 0.6934931506849316 0.5765895953757227 0.6934931506849316 0.6343930635838152 0.7208904109589042 0.6343930635838152
2 0.610445205479452 0.7817919075144508 0.5830479452054794 0.7817919075144508 0.5830479452054794 0.8395953757225434 0.610445205479452 0.8395953757225434
3 0.473458904109589 0.7225433526011562 0.4434931506849315 0.7225433526011562 0.4434931506849315 0.7832369942196532 0.473458904109589 0.7832369942196532
3 0.4520547945205479 0.5491329479768787 0.4220890410958904 0.5491329479768787 0.4220890410958904 0.6098265895953758 0.4520547945205479 0.6098265895953758
9 0.33561643835616445 0.661849710982659 0.3039383561643836 0.661849710982659 0.3039383561643836 0.7196531791907514 0.3356164383561645 0.7196531791907514
8 0.696917808219178 0.4002890173410406 0.6703767123287672 0.4002890173410406 0.6703767123287672 0.4580924855491331 0.696917808219178 0.4580924855491331
6 0.6404109589041096 0.5867052023121389 0.6027397260273972 0.5867052023121389 0.6027397260273972 0.6589595375722545 0.6404109589041096 0.6589595375722545
5 0.5205479452054794 0.7023121387283239 0.4845890410958904 0.7023121387283239 0.4845890410958904 0.7745664739884393 0.5205479452054794 0.7745664739884393
5 0.2979452054794521 0.29190751445086716 0.2585616438356164 0.29190751445086716 0.2585616438356164 0.36705202312138735 0.2979452054794521 0.36705202312138735
2 0.5351027397260274 0.5274566473988441 0.5085616438356164 0.5274566473988441 0.5085616438356164 0.5867052023121389 0.5351027397260274 0.5867052023121389
0 0.5154109589041096 0.24566473988439314 0.4785958904109589 0.24566473988439314 0.4785958904109589 0.31936416184971106 0.5154109589041096 0.31936416184971106
1 0.3493150684931508 0.7413294797687862 0.31164383561643844 0.7413294797687862 0.31164383561643844 0.815028901734104 0.3493150684931508 0.815028901734104
10 0.7397260273972602 0.6676300578034684 0.7003424657534246 0.6676300578034684 0.7003424657534246 0.7369942196531793 0.7397260273972602 0.7369942196531793
2 0.5616438356164384 0.33959537572254345 0.5291095890410958 0.33959537572254345 0.5291095890410958 0.4002890173410406 0.5616438356164384 0.4002890173410406
0 0.7559931506849316 0.8424855491329479 0.7166095890410958 0.8424855491329479 0.7166095890410958 0.9190751445086706 0.7559931506849316 0.9190751445086706
1 0.6746575342465754 0.1170520231213874 0.634417808219178 0.1170520231213874 0.634417808219178 0.19364161849710998 0.6746575342465754 0.19364161849710998
4 0.583904109589041 0.5057803468208094 0.5462328767123288 0.5057803468208094 0.5462328767123288 0.5765895953757227 0.583904109589041 0.5765895953757227
11 0.3116438356164384 0.3829479768786127 0.2714041095890411 0.3829479768786127 0.2714041095890411 0.45809248554913296 0.3116438356164384 0.45809248554913296
13 0.3313356164383562 0.5592485549132948 0.285958904109589 0.5592485549132948 0.285958904109589 0.6445086705202312 0.3313356164383562 0.6445086705202312
6 0.6267123287671232 0.5043352601156071 0.5916095890410958 0.5043352601156071 0.5916095890410958 0.5722543352601158 0.6267123287671232 0.5722543352601158
11 0.4169520547945205 0.5404624277456648 0.3775684931506849 0.5404624277456648 0.3775684931506849 0.615606936416185 0.4169520547945205 0.6156069364161851
12 0.7191780821917808 0.4725433526011562 0.6763698630136986 0.4725433526011562 0.6763698630136986 0.5505780346820811 0.7191780821917808 0.5505780346820811