5 0.3869863013698631 0.7687861271676301 0.3458904109589042 0.7687861271676301 0.3458904109589042 0.8294797687861272 0.3869863013698631 0.8294797687861272
1 0.2696917808219179 0.7658959537572254 0.22688356164383572 0.7658959537572254 0.22688356164383572 0.8280346820809249 0.2696917808219179 0.8280346820809249
4 0.4041095890410959 0.26300578034682087 0.3647260273972603 0.26300578034682087 0.3647260273972603 0.3208092485549134 0.4041095890410959 0.3208092485549134
10 0.3321917808219179 0.6748554913294798 0.2893835616438357 0.6748554913294798 0.2893835616438357 0.7369942196531792 0.3321917808219179 0.7369942196531792
6 0.5633561643835616 0.2687861271676301 0.526541095890411 0.2687861271676301 0.526541095890411 0.3251445086705203 0.5633561643835616 0.3251445086705203
2 0.3381849315068493 0.4320809248554913 0.3065068493150685 0.4320809248554913 0.3065068493150685 0.47832369942196534 0.3381849315068493 0.47832369942196534
7 0.723458904109589 0.4364161849710984 0.684931506849315 0.4364161849710984 0.684931506849315 0.4927745664739886 0.723458904109589 0.4927745664739886
6 0.5590753424657534 0.5997109826589597 0.5188356164383562 0.5997109826589597 0.5188356164383562 0.6604046242774568 0.5590753424657534 0.6604046242774568
7 0.5017123287671232 0.6719653179190753 0.4623287671232877 0.6719653179190753 0.4623287671232877 0.7326589595375724 0.5017123287671232 0.7326589595375724
3 0.3929794520547945 0.3482658959537573 0.3613013698630137 0.3482658959537573 0.3613013698630137 0.3930635838150289 0.3929794520547945 0.3930635838150289
5 0.5008561643835616 0.7630057803468208 0.4606164383561644 0.7630057803468208 0.4606164383561644 0.8236994219653179 0.5008561643835616 0.8236994219653179
12 0.4648972602739726 0.1098265895953758 0.4203767123287671 0.1098265895953758 0.4203767123287671 0.17919075144508678 0.4648972602739726 0.17919075144508678
11 0.6138698630136986 0.5216763005780348 0.5753424657534246 0.5216763005780348 0.5753424657534246 0.5809248554913297 0.6138698630136986 0.5809248554913297
9 0.4991438356164384 0.8641618497109826 0.4657534246575342 0.8641618497109826 0.4657534246575342 0.911849710982659 0.4991438356164384 0.911849710982659
11 0.3912671232876712 0.5982658959537572 0.3501712328767123 0.5982658959537572 0.3501712328767123 0.6589595375722543 0.3912671232876712 0.6589595375722543
3 0.3878424657534247 0.5158959537572254 0.3561643835616438 0.5158959537572254 0.3561643835616438 0.5606936416184971 0.3878424657534247 0.5606936416184971
2 0.6695205479452054 0.2760115606936418 0.6386986301369864 0.2760115606936418 0.6386986301369864 0.32080924855491344 0.6695205479452054 0.32080924855491344
1 0.6095890410958904 0.6763005780346822 0.5702054794520548 0.6763005780346822 0.5702054794520548 0.7369942196531793 0.6095890410958904 0.7369942196531793
8 0.4546232876712329 0.19653179190751452 0.4246575342465753 0.19653179190751452 0.4246575342465753 0.24132947976878621 0.4546232876712329 0.24132947976878621
4 0.6712328767123288 0.3612716763005782 0.6335616438356164 0.3612716763005782 0.6335616438356164 0.41763005780346835 0.6712328767123288 0.41763005780346835
3 0.5547945205479452 0.5245664739884395 0.5231164383561644 0.5245664739884395 0.5231164383561644 0.5722543352601158 0.5547945205479452 0.5722543352601158
2 0.2808219178082192 0.34393063583815037 0.24743150684931506 0.34393063583815037 0.24743150684931506 0.3901734104046243 0.2808219178082192 0.3901734104046243
3 0.7183219178082192 0.6054913294797689 0.6857876712328768 0.6054913294797689 0.6857876712328768 0.651734104046243 0.7183219178082192 0.651734104046243
2 0.5547945205479452 0.3656069364161851 0.5231164383561644 0.3656069364161851 0.5231164383561644 0.41040462427745683 0.5547945205479452 0.41040462427745683
8 0.5034246575342466 0.27456647398843936 0.473458904109589 0.27456647398843936 0.473458904109589 0.3208092485549134 0.5034246575342466 0.3208092485549134
9 0.4409246575342466 0.6791907514450869 0.40753424657534254 0.6791907514450869 0.40753424657534254 0.7283236994219655 0.4409246575342466 0.7283236994219655
0 0.6164383561643836 0.13439306358381514 0.5796232876712328 0.13439306358381514 0.5796232876712328 0.19075144508670533 0.6164383561643836 0.19075144508670536
13 0.449486301369863 0.8526011560693642 0.39982876712328774 0.8526011560693642 0.39982876712328774 0.9219653179190751 0.449486301369863 0.9219653179190751
0 0.6669520547945206 0.7745664739884393 0.6267123287671232 0.7745664739884393 0.6267123287671232 0.8410404624277457 0.6669520547945206 0.8410404624277457
3 0.3287671232876712 0.5939306358381503 0.2953767123287671 0.5939306358381503 0.2953767123287671 0.6430635838150289 0.3287671232876712 0.6430635838150289
10 0.3441780821917808 0.17919075144508678 0.3073630136986301 0.17919075144508678 0.3073630136986301 0.23554913294797697 0.3441780821917808 0.23554913294797697
2 0.5042808219178082 0.4320809248554915 0.4743150684931507 0.4320809248554915 0.4743150684931507 0.485549132947977 0.5042808219178082 0.485549132947977