3 0.1971830985915494 0.42277992277992277 0.1443661971830987 0.42277992277992277 0.1443661971830987 0.45656370656370654 0.1971830985915494 0.45656370656370654
3 0.4137323943661973 0.42277992277992277 0.3626760563380283 0.42277992277992277 0.3626760563380283 0.45656370656370654 0.4137323943661973 0.45656370656370654
9 0.6355633802816903 0.583976833976834 0.5827464788732396 0.583976833976834 0.5827464788732396 0.6177606177606177 0.6355633802816903 0.6177606177606177
3 0.8556338028169014 0.36969111969111973 0.8045774647887324 0.3696911196911197 0.8045774647887324 0.4044401544401545 0.8556338028169014 0.4044401544401546
3 0.7464788732394367 0.4218146718146718 0.6936619718309859 0.4218146718146718 0.693661971830986 0.4555984555984556 0.7464788732394368 0.4555984555984556
5 0.6426056338028171 0.472007722007722 0.5721830985915495 0.472007722007722 0.5721830985915495 0.5164092664092664 0.6426056338028171 0.5164092664092664
11 0.5369718309859156 0.41795366795366795 0.45774647887323944 0.41795366795366795 0.45774647887323955 0.46042471042471045 0.5369718309859157 0.46042471042471045
1 0.7517605633802817 0.3658301158301158 0.6813380281690141 0.3658301158301158 0.6813380281690141 0.4092664092664093 0.7517605633802817 0.4092664092664093
7 0.7517605633802819 0.472007722007722 0.6813380281690142 0.472007722007722 0.6813380281690142 0.5154440154440154 0.7517605633802819 0.5154440154440154
12 0.5422535211267606 0.1457528957528958 0.45422535211267606 0.1457528957528958 0.45422535211267606 0.19691119691119696 0.5422535211267606 0.19691119691119696
7 0.4295774647887325 0.4700772200772201 0.34683098591549305 0.4700772200772201 0.34683098591549305 0.5154440154440154 0.4295774647887325 0.5154440154440154
11 0.8644366197183101 0.5791505791505791 0.7904929577464791 0.5791505791505791 0.7904929577464791 0.6206563706563707 0.8644366197183101 0.6206563706563707
9 0.5264084507042256 0.5299227799227799 0.47359154929577485 0.5299227799227799 0.47359154929577485 0.5646718146718147 0.5264084507042256 0.5646718146718147
6 0.6496478873239436 0.1486486486486487 0.5669014084507042 0.1486486486486487 0.5669014084507042 0.19498069498069504 0.6496478873239436 0.19498069498069504
5 0.4260563380281691 0.525096525096525 0.34683098591549305 0.525096525096525 0.34683098591549305 0.5704633204633205 0.4260563380281691 0.5704633204633205
0 0.7570422535211268 0.14671814671814679 0.6778169014084507 0.14671814671814679 0.6778169014084507 0.19401544401544407 0.7570422535211268 0.19401544401544407
8 0.6390845070422535 0.1013513513513514 0.579225352112676 0.10135135135135138 0.579225352112676 0.13416988416988423 0.6390845070422535 0.13416988416988423
8 0.4225352112676056 0.10038610038610041 0.3573943661971831 0.10038610038610041 0.3573943661971831 0.13803088803088806 0.4225352112676056 0.1380308880308881
4 0.4313380281690141 0.2036679536679537 0.34507042253521125 0.20366795366795368 0.3450704225352113 0.2451737451737452 0.4313380281690142 0.24517374517374524
0 0.31866197183098594 0.14961389961389962 0.23591549295774647 0.14961389961389962 0.23591549295774647 0.1920849420849421 0.31866197183098594 0.1920849420849421
6 0.7605633802816901 0.20366795366795373 0.6813380281690141 0.20366795366795373 0.6813380281690141 0.24903474903474904 0.7605633802816901 0.24903474903474904
2 0.75 0.2606177606177606 0.6866197183098591 0.2606177606177606 0.6866197183098591 0.29633204633204635 0.75 0.29633204633204635
2 0.08978873239436626 0.2625482625482625 0.029929577464788797 0.2625482625482625 0.029929577464788797 0.2982625482625483 0.08978873239436627 0.2982625482625483
2 0.20070422535211271 0.26158301158301156 0.13556338028169018 0.26158301158301156 0.13556338028169018 0.2944015444015444 0.20070422535211271 0.2944015444015444
2 0.5316901408450704 0.3156370656370656 0.47007042253521125 0.3156370656370656 0.47007042253521125 0.34942084942084944 0.5316901408450704 0.34942084942084944
2 0.9665492957746479 0.26158301158301167 0.9066901408450704 0.26158301158301167 0.9066901408450704 0.2953667953667955 0.9665492957746479 0.2953667953667955
4 0.647887323943662 0.2017374517374518 0.5651408450704225 0.2017374517374518 0.5651408450704225 0.2471042471042471 0.647887323943662 0.2471042471042471
10 0.9753521126760564 0.363899613899614 0.8926056338028169 0.363899613899614 0.8926056338028169 0.4063706563706565 0.9753521126760564 0.4063706563706565
13 0.5422535211267607 0.5781853281853282 0.45070422535211285 0.5781853281853282 0.45070422535211285 0.6225868725868726 0.5422535211267607 0.6225868725868726