3 0.1971830985915494 0.42277992277992277 0.1408450704225353 0.42277992277992277 0.1408450704225353 0.4584942084942085 0.1971830985915494 0.4584942084942085
3 0.415492957746479 0.42084942084942084 0.3573943661971832 0.42084942084942084 0.3573943661971832 0.4584942084942085 0.415492957746479 0.4584942084942085
9 0.6355633802816903 0.583976833976834 0.5827464788732396 0.583976833976834 0.5827464788732396 0.6206563706563707 0.6355633802816903 0.6206563706563707
3 0.8556338028169014 0.36872586872586877 0.7992957746478874 0.3687258687258687 0.7992957746478874 0.4044401544401545 0.8556338028169014 0.4044401544401546
5 0.6461267605633805 0.4691119691119691 0.5704225352112678 0.4691119691119691 0.5704225352112678 0.5154440154440154 0.6461267605633805 0.5154440154440154
11 0.5387323943661972 0.41795366795366795 0.4595070422535211 0.41795366795366795 0.45950704225352124 0.4623552123552124 0.5387323943661974 0.4623552123552124
3 0.7500000000000001 0.4218146718146718 0.6883802816901409 0.4218146718146718 0.688380281690141 0.4584942084942085 0.7500000000000002 0.4584942084942085
1 0.7552816901408451 0.2557915057915058 0.6795774647887324 0.2557915057915058 0.6795774647887324 0.29922779922779924 0.7552816901408451 0.29922779922779924
7 0.7517605633802819 0.47104247104247104 0.6813380281690142 0.47104247104247104 0.6813380281690142 0.5173745173745173 0.7517605633802819 0.5173745173745173
9 0.5264084507042256 0.5299227799227799 0.47359154929577485 0.5299227799227799 0.47359154929577485 0.5646718146718147 0.5264084507042256 0.5646718146718147
12 0.5422535211267606 0.1457528957528958 0.45422535211267606 0.1457528957528958 0.45422535211267606 0.19691119691119696 0.5422535211267606 0.19691119691119696
7 0.4295774647887325 0.4700772200772201 0.34859154929577474 0.4700772200772201 0.34859154929577474 0.5154440154440154 0.4295774647887325 0.5154440154440154
4 0.647887323943662 0.20270270270270277 0.5686619718309859 0.20270270270270277 0.5686619718309859 0.2471042471042471 0.647887323943662 0.2471042471042471
11 0.8644366197183101 0.5791505791505791 0.7904929577464791 0.5791505791505791 0.7904929577464791 0.6254826254826255 0.8644366197183101 0.6254826254826255
5 0.4260563380281691 0.525096525096525 0.34683098591549305 0.525096525096525 0.34683098591549305 0.5704633204633205 0.4260563380281691 0.5704633204633205
0 0.31690140845070425 0.14961389961389962 0.23591549295774647 0.14961389961389962 0.23591549295774647 0.1920849420849421 0.31690140845070425 0.1920849420849421
8 0.41725352112676056 0.10135135135135138 0.3591549295774648 0.10135135135135138 0.3591549295774648 0.13223938223938228 0.41725352112676056 0.13223938223938228
8 0.6390845070422535 0.10038610038610042 0.5774647887323944 0.10038610038610041 0.5774647887323944 0.13706563706563712 0.6390845070422535 0.13706563706563712
0 0.8644366197183099 0.14961389961389968 0.7852112676056338 0.14961389961389968 0.7852112676056338 0.19498069498069504 0.8644366197183099 0.19498069498069504
6 0.647887323943662 0.15057915057915064 0.5704225352112676 0.15057915057915064 0.5704225352112676 0.19015444015444022 0.647887323943662 0.19015444015444022
2 0.9683098591549296 0.26158301158301167 0.9066901408450704 0.26158301158301167 0.9066901408450704 0.29633204633204646 0.9683098591549296 0.29633204633204646
2 0.09154929577464795 0.26158301158301156 0.029929577464788797 0.26158301158301156 0.029929577464788797 0.2944015444015444 0.09154929577464796 0.2944015444015444
2 0.19894366197183103 0.26158301158301156 0.13732394366197187 0.26158301158301156 0.13732394366197187 0.2944015444015444 0.19894366197183103 0.2944015444015444
6 0.7570422535211268 0.20077220077220082 0.6830985915492958 0.20077220077220082 0.6830985915492958 0.24517374517374524 0.7570422535211268 0.24517374517374524
10 0.9753521126760564 0.363899613899614 0.897887323943662 0.363899613899614 0.897887323943662 0.4092664092664094 0.9753521126760564 0.4092664092664094
2 0.5299295774647887 0.31467181467181465 0.4665492957746479 0.31467181467181465 0.4665492957746479 0.3474903474903475 0.5299295774647887 0.3474903474903475
4 0.42957746478873243 0.2007722007722008 0.34507042253521125 0.20077220077220076 0.3450704225352113 0.24806949806949807 0.4295774647887325 0.24806949806949807
13 0.5422535211267607 0.5752895752895753 0.45246478873239454 0.5752895752895753 0.45246478873239454 0.6225868725868726 0.5422535211267607 0.6225868725868726