1 0.3707191780821919 0.7052023121387283 0.33476027397260283 0.7052023121387283 0.33476027397260283 0.7572254335260116 0.3707191780821919 0.7572254335260116
7 0.747431506849315 0.40317919075144526 0.7123287671232876 0.40317919075144526 0.7123287671232876 0.4537572254335262 0.747431506849315 0.4537572254335262
1 0.6523972602739726 0.6156069364161851 0.6190068493150684 0.6156069364161851 0.6190068493150684 0.666184971098266 0.6523972602739726 0.666184971098266
7 0.5607876712328768 0.6199421965317921 0.5282534246575342 0.6199421965317921 0.5282534246575342 0.6705202312138729 0.5607876712328768 0.6705202312138729
5 0.5625 0.6907514450867054 0.5299657534246576 0.6907514450867054 0.5299657534246576 0.7413294797687862 0.5625 0.7413294797687862
11 0.4666095890410959 0.5621387283236996 0.4323630136986301 0.5621387283236996 0.4323630136986301 0.6112716763005782 0.4666095890410959 0.6112716763005782
0 0.6977739726027398 0.6921965317919077 0.6652397260273972 0.6921965317919077 0.6652397260273972 0.7413294797687862 0.6977739726027398 0.7413294797687862
5 0.4674657534246575 0.6994219653179192 0.4340753424657535 0.6994219653179192 0.4340753424657535 0.7557803468208093 0.4674657534246575 0.7557803468208093
6 0.6070205479452054 0.5578034682080927 0.5736301369863014 0.5578034682080927 0.5736301369863014 0.6083815028901736 0.6070205479452054 0.6083815028901736
2 0.4152397260273973 0.42341040462427754 0.386986301369863 0.4234104046242775 0.386986301369863 0.46098265895953766 0.4152397260273973 0.4609826589595377
4 0.4657534246575342 0.2658959537572255 0.4315068493150685 0.2658959537572255 0.4315068493150685 0.31647398843930646 0.4657534246575342 0.31647398843930646
12 0.5162671232876712 0.1184971098265897 0.4751712328767123 0.11849710982658967 0.4751712328767123 0.18208092485549143 0.5162671232876712 0.18208092485549146
10 0.42123287671232884 0.6286127167630059 0.3844178082191781 0.6286127167630058 0.38441780821917815 0.6835260115606937 0.42123287671232884 0.6835260115606938
13 0.521404109589041 0.7615606936416185 0.4811643835616438 0.7615606936416185 0.4811643835616438 0.8236994219653179 0.521404109589041 0.8236994219653179
3 0.7422945205479452 0.5505780346820811 0.714041095890411 0.5505780346820811 0.714041095890411 0.5881502890173412 0.7422945205479452 0.5881502890173412
2 0.6986301369863014 0.263005780346821 0.6720890410958904 0.263005780346821 0.6720890410958904 0.3078034682080926 0.6986301369863014 0.3078034682080926
3 0.4589041095890411 0.34248554913294804 0.4306506849315068 0.34248554913294804 0.4306506849315068 0.3829479768786129 0.4589041095890411 0.3829479768786129
0 0.6523972602739726 0.13439306358381514 0.622431506849315 0.13439306358381514 0.622431506849315 0.18352601156069376 0.6523972602739726 0.18352601156069376
8 0.5077054794520548 0.20086705202312147 0.4794520547945205 0.20086705202312147 0.4794520547945205 0.24132947976878621 0.5077054794520548 0.24132947976878621
3 0.603595890410959 0.4927745664739886 0.5753424657534246 0.4927745664739886 0.5753424657534246 0.5303468208092487 0.603595890410959 0.5303468208092487
9 0.5607876712328768 0.7702312138728323 0.5342465753424658 0.7702312138728323 0.5342465753424658 0.8106936416184971 0.5607876712328768 0.8106936416184971
6 0.6078767123287672 0.2630057803468209 0.574486301369863 0.26300578034682087 0.574486301369863 0.31358381502890187 0.6078767123287672 0.3135838150289019
2 0.363013698630137 0.3482658959537573 0.3339041095890411 0.3482658959537573 0.3339041095890411 0.38872832369942195 0.363013698630137 0.38872832369942195
2 0.5993150684931506 0.34971098265895967 0.5727739726027398 0.3497109826589596 0.5727739726027398 0.3887283236994221 0.5993150684931506 0.3887283236994221
3 0.4606164383561644 0.49132947976878627 0.4332191780821918 0.49132947976878627 0.4332191780821918 0.5303468208092487 0.4606164383561644 0.5303468208092487
4 0.7011986301369864 0.3410404624277458 0.6678082191780822 0.3410404624277458 0.6678082191780822 0.3887283236994221 0.7011986301369864 0.3887283236994221
8 0.553082191780822 0.27023121387283244 0.5273972602739726 0.27023121387283244 0.5273972602739726 0.3106936416184972 0.553082191780822 0.3106936416184972
10 0.410958904109589 0.18786127167630065 0.3767123287671233 0.18786127167630065 0.3767123287671233 0.2384393063583816 0.410958904109589 0.2384393063583816
9 0.5085616438356164 0.624277456647399 0.4837328767123288 0.624277456647399 0.4837328767123288 0.6690751445086707 0.5085616438356164 0.6690751445086707
3 0.4126712328767123 0.5650289017341041 0.3835616438356164 0.565028901734104 0.3835616438356164 0.6040462427745665 0.4126712328767123 0.6040462427745666
11 0.6549657534246576 0.4812138728323701 0.6215753424657534 0.4812138728323701 0.6215753424657534 0.531791907514451 0.6549657534246576 0.531791907514451
2 0.559931506849315 0.41763005780346835 0.5333904109589042 0.41763005780346835 0.5333904109589042 0.4580924855491331 0.559931506849315 0.4580924855491331