3 0.8556338028169014 0.36969111969111973 0.8028169014084507 0.3696911196911197 0.8028169014084507 0.4054054054054055 0.8556338028169014 0.40540540540540554
3 0.415492957746479 0.4247104247104247 0.36443661971831 0.4247104247104247 0.36443661971831 0.4594594594594595 0.415492957746479 0.4594594594594595
3 0.7464788732394367 0.42374517374517373 0.6919014084507042 0.42374517374517373 0.6919014084507044 0.4584942084942085 0.7464788732394368 0.4584942084942085
9 0.637323943661972 0.583976833976834 0.580985915492958 0.583976833976834 0.580985915492958 0.6158301158301158 0.637323943661972 0.6158301158301158
3 0.3045774647887325 0.42277992277992277 0.2500000000000001 0.42277992277992277 0.2500000000000001 0.4584942084942085 0.3045774647887325 0.4584942084942085
1 0.09507042253521135 0.361003861003861 0.019366197183098673 0.361003861003861 0.01936619718309868 0.4083011583011583 0.09507042253521136 0.4083011583011583
5 0.6478873239436622 0.46814671814671815 0.5686619718309861 0.46814671814671815 0.5686619718309861 0.5173745173745173 0.6478873239436622 0.5173745173745173
3 0.1971830985915494 0.42374517374517373 0.1443661971830987 0.42374517374517373 0.1443661971830987 0.4575289575289575 0.1971830985915494 0.4575289575289575
11 0.5352112676056339 0.41795366795366795 0.4612676056338028 0.41795366795366795 0.4612676056338029 0.4623552123552124 0.535211267605634 0.4623552123552124
7 0.757042253521127 0.47104247104247104 0.6795774647887326 0.47104247104247104 0.6795774647887326 0.5154440154440154 0.757042253521127 0.5154440154440154
7 0.4278169014084508 0.472007722007722 0.3503521126760564 0.472007722007722 0.3503521126760564 0.5154440154440154 0.4278169014084508 0.5154440154440154
6 0.426056338028169 0.14961389961389965 0.3485915492957746 0.14961389961389962 0.3485915492957746 0.194980694980695 0.426056338028169 0.19498069498069504
12 0.5422535211267606 0.14382239382239387 0.45598591549295775 0.14382239382239387 0.45598591549295775 0.19498069498069504 0.5422535211267606 0.19498069498069504
4 0.647887323943662 0.20270270270270277 0.5686619718309859 0.20270270270270277 0.5686619718309859 0.24903474903474904 0.647887323943662 0.24903474903474904
11 0.8626760563380284 0.5791505791505791 0.7887323943661974 0.5791505791505791 0.7887323943661974 0.6235521235521235 0.8626760563380284 0.6235521235521235
9 0.5264084507042256 0.5299227799227799 0.4700704225352115 0.5299227799227799 0.4700704225352115 0.5646718146718147 0.5264084507042256 0.5646718146718147
5 0.4260563380281691 0.5241312741312741 0.3503521126760564 0.5241312741312741 0.3503521126760564 0.5694980694980695 0.4260563380281691 0.5694980694980695
10 0.4278169014084508 0.25675675675675674 0.3503521126760564 0.25675675675675674 0.3503521126760564 0.30212355212355213 0.4278169014084508 0.30212355212355213
6 0.7570422535211268 0.2017374517374518 0.6813380281690141 0.2017374517374518 0.6813380281690141 0.24806949806949807 0.7570422535211268 0.24806949806949807
2 0.8591549295774648 0.2615830115830116 0.801056338028169 0.26158301158301156 0.801056338028169 0.29729729729729737 0.8591549295774648 0.2972972972972974
8 0.6408450704225352 0.1013513513513514 0.5774647887323944 0.10135135135135138 0.5774647887323944 0.13706563706563712 0.6408450704225352 0.13706563706563712
8 0.42077464788732394 0.10135135135135138 0.3573943661971831 0.10135135135135138 0.3573943661971831 0.1341698841698842 0.42077464788732394 0.13416988416988423
2 0.08802816901408457 0.2606177606177606 0.029929577464788797 0.2606177606177606 0.029929577464788797 0.2944015444015444 0.08802816901408458 0.2944015444015444
2 0.20246478873239443 0.26158301158301156 0.13908450704225356 0.26158301158301156 0.13908450704225356 0.2953667953667954 0.20246478873239443 0.2953667953667954
2 0.9683098591549296 0.26254826254826263 0.9066901408450704 0.26254826254826263 0.9066901408450704 0.29633204633204646 0.9683098591549296 0.29633204633204646
0 0.7552816901408451 0.1486486486486487 0.676056338028169 0.1486486486486487 0.676056338028169 0.19401544401544407 0.7552816901408451 0.19401544401544407
10 0.977112676056338 0.36293436293436304 0.897887323943662 0.36293436293436304 0.897887323943662 0.40733590733590747 0.977112676056338 0.40733590733590747
13 0.5422535211267607 0.5781853281853282 0.4542253521126763 0.5781853281853282 0.4542253521126763 0.6225868725868726 0.5422535211267607 0.6225868725868726
2 0.5299295774647887 0.3156370656370656 0.47007042253521125 0.3156370656370656 0.47007042253521125 0.3503861003861004 0.5299295774647887 0.3503861003861004
0 0.31338028169014087 0.1476833976833977 0.23415492957746478 0.1476833976833977 0.23415492957746478 0.19787644787644787 0.31338028169014087 0.19787644787644787
4 0.42957746478873243 0.2036679536679537 0.3485915492957746 0.20366795366795368 0.3485915492957747 0.24613899613899617 0.4295774647887325 0.2461389961389962