7 0.5565068493150684 0.6604046242774568 0.5308219178082192 0.6604046242774568 0.5308219178082192 0.7023121387283239 0.5565068493150684 0.7023121387283239
13 0.5291095890410958 0.6705202312138729 0.4957191780821918 0.6705202312138729 0.4957191780821918 0.7225433526011562 0.5291095890410958 0.7225433526011562
11 0.5196917808219178 0.5765895953757227 0.4940068493150685 0.5765895953757227 0.4940068493150685 0.6156069364161851 0.5196917808219178 0.6156069364161851
3 0.4434931506849315 0.5520231213872834 0.4195205479452055 0.5520231213872834 0.4195205479452055 0.5852601156069366 0.4434931506849315 0.5852601156069366
9 0.4863013698630137 0.6907514450867054 0.4648972602739726 0.6907514450867054 0.4648972602739726 0.7210982658959539 0.4863013698630137 0.7210982658959539
10 0.5342465753424658 0.27456647398843936 0.5068493150684932 0.27456647398843936 0.5068493150684932 0.31647398843930646 0.5342465753424658 0.31647398843930646
3 0.5496575342465754 0.5231213872832372 0.526541095890411 0.5231213872832372 0.526541095890411 0.5578034682080927 0.5496575342465754 0.5578034682080927
5 0.4434931506849315 0.4942196531791909 0.4152397260273973 0.4942196531791909 0.4152397260273973 0.5390173410404626 0.4434931506849315 0.5390173410404626
5 0.6335616438356164 0.647398843930636 0.6053082191780822 0.647398843930636 0.6053082191780822 0.6864161849710985 0.6335616438356164 0.6864161849710985
8 0.5299657534246576 0.23554913294797697 0.5077054794520548 0.23554913294797697 0.5077054794520548 0.2644508670520232 0.5299657534246576 0.2644508670520232
3 0.4066780821917808 0.5592485549132948 0.3852739726027397 0.5592485549132948 0.3852739726027397 0.5910404624277458 0.4066780821917808 0.5910404624277459
8 0.4571917808219178 0.2514450867052024 0.4357876712328767 0.2514450867052024 0.4357876712328767 0.28034682080924866 0.4571917808219178 0.28034682080924866
2 0.571917808219178 0.36994219653179206 0.5513698630136986 0.36994219653179206 0.5513698630136986 0.40173410404624293 0.571917808219178 0.40173410404624293
1 0.4554794520547945 0.6950867052023123 0.42722602739726034 0.6950867052023123 0.42722602739726034 0.7341040462427747 0.4554794520547945 0.7341040462427747
2 0.4332191780821918 0.4046242774566476 0.410958904109589 0.4046242774566476 0.410958904109589 0.43786127167630073 0.4332191780821918 0.43786127167630073
3 0.511986301369863 0.536127167630058 0.4888698630136986 0.536127167630058 0.4888698630136986 0.5693641618497112 0.511986301369863 0.5693641618497112
6 0.4691780821917808 0.33959537572254345 0.4417808219178082 0.33959537572254345 0.4417808219178082 0.38150289017341055 0.4691780821917808 0.38150289017341055
9 0.5205479452054794 0.6329479768786129 0.5 0.6329479768786129 0.5 0.6618497109826591 0.5205479452054794 0.6618497109826591
4 0.5085616438356164 0.3843930635838152 0.4794520547945205 0.3843930635838152 0.4794520547945205 0.4248554913294799 0.5085616438356164 0.4248554913294799
2 0.398972602739726 0.41329479768786137 0.3767123287671233 0.41329479768786126 0.3767123287671233 0.44797687861271684 0.398972602739726 0.4479768786127169
1 0.639554794520548 0.1950867052023123 0.613013698630137 0.1950867052023123 0.613013698630137 0.23699421965317935 0.639554794520548 0.23699421965317935
10 0.4229452054794521 0.2528901734104047 0.3955479452054795 0.2528901734104047 0.3955479452054795 0.2933526011560694 0.4229452054794521 0.2933526011560694
12 0.5 0.23121387283237002 0.4683219178082192 0.23121387283237002 0.4683219178082192 0.28034682080924866 0.5 0.28034682080924866
0 0.6147260273972602 0.39450867052023136 0.5881849315068494 0.39450867052023136 0.5881849315068494 0.43930635838150306 0.6147260273972602 0.43930635838150306
7 0.4126712328767123 0.6026011560693643 0.3844178082191781 0.6026011560693642 0.3844178082191781 0.6488439306358382 0.4126712328767123 0.6488439306358383
4 0.4306506849315068 0.3482658959537573 0.4049657534246575 0.3482658959537573 0.4049657534246575 0.39161849710982677 0.4306506849315068 0.39161849710982677
6 0.502568493150685 0.3367052023121388 0.4751712328767123 0.3367052023121388 0.4751712328767123 0.3757225433526013 0.502568493150685 0.3757225433526013
0 0.3535958904109589 0.277456647398844 0.3261986301369863 0.277456647398844 0.3261986301369863 0.31791907514450873 0.3535958904109589 0.31791907514450873
11 0.5958904109589042 0.6546242774566475 0.5676369863013698 0.6546242774566475 0.5676369863013698 0.6950867052023123 0.5958904109589042 0.6950867052023123
2 0.5051369863013698 0.43786127167630073 0.4837328767123288 0.43786127167630073 0.4837328767123288 0.4725433526011562 0.5051369863013698 0.4725433526011562