3 0.762323943661972 0.5897683397683398 0.6690140845070425 0.5897683397683398 0.6690140845070425 0.6361003861003861 0.762323943661972 0.6361003861003861
3 0.6443661971830988 0.49324324324324326 0.5440140845070425 0.49324324324324326 0.5440140845070425 0.5415057915057915 0.6443661971830988 0.5415057915057915
9 0.27112676056338036 0.4942084942084942 0.1760563380281691 0.4942084942084942 0.1760563380281691 0.5415057915057915 0.27112676056338036 0.5415057915057915
3 0.4735915492957746 0.2693050193050193 0.3767605633802818 0.2693050193050193 0.3767605633802818 0.3166023166023166 0.4735915492957746 0.3166023166023166
5 0.4524647887323945 0.42084942084942084 0.3274647887323945 0.42084942084942084 0.3274647887323945 0.4826254826254826 0.45246478873239454 0.4826254826254826
11 0.5933098591549297 0.4362934362934363 0.46830985915492956 0.4362934362934363 0.4683098591549297 0.5 0.5933098591549297 0.5
3 0.45598591549295775 0.3474903474903475 0.3556338028169015 0.3474903474903475 0.3556338028169015 0.39768339768339767 0.45598591549295775 0.39768339768339767
1 0.7130281690140845 0.24420849420849428 0.5915492957746479 0.24420849420849428 0.5915492957746479 0.305019305019305 0.7130281690140845 0.305019305019305
7 0.3873239436619719 0.3754826254826255 0.2658450704225353 0.3754826254826255 0.2658450704225353 0.4362934362934363 0.3873239436619719 0.4362934362934363
9 0.415492957746479 0.5096525096525096 0.3221830985915494 0.5096525096525096 0.3221830985915494 0.555019305019305 0.415492957746479 0.555019305019305
7 0.5757042253521129 0.5164092664092664 0.4489436619718311 0.5164092664092664 0.4489436619718311 0.5791505791505791 0.5757042253521129 0.5791505791505791
4 0.8204225352112676 0.27220077220077227 0.7306338028169014 0.2722007722007722 0.7306338028169014 0.32046332046332054 0.8204225352112676 0.3204633204633206
11 0.16197183098591558 0.3918918918918919 0.03873239436619727 0.3918918918918919 0.03873239436619728 0.45366795366795365 0.16197183098591558 0.45366795366795365
5 0.4929577464788734 0.5511583011583011 0.36619718309859167 0.5511583011583011 0.36619718309859167 0.6138996138996139 0.4929577464788734 0.6138996138996139
2 0.5774647887323944 0.15540540540540546 0.4788732394366197 0.15540540540540546 0.4788732394366197 0.20366795366795373 0.5774647887323944 0.20366795366795373
2 0.9436619718309859 0.4903474903474905 0.9137323943661971 0.4903474903474905 0.9137323943661971 0.5376447876447876 0.9436619718309859 0.5376447876447876
6 0.7570422535211268 0.22586872586872592 0.6742957746478874 0.22586872586872592 0.6742957746478874 0.2702702702702703 0.7570422535211268 0.2702702702702703
10 0.42605633802816906 0.21332046332046334 0.3045774647887324 0.2133204633204633 0.30457746478873243 0.2750965250965251 0.4260563380281691 0.2750965250965251
2 0.7447183098591549 0.3783783783783784 0.6461267605633803 0.3783783783783784 0.6461267605633803 0.4276061776061776 0.7447183098591549 0.4276061776061776
4 0.9471830985915493 0.3687258687258688 0.8538732394366197 0.3687258687258688 0.8538732394366197 0.41988416988417 0.9471830985915493 0.41988416988417
13 0.35915492957746487 0.5299227799227799 0.22183098591549305 0.5299227799227799 0.22183098591549308 0.6003861003861004 0.35915492957746487 0.6003861003861004