3 0.6144366197183099 0.23069498069498076 0.545774647887324 0.23069498069498076 0.545774647887324 0.2635135135135135 0.6144366197183099 0.2635135135135135
3 0.6408450704225352 0.3484555984555985 0.5704225352112676 0.3484555984555985 0.5704225352112676 0.3841698841698842 0.6408450704225352 0.3841698841698842
9 0.38556338028169024 0.5472972972972973 0.30985915492957755 0.5472972972972973 0.30985915492957755 0.581081081081081 0.38556338028169024 0.581081081081081
3 0.6989436619718312 0.6525096525096525 0.6267605633802819 0.6525096525096525 0.6267605633802819 0.6853281853281853 0.6989436619718312 0.6853281853281853
3 0.6514084507042254 0.4083011583011583 0.5809859154929577 0.4083011583011583 0.5809859154929577 0.444015444015444 0.6514084507042254 0.444015444015444
3 0.6883802816901411 0.5907335907335908 0.6179577464788735 0.5907335907335908 0.6179577464788735 0.6225868725868726 0.6883802816901411 0.6225868725868726
5 0.5933098591549297 0.528957528957529 0.49647887323943685 0.528957528957529 0.49647887323943685 0.5743243243243243 0.5933098591549297 0.5743243243243243
9 0.35915492957746487 0.4276061776061776 0.2852112676056339 0.4276061776061776 0.2852112676056339 0.4613899613899614 0.35915492957746487 0.4613899613899614
5 0.551056338028169 0.34942084942084944 0.45774647887323944 0.34942084942084944 0.45774647887323944 0.3938223938223938 0.551056338028169 0.3938223938223938
11 0.6725352112676058 0.46332046332046334 0.5827464788732396 0.46332046332046334 0.5827464788732396 0.5106177606177607 0.6725352112676058 0.5106177606177607
6 0.9859154929577465 0.2635135135135136 0.9330985915492958 0.2635135135135136 0.9330985915492958 0.30501930501930513 0.9859154929577465 0.30501930501930513
2 0.9049295774647887 0.21332046332046337 0.8380281690140845 0.21332046332046337 0.8380281690140845 0.2461389961389962 0.9049295774647887 0.2461389961389962
1 0.33274647887323955 0.2384169884169884 0.24295774647887333 0.2384169884169884 0.24295774647887333 0.28667953667953666 0.33274647887323955 0.28667953667953666
6 1 0.4401544401544403 0.9735915492957746 0.4401544401544403 0.9735915492957746 0.4874517374517376 1 0.4874517374517376
4 1 0.5019305019305019 0.9823943661971831 0.5019305019305019 0.9823943661971831 0.5453667953667953 1 0.5453667953667953
7 0.568661971830986 0.4092664092664093 0.47007042253521125 0.4092664092664093 0.47007042253521136 0.45656370656370654 0.5686619718309861 0.45656370656370654
4 1 0.38030888030888044 0.9612676056338029 0.38030888030888044 0.9612676056338029 0.42664092664092673 1 0.42664092664092673
7 0.5774647887323946 0.46814671814671815 0.48767605633802835 0.46814671814671815 0.48767605633802835 0.5173745173745173 0.5774647887323946 0.5173745173745173
11 0.41549295774647904 0.6592664092664092 0.33274647887323955 0.6592664092664092 0.3327464788732396 0.7075289575289575 0.4154929577464791 0.7075289575289575
1 0.43485915492957766 0.7181467181467182 0.3397887323943664 0.7181467181467182 0.3397887323943664 0.7664092664092664 0.43485915492957766 0.7664092664092664
2 0.920774647887324 0.2722007722007723 0.8503521126760564 0.2722007722007723 0.8503521126760564 0.308880308880309 0.920774647887324 0.308880308880309
2 0.8609154929577467 0.4565637065637066 0.7869718309859157 0.45656370656370654 0.7869718309859157 0.4932432432432433 0.8609154929577467 0.49324324324324337
2 1 0.6911196911196911 0.9278169014084507 0.6911196911196911 0.9278169014084507 0.7277992277992278 1 0.7277992277992278
13 0.484154929577465 0.47104247104247104 0.38380281690140855 0.47104247104247104 0.38380281690140855 0.5241312741312741 0.484154929577465 0.5241312741312741
2 0.9947183098591549 0.6303088803088803 0.9172535211267606 0.6303088803088803 0.9172535211267606 0.667953667953668 0.9947183098591549 0.667953667953668