11 0.4323630136986302 0.7095375722543353 0.3946917808219179 0.7095375722543352 0.3946917808219179 0.7803468208092486 0.4323630136986302 0.7803468208092486
4 0.574486301369863 0.23121387283237002 0.5393835616438356 0.23121387283237002 0.5393835616438356 0.2962427745664741 0.574486301369863 0.2962427745664741
1 0.3844178082191781 0.34104046242774577 0.3476027397260274 0.34104046242774577 0.3476027397260274 0.41184971098265893 0.3844178082191781 0.41184971098265893
10 0.3852739726027398 0.8106936416184971 0.3476027397260275 0.8106936416184971 0.3476027397260275 0.8829479768786127 0.3852739726027398 0.8829479768786127
5 0.3321917808219179 0.7210982658959537 0.2928082191780823 0.7210982658959537 0.2928082191780823 0.7933526011560693 0.3321917808219179 0.7933526011560693
2 0.5308219178082192 0.7933526011560693 0.502568493150685 0.7933526011560693 0.502568493150685 0.8497109826589595 0.5308219178082192 0.8497109826589595
10 0.6815068493150684 0.7760115606936416 0.6472602739726028 0.7760115606936416 0.6472602739726028 0.8424855491329479 0.6815068493150684 0.8424855491329479
7 0.5282534246575342 0.143063583815029 0.4931506849315068 0.14306358381502898 0.4931506849315068 0.21098265895953766 0.5282534246575342 0.21098265895953766
6 0.4289383561643836 0.4263005780346822 0.3912671232876712 0.4263005780346821 0.3912671232876712 0.4942196531791908 0.4289383561643836 0.4942196531791909
4 0.6318493150684932 0.67485549132948 0.5958904109589042 0.67485549132948 0.5958904109589042 0.7427745664739884 0.6318493150684932 0.7427745664739884
6 0.6284246575342466 0.40606936416184986 0.5933219178082192 0.40606936416184986 0.5933219178082192 0.4725433526011562 0.6284246575342466 0.4725433526011562
0 0.708904109589041 0.3135838150289019 0.6738013698630136 0.3135838150289019 0.6738013698630136 0.3771676300578036 0.708904109589041 0.3771676300578036
7 0.3912671232876712 0.523121387283237 0.3527397260273973 0.523121387283237 0.3527397260273973 0.596820809248555 0.3912671232876712 0.596820809248555
1 0.33304794520547953 0.9190751445086706 0.2945205479452056 0.9190751445086706 0.2945205479452056 0.9927745664739884 0.33304794520547953 0.9927745664739884
3 0.5821917808219178 0.6965317919075146 0.5539383561643836 0.6965317919075146 0.5539383561643836 0.7543352601156069 0.5821917808219178 0.7543352601156069
5 0.3339041095890411 0.5289017341040463 0.2988013698630137 0.5289017341040463 0.2988013698630137 0.6011560693641619 0.3339041095890411 0.6011560693641619
12 0.7251712328767124 0.5679190751445088 0.6823630136986302 0.5679190751445088 0.6823630136986302 0.6502890173410406 0.7251712328767124 0.6502890173410406
2 0.5830479452054794 0.8858381502890174 0.5547945205479452 0.8858381502890174 0.5547945205479452 0.9436416184971098 0.5830479452054794 0.9436416184971098
2 0.5702054794520548 0.42630057803468224 0.5419520547945206 0.42630057803468224 0.5419520547945206 0.4797687861271678 0.5702054794520548 0.4797687861271678
8 0.6712328767123288 0.5895953757225435 0.6429794520547946 0.5895953757225435 0.6429794520547946 0.6445086705202314 0.6712328767123288 0.6445086705202314
3 0.4323630136986302 0.8121387283236994 0.4023972602739727 0.8121387283236994 0.4023972602739727 0.8713872832369942 0.4323630136986302 0.8713872832369942
2 0.5282534246575342 0.5101156069364163 0.4991438356164384 0.5101156069364163 0.4991438356164384 0.5664739884393065 0.5282534246575342 0.5664739884393065
3 0.4272260273972603 0.1560693641618498 0.398972602739726 0.1560693641618498 0.398972602739726 0.21387283236994228 0.4272260273972603 0.21387283236994228
2 0.622431506849315 0.22976878612716775 0.5941780821917808 0.22976878612716772 0.5941780821917808 0.2861271676300579 0.622431506849315 0.28612716763005797
3 0.4820205479452055 0.7138728323699424 0.4520547945205479 0.7138728323699424 0.4520547945205479 0.7702312138728323 0.4820205479452055 0.7702312138728323
3 0.4743150684931507 0.4291907514450869 0.4460616438356164 0.4291907514450869 0.4460616438356164 0.48699421965317935 0.4743150684931507 0.48699421965317935
9 0.2756849315068493 0.5361271676300579 0.24486301369863014 0.5361271676300579 0.24486301369863014 0.5939306358381503 0.2756849315068493 0.5939306358381503
11 0.4794520547945205 0.32803468208092496 0.4426369863013699 0.32803468208092496 0.4426369863013699 0.3959537572254337 0.4794520547945205 0.3959537572254337
8 0.625 0.5086705202312141 0.5976027397260274 0.5086705202312141 0.5976027397260274 0.5650289017341042 0.625 0.5650289017341042
0 0.3279109589041096 0.2528901734104047 0.2868150684931507 0.2528901734104047 0.2868150684931507 0.31791907514450873 0.3279109589041096 0.31791907514450873
9 0.3835616438356165 0.6271676300578035 0.3544520547945205 0.6271676300578035 0.3544520547945206 0.684971098265896 0.38356164383561653 0.684971098265896
13 0.2842465753424658 0.6170520231213873 0.2405821917808219 0.6170520231213873 0.24058219178082196 0.7052023121387283 0.28424657534246583 0.7052023121387283