5 0.38613013698630144 0.7673410404624278 0.34503424657534254 0.7673410404624278 0.34503424657534254 0.8294797687861272 0.38613013698630144 0.8294797687861272
1 0.26883561643835624 0.7644508670520231 0.22602739726027407 0.7644508670520231 0.22602739726027407 0.8265895953757225 0.26883561643835624 0.8265895953757225
6 0.5633561643835616 0.26734104046242785 0.526541095890411 0.26734104046242785 0.526541095890411 0.3222543352601157 0.5633561643835616 0.3222543352601157
7 0.7226027397260274 0.4335260115606938 0.6840753424657534 0.4335260115606938 0.6840753424657534 0.49132947976878627 0.7226027397260274 0.49132947976878627
12 0.464041095890411 0.10549132947976887 0.4195205479452055 0.10549132947976887 0.4195205479452055 0.17341040462427754 0.464041095890411 0.17341040462427754
4 0.4041095890410959 0.2615606936416186 0.3647260273972603 0.2615606936416186 0.3647260273972603 0.31936416184971106 0.4041095890410959 0.31936416184971106
2 0.339041095890411 0.430635838150289 0.3065068493150685 0.430635838150289 0.3065068493150685 0.476878612716763 0.339041095890411 0.476878612716763
4 0.6695205479452054 0.35838150289017356 0.6318493150684932 0.35838150289017356 0.6318493150684932 0.4161849710982661 0.6695205479452054 0.4161849710982661
7 0.5017123287671232 0.6705202312138729 0.461472602739726 0.6705202312138729 0.461472602739726 0.7312138728323702 0.5017123287671232 0.7312138728323702
10 0.3321917808219179 0.6734104046242775 0.29023972602739734 0.6734104046242775 0.29023972602739734 0.7355491329479769 0.3321917808219179 0.7355491329479769
9 0.4991438356164384 0.861271676300578 0.4648972602739726 0.861271676300578 0.4648972602739726 0.9089595375722543 0.4991438356164384 0.9089595375722543
3 0.3921232876712329 0.3453757225433527 0.3613013698630137 0.3453757225433527 0.3613013698630137 0.3901734104046243 0.3921232876712329 0.3901734104046243
2 0.6678082191780822 0.2760115606936418 0.6378424657534246 0.2760115606936418 0.6378424657534246 0.32225433526011577 0.6678082191780822 0.32225433526011577
6 0.559931506849315 0.601156069364162 0.5196917808219178 0.601156069364162 0.5196917808219178 0.6618497109826591 0.559931506849315 0.6618497109826591
5 0.5017123287671232 0.7586705202312138 0.4597602739726027 0.7586705202312138 0.4597602739726027 0.8208092485549133 0.5017123287671232 0.8208092485549133
11 0.3904109589041096 0.5982658959537572 0.3501712328767123 0.5982658959537572 0.3501712328767123 0.6575144508670521 0.3904109589041096 0.6575144508670521
2 0.2825342465753425 0.34393063583815037 0.24914383561643835 0.34393063583815037 0.24914383561643835 0.38872832369942195 0.2825342465753425 0.38872832369942195
8 0.4537671232876712 0.1936416184971099 0.4238013698630137 0.1936416184971099 0.4238013698630137 0.2384393063583816 0.4537671232876712 0.2384393063583816
3 0.386986301369863 0.5130057803468208 0.3553082191780822 0.5130057803468208 0.3553082191780822 0.5592485549132948 0.386986301369863 0.5592485549132948
11 0.6147260273972602 0.5173410404624279 0.5761986301369864 0.5173410404624279 0.5761986301369864 0.5765895953757227 0.6147260273972602 0.5765895953757227
1 0.6095890410958904 0.6763005780346822 0.5702054794520548 0.6763005780346822 0.5702054794520548 0.7355491329479771 0.6095890410958904 0.7355491329479771
3 0.5547945205479452 0.5231213872832372 0.5231164383561644 0.5231213872832372 0.5231164383561644 0.5708092485549134 0.5547945205479452 0.5708092485549134
3 0.3296232876712329 0.5939306358381503 0.2962328767123288 0.5939306358381503 0.2962328767123288 0.6416184971098265 0.3296232876712329 0.6416184971098265
3 0.7183219178082192 0.6026011560693644 0.6857876712328768 0.6026011560693644 0.6857876712328768 0.6502890173410406 0.7183219178082192 0.6502890173410406
9 0.4417808219178082 0.6777456647398845 0.4083904109589042 0.6777456647398845 0.4083904109589042 0.7283236994219655 0.4417808219178082 0.7283236994219655
8 0.502568493150685 0.27167630057803477 0.4726027397260274 0.27167630057803477 0.4726027397260274 0.31791907514450873 0.502568493150685 0.31791907514450873
0 0.6164383561643836 0.13150289017341052 0.5796232876712328 0.13150289017341052 0.5796232876712328 0.1878612716763007 0.6164383561643836 0.18786127167630073
10 0.3441780821917808 0.17196531791907524 0.3073630136986301 0.17196531791907524 0.3073630136986301 0.22976878612716772 0.3441780821917808 0.22976878612716772
2 0.5539383561643836 0.36416184971098275 0.5222602739726028 0.36416184971098275 0.5222602739726028 0.4089595375722545 0.5539383561643836 0.4089595375722545
13 0.4503424657534247 0.8497109826589595 0.4006849315068494 0.8497109826589595 0.4006849315068494 0.9248554913294798 0.4503424657534247 0.9248554913294798
0 0.6669520547945206 0.7745664739884393 0.6267123287671232 0.7745664739884393 0.6267123287671232 0.8367052023121387 0.6669520547945206 0.8367052023121387
2 0.5051369863013698 0.4335260115606938 0.4743150684931507 0.4335260115606938 0.4743150684931507 0.48410404624277475 0.5051369863013698 0.48410404624277475