3 0.44283837056504616 0.707533234859675 0.36136662286465193 0.707533234859675 0.36136662286465193 0.7533234859675036 0.44283837056504616 0.7533234859675036
4 0.7017082785808147 0.5952732644017725 0.5952693823915901 0.5952732644017725 0.5952693823915901 0.656573116691285 0.7017082785808147 0.656573116691285
3 0.18265440210249678 0.41875923190546527 0.09986859395532202 0.41875923190546527 0.09986859395532204 0.4623338257016248 0.18265440210249678 0.4623338257016248
5 0.23521681997371893 0.6683899556868538 0.12877792378449424 0.6683899556868538 0.12877792378449424 0.7282127031019202 0.23521681997371893 0.7282127031019202
3 0.11300919842312754 0.2968980797636632 0.03285151116951386 0.2968980797636632 0.03285151116951387 0.34047267355982275 0.11300919842312754 0.34047267355982275
3 0.46780551905387663 0.5723781388478582 0.3915900131406046 0.5723781388478582 0.3915900131406046 0.6144756277695717 0.46780551905387663 0.6144756277695717
4 0.601839684625493 0.4113737075332349 0.4927726675427071 0.4113737075332349 0.4927726675427071 0.4734121122599705 0.601839684625493 0.4734121122599705
9 0.059132720105124964 0.5701624815361891 1.2423486582677488e-16 0.5701624815361891 1.2857986761087192e-16 0.6100443131462334 0.059132720105124964 0.6100443131462334
7 0.06438896189224713 0.3641063515509601 7.933651405777203e-17 0.3641063515509601 8.601494272592119e-17 0.4254062038404727 0.06438896189224713 0.4254062038404727
8 0.7766097240473062 0.3906942392909897 0.695137976346912 0.3906942392909897 0.695137976346912 0.4357459379615953 0.7766097240473062 0.4357459379615953
11 0.2299605781865967 0.46971935007385524 0.11826544021024979 0.46971935007385524 0.11826544021024979 0.5324963072378139 0.22996057818659674 0.5324963072378139
3 0.4336399474375823 0.5110782865583456 0.3534822601839686 0.5110782865583456 0.3534822601839686 0.5561299852289513 0.4336399474375823 0.5561299852289513
7 0.20105124835742458 0.6070901033973413 0.09198423127463878 0.6070901033973413 0.09198423127463878 0.6676514032496307 0.20105124835742458 0.6676514032496307
5 0.13009198423127474 0.48522895125553916 0.02496714848883059 0.48522895125553916 0.0249671484888306 0.5435745937961596 0.13009198423127474 0.5435745937961596
2 0.6649145860709594 0.7378138847858198 0.5834428383705652 0.7378138847858198 0.5834428383705652 0.7843426883308715 0.6649145860709594 0.7843426883308715
6 0.6360052562417873 0.4711964549483013 0.528252299605782 0.4711964549483013 0.528252299605782 0.5324963072378139 0.6360052562417873 0.5324963072378139
10 0.5151116951379765 0.4254062038404727 0.3955321944809463 0.4254062038404727 0.3955321944809463 0.4896602658788774 0.5151116951379765 0.4896602658788774
12 0.8318002628120894 0.44091580502215655 0.7109067017082786 0.44091580502215655 0.7109067017082786 0.5088626292466765 0.8318002628120894 0.5088626292466765
2 0.46254927726675443 0.3722304283604136 0.375821287779238 0.3722304283604136 0.375821287779238 0.4194977843426883 0.46254927726675443 0.4194977843426883
6 0.859395532194481 0.5051698670605613 0.7529566360052562 0.5051698670605613 0.7529566360052562 0.5642540620384048 0.859395532194481 0.5642540620384048
10 0.8909329829172142 0.5664697193500738 0.7818659658344284 0.5664697193500738 0.7818659658344284 0.6262924667651403 0.8909329829172142 0.6262924667651403
2 0.5952693823915901 0.6174298375184638 0.513797634691196 0.6174298375184638 0.513797634691196 0.6617429837518464 0.5952693823915901 0.6617429837518464
13 0.10118265440210264 0.6189069423929099 0.02233902759526951 0.6189069423929099 0.022339027595269522 0.6772525849335302 0.10118265440210264 0.6772525849335302
8 0.7122207621550591 0.4667651403249631 0.6360052562417873 0.4667651403249631 0.6360052562417873 0.5110782865583456 0.7122207621550591 0.5110782865583456
0 0.8278580814717479 0.6418020679468243 0.7227332457293035 0.6418020679468243 0.7227332457293038 0.7001477104874446 0.827858081471748 0.7001477104874446
2 0.4218134034165572 0.31388478581979323 0.3455978975032852 0.31388478581979323 0.34559789750328523 0.35745937961595275 0.4218134034165573 0.35745937961595275
0 0.6806833114323259 0.20014771048744465 0.5755584756898817 0.20014771048744462 0.5755584756898817 0.26292466765140327 0.6806833114323259 0.2629246676514033