3 0.771353482260184 0.6011816838995568 0.6806833114323259 0.6011816838995568 0.6806833114323259 0.6484490398818316 0.771353482260184 0.6484490398818316
3 0.7056504599211564 0.4859675036927622 0.6215505913272013 0.4859675036927622 0.6215505913272013 0.5295420974889217 0.7056504599211564 0.5295420974889217
3 0.6767411300919842 0.4276218611521418 0.5860709592641263 0.4276218611521418 0.5860709592641263 0.4741506646971935 0.6767411300919842 0.4741506646971935
5 0.9408672798948752 0.49556868537666177 0.8278580814717477 0.49556868537666177 0.8278580814717477 0.5553914327917282 0.9408672798948752 0.5553914327917282
9 0.9395532194480947 0.37001477104874453 0.8725361366622865 0.37001477104874453 0.8725361366622865 0.40841949778434267 0.9395532194480947 0.40841949778434267
3 0.6990801576872536 0.29246676514032505 0.6149802890932983 0.29246676514032505 0.6149802890932983 0.3345642540620385 0.6990801576872536 0.3345642540620385
4 0.463863337713535 0.6004431314623339 0.3534822601839686 0.6004431314623339 0.3534822601839686 0.6595273264401772 0.463863337713535 0.6595273264401772
4 0.36925098554533525 0.4239290989660266 0.2562417871222077 0.4239290989660266 0.2562417871222077 0.48375184638109303 0.36925098554533525 0.48375184638109303
3 0.6360052562417872 0.17577548005908425 0.5505913272010512 0.17577548005908425 0.5505913272010512 0.21861152141802073 0.6360052562417872 0.21861152141802076
7 0.7766097240473062 0.20310192023633686 0.6609724047306176 0.20310192023633686 0.6609724047306176 0.26366322008862636 0.7766097240473062 0.26366322008862636
1 0.8147174770039421 0.1285081240768095 0.7266754270696452 0.1285081240768095 0.7266754270696452 0.1816838995568686 0.8147174770039421 0.1816838995568686
5 0.835742444152431 0.3220088626292468 0.7253613666228647 0.3220088626292468 0.7253613666228647 0.37961595273264404 0.835742444152431 0.37961595273264404
11 0.7463863337713534 0.34047267355982286 0.633377135348226 0.34047267355982286 0.633377135348226 0.3995568685376662 0.7463863337713534 0.3995568685376662
7 0.9093298291721419 0.43722304283604135 0.7936925098554534 0.43722304283604135 0.7936925098554534 0.4977843426883309 0.9093298291721419 0.4977843426883309
10 0.46254927726675443 0.4032496307237814 0.3534822601839686 0.4032496307237814 0.3534822601839686 0.46159527326440175 0.46254927726675443 0.46159527326440175
2 0.6110381077529567 0.7031019202363368 0.5243101182654404 0.7031019202363368 0.5243101182654404 0.7488921713441654 0.6110381077529567 0.7488921713441654
6 0.39816031537450736 0.4844903988183161 0.2890932982917215 0.4844903988183161 0.28909329829172153 0.5406203840472673 0.39816031537450736 0.5406203840472673
10 0.2746386333771355 0.6410635155096012 0.1629434954007886 0.6410635155096012 0.1629434954007886 0.7016248153618907 0.2746386333771355 0.7016248153618907
8 0.16557161629434966 0.4756277695716396 0.08409986859395543 0.4756277695716396 0.08409986859395543 0.517725258493353 0.16557161629434966 0.517725258493353
13 0.9540078843626807 0.41802067946824223 0.8830486202365309 0.41802067946824223 0.8830486202365309 0.4778434268833087 0.9540078843626807 0.4778434268833087
6 0.2417871222076217 0.5834564254062038 0.1314060446780553 0.5834564254062038 0.13140604467805533 0.6432791728212703 0.2417871222076217 0.6432791728212703
2 0.4191852825229962 0.3537666174298375 0.33114323258869915 0.3537666174298375 0.33114323258869915 0.3995568685376662 0.4191852825229962 0.3995568685376662
2 0.6110381077529567 0.5051698670605613 0.5229960578186598 0.5051698670605613 0.5229960578186598 0.5539143279172821 0.6110381077529567 0.5539143279172821
0 0.08409986859395539 0.2902511078286558 6.324391485741259e-17 0.2902511078286558 6.976141753355816e-17 0.3500738552437223 0.08409986859395539 0.3500738552437223
2 0.5440210249671487 0.587149187592319 0.46649145860709607 0.587149187592319 0.46649145860709607 0.6299852289512555 0.5440210249671487 0.6299852289512555
2 0.3823915900131406 0.29394387001477107 0.3048620236530881 0.29394387001477107 0.3048620236530881 0.33825701624815363 0.3823915900131406 0.33825701624815363
0 0.3127463863337715 0.6957163958641064 0.19316688567674128 0.6957163958641064 0.19316688567674128 0.758493353028065 0.3127463863337715 0.758493353028065
8 0.29172141918528266 0.5118168389955687 0.20893561103810782 0.5118168389955687 0.20893561103810787 0.553175775480059 0.29172141918528266 0.553175775480059
12 0.22076215505913288 0.5206794682422452 0.09724047306176095 0.5206794682422452 0.09724047306176095 0.5864106351550961 0.22076215505913288 0.5864106351550961