3 0.507227332457293 0.24963072378138848 0.4191852825229961 0.24963072378138848 0.4191852825229961 0.29763663220088626 0.507227332457293 0.29763663220088626
4 0.7279894875164258 0.3714918759231906 0.6123521681997374 0.3714918759231906 0.6123521681997374 0.4342688330871492 0.7279894875164258 0.4342688330871492
3 0.15111695137976358 0.5132939438700148 0.06570302233902771 0.5132939438700148 0.06570302233902772 0.5576070901033974 0.15111695137976358 0.5576070901033974
5 0.2996057818659659 0.25406203840472674 0.18134034165571625 0.25406203840472674 0.18134034165571625 0.3190546528803545 0.2996057818659659 0.3190546528803545
3 0.04073587385019725 0.6270310192023634 1.3662616721105163e-16 0.6270310192023634 1.4137348397515767e-16 0.670605612998523 0.04073587385019726 0.670605612998523
3 0.48883048620236547 0.3906942392909897 0.4034165571616296 0.3906942392909897 0.4034165571616296 0.4357459379615953 0.48883048620236547 0.4357459379615953
4 0.5650459921156374 0.5420974889217134 0.44809461235216835 0.5420974889217134 0.44809461235216835 0.6048744460856721 0.5650459921156374 0.6048744460856721
9 0.08804204993429705 0.3559822747415066 0.0157687253613667 0.3559822747415066 0.015768725361366708 0.396602658788774 0.08804204993429705 0.396602658788774
7 0.021024967148488956 0.5384047267355982 1.173150481706203e-16 0.5384047267355982 1.2375208785076408e-16 0.5974889217134417 0.021024967148488963 0.5974889217134417
8 0.721419185282523 0.5982274741506647 0.6333771353482262 0.5982274741506647 0.6333771353482262 0.6462333825701625 0.721419185282523 0.6462333825701625
11 0.2207621550591328 0.4468242245199409 0.10381077529566371 0.4468242245199409 0.10381077529566371 0.5096011816838996 0.2207621550591328 0.5096011816838996
3 0.43889618922470447 0.4446085672082718 0.3442838370565047 0.4446085672082718 0.3442838370565047 0.4933530280649926 0.43889618922470447 0.4933530280649926
7 0.24178712220762164 0.31166912850812406 0.12877792378449415 0.31166912850812406 0.12877792378449415 0.37149187592319055 0.24178712220762164 0.37149187592319055
5 0.13140604467805528 0.4276218611521418 0.022339027595269477 0.4276218611521418 0.02233902759526948 0.4859675036927622 0.1314060446780553 0.4859675036927622
2 0.7424441524310118 0.23929098966026596 0.6465177398160316 0.23929098966026596 0.6465177398160316 0.2895125553914329 0.7424441524310118 0.2895125553914329
6 0.6189224704336401 0.4874446085672083 0.5032851511169515 0.4874446085672083 0.5032851511169515 0.5487444608567208 0.6189224704336401 0.5487444608567208
10 0.47568988173455995 0.5199409158050221 0.363994743758213 0.5199409158050221 0.363994743758213 0.5790251107828656 0.47568988173455995 0.5790251107828656
12 0.7910643889618922 0.5295420974889217 0.6649145860709594 0.5295420974889217 0.6649145860709594 0.5967503692762186 0.7910643889618922 0.5967503692762186
2 0.4086727989487518 0.5827178729689808 0.31931668856767426 0.5827178729689808 0.31931668856767426 0.6299852289512555 0.4086727989487518 0.6299852289512555
6 0.8462549277266754 0.4778434268833087 0.7319316688567674 0.4778434268833087 0.7319316688567674 0.5384047267355982 0.8462549277266754 0.5384047267355982
10 0.8988173455978975 0.4202363367799114 0.783180026281209 0.4202363367799114 0.783180026281209 0.4807976366322009 0.8988173455978975 0.4807976366322009
2 0.6254927726675429 0.3559822747415067 0.540078843626807 0.3559822747415066 0.540078843626807 0.4010339734121123 0.6254927726675429 0.4010339734121123
8 0.6885676741130092 0.51698670605613 0.604467805519054 0.51698670605613 0.604467805519054 0.5635155096011817 0.6885676741130092 0.5635155096011817
0 0.8633377135348226 0.33973412112259976 0.7529566360052562 0.33973412112259976 0.7529566360052562 0.40029542097488924 0.8633377135348226 0.40029542097488924
13 0.1603153745072274 0.2902511078286558 0.06307490144546654 0.2902511078286558 0.06307490144546656 0.35081240768094535 0.1603153745072274 0.35081240768094535
2 0.3534822601839686 0.6410635155096012 0.2667542706964522 0.6410635155096012 0.2667542706964522 0.6883308714918759 0.3534822601839686 0.6883308714918759
0 0.5716162943495402 0.759970457902511 0.4559789750328517 0.759970457902511 0.4559789750328517 0.8234859675036927 0.5716162943495402 0.8234859675036927