3 0.9671484888304862 0.5627769571639586 0.8843626806833115 0.5627769571639586 0.8843626806833115 0.6063515509601182 0.9671484888304862 0.6063515509601182
3 0.7739816031537451 0.47858197932053176 0.6938239159001314 0.47858197932053176 0.6938239159001314 0.5214180206794683 0.7739816031537451 0.5214180206794683
3 0.7227332457293035 0.42319054652880356 0.64257555847569 0.42319054652880356 0.64257555847569 0.46602658788774004 0.7227332457293035 0.46602658788774004
3 0.6977660972404731 0.2865583456425407 0.6136662286465178 0.2865583456425407 0.6136662286465178 0.33161004431314633 0.6977660972404731 0.33161004431314633
4 0.5847568988173457 0.6056129985228951 0.4730617608409988 0.6056129985228951 0.4730617608409988 0.6669128508124077 0.5847568988173457 0.6669128508124077
5 1 0.4711964549483013 0.9067017082785808 0.4711964549483013 0.9067017082785808 0.5288035450516987 1 0.5288035450516987
9 0.9658344283837057 0.34785819793205325 0.8961892247043364 0.34785819793205325 0.8961892247043364 0.38847858197932056 0.9658344283837057 0.38847858197932056
3 0.5900131406044679 0.1765140324963073 0.5059132720105125 0.1765140324963073 0.5059132720105125 0.22156573116691286 0.5900131406044679 0.22156573116691286
4 0.42049934296977676 0.43870014771048743 0.30880420499342975 0.43870014771048743 0.30880420499342975 0.4977843426883309 0.42049934296977676 0.4977843426883309
7 0.7463863337713534 0.19423929098966036 0.6320630749014454 0.19423929098966036 0.6320630749014454 0.25627769571639597 0.7463863337713534 0.25627769571639597
8 0.2352168199737189 0.5022156573116692 0.15243101182654414 0.5022156573116692 0.15243101182654414 0.5465288035450517 0.23521681997371893 0.5465288035450517
1 0.7555847568988173 0.11964549483013298 0.6636005256241787 0.11964549483013298 0.6636005256241787 0.1765140324963073 0.7555847568988173 0.1765140324963073
7 0.961892247043364 0.4150664697193501 0.8475689881734559 0.4150664697193501 0.8475689881734559 0.4756277695716396 0.961892247043364 0.4756277695716396
5 0.8475689881734559 0.3079763663220089 0.7411300919842313 0.3079763663220089 0.7411300919842313 0.36632200886262933 0.8475689881734559 0.36632200886262933
2 0.604467805519054 0.5288035450516987 0.5111695137976349 0.5288035450516987 0.5111695137976349 0.5790251107828656 0.604467805519054 0.5790251107828656
10 0.5111695137976349 0.4091580502215657 0.3915900131406046 0.4091580502215657 0.3915900131406046 0.47488921713441656 0.5111695137976349 0.47488921713441656
6 0.47568988173455995 0.49556868537666177 0.363994743758213 0.49556868537666177 0.363994743758213 0.5561299852289513 0.47568988173455995 0.5561299852289513
10 0.41261498028909344 0.6580502215657311 0.30091984231274654 0.6580502215657311 0.30091984231274654 0.7186115214180206 0.41261498028909344 0.7186115214180206
2 0.4415243101182656 0.3655834564254062 0.3508541392904075 0.3655834564254062 0.3508541392904075 0.41285081240768096 0.4415243101182656 0.41285081240768096
12 0.3074901445466493 0.5443131462333826 0.18265440210249687 0.5443131462333826 0.18265440210249687 0.6115214180206795 0.3074901445466493 0.6115214180206795
6 0.3547963206307492 0.604135893648449 0.24441524310118282 0.604135893648449 0.24441524310118282 0.6632200886262924 0.3547963206307492 0.6632200886262924
2 0.7674113009198427 0.6949778434268833 0.6806833114323262 0.6949778434268833 0.6806833114323262 0.7429837518463811 0.7674113009198427 0.7429837518463811
8 0.3771353482260185 0.5265878877400295 0.29697766097240486 0.5265878877400295 0.29697766097240486 0.5723781388478582 0.3771353482260185 0.5723781388478582
13 1 0.39438700147710487 0.9303547963206308 0.39438700147710487 0.9303547963206308 0.45420974889217136 1 0.45420974889217136
11 0.7687253613666228 0.33161004431314633 0.6544021024967148 0.33161004431314633 0.6544021024967149 0.3951255539143279 0.7687253613666228 0.3951255539143279
2 0.3876478318002629 0.310930576070901 0.3061760840998687 0.310930576070901 0.3061760840998687 0.3559822747415066 0.38764783180026297 0.3559822747415066
2 0.6557161629434956 0.585672082717873 0.5716162943495402 0.585672082717873 0.5716162943495402 0.6314623338257016 0.6557161629434956 0.6314623338257016
0 0.08804204993429705 0.3249630723781389 0.009198423127463934 0.3249630723781389 0.009198423127463941 0.38774002954209746 0.08804204993429705 0.38774002954209746
0 0.5216819973718793 0.7673559822747416 0.4113009198423129 0.7673559822747416 0.4113009198423129 0.8264401772525849 0.5216819973718793 0.8264401772525849