3 0.4375821287779238 0.2688330871491876 0.35348226018396844 0.2688330871491876 0.35348226018396844 0.3168389955686854 0.4375821287779238 0.3168389955686854
9 1 0.28877400295420985 0.9487516425755584 0.28877400295420985 0.9487516425755584 0.33530280649926153 1 0.33530280649926153
3 0.6806833114323259 0.3988183161004431 0.5913272010512485 0.3988183161004431 0.5913272010512485 0.4505169867060561 0.6806833114323259 0.4505169867060561
3 0.9067017082785808 0.45125553914327915 0.8212877792378449 0.45125553914327915 0.8212877792378449 0.49926144756277696 0.9067017082785808 0.49926144756277696
4 0.33114323258869915 0.42319054652880356 0.21156373193166894 0.42319054652880356 0.21156373193166894 0.49039881831610044 0.33114323258869915 0.49039881831610044
4 0.5716162943495402 0.5561299852289513 0.4559789750328517 0.5561299852289513 0.4559789750328517 0.6211225997045791 0.5716162943495402 0.6211225997045791
3 1 0.5391432791728212 0.9829172141918529 0.5391432791728212 0.9829172141918529 0.5864106351550961 1 0.5864106351550961
5 0.6675427069645203 0.2267355982274742 0.5558475689881734 0.22673559822747416 0.5558475689881734 0.2902511078286559 0.6675427069645203 0.29025110782865593
7 1 0.4460856720827179 0.9566360052562418 0.4460856720827179 0.9566360052562418 0.5118168389955687 1 0.5118168389955687
9 0.8817345597897503 0.28434268833087156 0.797634691195795 0.28434268833087156 0.797634691195795 0.33161004431314633 0.8817345597897503 0.33161004431314633
8 0.4218134034165573 0.6440177252584933 0.33377135348226034 0.6440177252584933 0.33377135348226034 0.6927621861152142 0.4218134034165573 0.6927621861152142
11 0.8423127463863338 0.397341211225997 0.7279894875164258 0.397341211225997 0.7279894875164258 0.46159527326440175 0.8423127463863338 0.46159527326440175
7 0.7490144546649146 0.2695716395864107 0.6307490144546649 0.2695716395864107 0.6307490144546649 0.3367799113737076 0.7490144546649146 0.3367799113737076
5 0.9067017082785808 0.361152141802068 0.797634691195795 0.361152141802068 0.797634691195795 0.42319054652880356 0.9067017082785808 0.42319054652880356
3 0.5308804204993431 0.39586410635155095 0.44021024967148503 0.39586410635155095 0.44021024967148503 0.44756277695716395 0.5308804204993431 0.44756277695716395
2 0.21944809461235223 0.30576070901033975 0.1353482260183969 0.30576070901033975 0.1353482260183969 0.35302806499261447 0.21944809461235223 0.35302806499261447
6 0.49014454664914603 0.5132939438700148 0.37450722733245745 0.5132939438700148 0.37450722733245745 0.5775480059084195 0.49014454664914603 0.5775480059084195
10 0.6399474375821289 0.5155096011816839 0.5229960578186598 0.5155096011816839 0.5229960578186598 0.5819793205317577 0.6399474375821289 0.5819793205317577
6 0.2706964520367938 0.5487444608567208 0.1590013140604469 0.5487444608567208 0.1590013140604469 0.6122599704579025 0.2706964520367938 0.6122599704579025
2 0.7069645203679369 0.5672082717872969 0.6176084099868595 0.5672082717872969 0.6176084099868595 0.6174298375184638 0.7069645203679369 0.6174298375184638
12 0.36005256241787137 0.5878877400295421 0.23127463863337727 0.5878877400295421 0.23127463863337727 0.6602658788774003 0.36005256241787137 0.6602658788774003
10 0.1944809461235218 0.5029542097488922 0.08015768725361377 0.5029542097488922 0.08015768725361379 0.5672082717872969 0.19448094612352182 0.5672082717872969
1 0.6412614980289093 0.05982274741506651 0.5308804204993429 0.05982274741506651 0.5308804204993429 0.12259970457902515 0.6412614980289093 0.12259970457902515
2 0.3810775295663602 0.3906942392909897 0.2917214191852826 0.3906942392909897 0.2917214191852826 0.4401772525849335 0.3810775295663602 0.4401772525849335
11 0.8042049934296978 0.14697193500738556 0.6885676741130092 0.14697193500738556 0.6885676741130092 0.21196454948301338 0.8042049934296978 0.21196454948301338
8 0.4086727989487518 0.5598227474150664 0.32457293035479645 0.5598227474150664 0.32457293035479645 0.6078286558345642 0.4086727989487518 0.6078286558345642
0 0.11169513797634703 0.4608567208271787 0.00657030223390286 0.4608567208271787 0.006570302233902867 0.5236336779911374 0.11169513797634703 0.5236336779911374
2 0.7844940867279895 0.6122599704579025 0.6964520367936925 0.6122599704579025 0.6964520367936925 0.6617429837518464 0.7844940867279895 0.6617429837518464
0 0.6833114323258873 0.7666174298375185 0.5676741130091986 0.7666174298375185 0.5676741130091986 0.8308714918759232 0.6833114323258873 0.8308714918759232
13 0.8252299605781866 0.2259970457902512 0.6925098554533509 0.2259970457902512 0.6925098554533509 0.30059084194977853 0.8252299605781866 0.30059084194977853