3 0.6452036793692512 0.6802067946824224 0.5597897503285153 0.6802067946824224 0.5597897503285153 0.7267355982274741 0.6452036793692512 0.7267355982274741
9 0.04993429697766113 0.7230428360413589 1.5754654617151891e-16 0.7230428360413589 1.626961779156339e-16 0.7703101920236337 0.04993429697766114 0.7703101920236337
3 0.3718791064388963 0.5738552437223042 0.28646517739816046 0.5738552437223042 0.28646517739816046 0.6211225997045791 0.3718791064388963 0.6211225997045791
3 0.1366622864651775 0.5480059084194978 0.04862023653088053 0.5480059084194978 0.048620236530880545 0.5967503692762186 0.1366622864651775 0.5967503692762186
4 0.7477003942181341 0.49556868537666177 0.6241787122207623 0.49556868537666177 0.6241787122207623 0.5620384047267356 0.7477003942181341 0.5620384047267356
4 0.47174770039421826 0.3906942392909897 0.35216819973718805 0.3906942392909897 0.35216819973718805 0.4564254062038405 0.47174770039421826 0.4564254062038405
9 0.20236530880420514 0.7112259970457903 0.11432325886990817 0.7112259970457903 0.11432325886990817 0.758493353028065 0.20236530880420514 0.758493353028065
5 0.45860709592641274 0.7274741506646972 0.33771353482260197 0.7274741506646972 0.33771353482260197 0.7917282127031019 0.45860709592641274 0.7917282127031019
8 0.5742444152431012 0.3064992614475628 0.48226018396846254 0.3064992614475628 0.4822601839684626 0.3559822747415066 0.5742444152431013 0.3559822747415066
11 0.2365308804204995 0.5745937961595273 0.12089356110381089 0.5745937961595273 0.1208935611038109 0.6388478581979321 0.2365308804204995 0.6388478581979321
7 0.3679369250985547 0.6905465288035451 0.24310118265440225 0.6905465288035451 0.24310118265440225 0.757754800590842 0.3679369250985547 0.757754800590842
5 0.18528252299605796 0.619645494830133 0.06701708278580827 0.619645494830133 0.06701708278580829 0.6846381093057607 0.18528252299605796 0.6846381093057607
3 0.5269382391590015 0.5605612998522895 0.4336399474375823 0.5605612998522895 0.4336399474375823 0.6100443131462334 0.5269382391590015 0.6100443131462334
2 0.8567674113009198 0.620384047267356 0.7647831800262812 0.620384047267356 0.7647831800262812 0.6698670605612999 0.8567674113009198 0.6698670605612999
6 0.5650459921156374 0.4239290989660266 0.44021024967148503 0.4239290989660266 0.44021024967148503 0.4911373707533235 0.5650459921156374 0.4911373707533235
10 0.41261498028909344 0.43870014771048743 0.29303547963206317 0.43870014771048743 0.29303547963206317 0.5029542097488922 0.41261498028909344 0.5029542097488922
2 0.3114323258869909 0.4121122599704579 0.21681997371879114 0.4121122599704579 0.21681997371879114 0.4630723781388479 0.3114323258869909 0.4630723781388479
6 0.7687253613666228 0.37001477104874453 0.6452036793692512 0.37001477104874453 0.6452036793692512 0.4364844903988183 0.7687253613666228 0.4364844903988183
10 0.859395532194481 0.40472673559822747 0.7411300919842313 0.40472673559822747 0.7411300919842313 0.4689807976366322 0.859395532194481 0.4689807976366322
12 0.6872536136662286 0.3301329394387002 0.5479632063074902 0.33013293943870015 0.5479632063074902 0.40472673559822747 0.6872536136662286 0.40472673559822747
11 0.3403416557161631 0.8175775480059084 0.21813403416557176 0.8175775480059084 0.2181340341655718 0.8818316100443131 0.3403416557161631 0.8818316100443131
1 0.5243101182654404 0.8855243722304283 0.3994743758212879 0.8855243722304283 0.3994743758212879 0.9527326440177253 0.5243101182654404 0.9527326440177253
13 0.3153745072273326 0.7348596750369276 0.17739816031537467 0.7348596750369276 0.17739816031537467 0.8079763663220089 0.3153745072273326 0.8079763663220089
8 0.6057818659658346 0.3892171344165436 0.5151116951379765 0.3892171344165436 0.5151116951379765 0.43722304283604135 0.6057818659658346 0.43722304283604135
2 0.6714848883048622 0.553175775480059 0.5808147174770041 0.553175775480059 0.5808147174770041 0.6019202363367799 0.6714848883048622 0.6019202363367799
0 0.9461235216819974 0.4401772525849335 0.8265440210249672 0.4401772525849335 0.8265440210249672 0.5044313146233382 0.9461235216819974 0.5044313146233382
2 0.21550591327201057 0.37813884785819796 0.12877792378449415 0.37813884785819796 0.12877792378449415 0.42466765140324964 0.21550591327201057 0.42466765140324964
0 0.314060446780552 0.19719350073855244 0.19448094612352176 0.19719350073855244 0.19448094612352176 0.26070901033973415 0.314060446780552 0.26070901033973415