3 0.1550591327201052 0.38183161004431315 0.056504599211563804 0.38183161004431315 0.05650459921156382 0.4379615952732644 0.15505913272010524 0.4379615952732644
3 0.3429697766097242 0.5251107828655834 0.25098554533508555 0.5251107828655834 0.25098554533508555 0.5775480059084195 0.3429697766097242 0.5775480059084195
3 0.39290407358738516 0.655096011816839 0.3022339027595271 0.655096011816839 0.3022339027595271 0.705317577548006 0.39290407358738516 0.705317577548006
4 0.47437582128777933 0.310930576070901 0.3508541392904074 0.310930576070901 0.35085413929040743 0.3803545051698671 0.4743758212877794 0.3803545051698671
4 0.6662286465177399 0.44977843426883307 0.5440210249671487 0.44977843426883307 0.5440210249671487 0.5199409158050221 0.6662286465177399 0.5199409158050221
3 0.5203679369250988 0.7481536189069424 0.43101182654402115 0.7481536189069424 0.43101182654402115 0.7976366322008862 0.5203679369250988 0.7976366322008862
9 0.09986859395532209 0.6373707533234859 0.024967148488830627 0.6373707533234859 0.02496714848883063 0.6802067946824224 0.09986859395532209 0.6802067946824224
5 0.06570302233902772 0.4985228951255539 1.086250446024262e-16 0.4985228951255539 1.1562532525458254e-16 0.5627769571639586 0.06570302233902772 0.5627769571639586
7 0.3942181340341657 0.7311669128508124 0.27858081471747714 0.7311669128508124 0.27858081471747714 0.7976366322008862 0.3942181340341657 0.7976366322008862
1 0.3731931668856769 0.8153618906942393 0.2759526938239161 0.8153618906942393 0.2759526938239161 0.8722304283604135 0.3731931668856769 0.8722304283604135
8 0.80946123521682 0.38552437223042835 0.7227332457293035 0.38552437223042835 0.7227332457293035 0.4342688330871492 0.80946123521682 0.4342688330871492
11 0.3429697766097242 0.6004431314623339 0.22076215505913288 0.6004431314623339 0.22076215505913288 0.6698670605612999 0.3429697766097242 0.6698670605612999
7 0.13403416557161643 0.5465288035450517 0.014454664914586192 0.5465288035450517 0.0144546649145862 0.6137370753323486 0.13403416557161643 0.6137370753323486
5 0.26412614980289106 0.6373707533234859 0.1458607095926414 0.6373707533234859 0.1458607095926414 0.7038404726735599 0.26412614980289106 0.7038404726735599
3 0.3679369250985547 0.43722304283604135 0.264126149802891 0.43722304283604135 0.264126149802891 0.49409158050221563 0.3679369250985547 0.49409158050221563
2 0.2509855453350855 0.2614475627769572 0.15637319316688575 0.2614475627769572 0.15637319316688575 0.3153618906942393 0.2509855453350855 0.3153618906942393
6 0.6005256241787124 0.40398818316100443 0.4822601839684627 0.40398818316100443 0.4822601839684627 0.4711964549483013 0.6005256241787124 0.4711964549483013
10 0.5821287779237846 0.4911373707533235 0.4651773981603155 0.4911373707533235 0.4651773981603155 0.5561299852289513 0.5821287779237846 0.5561299852289513
6 0.6977660972404731 0.28360413589364847 0.580814717477004 0.28360413589364847 0.580814717477004 0.35007385524372236 0.6977660972404731 0.35007385524372236
2 0.6333771353482262 0.5435745937961596 0.5440210249671487 0.5435745937961596 0.5440210249671487 0.5937961595273265 0.6333771353482262 0.5937961595273265
12 0.7700394218134035 0.32717872968980805 0.6386333771353482 0.32717872968980805 0.6386333771353483 0.4010339734121123 0.7700394218134035 0.4010339734121123
10 0.6320630749014454 0.23781388478581983 0.5137976346911958 0.2378138847858198 0.5137976346911958 0.30428360413589367 0.6320630749014454 0.3042836041358937
13 0.05124835742444166 0.5805022156573116 1.2648782971482519e-16 0.5805022156573116 1.3308579538697256e-16 0.6410635155096012 0.05124835742444166 0.6410635155096012
0 0.5768725361366623 0.18759231905465293 0.4507227332457293 0.18759231905465293 0.4507227332457293 0.259231905465288 0.5768725361366623 0.259231905465288
0 0.9474375821287779 0.5236336779911374 0.897503285151117 0.5236336779911374 0.897503285151117 0.585672082717873 0.9474375821287779 0.585672082717873
2 0.375821287779238 0.3567208271787297 0.2877792378449409 0.3567208271787297 0.2877792378449409 0.4076809453471196 0.375821287779238 0.4076809453471196
2 0.695137976346912 0.5923190546528804 0.6136662286465179 0.5923190546528804 0.6136662286465179 0.6388478581979321 0.695137976346912 0.6388478581979321
8 0.6636005256241788 0.3751846381093058 0.5755584756898818 0.37518463810930575 0.5755584756898818 0.4261447562776957 0.6636005256241788 0.4261447562776957