3 0.5190538764783181 0.6713441654357459 0.4244415243101184 0.6713441654357459 0.4244415243101184 0.7230428360413589 0.5190538764783181 0.7230428360413589
4 0.7187910643889619 0.5044313146233382 0.5939553219448096 0.5044313146233382 0.5939553219448096 0.5723781388478582 0.7187910643889619 0.5723781388478582
3 0.12352168199737198 0.47193500738552435 0.0328515111695139 0.47193500738552435 0.0328515111695139 0.5206794682422452 0.12352168199737198 0.5206794682422452
5 0.3127463863337715 0.6846381093057607 0.18528252299605796 0.6846381093057607 0.18528252299605796 0.7548005908419497 0.3127463863337715 0.7548005908419497
3 0.478318002628121 0.5391432791728212 0.3863337713534824 0.5391432791728212 0.3863337713534824 0.5878877400295421 0.478318002628121 0.5878877400295421
4 0.5295663600525625 0.362629246676514 0.4034165571616296 0.362629246676514 0.4034165571616296 0.43057607090103395 0.5295663600525625 0.43057607090103395
9 0.08672798948751657 0.6395864106351551 0.007884362680683451 0.6395864106351551 0.007884362680683456 0.6824224519940916 0.08672798948751657 0.6824224519940916
8 0.6767411300919842 0.29615952732644024 0.5821287779237845 0.2961595273264402 0.5821287779237846 0.3478581979320532 0.6767411300919842 0.34785819793205325
11 0.20367936925098565 0.5103397341211225 0.07752956636005268 0.5103397341211225 0.07752956636005269 0.5782865583456426 0.2036793692509857 0.5782865583456426
3 0.4191852825229962 0.49039881831610044 0.32063074901445476 0.49039881831610044 0.32063074901445476 0.5435745937961596 0.4191852825229962 0.5435745937961596
7 0.24441524310118282 0.6425406203840472 0.12483574244415258 0.6425406203840472 0.12483574244415258 0.707533234859675 0.24441524310118282 0.707533234859675
5 0.1182654402102498 0.5465288035450517 1.1908523408265983e-16 0.5465288035450517 1.2600505173881439e-16 0.6100443131462334 0.11826544021024982 0.6100443131462334
2 0.7529566360052564 0.6432791728212703 0.6504599211563733 0.6432791728212703 0.6504599211563733 0.6979320531757754 0.7529566360052565 0.6979320531757754
6 0.5913272010512485 0.4091580502215657 0.46649145860709607 0.4091580502215657 0.46649145860709607 0.47636632200886264 0.5913272010512485 0.47636632200886264
10 0.4441524310118267 0.4017725258493353 0.3245729303547964 0.4017725258493353 0.3245729303547964 0.46602658788774004 0.4441524310118267 0.46602658788774004
12 0.7555847568988173 0.33604135893648457 0.6202365308804205 0.33604135893648457 0.6202365308804205 0.40841949778434267 0.7555847568988173 0.40841949778434267
2 0.3679369250985547 0.36115214180206795 0.27201051248357433 0.36115214180206795 0.27201051248357433 0.41285081240768096 0.3679369250985547 0.41285081240768096
6 0.8186596583442839 0.38404726735598227 0.6964520367936925 0.38404726735598227 0.6964520367936925 0.44977843426883307 0.8186596583442839 0.44977843426883307
10 0.8791064388961892 0.4327917282127031 0.7555847568988173 0.4327917282127031 0.7555847568988173 0.4985228951255539 0.8791064388961892 0.4985228951255539
2 0.6189224704336401 0.552437223042836 0.528252299605782 0.552437223042836 0.528252299605782 0.6004431314623339 0.6189224704336401 0.6004431314623339
8 0.6557161629434956 0.38330871491875923 0.5650459921156374 0.38330871491875923 0.5650459921156374 0.4327917282127031 0.6557161629434956 0.4327917282127031
0 0.8580814717477004 0.516248153618907 0.7385019710906702 0.516248153618907 0.7385019710906702 0.5819793205317577 0.8580814717477004 0.5819793205317577
13 0.16951379763469135 0.6750369276218612 0.060446780551905534 0.6750369276218612 0.06044678055190555 0.7370753323485968 0.16951379763469135 0.7370753323485968
2 0.3048620236530881 0.31314623338257014 0.21024967148488838 0.31314623338257014 0.21024967148488838 0.36336779911373707 0.3048620236530881 0.36336779911373707
0 0.5019710906701709 0.1477104874446086 0.3771353482260184 0.1477104874446086 0.3771353482260184 0.21565731166912852 0.5019710906701709 0.21565731166912852