3 0.8659658344283837 0.37518463810930586 0.8081471747700394 0.37518463810930586 0.8081471747700394 0.4098966026587888 0.8659658344283837 0.4098966026587888
9 0.4152431011826544 0.154357459379616 0.36268068331143233 0.154357459379616 0.36268068331143233 0.18980797636632202 0.4152431011826544 0.18980797636632202
3 0.5321944809461236 0.3766617429837518 0.47043363994743775 0.3766617429837518 0.47043363994743775 0.4121122599704579 0.5321944809461236 0.4121122599704579
3 0.3048620236530881 0.3212703101920236 0.2509855453350855 0.3212703101920236 0.2509855453350855 0.35450516986706054 0.3048620236530881 0.35450516986706054
4 0.7647831800262812 0.5361890694239291 0.6859395532194481 0.5361890694239291 0.6859395532194481 0.5834564254062038 0.7647831800262812 0.5834564254062038
4 0.42575558475689895 0.5361890694239291 0.349540078843627 0.5361890694239291 0.349540078843627 0.5834564254062038 0.42575558475689895 0.5834564254062038
3 0.0814717477003943 0.3212703101920236 0.02496714848883055 0.3212703101920236 0.024967148488830557 0.3537666174298375 0.0814717477003943 0.3537666174298375
5 0.7634691195795007 0.2584933530280651 0.6859395532194481 0.2584933530280651 0.6859395532194481 0.3057607090103398 0.7634691195795007 0.3057607090103398
7 0.19710906701708286 0.2621861152141802 0.12614980289093305 0.2621861152141802 0.12614980289093305 0.310192023633678 0.19710906701708286 0.310192023633678
9 0.5282522996057819 0.21048744460856722 0.4743758212877792 0.21048744460856722 0.4743758212877792 0.24593796159527326 0.5282522996057819 0.24593796159527326
1 0.08935611038107756 0.2038404726735598 0.01576872536136667 0.2038404726735598 0.015768725361366673 0.2518463810930576 0.08935611038107756 0.2518463810930576
8 0.4165571616294351 0.6521418020679468 0.3587385019710908 0.6521418020679468 0.3587385019710908 0.6875923190546529 0.4165571616294351 0.6875923190546529
11 0.42706964520367946 0.31462333825701627 0.3495400788436268 0.31462333825701627 0.34954007884362687 0.35893648449039883 0.4270696452036795 0.35893648449039883
7 0.6530880420499343 0.26070901033973415 0.5703022339027596 0.26070901033973415 0.5703022339027596 0.309453471196455 0.6530880420499343 0.30945347119645505
5 0.4244415243101183 0.2614475627769572 0.35216819973718794 0.2614475627769572 0.35216819973718794 0.3064992614475628 0.4244415243101183 0.3064992614475628
3 0.64257555847569 0.4276218611521418 0.5834428383705652 0.4276218611521418 0.5834428383705652 0.4667651403249631 0.64257555847569 0.4667651403249631
2 0.9789750328515112 0.48670605612998524 0.9145860709592641 0.48670605612998524 0.9145860709592641 0.5236336779911374 0.9789750328515112 0.5236336779911374
6 0.5387647831800264 0.5369276218611522 0.4599211563731933 0.5369276218611522 0.4599211563731933 0.5841949778434269 0.5387647831800264 0.5841949778434269
10 0.43101182654402115 0.4815361890694239 0.3482260183968464 0.4815361890694239 0.3482260183968464 0.5280649926144756 0.43101182654402115 0.5280649926144756
12 0.542706964520368 0.6432791728212703 0.45335085413929055 0.6432791728212703 0.45335085413929055 0.6964549483013294 0.542706964520368 0.6964549483013294
6 0.6478318002628123 0.6454948301329394 0.5742444152431013 0.6454948301329394 0.5742444152431013 0.6935007385524372 0.6478318002628123 0.6935007385524372
10 0.756898817345598 0.6477104874446086 0.6872536136662286 0.6477104874446086 0.6872536136662288 0.6935007385524372 0.7568988173455982 0.6935007385524372
2 0.3088042049934298 0.48670605612998524 0.2483574244415244 0.48670605612998524 0.24835742444152442 0.5243722304283605 0.30880420499342986 0.5243722304283605
2 0.3455978975032853 0.8028064992614475 0.3311432325886992 0.8028064992614475 0.3311432325886992 0.8146233382570163 0.3455978975032853 0.8146233382570163
11 0.759526938239159 0.15066469719350079 0.6872536136662286 0.15066469719350079 0.6872536136662286 0.1935007385524373 0.759526938239159 0.1935007385524373
1 0.985545335085414 0.14844903988183167 0.9067017082785808 0.14844903988183164 0.9067017082785808 0.19423929098966036 0.985545335085414 0.19423929098966036
2 0.7555847568988173 0.4874446085672083 0.6911957950065704 0.4874446085672083 0.6911957950065704 0.5221565731166913 0.7555847568988173 0.5221565731166913
0 0.08804204993429712 0.6447562776957164 0.011826544021025107 0.6447562776957164 0.011826544021025112 0.6920236336779911 0.08804204993429712 0.6920236336779911
0 0.88042049934297 0.6462333825701625 0.7910643889618922 0.6462333825701625 0.7910643889618924 0.6942392909896603 0.8804204993429701 0.6942392909896603
8 0.528252299605782 0.5974889217134417 0.47174770039421826 0.5974889217134417 0.47174770039421826 0.6299852289512555 0.528252299605782 0.6299852289512555
2 0.1971090670170829 0.4874446085672083 0.13797634691195806 0.4874446085672083 0.13797634691195806 0.5214180206794683 0.19710906701708295 0.5214180206794683
13 0.6596583442838371 0.20014771048744465 0.5663600525624178 0.20014771048744462 0.5663600525624178 0.2511078286558346 0.6596583442838371 0.25110782865583464