3 0.469119579500657 0.25997045790251105 0.38370565045992117 0.25997045790251105 0.38370565045992117 0.30945347119645494 0.469119579500657 0.30945347119645494
3 0.40998685939553237 0.3906942392909897 0.314060446780552 0.3906942392909897 0.314060446780552 0.4460856720827179 0.40998685939553237 0.4460856720827179
3 0.3403416557161631 0.44387001477104876 0.24572930354796327 0.44387001477104876 0.24572930354796327 0.4985228951255539 0.3403416557161631 0.4985228951255539
3 0.607095926412615 0.15657311669128512 0.5203679369250985 0.15657311669128512 0.5203679369250985 0.20605612998522896 0.607095926412615 0.20605612998522896
4 0.5151116951379765 0.5812407680945347 0.39684625492772685 0.5812407680945347 0.39684625492772685 0.6514032496307238 0.5151116951379765 0.6514032496307238
5 0.13009198423127474 0.4254062038404727 0.013140604467805612 0.4254062038404727 0.013140604467805619 0.4933530280649926 0.13009198423127474 0.4933530280649926
7 0.47700394218134035 0.16691285081240773 0.3587385019710907 0.16691285081240773 0.3587385019710907 0.23559822747415066 0.47700394218134035 0.23559822747415066
9 0.1747700394218135 0.30576070901033975 0.09986859395532202 0.30576070901033975 0.09986859395532202 0.34933530280649927 0.1747700394218135 0.34933530280649927
4 0.7240473061760841 0.4261447562776957 0.604467805519054 0.4261447562776957 0.604467805519054 0.49556868537666177 0.7240473061760841 0.49556868537666177
8 0.8685939553219448 0.4977843426883309 0.7766097240473062 0.4977843426883309 0.7766097240473062 0.55096011816839 0.8685939553219448 0.55096011816839
1 0.46780551905387646 0.0908419497784343 0.3718791064388962 0.0908419497784343 0.3718791064388962 0.14844903988183164 0.46780551905387646 0.14844903988183164
11 0.4086727989487517 0.30132939438700146 0.29829172141918536 0.30132939438700146 0.29829172141918536 0.3663220088626292 0.4086727989487518 0.3663220088626292
7 0.19973718791064396 0.3707533234859675 0.08015768725361375 0.3707533234859675 0.08015768725361375 0.44091580502215655 0.19973718791064396 0.44091580502215655
5 0.3324572930354797 0.2717872968980798 0.22470433639947446 0.2717872968980798 0.22470433639947446 0.3353028064992615 0.3324572930354797 0.3353028064992615
2 0.7030223390275953 0.35155096011816844 0.6097240473061762 0.3515509601181684 0.6097240473061762 0.4054652880354505 0.7030223390275953 0.4054652880354505
2 0.4980289093298293 0.5081240768094535 0.4047306176084101 0.5081240768094535 0.4047306176084101 0.5620384047267356 0.4980289093298293 0.5620384047267356
10 0.6478318002628123 0.3951255539143279 0.5256241787122209 0.3951255539143279 0.5256241787122209 0.46602658788774004 0.6478318002628123 0.46602658788774004
10 0.6701708278580816 0.6462333825701625 0.5532194480946125 0.6462333825701625 0.5532194480946125 0.7141802067946824 0.6701708278580816 0.7141802067946824
3 0.19973718791064404 0.5487444608567208 0.11169513797634703 0.5487444608567208 0.11169513797634703 0.5989660265878878 0.19973718791064404 0.5989660265878878
12 0.8173455978975033 0.5391432791728212 0.6859395532194481 0.5391432791728212 0.6859395532194481 0.6166912850812407 0.8173455978975033 0.6166912850812407
2 0.28646517739816046 0.6632200886262924 0.19710906701708295 0.6632200886262924 0.19710906701708295 0.7149187592319055 0.28646517739816046 0.7149187592319055
6 0.6583442838370567 0.47858197932053176 0.540078843626807 0.47858197932053176 0.540078843626807 0.5480059084194978 0.6583442838370567 0.5480059084194978
6 0.7385019710906702 0.5945347119645494 0.6241787122207623 0.5945347119645494 0.6241787122207623 0.6617429837518464 0.7385019710906702 0.6617429837518464
0 0.601839684625493 0.6957163958641064 0.4822601839684627 0.6957163958641064 0.4822601839684627 0.7673559822747416 0.601839684625493 0.7673559822747416
0 1 0.33604135893648457 0.9658344283837057 0.33604135893648457 0.9658344283837057 0.40251107828655835 1 0.40251107828655835
2 0.7700394218134035 0.3020679468242246 0.683311432325887 0.3020679468242246 0.683311432325887 0.35228951255539154 0.7700394218134035 0.35228951255539154
8 0.7187910643889619 0.5192023633677991 0.630749014454665 0.5192023633677991 0.630749014454665 0.5716395864106352 0.7187910643889619 0.5716395864106352
2 0.4244415243101184 0.5598227474150664 0.33377135348226034 0.5598227474150664 0.33377135348226034 0.6129985228951256 0.4244415243101184 0.6129985228951256
13 0.12352168199737196 0.3478581979320532 0.02365308804205001 0.3478581979320532 0.02365308804205002 0.4098966026587888 0.12352168199737196 0.4098966026587888