3 0.8672798948751642 0.3737075332348598 0.8068331143232589 0.3737075332348598 0.8068331143232589 0.4098966026587888 0.8672798948751642 0.4098966026587888
4 0.7647831800262812 0.5361890694239291 0.6859395532194481 0.5361890694239291 0.6859395532194481 0.5834564254062038 0.7647831800262812 0.5834564254062038
3 0.3048620236530881 0.3212703101920236 0.2509855453350855 0.3212703101920236 0.2509855453350855 0.3567208271787297 0.3048620236530881 0.3567208271787297
9 0.4152431011826544 0.15509601181683905 0.36268068331143233 0.15509601181683905 0.36268068331143233 0.18980797636632202 0.4152431011826544 0.18980797636632202
5 0.7634691195795007 0.2607090103397342 0.6806833114323259 0.2607090103397342 0.6806833114323259 0.308714918759232 0.7634691195795007 0.308714918759232
3 0.0814717477003943 0.3212703101920236 0.027595269382391655 0.3212703101920236 0.02759526938239166 0.3567208271787297 0.0814717477003943 0.3567208271787297
3 0.6399474375821289 0.4327917282127031 0.5860709592641263 0.4327917282127031 0.5860709592641263 0.4689807976366322 0.6399474375821289 0.4689807976366322
4 0.4283837056504601 0.5361890694239291 0.349540078843627 0.5361890694239291 0.349540078843627 0.5834564254062038 0.4283837056504601 0.5834564254062038
9 0.5282522996057819 0.21048744460856722 0.4756898817345598 0.21048744460856722 0.4756898817345598 0.24593796159527326 0.5282522996057819 0.24593796159527326
7 0.20105124835742452 0.25775480059084194 0.13009198423127472 0.25775480059084194 0.13009198423127472 0.3064992614475628 0.20105124835742452 0.3064992614475628
1 0.08935611038107756 0.2038404726735598 0.013140604467805565 0.2038404726735598 0.01314060446780557 0.25036927621861155 0.08935611038107756 0.25036927621861155
8 0.4165571616294351 0.6528803545051699 0.35742444152431024 0.6528803545051699 0.35742444152431024 0.6883308714918759 0.4165571616294351 0.6883308714918759
11 0.42838370565046 0.31462333825701627 0.35216819973718794 0.31462333825701627 0.352168199737188 0.361890694239291 0.4283837056504601 0.361890694239291
3 0.5321944809461236 0.43131462333825704 0.4730617608409988 0.43131462333825704 0.4730617608409988 0.4704579025110783 0.5321944809461236 0.4704579025110783
7 0.6504599211563732 0.2599704579025111 0.5768725361366623 0.25997045790251105 0.5768725361366623 0.30649926144756284 0.6504599211563732 0.30649926144756284
5 0.4231274638633377 0.2621861152141802 0.3508541392904074 0.2621861152141802 0.3508541392904074 0.3064992614475628 0.4231274638633377 0.3064992614475628
2 0.9816031537450722 0.48522895125553916 0.9198423127463863 0.48522895125553916 0.9198423127463863 0.5251107828655834 0.9816031537450722 0.5251107828655834
6 0.5374507227332459 0.5369276218611522 0.46123521681997387 0.5369276218611522 0.46123521681997387 0.5841949778434269 0.5374507227332459 0.5841949778434269
10 0.42575558475689895 0.4807976366322009 0.3534822601839686 0.4807976366322009 0.3534822601839686 0.5273264401772526 0.42575558475689895 0.5273264401772526
12 0.540078843626807 0.6410635155096012 0.45860709592641274 0.6410635155096012 0.45860709592641274 0.6942392909896603 0.540078843626807 0.6942392909896603
2 0.3061760840998687 0.4844903988183161 0.2483574244415244 0.4844903988183161 0.24835742444152442 0.5221565731166913 0.30617608409986874 0.5221565731166913
6 0.6491458607095928 0.6477104874446086 0.5755584756898818 0.6477104874446086 0.5755584756898818 0.6957163958641064 0.6491458607095928 0.6957163958641064
10 0.7608409986859397 0.6454948301329394 0.6872536136662286 0.6454948301329394 0.6872536136662288 0.6942392909896603 0.7608409986859399 0.6942392909896603
1 0.985545335085414 0.14771048744460863 0.9067017082785808 0.1477104874446086 0.9067017082785808 0.19423929098966036 0.985545335085414 0.19423929098966036
11 0.7608409986859396 0.1477104874446086 0.6819973718791065 0.1477104874446086 0.6819973718791065 0.19423929098966036 0.7608409986859396 0.19423929098966036
2 0.7542706964520368 0.48670605612998524 0.6977660972404731 0.48670605612998524 0.6977660972404731 0.5206794682422452 0.7542706964520368 0.5206794682422452
8 0.5308804204993431 0.5982274741506647 0.47174770039421826 0.5982274741506647 0.47174770039421826 0.6314623338257016 0.5308804204993431 0.6314623338257016
0 0.8751642575558476 0.5923190546528804 0.7963206307490145 0.5923190546528804 0.7963206307490145 0.6358936484490398 0.8751642575558476 0.6358936484490398
13 0.657030223390276 0.20014771048744465 0.5703022339027596 0.20014771048744462 0.5703022339027596 0.25258493353028066 0.657030223390276 0.2525849335302807
2 0.19316688567674123 0.48670605612998524 0.1340341655716164 0.48670605612998524 0.1340341655716164 0.5221565731166913 0.19316688567674128 0.5221565731166913
0 0.09198423127463878 0.6462333825701625 0.013140604467805659 0.6462333825701625 0.013140604467805664 0.6935007385524372 0.09198423127463878 0.6935007385524372