3 0.8633377135348226 0.3759231905465289 0.8107752956636005 0.3759231905465289 0.8107752956636005 0.41063515509601184 0.8633377135348226 0.41063515509601184
9 0.4152431011826544 0.15361890694239294 0.36268068331143233 0.15361890694239294 0.36268068331143233 0.18906942392909898 0.4152431011826544 0.18906942392909898
3 0.5256241787122209 0.3766617429837518 0.4743758212877794 0.3766617429837518 0.4743758212877794 0.4121122599704579 0.5256241787122209 0.4121122599704579
3 0.3048620236530881 0.3212703101920236 0.2509855453350855 0.3212703101920236 0.2509855453350855 0.3581979320531758 0.3048620236530881 0.3581979320531758
4 0.7647831800262812 0.5361890694239291 0.683311432325887 0.5361890694239291 0.683311432325887 0.5834564254062038 0.7647831800262812 0.5834564254062038
4 0.4218134034165573 0.5361890694239291 0.349540078843627 0.5361890694239291 0.349540078843627 0.5834564254062038 0.4218134034165573 0.5834564254062038
3 0.0814717477003943 0.3212703101920236 0.027595269382391655 0.3212703101920236 0.02759526938239166 0.3581979320531758 0.0814717477003943 0.3581979320531758
5 0.7634691195795007 0.2584933530280651 0.683311432325887 0.2584933530280651 0.683311432325887 0.3057607090103398 0.7634691195795007 0.3057607090103398
9 0.5282522996057819 0.21048744460856722 0.4743758212877792 0.21048744460856722 0.4743758212877792 0.24593796159527326 0.5282522996057819 0.24593796159527326
7 0.20236530880420506 0.26070901033973415 0.13140604467805528 0.26070901033973415 0.13140604467805528 0.3087149187592319 0.20236530880420506 0.3087149187592319
1 0.08935611038107756 0.2038404726735598 0.01576872536136667 0.2038404726735598 0.015768725361366673 0.2518463810930576 0.08935611038107756 0.2518463810930576
8 0.4165571616294351 0.6521418020679468 0.363994743758213 0.6521418020679468 0.363994743758213 0.6875923190546529 0.4165571616294351 0.6875923190546529
5 0.4244415243101183 0.2614475627769572 0.35216819973718794 0.2614475627769572 0.35216819973718794 0.30797636632200887 0.4244415243101183 0.30797636632200887
11 0.42838370565046 0.31462333825701627 0.3495400788436268 0.31462333825701627 0.34954007884362687 0.36336779911373707 0.4283837056504601 0.36336779911373707
7 0.6517739816031537 0.25923190546528807 0.5781865965834428 0.259231905465288 0.5781865965834428 0.3079763663220089 0.6517739816031537 0.3079763663220089
3 0.64257555847569 0.42909896602658787 0.5834428383705652 0.42909896602658787 0.5834428383705652 0.4704579025110783 0.64257555847569 0.4704579025110783
2 0.9789750328515112 0.48670605612998524 0.9211563731931669 0.48670605612998524 0.9211563731931669 0.5236336779911374 0.9789750328515112 0.5236336779911374
6 0.5387647831800264 0.5369276218611522 0.463863337713535 0.5369276218611522 0.463863337713535 0.5841949778434269 0.5387647831800264 0.5841949778434269
10 0.4231274638633379 0.48227474150664695 0.3508541392904075 0.48227474150664695 0.3508541392904075 0.5288035450516987 0.4231274638633379 0.5288035450516987
12 0.5387647831800264 0.6447562776957164 0.45729303547963224 0.6447562776957164 0.45729303547963224 0.6979320531757754 0.5387647831800264 0.6979320531757754
2 0.30749014454664925 0.48522895125553916 0.2483574244415244 0.48522895125553916 0.24835742444152442 0.5228951255539144 0.3074901445466493 0.5228951255539144
6 0.6491458607095928 0.6477104874446086 0.5755584756898818 0.6477104874446086 0.5755584756898818 0.6957163958641064 0.6491458607095928 0.6957163958641064
10 0.7595269382391592 0.6484490398818316 0.6898817345597897 0.6484490398818316 0.6898817345597898 0.6942392909896603 0.7595269382391593 0.6942392909896603
2 0.3455978975032853 0.8028064992614475 0.3311432325886992 0.8028064992614475 0.3311432325886992 0.8146233382570163 0.3455978975032853 0.8146233382570163
1 0.9868593955321945 0.15140324963072385 0.9027595269382391 0.15140324963072382 0.9027595269382391 0.19423929098966036 0.9868593955321945 0.19423929098966036
2 0.7529566360052562 0.4874446085672083 0.6977660972404731 0.4874446085672083 0.6977660972404731 0.518463810930576 0.7529566360052562 0.518463810930576
11 0.7608409986859396 0.15140324963072382 0.6872536136662286 0.15140324963072382 0.6872536136662286 0.1935007385524373 0.7608409986859396 0.1935007385524373
0 0.8712220762155061 0.6484490398818316 0.7963206307490145 0.6484490398818316 0.7963206307490146 0.691285081240768 0.8712220762155062 0.691285081240768
0 0.09461235216819988 0.6454948301329394 0.013140604467805659 0.6454948301329394 0.013140604467805666 0.6971935007385525 0.09461235216819988 0.6971935007385525
8 0.5321944809461236 0.5974889217134417 0.47043363994743775 0.5974889217134417 0.47043363994743775 0.6329394387001477 0.5321944809461236 0.6329394387001477
2 0.19842312746386345 0.4859675036927622 0.13797634691195806 0.4859675036927622 0.13797634691195806 0.5236336779911374 0.19842312746386348 0.5236336779911374
13 0.657030223390276 0.20162481536189072 0.568988173455979 0.2016248153618907 0.568988173455979 0.2511078286558346 0.657030223390276 0.25110782865583464