3 0.3048620236530881 0.3205317577548006 0.2509855453350855 0.3205317577548006 0.2509855453350855 0.35745937961595275 0.3048620236530881 0.35745937961595275
3 0.0814717477003943 0.3212703101920236 0.027595269382391655 0.3212703101920236 0.02759526938239166 0.3581979320531758 0.0814717477003943 0.3581979320531758
3 0.8685939553219448 0.377400295420975 0.8068331143232589 0.377400295420975 0.8068331143232589 0.4121122599704579 0.8685939553219448 0.4121122599704579
3 0.5256241787122209 0.3744460856720827 0.4743758212877794 0.3744460856720827 0.4743758212877794 0.4098966026587888 0.5256241787122209 0.4098966026587888
9 0.4152431011826544 0.154357459379616 0.36268068331143233 0.154357459379616 0.36268068331143233 0.18980797636632202 0.4152431011826544 0.18980797636632202
4 0.7647831800262812 0.5361890694239291 0.683311432325887 0.5361890694239291 0.683311432325887 0.5834564254062038 0.7647831800262812 0.5834564254062038
4 0.4270696452036795 0.5361890694239291 0.349540078843627 0.5361890694239291 0.349540078843627 0.5834564254062038 0.4270696452036795 0.5834564254062038
9 0.5282522996057819 0.21048744460856722 0.4743758212877792 0.21048744460856722 0.4743758212877792 0.24593796159527326 0.5282522996057819 0.24593796159527326
5 0.7660972404730617 0.25997045790251117 0.6872536136662286 0.25997045790251117 0.6872536136662286 0.3072378138847859 0.7660972404730617 0.3072378138847859
7 0.19973718791064396 0.25775480059084194 0.1248357424441525 0.25775480059084194 0.1248357424441525 0.30576070901033975 0.19973718791064396 0.30576070901033975
1 0.09461235216819977 0.20236336779911374 0.010512483574244457 0.20236336779911374 0.010512483574244464 0.25036927621861155 0.09461235216819977 0.25036927621861155
8 0.4165571616294351 0.6521418020679468 0.363994743758213 0.6521418020679468 0.363994743758213 0.6875923190546529 0.4165571616294351 0.6875923190546529
11 0.42969776609724053 0.31462333825701627 0.3495400788436268 0.31462333825701627 0.34954007884362687 0.36336779911373707 0.42969776609724064 0.36336779911373707
7 0.6504599211563732 0.25849335302806503 0.5768725361366623 0.258493353028065 0.5768725361366623 0.3072378138847859 0.6504599211563732 0.3072378138847859
5 0.42181340341655715 0.25775480059084194 0.3495400788436268 0.25775480059084194 0.3495400788436268 0.30576070901033975 0.42181340341655715 0.30576070901033975
2 0.9763469119579501 0.48670605612998524 0.9198423127463863 0.48670605612998524 0.9198423127463863 0.5236336779911374 0.9763469119579501 0.5236336779911374
6 0.5387647831800264 0.5369276218611522 0.45729303547963224 0.5369276218611522 0.45729303547963224 0.5841949778434269 0.5387647831800264 0.5841949778434269
10 0.4283837056504601 0.4807976366322009 0.349540078843627 0.4807976366322009 0.349540078843627 0.5273264401772526 0.4283837056504601 0.5273264401772526
3 0.6412614980289095 0.43131462333825704 0.5821287779237846 0.43131462333825704 0.5821287779237846 0.4689807976366322 0.6412614980289095 0.4689807976366322
6 0.6452036793692512 0.6454948301329394 0.5716162943495402 0.6454948301329394 0.5716162943495402 0.6935007385524372 0.6452036793692512 0.6935007385524372
2 0.30749014454664925 0.48522895125553916 0.2483574244415244 0.48522895125553916 0.24835742444152442 0.5228951255539144 0.3074901445466493 0.5228951255539144
10 0.7621550591327203 0.6469719350073855 0.6872536136662286 0.6469719350073855 0.6872536136662288 0.6927621861152142 0.7621550591327204 0.6927621861152142
12 0.540078843626807 0.6418020679468243 0.45860709592641274 0.6418020679468243 0.45860709592641274 0.6949778434268833 0.540078843626807 0.6949778434268833
11 0.7674113009198423 0.1491875923190547 0.683311432325887 0.1491875923190547 0.683311432325887 0.19719350073855252 0.7674113009198423 0.19719350073855252
2 0.3455978975032853 0.8028064992614475 0.3311432325886992 0.8028064992614475 0.3311432325886992 0.8146233382570163 0.3455978975032853 0.8146233382570163
1 0.9842312746386334 0.14844903988183167 0.9067017082785808 0.14844903988183164 0.9067017082785808 0.19423929098966036 0.9842312746386334 0.19423929098966036
2 0.7555847568988173 0.4881831610044313 0.6938239159001314 0.4881831610044313 0.6938239159001314 0.5192023633677991 0.7555847568988173 0.5192023633677991
0 0.8738501971090672 0.6469719350073855 0.7963206307490145 0.6469719350073855 0.7963206307490146 0.6905465288035451 0.8738501971090673 0.6905465288035451
8 0.5308804204993431 0.5974889217134417 0.47043363994743775 0.5974889217134417 0.47043363994743775 0.6322008862629247 0.5308804204993431 0.6322008862629247
0 0.09198423127463878 0.6454948301329394 0.010512483574244556 0.6454948301329394 0.01051248357424456 0.6905465288035451 0.09198423127463878 0.6905465288035451
2 0.19842312746386345 0.48670605612998524 0.1340341655716164 0.48670605612998524 0.1340341655716164 0.5228951255539144 0.19842312746386348 0.5228951255539144
13 0.657030223390276 0.20162481536189072 0.568988173455979 0.2016248153618907 0.568988173455979 0.2518463810930576 0.657030223390276 0.2518463810930577