3 0.18002628120893577 0.5553914327917282 0.0985545335085415 0.5553914327917282 0.09855453350854153 0.6019202363367799 0.18002628120893577 0.6019202363367799
3 0.3955321944809463 0.41432791728212703 0.314060446780552 0.41432791728212703 0.314060446780552 0.4601181683899557 0.3955321944809463 0.4601181683899557
3 0.46780551905387646 0.2843426883308715 0.3823915900131406 0.2843426883308715 0.3823915900131406 0.3330871491875923 0.46780551905387646 0.3330871491875923
4 0.4954007884362682 0.6107828655834564 0.38239159001314077 0.6107828655834564 0.38239159001314077 0.6750369276218612 0.4954007884362682 0.6750369276218612
4 0.7109067017082786 0.46824224519940916 0.5952693823915901 0.46824224519940916 0.5952693823915901 0.534711964549483 0.7109067017082786 0.534711964549483
3 0.6110381077529566 0.19054652880354508 0.5256241787122208 0.19054652880354506 0.5256241787122208 0.2392909896602659 0.6110381077529566 0.23929098966026596
5 0.11300919842312755 0.4261447562776957 0.003942181340341749 0.4261447562776957 0.003942181340341755 0.4881831610044313 0.11300919842312758 0.4881831610044313
7 0.47700394218134035 0.19202363367799113 0.36530880420499345 0.19202363367799113 0.36530880420499345 0.25627769571639586 0.47700394218134035 0.25627769571639586
1 0.47174770039421815 0.11669128508124081 0.38107752956636004 0.11669128508124081 0.38107752956636004 0.17060561299852295 0.47174770039421815 0.17060561299852295
9 0.16819973718791073 0.310192023633678 0.09855453350854147 0.310192023633678 0.09855453350854147 0.3515509601181684 0.16819973718791073 0.3515509601181684
8 0.8449408672798949 0.552437223042836 0.7621550591327201 0.552437223042836 0.7621550591327201 0.5997045790251108 0.8449408672798949 0.5997045790251108
11 0.4060446780551906 0.3227474150664697 0.2943495400788437 0.3227474150664697 0.2943495400788437 0.3862629246676514 0.4060446780551907 0.3862629246676514
7 0.18922470433639954 0.37813884785819796 0.07490144546649154 0.37813884785819796 0.07490144546649154 0.4431314623338257 0.18922470433639954 0.4431314623338257
5 0.33639947437582135 0.2865583456425406 0.2233902759526939 0.2865583456425406 0.2233902759526939 0.35081240768094535 0.33639947437582146 0.35081240768094535
2 0.26281208935611056 0.6742983751846381 0.1760840998685941 0.6742983751846381 0.1760840998685941 0.723781388478582 0.26281208935611056 0.723781388478582
3 0.40735873850197124 0.49556868537666177 0.314060446780552 0.49556868537666177 0.314060446780552 0.5487444608567208 0.40735873850197124 0.5487444608567208
6 0.6386333771353484 0.51698670605613 0.5256241787122209 0.51698670605613 0.5256241787122209 0.5812407680945347 0.6386333771353484 0.5812407680945347
10 0.6320630749014456 0.4327917282127031 0.5216819973718793 0.4327917282127031 0.5216819973718793 0.4963072378138848 0.6320630749014456 0.4963072378138848
6 0.7174770039421815 0.638109305760709 0.6057818659658346 0.638109305760709 0.6057818659658346 0.7016248153618907 0.7174770039421816 0.7016248153618907
12 0.797634691195795 0.5864106351550961 0.6727989487516426 0.5864106351550961 0.6727989487516426 0.6573116691285081 0.797634691195795 0.6573116691285081
10 0.6438896189224705 0.6831610044313147 0.5308804204993431 0.6831610044313147 0.5308804204993431 0.7481536189069424 0.6438896189224705 0.7481536189069424
2 0.6898817345597897 0.39438700147710487 0.604467805519054 0.39438700147710487 0.604467805519054 0.4423929098966027 0.6898817345597897 0.4423929098966027
13 0.12352168199737196 0.3463810930576071 0.014454664914586145 0.3463810930576071 0.014454664914586152 0.4113737075332349 0.12352168199737196 0.4113737075332349
8 0.6977660972404731 0.5620384047267356 0.6149802890932985 0.5620384047267356 0.6149802890932985 0.6100443131462334 0.6977660972404731 0.6100443131462334
2 0.4034165571616296 0.5819793205317577 0.3180026281208937 0.5819793205317577 0.3180026281208937 0.6322008862629247 0.4034165571616296 0.6322008862629247
0 0.5716162943495402 0.7282127031019202 0.46123521681997387 0.7282127031019202 0.46123521681997387 0.792466765140325 0.5716162943495402 0.792466765140325
2 0.759526938239159 0.3471196454948302 0.6806833114323259 0.3471196454948302 0.6806833114323259 0.3929098966026588 0.759526938239159 0.3929098966026588
0 1 0.3988183161004431 0.961892247043364 0.3988183161004431 0.961892247043364 0.4638109305760709 1 0.4638109305760709