3 0.7227332457293035 0.27031019202363377 0.6517739816031537 0.27031019202363377 0.6517739816031537 0.3072378138847859 0.7227332457293035 0.3072378138847859
3 0.7752956636005256 0.4564254062038405 0.7017082785808147 0.4564254062038405 0.7017082785808147 0.49704579025110784 0.7752956636005256 0.49704579025110784
3 0.9080157687253614 0.5768094534711965 0.8396846254927727 0.5768094534711965 0.8396846254927727 0.6107828655834564 0.9080157687253614 0.6107828655834564
4 0.45860709592641274 0.34933530280649927 0.3626806833114325 0.34933530280649927 0.3626806833114325 0.3995568685376662 0.45860709592641274 0.3995568685376662
4 0.5151116951379765 0.5376661742983752 0.4165571616294351 0.5376661742983752 0.4165571616294351 0.5864106351550961 0.5151116951379765 0.5864106351550961
3 0.9448094612352171 0.7008862629246676 0.8777923784494089 0.7008862629246676 0.8777923784494089 0.7363367799113737 0.9448094612352171 0.7363367799113737
5 0.9474375821287779 0.3124076809453472 0.8515111695137977 0.3124076809453472 0.8515111695137977 0.3618906942392911 0.9474375821287779 0.3618906942392911
7 1 0.6285081240768094 0.9356110381077529 0.6285081240768094 0.9356110381077529 0.6742983751846381 1 0.6742983751846381
9 1 0.43722304283604135 0.9934296977660972 0.43722304283604135 0.9934296977660972 0.47193500738552435 1 0.47193500738552435
8 0.3074901445466493 0.5576070901033974 0.2365308804204995 0.5576070901033974 0.2365308804204995 0.5960118168389956 0.3074901445466493 0.5960118168389956
11 0.9040735873850198 0.5073855243722304 0.812089356110381 0.5073855243722304 0.812089356110381 0.5568685376661743 0.9040735873850198 0.5568685376661743
7 0.961892247043364 0.3744460856720828 0.8620236530880421 0.3744460856720828 0.8620236530880421 0.4276218611521418 0.961892247043364 0.4276218611521418
5 0.9973718791064389 0.5014771048744461 0.9040735873850198 0.5014771048744461 0.9040735873850198 0.5487444608567208 0.9973718791064389 0.5487444608567208
3 0.6662286465177399 0.40251107828655835 0.5873850197109068 0.40251107828655835 0.5873850197109068 0.44091580502215655 0.6662286465177399 0.44091580502215655
2 0.5085413929040736 0.22304283604135894 0.4323258869908016 0.22304283604135894 0.4323258869908016 0.2636632200886263 0.5085413929040736 0.2636632200886263
6 0.4954007884362682 0.4756277695716396 0.39684625492772685 0.4756277695716396 0.39684625492772685 0.5251107828655834 0.4954007884362682 0.5251107828655834
10 0.6110381077529567 0.5273264401772526 0.5151116951379765 0.5273264401772526 0.5151116951379765 0.5797636632200887 0.6110381077529567 0.5797636632200887
12 0.3088042049934298 0.48670605612998524 0.19973718791064396 0.48670605612998524 0.19973718791064402 0.5435745937961596 0.30880420499342986 0.5435745937961596
6 0.28515111695137985 0.42909896602658787 0.187910643889619 0.42909896602658787 0.187910643889619 0.47636632200886264 0.28515111695137985 0.47636632200886264
10 0.26281208935611045 0.3685376661742984 0.16951379763469127 0.3685376661742984 0.16951379763469127 0.413589364844904 0.26281208935611045 0.413589364844904
2 0.6176084099868595 0.5967503692762186 0.540078843626807 0.5967503692762186 0.540078843626807 0.6351550960118169 0.6176084099868595 0.6351550960118169
2 0.5440210249671487 0.34711964549483015 0.47174770039421826 0.34711964549483015 0.47174770039421826 0.38847858197932056 0.5440210249671487 0.38847858197932056
0 0.3784494086727991 0.7407680945347119 0.28120893561103827 0.7407680945347119 0.28120893561103827 0.7895125553914328 0.3784494086727991 0.7895125553914328
0 0.2483574244415244 0.29911373707533234 0.14848883048620243 0.29911373707533234 0.14848883048620243 0.3552437223042836 0.2483574244415244 0.3552437223042836
8 0.3863337713534824 0.48892171344165436 0.3193166885676742 0.48892171344165436 0.3193166885676742 0.5243722304283605 0.3863337713534824 0.5243722304283605
2 0.6346911957950068 0.6580502215657311 0.5650459921156374 0.6580502215657311 0.5650459921156374 0.6964549483013294 0.6346911957950068 0.6964549483013294
13 1 0.36484490398818326 0.9632063074901446 0.36484490398818326 0.9632063074901446 0.42097488921713444 1 0.42097488921713444