3 0.6268068331143234 0.35007385524372236 0.5413929040735875 0.3500738552437223 0.5413929040735875 0.3951255539143279 0.6268068331143234 0.3951255539143279
3 0.6622864651773983 0.4069423929098966 0.5755584756898818 0.4069423929098966 0.5755584756898818 0.45125553914327915 0.6622864651773983 0.45125553914327915
3 0.8278580814717477 0.4948301329394387 0.7398160315374507 0.4948301329394387 0.7398160315374507 0.5391432791728212 0.8278580814717477 0.5391432791728212
4 0.3245729303547964 0.361890694239291 0.20630749014454672 0.361890694239291 0.20630749014454672 0.4261447562776957 0.3245729303547964 0.4261447562776957
5 0.7910643889618922 0.23707533234859685 0.6767411300919842 0.23707533234859685 0.6767411300919842 0.2968980797636633 0.7910643889618922 0.2968980797636633
9 0.926412614980289 0.3345642540620385 0.8541392904073587 0.3345642540620385 0.8541392904073587 0.3759231905465289 0.926412614980289 0.3759231905465289
3 0.9014454664914586 0.6063515509601182 0.812089356110381 0.6063515509601182 0.812089356110381 0.6514032496307238 0.9014454664914586 0.6514032496307238
4 0.4362680683311434 0.5295420974889217 0.3166885676741132 0.5295420974889217 0.3166885676741132 0.5952732644017725 0.4362680683311434 0.5952732644017725
7 0.9342969776609724 0.5192023633677991 0.8554533508541393 0.5192023633677991 0.8554533508541393 0.5775480059084195 0.9342969776609724 0.5775480059084195
8 0.2339027595269384 0.5901033973412112 0.14586070959264139 0.5901033973412112 0.14586070959264139 0.6366322008862629 0.2339027595269384 0.6366322008862629
11 0.8107752956636005 0.42909896602658787 0.6911957950065704 0.42909896602658787 0.6911957950065704 0.4918759231905465 0.8107752956636005 0.4918759231905465
7 0.8291721419185283 0.291728212703102 0.709592641261498 0.291728212703102 0.709592641261498 0.35598227474150673 0.8291721419185283 0.35598227474150673
5 0.9014454664914586 0.40251107828655835 0.7805519053876478 0.40251107828655835 0.7805519053876478 0.4689807976366322 0.9014454664914586 0.4689807976366322
3 0.5519053876478318 0.23929098966026588 0.46254927726675427 0.23929098966026588 0.46254927726675427 0.2843426883308715 0.5519053876478318 0.2843426883308715
2 0.4415243101182656 0.4017725258493353 0.349540078843627 0.4017725258493353 0.349540078843627 0.4505169867060561 0.4415243101182656 0.4505169867060561
2 0.5558475689881736 0.5672082717872969 0.46254927726675443 0.5672082717872969 0.46254927726675443 0.6174298375184638 0.5558475689881736 0.6174298375184638
10 0.14060446780551913 0.413589364844904 0.022339027595269477 0.413589364844904 0.02233902759526948 0.4756277695716396 0.14060446780551916 0.4756277695716396
10 0.528252299605782 0.5066469719350074 0.41524310118265456 0.5066469719350074 0.41524310118265456 0.5664697193500738 0.528252299605782 0.5664697193500738
2 0.3298291721419186 0.23190546528803546 0.24047306176084107 0.23190546528803546 0.24047306176084107 0.2791728212703102 0.3298291721419186 0.2791728212703102
6 0.39816031537450736 0.4756277695716396 0.27989487516425765 0.4756277695716396 0.27989487516425765 0.5398818316100443 0.39816031537450736 0.5398818316100443
12 0.21813403416557176 0.5243722304283605 0.0880420499342971 0.5243722304283605 0.0880420499342971 0.5923190546528804 0.21813403416557176 0.5923190546528804
2 0.4007884362680685 0.344903988183161 0.3166885676741131 0.344903988183161 0.3166885676741131 0.3914327917282127 0.4007884362680685 0.3914327917282127
13 0.900131406044678 0.2688330871491877 0.7950065703022339 0.2688330871491877 0.7950065703022339 0.33604135893648457 0.900131406044678 0.33604135893648457
6 0.17477003942181352 0.4704579025110783 0.061760840998686034 0.4704579025110783 0.06176084099868604 0.5317577548005908 0.17477003942181354 0.5317577548005908
8 0.28777923784494097 0.5096011816838996 0.20630749014454672 0.5096011816838996 0.20630749014454677 0.5539143279172821 0.287779237844941 0.5539143279172821
0 0.10249671484888312 0.35745937961595275 7.788818012973969e-17 0.35745937961595275 8.488846078189603e-17 0.4217134416543575 0.10249671484888312 0.4217134416543575
2 0.5886990801576873 0.6233382570162481 0.4980289093298293 0.6233382570162481 0.4980289093298293 0.672082717872969 0.5886990801576873 0.672082717872969
0 0.363994743758213 0.7481536189069424 0.24441524310118282 0.7481536189069424 0.24441524310118282 0.8131462333825702 0.363994743758213 0.8131462333825702