3 0.859395532194481 0.45420974889217136 0.7792378449408672 0.45420974889217136 0.7792378449408672 0.4977843426883309 0.859395532194481 0.4977843426883309
9 0.6438896189224704 0.15214180206794686 0.5611038107752957 0.15214180206794686 0.5611038107752957 0.19645494830132942 0.6438896189224704 0.19645494830132948
3 0.5611038107752958 0.37961595273264404 0.478318002628121 0.37961595273264404 0.478318002628121 0.4239290989660266 0.5611038107752958 0.4239290989660266
3 0.40867279894875164 0.28064992614475626 0.3245729303547964 0.28064992614475626 0.3245729303547964 0.32644017725258495 0.40867279894875164 0.32644017725258495
4 0.6438896189224705 0.5745937961595273 0.5308804204993431 0.5745937961595273 0.5308804204993431 0.6351550960118169 0.6438896189224705 0.6351550960118169
4 0.34691195795006585 0.5 0.22996057818659665 0.5 0.2299605781865967 0.5612998522895125 0.34691195795006585 0.5612998522895125
3 0.20893561103810782 0.23190546528803546 0.12614980289093303 0.23190546528803546 0.12614980289093303 0.2776957163958641 0.20893561103810782 0.2776957163958641
9 0.6977660972404731 0.22821270310192032 0.6162943495400789 0.22821270310192032 0.6162943495400789 0.2725258493353029 0.6977660972404731 0.2725258493353029
5 0.8607095926412615 0.3220088626292468 0.7529566360052562 0.3220088626292468 0.7529566360052562 0.3803545051698671 0.8607095926412615 0.3803545051698671
7 0.36136662286465177 0.19940915805022155 0.25229960578186605 0.19940915805022155 0.25229960578186605 0.259231905465288 0.36136662286465177 0.259231905465288
1 0.3127463863337714 0.12112259970457905 0.20105124835742444 0.12112259970457903 0.20105124835742447 0.1824224519940916 0.31274638633377144 0.18242245199409163
8 0.23784494086728006 0.6100443131462334 0.14980289093298307 0.6100443131462334 0.14980289093298307 0.6558345642540621 0.23784494086728006 0.6558345642540621
11 0.5177398160315375 0.2961595273264402 0.40867279894875164 0.2961595273264402 0.4086727989487517 0.3567208271787297 0.5177398160315376 0.3567208271787297
7 0.7674113009198423 0.2932053175775481 0.6557161629434954 0.2932053175775481 0.6557161629434954 0.35450516986706065 0.7674113009198423 0.35450516986706065
5 0.5663600525624178 0.2481536189069424 0.45466491458607095 0.2481536189069424 0.45466491458607095 0.3087149187592319 0.5663600525624178 0.3087149187592319
3 0.6215505913272013 0.4549483013293944 0.5335085413929043 0.4549483013293944 0.5335085413929043 0.5022156573116692 0.6215505913272013 0.5022156573116692
2 0.871222076215506 0.5812407680945347 0.7897503285151117 0.5812407680945347 0.7897503285151117 0.6262924667651403 0.871222076215506 0.6262924667651403
6 0.44283837056504616 0.5251107828655834 0.3311432325886992 0.5251107828655834 0.3311432325886992 0.585672082717873 0.44283837056504616 0.585672082717873
10 0.3863337713534824 0.4505169867060561 0.2772667542706965 0.4505169867060561 0.2772667542706965 0.5088626292466765 0.3863337713534824 0.5088626292466765
2 0.053876478318002796 0.741506646971935 0.024967148488830644 0.741506646971935 0.02496714848883065 0.7562776957163959 0.053876478318002796 0.7562776957163959
6 0.4507227332457295 0.6528803545051699 0.33902759526938253 0.6528803545051699 0.33902759526938253 0.7127031019202363 0.4507227332457295 0.7127031019202363
2 0.2733245729303549 0.43131462333825704 0.18922470433639954 0.43131462333825704 0.18922470433639954 0.4778434268833087 0.2733245729303549 0.4778434268833087
10 0.5532194480946125 0.6765140324963073 0.43889618922470447 0.6765140324963073 0.43889618922470447 0.7355982274741507 0.5532194480946125 0.7355982274741507
12 0.36005256241787137 0.620384047267356 0.23258869908015783 0.620384047267356 0.23258869908015783 0.6883308714918759 0.36005256241787137 0.6883308714918759
2 0.6741130091984231 0.5302806499261448 0.590013140604468 0.5302806499261448 0.590013140604468 0.5753323485967504 0.6741130091984231 0.5753323485967504
11 0.9540078843626807 0.21861152141802076 0.8501971090670171 0.21861152141802076 0.8501971090670171 0.274741506646972 0.9540078843626807 0.274741506646972
8 0.38370565045992133 0.585672082717873 0.3035479632063076 0.585672082717873 0.3035479632063076 0.6262924667651403 0.38370565045992133 0.6262924667651403
0 0.6491458607095928 0.7008862629246676 0.5335085413929043 0.7008862629246676 0.5335085413929043 0.7592319054652881 0.6491458607095928 0.7592319054652881
2 0.17608409986859402 0.4076809453471196 0.08804204993429705 0.4076809453471196 0.08804204993429707 0.4527326440177253 0.17608409986859402 0.4527326440177253
13 0.8212877792378449 0.240029542097489 0.6925098554533509 0.240029542097489 0.6925098554533509 0.3057607090103398 0.8212877792378449 0.3057607090103398