3 0.8685939553219448 0.3744460856720828 0.8068331143232589 0.3744460856720828 0.8068331143232589 0.4098966026587888 0.8685939553219448 0.4098966026587888
4 0.7634691195795007 0.534711964549483 0.6859395532194481 0.534711964549483 0.6859395532194481 0.5819793205317577 0.7634691195795007 0.5819793205317577
3 0.3048620236530881 0.3212703101920236 0.2509855453350855 0.3212703101920236 0.2509855453350855 0.3581979320531758 0.3048620236530881 0.3581979320531758
3 0.0814717477003943 0.3212703101920236 0.027595269382391655 0.3212703101920236 0.02759526938239166 0.3581979320531758 0.0814717477003943 0.3581979320531758
9 0.4152431011826544 0.154357459379616 0.36268068331143233 0.154357459379616 0.36268068331143233 0.18906942392909898 0.4152431011826544 0.18906942392909898
5 0.7582128777923784 0.2607090103397342 0.6872536136662286 0.2607090103397342 0.6872536136662286 0.3079763663220089 0.7582128777923784 0.3079763663220089
3 0.6399474375821289 0.4327917282127031 0.5860709592641263 0.4327917282127031 0.5860709592641263 0.4689807976366322 0.6399474375821289 0.4689807976366322
7 0.20105124835742452 0.26070901033973415 0.13009198423127472 0.26070901033973415 0.13009198423127472 0.30945347119645494 0.20105124835742452 0.30945347119645494
4 0.4283837056504601 0.5361890694239291 0.349540078843627 0.5361890694239291 0.349540078843627 0.5834564254062038 0.4283837056504601 0.5834564254062038
1 0.08935611038107756 0.2038404726735598 0.01576872536136667 0.2038404726735598 0.015768725361366673 0.25036927621861155 0.08935611038107756 0.25036927621861155
9 0.5282522996057819 0.20974889217134415 0.4756898817345598 0.20974889217134415 0.4756898817345598 0.24519940915805022 0.5282522996057819 0.24519940915805022
8 0.4165571616294351 0.6528803545051699 0.363994743758213 0.6528803545051699 0.363994743758213 0.6883308714918759 0.4165571616294351 0.6883308714918759
11 0.42444152431011833 0.31314623338257014 0.35348226018396844 0.31314623338257014 0.35348226018396856 0.36115214180206795 0.4244415243101184 0.36115214180206795
5 0.4244415243101183 0.2621861152141802 0.35216819973718794 0.2621861152141802 0.35216819973718794 0.30945347119645494 0.4244415243101183 0.30945347119645494
3 0.5321944809461236 0.43131462333825704 0.4730617608409988 0.43131462333825704 0.4730617608409988 0.4704579025110783 0.5321944809461236 0.4704579025110783
7 0.6491458607095927 0.25849335302806503 0.5755584756898817 0.258493353028065 0.5755584756898817 0.3072378138847859 0.6491458607095927 0.3072378138847859
2 0.9776609724047306 0.48522895125553916 0.9185282522996058 0.48522895125553916 0.9185282522996058 0.5221565731166913 0.9776609724047306 0.5221565731166913
6 0.5374507227332459 0.5369276218611522 0.4651773981603155 0.5369276218611522 0.4651773981603155 0.5841949778434269 0.5374507227332459 0.5841949778434269
2 0.3035479632063076 0.4859675036927622 0.2509855453350855 0.4859675036927622 0.25098554533508555 0.5236336779911374 0.3035479632063076 0.5236336779911374
10 0.4244415243101184 0.4807976366322009 0.35216819973718805 0.4807976366322009 0.35216819973718805 0.5273264401772526 0.4244415243101184 0.5273264401772526
10 0.7608409986859397 0.6454948301329394 0.6872536136662286 0.6454948301329394 0.6872536136662288 0.6942392909896603 0.7608409986859399 0.6942392909896603
12 0.5387647831800264 0.6447562776957164 0.45729303547963224 0.6447562776957164 0.45729303547963224 0.6979320531757754 0.5387647831800264 0.6979320531757754
6 0.6478318002628123 0.6462333825701625 0.5742444152431013 0.6462333825701625 0.5742444152431013 0.6942392909896603 0.6478318002628123 0.6942392909896603
1 0.985545335085414 0.14771048744460863 0.9080157687253614 0.1477104874446086 0.9080157687253614 0.19423929098966036 0.985545335085414 0.19423929098966036
11 0.7621550591327201 0.14697193500738556 0.683311432325887 0.14697193500738556 0.683311432325887 0.19571639586410644 0.7621550591327201 0.19571639586410644
13 0.6517739816031537 0.20162481536189072 0.5676741130091985 0.2016248153618907 0.5676741130091985 0.25258493353028066 0.6517739816031537 0.2525849335302807
2 0.7542706964520368 0.4859675036927622 0.6938239159001314 0.4859675036927622 0.6938239159001314 0.5214180206794683 0.7542706964520368 0.5214180206794683
2 0.19842312746386345 0.4874446085672083 0.13534822601839697 0.4874446085672083 0.13534822601839697 0.5206794682422452 0.19842312746386348 0.5206794682422452
8 0.5361366622864653 0.5989660265878878 0.47043363994743775 0.5989660265878878 0.47043363994743775 0.6292466765140325 0.5361366622864653 0.6292466765140325
0 0.8725361366622865 0.5923190546528804 0.7950065703022339 0.5923190546528804 0.7950065703022339 0.6373707533234859 0.8725361366622865 0.6373707533234859
0 0.08804204993429712 0.6484490398818316 0.014454664914586211 0.6484490398818316 0.014454664914586217 0.6905465288035451 0.08804204993429712 0.6905465288035451