3 0.8620236530880421 0.37666174298375193 0.80946123521682 0.37666174298375193 0.80946123521682 0.41063515509601184 0.8620236530880421 0.41063515509601184
9 0.4152431011826544 0.154357459379616 0.36268068331143233 0.154357459379616 0.36268068331143233 0.18980797636632202 0.4152431011826544 0.18980797636632202
3 0.5256241787122209 0.37518463810930575 0.4743758212877794 0.37518463810930575 0.4743758212877794 0.41063515509601184 0.5256241787122209 0.41063515509601184
3 0.3048620236530881 0.3212703101920236 0.2509855453350855 0.3212703101920236 0.2509855453350855 0.3581979320531758 0.3048620236530881 0.3581979320531758
4 0.7621550591327201 0.5369276218611522 0.6872536136662286 0.5369276218611522 0.6872536136662286 0.5841949778434269 0.7621550591327201 0.5841949778434269
4 0.4283837056504601 0.5361890694239291 0.349540078843627 0.5361890694239291 0.349540078843627 0.5834564254062038 0.4283837056504601 0.5834564254062038
3 0.0814717477003943 0.3212703101920236 0.027595269382391655 0.3212703101920236 0.02759526938239166 0.3581979320531758 0.0814717477003943 0.3581979320531758
5 0.759526938239159 0.25775480059084205 0.6885676741130092 0.25775480059084205 0.6885676741130092 0.30502215657311676 0.759526938239159 0.30502215657311676
7 0.20105124835742452 0.25997045790251105 0.13009198423127472 0.25997045790251105 0.13009198423127472 0.30797636632200887 0.20105124835742452 0.30797636632200887
1 0.08935611038107756 0.2038404726735598 0.01576872536136667 0.2038404726735598 0.015768725361366673 0.25036927621861155 0.08935611038107756 0.25036927621861155
9 0.5282522996057819 0.20974889217134415 0.4756898817345598 0.20974889217134415 0.4756898817345598 0.24519940915805022 0.5282522996057819 0.24519940915805022
8 0.4165571616294351 0.6528803545051699 0.363994743758213 0.6528803545051699 0.363994743758213 0.6883308714918759 0.4165571616294351 0.6883308714918759
11 0.4257555847568989 0.31388478581979323 0.354796320630749 0.31388478581979323 0.35479632063074906 0.361890694239291 0.42575558475689895 0.361890694239291
7 0.6491458607095927 0.25849335302806503 0.5755584756898817 0.258493353028065 0.5755584756898817 0.3072378138847859 0.6491458607095927 0.3072378138847859
5 0.4244415243101183 0.2614475627769572 0.35216819973718794 0.2614475627769572 0.35216819973718794 0.30945347119645494 0.4244415243101183 0.30945347119645494
2 0.9750328515111695 0.4859675036927622 0.9185282522996058 0.4859675036927622 0.9185282522996058 0.5228951255539144 0.9750328515111695 0.5228951255539144
3 0.6412614980289095 0.4298375184638109 0.5821287779237846 0.4298375184638109 0.5821287779237846 0.4704579025110783 0.6412614980289095 0.4704579025110783
6 0.5387647831800264 0.5369276218611522 0.463863337713535 0.5369276218611522 0.463863337713535 0.5841949778434269 0.5387647831800264 0.5841949778434269
10 0.42575558475689895 0.4807976366322009 0.3534822601839686 0.4807976366322009 0.3534822601839686 0.5273264401772526 0.42575558475689895 0.5273264401772526
6 0.6491458607095928 0.6477104874446086 0.5755584756898818 0.6477104874446086 0.5755584756898818 0.6957163958641064 0.6491458607095928 0.6957163958641064
12 0.540078843626807 0.6447562776957164 0.45729303547963224 0.6447562776957164 0.45729303547963224 0.6979320531757754 0.540078843626807 0.6979320531757754
10 0.7608409986859397 0.6454948301329394 0.6872536136662286 0.6454948301329394 0.6872536136662288 0.6942392909896603 0.7608409986859399 0.6942392909896603
2 0.3061760840998687 0.48522895125553916 0.2536136662286466 0.48522895125553916 0.2536136662286466 0.5228951255539144 0.30617608409986874 0.5228951255539144
1 0.9842312746386334 0.14771048744460863 0.9080157687253614 0.1477104874446086 0.9080157687253614 0.1935007385524373 0.9842312746386334 0.1935007385524373
13 0.6596583442838371 0.2023633677991138 0.5624178712220762 0.20236336779911374 0.5624178712220762 0.25332348596750376 0.6596583442838371 0.25332348596750376
11 0.7660972404730617 0.15140324963072382 0.6872536136662286 0.15140324963072382 0.6872536136662286 0.1986706056129986 0.7660972404730617 0.1986706056129986
8 0.5321944809461236 0.5989660265878878 0.4730617608409988 0.5989660265878878 0.4730617608409988 0.6322008862629247 0.5321944809461236 0.6322008862629247
2 0.7582128777923784 0.4881831610044313 0.695137976346912 0.4881831610044313 0.695137976346912 0.5214180206794683 0.7582128777923784 0.5214180206794683
0 0.8738501971090672 0.6477104874446086 0.7923784494086727 0.6477104874446086 0.792378449408673 0.689807976366322 0.8738501971090673 0.689807976366322
2 0.1918528252299607 0.4874446085672083 0.13797634691195806 0.4874446085672083 0.13797634691195806 0.5199409158050221 0.19185282522996072 0.5199409158050221
0 0.08804204993429712 0.6447562776957164 0.011826544021025107 0.6447562776957164 0.011826544021025112 0.6935007385524372 0.08804204993429712 0.6935007385524372