3 0.8620236530880421 0.377400295420975 0.80946123521682 0.377400295420975 0.80946123521682 0.4121122599704579 0.8620236530880421 0.4121122599704579
9 0.4152431011826544 0.154357459379616 0.36268068331143233 0.154357459379616 0.36268068331143233 0.18980797636632202 0.4152431011826544 0.18980797636632202
3 0.5269382391590015 0.37518463810930575 0.47568988173455995 0.37518463810930575 0.47568988173455995 0.41063515509601184 0.5269382391590015 0.41063515509601184
3 0.6399474375821289 0.43353028064992616 0.5860709592641263 0.43353028064992616 0.5860709592641263 0.4689807976366322 0.6399474375821289 0.4689807976366322
5 0.759526938239159 0.2607090103397342 0.6885676741130092 0.2607090103397342 0.6885676741130092 0.3072378138847859 0.759526938239159 0.3072378138847859
3 0.3048620236530881 0.3212703101920236 0.2509855453350855 0.3212703101920236 0.2509855453350855 0.35745937961595275 0.3048620236530881 0.35745937961595275
9 0.5282522996057819 0.21122599704579026 0.4756898817345598 0.21122599704579026 0.4756898817345598 0.24593796159527326 0.5282522996057819 0.24593796159527326
3 0.0814717477003943 0.3212703101920236 0.027595269382391655 0.3212703101920236 0.02759526938239166 0.3581979320531758 0.0814717477003943 0.3581979320531758
4 0.7647831800262812 0.5369276218611522 0.6859395532194481 0.5369276218611522 0.6859395532194481 0.5834564254062038 0.7647831800262812 0.5834564254062038
7 0.20367936925098562 0.258493353028065 0.12220762155059141 0.258493353028065 0.12220762155059141 0.3064992614475628 0.20367936925098562 0.3064992614475628
1 0.09198423127463867 0.2038404726735598 0.013140604467805565 0.2038404726735598 0.01314060446780557 0.2518463810930576 0.09198423127463867 0.2518463810930576
4 0.4218134034165573 0.5361890694239291 0.349540078843627 0.5361890694239291 0.349540078843627 0.5834564254062038 0.4218134034165573 0.5834564254062038
11 0.4257555847568989 0.31462333825701627 0.3495400788436268 0.31462333825701627 0.34954007884362687 0.362629246676514 0.42575558475689895 0.362629246676514
7 0.6530880420499343 0.257754800590842 0.5729303547963206 0.25775480059084194 0.5729303547963206 0.30576070901033975 0.6530880420499343 0.3057607090103398
5 0.42706964520367935 0.259231905465288 0.35348226018396844 0.259231905465288 0.35348226018396844 0.3064992614475628 0.42706964520367935 0.3064992614475628
2 0.9789750328515112 0.4881831610044313 0.9198423127463863 0.4881831610044313 0.9198423127463863 0.5251107828655834 0.9789750328515112 0.5251107828655834
10 0.4231274638633379 0.4807976366322009 0.3508541392904075 0.4807976366322009 0.3508541392904075 0.5273264401772526 0.4231274638633379 0.5273264401772526
2 0.3455978975032853 0.8020679468242246 0.3311432325886992 0.8020679468242246 0.3311432325886992 0.8138847858197932 0.3455978975032853 0.8138847858197932
6 0.5374507227332459 0.5376661742983752 0.4651773981603155 0.5376661742983752 0.4651773981603155 0.5841949778434269 0.5374507227332459 0.5841949778434269
8 0.4165571616294351 0.6528803545051699 0.35742444152431024 0.6528803545051699 0.35742444152431024 0.6868537666174298 0.4165571616294351 0.6868537666174298
11 0.7621550591327201 0.1491875923190547 0.6846254927726675 0.1491875923190547 0.6846254927726675 0.19645494830132948 0.7621550591327201 0.19645494830132948
1 0.9894875164257556 0.14771048744460863 0.9040735873850198 0.1477104874446086 0.9040735873850198 0.19719350073855252 0.9894875164257556 0.19719350073855252
13 0.657030223390276 0.19867060561299857 0.5663600525624178 0.1986706056129985 0.5663600525624178 0.2518463810930576 0.657030223390276 0.2518463810930577
0 0.09067017082785823 0.6454948301329394 0.014454664914586211 0.6454948301329394 0.014454664914586217 0.6935007385524372 0.09067017082785823 0.6935007385524372
2 0.7568988173455979 0.4874446085672083 0.6938239159001314 0.4874446085672083 0.6938239159001314 0.5221565731166913 0.7568988173455979 0.5221565731166913
2 0.3035479632063076 0.4874446085672083 0.24704336399474383 0.4874446085672083 0.24704336399474386 0.5228951255539144 0.3035479632063076 0.5228951255539144
2 0.1971090670170829 0.48670605612998524 0.13797634691195806 0.48670605612998524 0.13797634691195806 0.5236336779911374 0.19710906701708295 0.5236336779911374
10 0.7660972404730619 0.6454948301329394 0.6859395532194481 0.6454948301329394 0.6859395532194482 0.6935007385524372 0.766097240473062 0.6935007385524372
8 0.5321944809461236 0.5982274741506647 0.47043363994743775 0.5982274741506647 0.47043363994743775 0.6307237813884786 0.5321944809461236 0.6307237813884786
0 0.8764783180026281 0.6070901033973413 0.7950065703022339 0.6070901033973413 0.7950065703022339 0.6536189069423929 0.8764783180026281 0.6536189069423929
6 0.6504599211563733 0.6462333825701625 0.5742444152431013 0.6462333825701625 0.5742444152431013 0.691285081240768 0.6504599211563733 0.691285081240768
12 0.5453350854139292 0.6447562776957164 0.4559789750328517 0.6447562776957164 0.4559789750328517 0.6971935007385525 0.5453350854139292 0.6971935007385525