3 0.9421813403416557 0.40841949778434267 0.8528252299605782 0.40841949778434267 0.8528252299605782 0.45790251107828656 0.9421813403416557 0.45790251107828656
9 0.8725361366622868 0.7444608567208272 0.7871222076215509 0.7444608567208272 0.7871222076215509 0.792466765140325 0.8725361366622868 0.792466765140325
3 0.6938239159001314 0.5376661742983752 0.6031537450722735 0.5376661742983752 0.6031537450722735 0.5886262924667651 0.6938239159001314 0.5886262924667651
3 0.5913272010512485 0.6669128508124077 0.5059132720105126 0.6669128508124077 0.5059132720105126 0.7149187592319055 0.5913272010512485 0.7149187592319055
4 0.6754270696452037 0.32422451994091583 0.5545335085413929 0.3242245199409158 0.5545335085413929 0.39217134416543575 0.6754270696452037 0.39217134416543575
4 0.4244415243101184 0.4534711964549483 0.3048620236530881 0.4534711964549483 0.3048620236530882 0.5206794682422452 0.4244415243101184 0.5206794682422452
3 0.4270696452036795 0.7540620384047267 0.34165571616294366 0.7540620384047267 0.34165571616294366 0.8020679468242246 0.4270696452036795 0.8020679468242246
5 1 0.5243722304283605 0.8883048620236531 0.5243722304283605 0.8883048620236531 0.5886262924667651 1 0.5886262924667651
7 0.5886990801576873 0.741506646971935 0.47174770039421826 0.741506646971935 0.47174770039421826 0.8072378138847858 0.5886990801576873 0.8072378138847858
9 0.8883048620236532 0.6595273264401772 0.8028909329829172 0.6595273264401772 0.8028909329829174 0.7082717872968981 0.8883048620236534 0.7082717872968981
1 0.578186596583443 0.8242245199409158 0.45203679369251 0.8242245199409158 0.45203679369251 0.8951255539143279 0.578186596583443 0.8951255539143279
8 0.2772667542706965 0.38183161004431315 0.187910643889619 0.38183161004431315 0.187910643889619 0.4320531757754801 0.2772667542706965 0.4320531757754801
11 0.6911957950065704 0.6152141802067946 0.5716162943495402 0.6152141802067946 0.5716162943495402 0.6816838995568686 0.6911957950065704 0.6816838995568686
7 0.9145860709592641 0.568685376661743 0.8002628120893561 0.568685376661743 0.8002628120893561 0.6336779911373708 0.9145860709592641 0.6336779911373708
5 0.7529566360052564 0.6573116691285081 0.6412614980289095 0.6573116691285081 0.6412614980289095 0.7193500738552437 0.7529566360052565 0.7193500738552437
3 0.709592641261498 0.45420974889217136 0.6176084099868595 0.45420974889217136 0.6176084099868595 0.5066469719350074 0.709592641261498 0.5066469719350074
2 0.8922470433639947 0.28581979320531764 0.8002628120893561 0.28581979320531764 0.8002628120893561 0.33751846381093065 0.8922470433639947 0.33751846381093065
6 0.5085413929040737 0.4098966026587888 0.3863337713534824 0.4098966026587888 0.3863337713534824 0.47858197932053176 0.5085413929040737 0.47858197932053176
10 0.49145860709592654 0.49556868537666177 0.3771353482260185 0.49556868537666177 0.3771353482260185 0.5598227474150664 0.49145860709592654 0.5598227474150664
6 0.45597897503285156 0.2880354505169867 0.33902759526938236 0.2880354505169867 0.3390275952693825 0.3537666174298375 0.4559789750328517 0.3537666174298375
12 0.3850197109067018 0.32865583456425407 0.25229960578186605 0.32865583456425407 0.25229960578186605 0.4032496307237814 0.38501971090670184 0.4032496307237814
10 0.5413929040735874 0.24446085672082718 0.4244415243101183 0.24446085672082718 0.4244415243101183 0.310192023633678 0.5413929040735874 0.310192023633678
2 0.39816031537450736 0.5435745937961596 0.3035479632063076 0.5435745937961596 0.3035479632063076 0.5967503692762186 0.39816031537450736 0.5967503692762186
2 0.7293035479632063 0.3722304283604137 0.6373193166885678 0.3722304283604137 0.6373193166885678 0.42319054652880356 0.7293035479632063 0.42319054652880356
0 0.6254927726675427 0.20162481536189072 0.507227332457293 0.2016248153618907 0.507227332457293 0.26883308714918763 0.6254927726675427 0.2688330871491877
2 0.3074901445466493 0.5893648449039882 0.22207621550591342 0.5893648449039882 0.22207621550591342 0.6373707533234859 0.3074901445466493 0.6373707533234859
13 0.9960578186596584 0.6048744460856721 0.8633377135348226 0.6048744460856721 0.8633377135348226 0.6809453471196455 0.9960578186596584 0.6809453471196455
8 0.43101182654402115 0.37961595273264404 0.33902759526938253 0.37961595273264404 0.33902759526938253 0.43131462333825704 0.43101182654402115 0.43131462333825704