3 0.19448094612352176 0.36336779911373707 0.10775295663600533 0.36336779911373707 0.10775295663600533 0.413589364844904 0.19448094612352176 0.413589364844904
4 0.5243101182654404 0.344903988183161 0.4113009198423129 0.344903988183161 0.4113009198423129 0.4091580502215657 0.5243101182654404 0.4091580502215657
3 0.3587385019710908 0.6735598227474151 0.27332457293035495 0.6735598227474151 0.27332457293035495 0.7208271787296898 0.3587385019710908 0.7208271787296898
3 0.45729303547963224 0.7880354505169868 0.3731931668856769 0.7880354505169868 0.3731931668856769 0.8345642540620384 0.45729303547963224 0.8345642540620384
5 0.08541392904073598 0.4623338257016248 1.0073967099425008e-16 0.4623338257016248 1.0733763666639746e-16 0.5228951255539144 0.08541392904073598 0.5228951255539144
3 0.38764783180026297 0.4564254062038405 0.302233902759527 0.4564254062038405 0.302233902759527 0.5029542097488922 0.38764783180026297 0.5029542097488922
7 0.3350854139290409 0.7466765140324964 0.22339027595269398 0.7466765140324964 0.22339027595269398 0.8079763663220089 0.3350854139290409 0.8079763663220089
4 0.6767411300919842 0.516248153618907 0.5597897503285153 0.516248153618907 0.5597897503285153 0.5812407680945347 0.6767411300919842 0.5812407680945347
1 0.2930354796320633 0.8286558345642541 0.20499342969776624 0.8286558345642541 0.2049934296977663 0.8840472673559823 0.2930354796320633 0.8840472673559823
9 0.0801576872536138 0.6070901033973413 0.010512483574244546 0.6070901033973413 0.01051248357424455 0.6484490398818316 0.08015768725361382 0.6484490398818316
8 0.8370565045992115 0.47858197932053176 0.7529566360052562 0.47858197932053176 0.7529566360052562 0.5243722304283605 0.8370565045992115 0.5243722304283605
11 0.31931668856767426 0.6100443131462334 0.2063074901445468 0.6100443131462334 0.2063074901445468 0.672821270310192 0.31931668856767426 0.672821270310192
5 0.23784494086728006 0.6322008862629247 0.12614980289093314 0.6322008862629247 0.12614980289093314 0.6942392909896603 0.23784494086728006 0.6942392909896603
3 0.44021024967148503 0.5110782865583456 0.349540078843627 0.5110782865583456 0.349540078843627 0.5612998522895125 0.44021024967148503 0.5612998522895125
7 0.13534822601839697 0.518463810930576 0.01971090670170839 0.518463810930576 0.019710906701708397 0.5812407680945347 0.13534822601839697 0.5812407680945347
2 0.3245729303547964 0.26070901033973415 0.23784494086727997 0.26070901033973415 0.23784494086727997 0.310192023633678 0.3245729303547964 0.310192023633678
6 0.6254927726675429 0.4601181683899557 0.513797634691196 0.4601181683899557 0.513797634691196 0.5221565731166913 0.6254927726675429 0.5221565731166913
2 0.6228646517739818 0.6056129985228951 0.5374507227332459 0.6056129985228951 0.5374507227332459 0.6521418020679468 0.6228646517739818 0.6521418020679468
10 0.5847568988173457 0.5413589364844904 0.47568988173455995 0.5413589364844904 0.47568988173455995 0.6026587887740029 0.5847568988173457 0.6026587887740029
10 0.7017082785808147 0.29985228951255544 0.5886990801576872 0.2998522895125554 0.5886990801576873 0.3626292466765141 0.7017082785808147 0.36262924667651414
12 0.8107752956636005 0.41063515509601184 0.6846254927726675 0.41063515509601184 0.6846254927726675 0.4807976366322009 0.8107752956636005 0.4807976366322009
6 0.7542706964520368 0.3574593796159528 0.6399474375821289 0.3574593796159528 0.6399474375821289 0.4202363367799114 0.7542706964520368 0.4202363367799114
13 0.049934296977661094 0.5406203840472673 1.1779782614663108e-16 0.5406203840472673 1.2439579181877845e-16 0.6011816838995568 0.0499342969776611 0.6011816838995568
2 0.4231274638633379 0.3759231905465288 0.33771353482260197 0.3759231905465288 0.33771353482260197 0.42466765140324964 0.4231274638633379 0.42466765140324964
2 0.6701708278580816 0.6602658788774003 0.5860709592641263 0.6602658788774003 0.5860709592641263 0.7104874446085672 0.6701708278580816 0.7104874446085672
8 0.695137976346912 0.4431314623338257 0.6136662286465179 0.4431314623338257 0.6136662286465179 0.4918759231905465 0.695137976346912 0.4918759231905465
0 0.5637319316688568 0.2658788774002954 0.4533508541392904 0.2658788774002954 0.4533508541392904 0.3293943870014771 0.5637319316688568 0.3293943870014771
0 0.9671484888304863 0.6462333825701625 0.8909329829172142 0.6462333825701625 0.8909329829172143 0.7045790251107829 0.9671484888304865 0.7045790251107829