3 0.8107752956636006 0.6809453471196455 0.7240473061760841 0.6809453471196455 0.7240473061760843 0.7289512555391433 0.8107752956636008 0.7289512555391433
9 0.23258869908015783 0.7311669128508124 0.1484888304862025 0.7311669128508124 0.14848883048620254 0.7791728212703102 0.23258869908015783 0.7791728212703102
3 0.5151116951379765 0.5775480059084195 0.4231274638633379 0.5775480059084195 0.4231274638633379 0.6299852289512555 0.5151116951379765 0.6299852289512555
3 0.2693823915900133 0.5561299852289513 0.18265440210249687 0.5561299852289513 0.18265440210249687 0.6048744460856721 0.2693823915900133 0.6048744460856721
4 0.8620236530880421 0.4963072378138848 0.7385019710906702 0.4963072378138848 0.7385019710906702 0.5635155096011817 0.8620236530880421 0.5635155096011817
4 0.5611038107752958 0.3951255539143279 0.4415243101182656 0.3951255539143279 0.4415243101182656 0.46159527326440175 0.5611038107752958 0.46159527326440175
5 0.6360052562417873 0.7319054652880355 0.5216819973718793 0.7319054652880355 0.5216819973718793 0.7961595273264401 0.6360052562417873 0.7961595273264401
7 0.1379763469119581 0.5612998522895125 0.059132720105124964 0.5612998522895125 0.059132720105124964 0.6262924667651403 0.1379763469119581 0.6262924667651403
9 0.3784494086727991 0.7178729689807977 0.2930354796320632 0.7178729689807977 0.2930354796320632 0.7658788774002954 0.3784494086727991 0.7658788774002954
8 0.633377135348226 0.309453471196455 0.5440210249671484 0.30945347119645494 0.5440210249671485 0.35893648449039883 0.6333771353482262 0.3589364844903989
11 0.38239159001314077 0.5834564254062038 0.2654402102496716 0.5834564254062038 0.2654402102496716 0.6484490398818316 0.38239159001314077 0.6484490398818316
7 0.542706964520368 0.6949778434268833 0.42049934296977676 0.6949778434268833 0.42049934296977676 0.7629246676514032 0.542706964520368 0.7629246676514032
5 0.33639947437582146 0.6292466765140325 0.2247043363994745 0.6292466765140325 0.2247043363994745 0.6920236336779911 0.33639947437582146 0.6920236336779911
3 0.6596583442838372 0.5627769571639586 0.5676741130091986 0.5627769571639586 0.5676741130091986 0.6152141802067946 0.6596583442838372 0.6152141802067946
2 1 0.619645494830133 0.9145860709592641 0.619645494830133 0.9145860709592641 0.6683899556868538 1 0.6683899556868538
6 0.6596583442838372 0.42836041358936483 0.542706964520368 0.42836041358936483 0.542706964520368 0.49409158050221563 0.6596583442838372 0.49409158050221563
10 0.5177398160315376 0.4423929098966027 0.39684625492772685 0.4423929098966027 0.39684625492772685 0.5088626292466765 0.5177398160315376 0.5088626292466765
6 0.8475689881734559 0.37001477104874453 0.7345597897503285 0.37001477104874453 0.7345597897503285 0.43353028064992616 0.8475689881734559 0.43353028064992616
2 0.40210249671484904 0.4158050221565731 0.3114323258869909 0.4158050221565731 0.3114323258869909 0.4675036927621861 0.40210249671484904 0.4675036927621861
12 0.7555847568988173 0.33161004431314633 0.6254927726675427 0.33161004431314633 0.6254927726675428 0.40472673559822747 0.7555847568988173 0.40472673559822747
10 0.9448094612352168 0.4054652880354505 0.8291721419185283 0.4054652880354505 0.8291721419185283 0.4689807976366322 0.9448094612352168 0.4689807976366322
1 0.7477003942181343 0.8936484490398818 0.6333771353482262 0.8936484490398818 0.6333771353482262 0.9564254062038404 0.7477003942181343 0.9564254062038404
2 0.8055190538764783 0.553175775480059 0.7148488830486203 0.553175775480059 0.7148488830486203 0.603397341211226 0.8055190538764783 0.603397341211226
11 0.5519053876478319 0.8249630723781388 0.4323258869908017 0.8249630723781388 0.4323258869908017 0.8892171344165436 0.5519053876478319 0.8892171344165436
8 0.6885676741130092 0.39217134416543575 0.6005256241787124 0.39217134416543575 0.6005256241787124 0.4401772525849335 0.6885676741130092 0.4401772525849335
0 1 0.43870014771048743 0.9290407358738502 0.43870014771048743 0.9290407358738502 0.5014771048744461 1 0.5014771048744461
2 0.3048620236530881 0.38183161004431315 0.21550591327201057 0.38183161004431315 0.21550591327201057 0.43131462333825704 0.3048620236530881 0.43131462333825704
0 0.3442838370565046 0.20236336779911374 0.226018396846255 0.20236336779911374 0.226018396846255 0.2673559822747415 0.3442838370565046 0.2673559822747415
13 0.5032851511169515 0.7392909896602659 0.36925098554533525 0.7392909896602659 0.36925098554533525 0.8131462333825702 0.5032851511169515 0.8131462333825702