3 0.32851511169513803 0.41063515509601184 0.24572930354796327 0.41063515509601184 0.24572930354796327 0.45790251107828656 0.32851511169513803 0.45790251107828656
9 0.354796320630749 0.15583456425406206 0.2759526938239159 0.15583456425406203 0.27595269382391596 0.2016248153618907 0.354796320630749 0.2016248153618907
3 0.4283837056504601 0.37961595273264404 0.3455978975032853 0.37961595273264404 0.3455978975032853 0.42688330871491875 0.4283837056504601 0.42688330871491875
3 0.5860709592641261 0.2717872968980798 0.507227332457293 0.2717872968980798 0.507227332457293 0.31831610044313147 0.5860709592641261 0.31831610044313147
4 0.37450722733245745 0.5775480059084195 0.26281208935611056 0.5775480059084195 0.26281208935611056 0.6410635155096012 0.37450722733245745 0.6410635155096012
4 0.6767411300919842 0.4859675036927622 0.5637319316688569 0.4859675036927622 0.5637319316688569 0.5502215657311669 0.6767411300919842 0.5502215657311669
5 0.16162943495400797 0.3345642540620384 0.04336399474375829 0.3345642540620384 0.043363994743758294 0.40029542097488924 0.16162943495400797 0.40029542097488924
3 0.7871222076215506 0.21122599704579034 0.7069645203679369 0.21122599704579034 0.7069645203679369 0.25775480059084205 0.7871222076215506 0.25775480059084205
7 0.6609724047306176 0.18316100443131467 0.5479632063074902 0.18316100443131467 0.5479632063074902 0.24667651403249635 0.6609724047306176 0.24667651403249638
9 0.2969776609724048 0.23559822747415066 0.2181340341655717 0.23559822747415066 0.2181340341655717 0.2813884785819793 0.2969776609724048 0.2813884785819793
8 0.7503285151116952 0.5915805022156573 0.6675427069645206 0.5915805022156573 0.6675427069645206 0.6388478581979321 0.7503285151116952 0.6388478581979321
3 0.1287779237844942 0.46971935007385524 0.04730617608409996 0.46971935007385524 0.04730617608409997 0.51698670605613 0.1287779237844942 0.51698670605613
1 0.7201051248357424 0.10487444608567212 0.6044678055190539 0.10487444608567212 0.6044678055190539 0.16912850812407684 0.7201051248357424 0.16912850812407684
11 0.5019710906701709 0.29246676514032494 0.38501971090670173 0.29246676514032494 0.3850197109067018 0.3552437223042836 0.501971090670171 0.3552437223042836
7 0.2614980289093299 0.30354505169867063 0.14586070959264133 0.30354505169867063 0.14586070959264133 0.36927621861152143 0.2614980289093299 0.36927621861152143
5 0.45729303547963207 0.24224519940915806 0.3416557161629435 0.24224519940915806 0.3416557161629435 0.3064992614475628 0.45729303547963207 0.3064992614475628
2 0.721419185282523 0.41654357459379615 0.6333771353482262 0.41654357459379615 0.6333771353482262 0.4667651403249631 0.721419185282523 0.4667651403249631
2 0.41787122207621563 0.5073855243722304 0.33771353482260197 0.5073855243722304 0.33771353482260197 0.5546528803545052 0.41787122207621563 0.5546528803545052
10 0.46123521681997387 0.6735598227474151 0.3508541392904075 0.6735598227474151 0.3508541392904075 0.7370753323485968 0.46123521681997387 0.7370753323485968
10 0.6320630749014456 0.4379615952732644 0.5190538764783181 0.4379615952732644 0.5190538764783181 0.5007385524372231 0.6320630749014456 0.5007385524372231
2 0.11432325886990814 0.5974889217134417 0.03285151116951393 0.5974889217134417 0.03285151116951393 0.6447562776957164 0.11432325886990817 0.6447562776957164
12 0.6688567674113011 0.6078286558345642 0.5440210249671487 0.6078286558345642 0.5440210249671487 0.6787296898079763 0.6688567674113011 0.6787296898079763
6 0.5795006570302236 0.516248153618907 0.46649145860709607 0.516248153618907 0.46649145860709607 0.5805022156573116 0.5795006570302236 0.5805022156573116
2 0.31931668856767426 0.5361890694239291 0.23258869908015783 0.5361890694239291 0.23258869908015783 0.5841949778434269 0.31931668856767426 0.5841949778434269
8 0.601839684625493 0.5745937961595273 0.5229960578186598 0.5745937961595273 0.5229960578186598 0.6181683899556869 0.601839684625493 0.6181683899556869
6 0.5584756898817347 0.6440177252584933 0.45203679369251 0.6440177252584933 0.45203679369251 0.7045790251107829 0.5584756898817347 0.7045790251107829
11 0.06964520367936931 0.23707533234859676 5.1657243433153797e-17 0.23707533234859676 5.841613509730476e-17 0.29911373707533234 0.06964520367936931 0.29911373707533234
0 0.363994743758213 0.7016248153618907 0.25098554533508555 0.7016248153618907 0.25098554533508555 0.7658788774002954 0.363994743758213 0.7658788774002954
2 0.8173455978975033 0.3870014771048744 0.7371879106438897 0.3870014771048744 0.7371879106438897 0.4320531757754801 0.8173455978975033 0.4320531757754801
13 0.2207621550591328 0.2518463810930576 0.09461235216819977 0.2518463810930576 0.0946123521681998 0.3205317577548006 0.2207621550591328 0.3205317577548006