3 0.8028909329829172 0.6322008862629247 0.7293035479632063 0.6322008862629247 0.7293035479632063 0.6765140324963073 0.8028909329829172 0.6765140324963073
9 0.2575558475689883 0.7732644017725259 0.18922470433639962 0.7732644017725259 0.18922470433639962 0.8161004431314623 0.2575558475689883 0.8161004431314623
3 0.48620236530880434 0.5775480059084195 0.40735873850197124 0.5775480059084195 0.40735873850197124 0.6225997045790251 0.48620236530880434 0.6225997045790251
3 0.2417871222076217 0.5930576070901034 0.1642575558475691 0.5930576070901034 0.16425755584756913 0.638109305760709 0.2417871222076217 0.638109305760709
4 0.7963206307490145 0.448301329394387 0.6964520367936925 0.448301329394387 0.6964520367936925 0.5066469719350074 0.7963206307490145 0.5066469719350074
4 0.47043363994743775 0.39364844903988183 0.37450722733245745 0.39364844903988183 0.37450722733245745 0.4527326440177253 0.47043363994743775 0.4527326440177253
3 0.03022339027595282 0.5568685376661743 1.2133819797071017e-16 0.5568685376661743 1.2624644072681979e-16 0.6019202363367799 0.030223390275952826 0.6019202363367799
9 0.3955321944809463 0.7370753323485968 0.325886990801577 0.7370753323485968 0.325886990801577 0.7799113737075333 0.3955321944809463 0.7799113737075333
5 0.6530880420499344 0.7112259970457903 0.554533508541393 0.7112259970457903 0.554533508541393 0.7688330871491876 0.6530880420499344 0.7688330871491876
7 0.11695137976346927 0.6225997045790251 0.015768725361366757 0.6225997045790251 0.015768725361366764 0.6824224519940916 0.11695137976346927 0.6824224519940916
8 0.519053876478318 0.29394387001477107 0.44415243101182655 0.29394387001477107 0.44415243101182655 0.3375184638109306 0.519053876478318 0.3375184638109306
11 0.36005256241787137 0.6048744460856721 0.26018396846254943 0.6048744460856721 0.26018396846254943 0.6646971935007385 0.36005256241787137 0.6646971935007385
7 0.5453350854139292 0.6920236336779911 0.43889618922470447 0.6920236336779911 0.43889618922470447 0.7533234859675036 0.5453350854139292 0.7533234859675036
5 0.3272010512483576 0.6602658788774003 0.2339027595269384 0.6602658788774003 0.2339027595269384 0.7149187592319055 0.3272010512483576 0.7149187592319055
3 0.6189224704336401 0.5406203840472673 0.542706964520368 0.5406203840472673 0.542706964520368 0.5864106351550961 0.6189224704336401 0.5864106351550961
2 0.9710906701708278 0.5413589364844904 0.8909329829172142 0.5413589364844904 0.8909329829172142 0.5878877400295421 0.9710906701708278 0.5878877400295421
6 0.5808147174770041 0.41063515509601184 0.48357424441524327 0.41063515509601184 0.48357424441524327 0.4689807976366322 0.5808147174770041 0.4689807976366322
10 0.4441524310118267 0.44756277695716395 0.3455978975032853 0.44756277695716395 0.3455978975032853 0.5051698670605613 0.4441524310118267 0.5051698670605613
6 0.7437582128777924 0.3220088626292468 0.6491458607095927 0.3220088626292468 0.6491458607095927 0.3803545051698671 0.7437582128777924 0.3803545051698671
2 0.32851511169513803 0.4364844903988183 0.24967148488830493 0.4364844903988183 0.24967148488830493 0.4815361890694239 0.32851511169513803 0.4815361890694239
10 0.8515111695137977 0.34194977843426894 0.7555847568988173 0.34194977843426894 0.7555847568988173 0.40029542097488924 0.8515111695137977 0.40029542097488924
12 0.6438896189224705 0.30206794682422455 0.533508541392904 0.3020679468242245 0.5335085413929042 0.36779911373707536 0.6438896189224705 0.3677991137370754
1 0.8068331143232592 0.8552437223042836 0.7056504599211567 0.8552437223042836 0.7056504599211567 0.912850812407681 0.8068331143232592 0.912850812407681
13 0.5256241787122209 0.7444608567208272 0.4113009198423129 0.7444608567208272 0.4113009198423129 0.8079763663220089 0.5256241787122209 0.8079763663220089
11 0.5992115637319319 0.8175775480059084 0.4967148488830488 0.8175775480059084 0.4967148488830488 0.8774002954209749 0.5992115637319319 0.8774002954209749
2 0.7568988173455979 0.5073855243722304 0.6754270696452037 0.5073855243722304 0.6754270696452037 0.552437223042836 0.7568988173455979 0.552437223042836
0 0.20630749014454672 0.23412112259970458 0.1103810775295664 0.23412112259970458 0.11038107752956641 0.2917282127031019 0.20630749014454672 0.2917282127031019
8 0.6005256241787124 0.36336779911373707 0.5243101182654404 0.36336779911373707 0.5243101182654404 0.4091580502215657 0.6005256241787124 0.4091580502215657
0 0.9592641261498029 0.361152141802068 0.8554533508541393 0.361152141802068 0.8554533508541393 0.4194977843426883 0.9592641261498029 0.4194977843426883
2 0.21550591327201057 0.41802067946824223 0.1471747700394219 0.41802067946824223 0.14717477003942192 0.4601181683899557 0.21550591327201057 0.4601181683899557