3 0.48751642575558474 0.2813884785819793 0.4099868593955322 0.2813884785819793 0.4099868593955322 0.32348596750369274 0.48751642575558474 0.32348596750369274
3 0.3902759526938241 0.4564254062038405 0.3114323258869909 0.4564254062038405 0.3114323258869909 0.4985228951255539 0.3902759526938241 0.4985228951255539
3 0.2365308804204995 0.5502215657311669 0.15374507227332468 0.5502215657311669 0.15374507227332468 0.5937961595273265 0.2365308804204995 0.5937961595273265
4 0.7542706964520368 0.39586410635155095 0.6478318002628123 0.39586410635155095 0.6478318002628123 0.4549483013293944 0.7542706964520368 0.4549483013293944
4 0.6570302233902761 0.568685376661743 0.5479632063074903 0.568685376661743 0.5479632063074903 0.6307237813884786 0.6570302233902761 0.6307237813884786
3 0.17214191852825245 0.6661742983751846 0.08935611038107769 0.6661742983751846 0.08935611038107769 0.7097488921713442 0.17214191852825245 0.7097488921713442
5 0.2772667542706965 0.28877400295420974 0.17345597897503293 0.28877400295420974 0.17345597897503293 0.345642540620384 0.2772667542706965 0.345642540620384
7 0.1208935611038109 0.5805022156573116 0.03810775295663613 0.5805022156573116 0.03810775295663614 0.6373707533234859 0.12089356110381093 0.6373707533234859
9 0.1090670170827859 0.39438700147710487 0.04599211563731941 0.39438700147710487 0.04599211563731941 0.43353028064992616 0.10906701708278592 0.43353028064992616
8 0.8318002628120894 0.6211225997045791 0.7516425755584757 0.6211225997045791 0.7516425755584757 0.6639586410635155 0.8318002628120894 0.6639586410635155
11 0.27989487516425765 0.48375184638109303 0.17082785808147183 0.48375184638109303 0.17082785808147186 0.5413589364844904 0.2798948751642577 0.5413589364844904
7 0.24967148488830493 0.34711964549483015 0.14060446780551913 0.34711964549483015 0.14060446780551913 0.4054652880354505 0.24967148488830493 0.4054652880354505
5 0.1892247043363996 0.46454948301329396 0.08015768725361376 0.46454948301329396 0.08015768725361377 0.5228951255539144 0.18922470433639962 0.5228951255539144
2 0.7122207621550591 0.26587887740029553 0.6294349540078844 0.26587887740029553 0.6294349540078844 0.31093057607090113 0.7122207621550591 0.31093057607090113
3 0.5256241787122209 0.4172821270310192 0.43495400788436284 0.4172821270310192 0.43495400788436284 0.465288035450517 0.5256241787122209 0.465288035450517
6 0.6911957950065704 0.5125553914327917 0.5821287779237846 0.5125553914327917 0.5821287779237846 0.5709010339734121 0.6911957950065704 0.5709010339734121
10 0.5597897503285153 0.5487444608567208 0.4546649145860711 0.5487444608567208 0.4546649145860711 0.6063515509601182 0.5597897503285153 0.6063515509601182
6 0.911957950065703 0.4977843426883309 0.8042049934296978 0.4977843426883309 0.8042049934296978 0.5568685376661743 0.911957950065703 0.5568685376661743
12 0.8843626806833115 0.5539143279172821 0.7647831800262812 0.5539143279172821 0.7647831800262812 0.6181683899556869 0.8843626806833115 0.6181683899556869
10 0.9421813403416557 0.43870014771048743 0.8331143232588699 0.43870014771048743 0.8331143232588699 0.4977843426883309 0.9421813403416557 0.4977843426883309
2 0.5177398160315376 0.6129985228951256 0.43495400788436284 0.6129985228951256 0.43495400788436284 0.6558345642540621 0.5177398160315376 0.6558345642540621
13 0.16162943495400797 0.3249630723781389 0.06833114323258878 0.3249630723781389 0.06833114323258878 0.3906942392909897 0.16162943495400797 0.3906942392909897
8 0.7687253613666228 0.5398818316100443 0.6911957950065704 0.5398818316100443 0.6911957950065704 0.5849335302806499 0.7687253613666228 0.5849335302806499
2 0.6465177398160317 0.37961595273264404 0.5676741130091986 0.37961595273264404 0.5676741130091986 0.4261447562776957 0.6465177398160317 0.4261447562776957
0 0.9671484888304862 0.3810930576070901 0.8672798948751642 0.3810930576070901 0.8672798948751642 0.44165435745937964 0.9671484888304862 0.44165435745937964
2 0.4796320630749016 0.672821270310192 0.4047306176084101 0.672821270310192 0.4047306176084101 0.7149187592319055 0.4796320630749016 0.7149187592319055
0 0.7450722733245733 0.7880354505169868 0.6346911957950068 0.7880354505169868 0.6346911957950068 0.8485967503692762 0.7450722733245733 0.8485967503692762