3 0.9684625492772667 0.5081240768094535 0.885676741130092 0.5081240768094535 0.885676741130092 0.5553914327917282 0.9684625492772667 0.5553914327917282
9 0.7424441524310118 0.1838995568685377 0.6596583442838371 0.1838995568685377 0.6596583442838371 0.23190546528803554 0.7424441524310118 0.23190546528803554
3 0.6649145860709594 0.40620384047267355 0.5821287779237846 0.40620384047267355 0.5821287779237846 0.4534711964549483 0.6649145860709594 0.4534711964549483
3 0.5098554533508541 0.29098966026587886 0.42575558475689884 0.29098966026587886 0.42575558475689884 0.3412112259970458 0.5098554533508541 0.3412112259970458
4 0.7529566360052562 0.603397341211226 0.6333771353482262 0.603397341211226 0.6333771353482262 0.6713441654357459 0.7529566360052562 0.6713441654357459
4 0.4454664914586072 0.5014771048744461 0.3324572930354797 0.5014771048744461 0.3324572930354797 0.5672082717872969 0.4454664914586072 0.5672082717872969
3 0.3101182654402103 0.22304283604135894 0.22470433639947446 0.22304283604135894 0.22470433639947446 0.27326440177252587 0.3101182654402103 0.27326440177252587
5 0.9710906701708278 0.37001477104874453 0.8528252299605782 0.37001477104874453 0.8528252299605782 0.43722304283604135 0.9710906701708278 0.43722304283604135
9 0.7989487516425755 0.26587887740029553 0.7148488830486203 0.26587887740029553 0.7148488830486203 0.3146233382570163 0.7989487516425755 0.3146233382570163
7 0.46780551905387646 0.20310192023633677 0.35611038107752957 0.20310192023633677 0.35611038107752957 0.2688330871491876 0.46780551905387646 0.2688330871491876
1 0.41130091984231276 0.11964549483013295 0.2982917214191853 0.11964549483013294 0.2982917214191853 0.18611521418020682 0.41130091984231276 0.18611521418020685
8 0.3482260183968464 0.604135893648449 0.26412614980289106 0.604135893648449 0.26412614980289106 0.6521418020679468 0.3482260183968464 0.6521418020679468
5 0.6662286465177398 0.2717872968980798 0.5545335085413929 0.2717872968980798 0.5545335085413929 0.3353028064992615 0.6662286465177398 0.33530280649926153
11 0.6268068331143233 0.31462333825701627 0.5085413929040736 0.31462333825701627 0.5085413929040736 0.38330871491875923 0.6268068331143234 0.38330871491875923
7 0.8699080157687253 0.3382570162481537 0.7568988173455979 0.3382570162481537 0.7568988173455979 0.40472673559822747 0.8699080157687253 0.40472673559822747
3 0.7279894875164258 0.48301329394387 0.6333771353482262 0.48301329394387 0.6333771353482262 0.5391432791728212 0.7279894875164258 0.5391432791728212
2 0.982917214191853 0.6351550960118169 0.8935611038107752 0.6351550960118169 0.8935611038107755 0.6861152141802068 0.9829172141918531 0.6861152141802068
6 0.5492772667542708 0.5369276218611522 0.4362680683311434 0.5369276218611522 0.4362680683311434 0.6026587887740029 0.5492772667542708 0.6026587887740029
10 0.49014454664914603 0.4564254062038405 0.3784494086727991 0.4564254062038405 0.3784494086727991 0.5206794682422452 0.49014454664914603 0.5206794682422452
12 0.4651773981603155 0.6262924667651403 0.3403416557161631 0.6262924667651403 0.3403416557161631 0.6994091580502215 0.4651773981603155 0.6994091580502215
2 0.38239159001314077 0.42836041358936483 0.2917214191852826 0.42836041358936483 0.2917214191852826 0.48005908419497784 0.38239159001314077 0.48005908419497784
6 0.5597897503285153 0.6654357459379616 0.44809461235216835 0.6654357459379616 0.44809461235216835 0.7304283604135894 0.5597897503285153 0.7304283604135894
10 0.6583442838370567 0.7001477104874446 0.5519053876478319 0.7001477104874446 0.5519053876478319 0.7629246676514032 0.6583442838370567 0.7629246676514032
2 0.1629434954007886 0.7215657311669128 0.13666228646517756 0.7215657311669128 0.13666228646517756 0.7363367799113737 0.1629434954007886 0.7363367799113737
2 0.7792378449408672 0.5672082717872969 0.6990801576872536 0.5672082717872969 0.6990801576872536 0.6122599704579025 0.7792378449408672 0.6122599704579025
11 1 0.28064992614475637 0.9448094612352168 0.28064992614475637 0.9448094612352168 0.33973412112259976 1 0.33973412112259976
0 0.7582128777923788 0.7333825701624815 0.6491458607095928 0.7333825701624815 0.6491458607095928 0.794682422451994 0.7582128777923788 0.794682422451994
8 0.49408672798948766 0.5908419497784343 0.4034165571616296 0.5908419497784343 0.4034165571616296 0.6418020679468243 0.49408672798948766 0.6418020679468243
2 0.2838370565045993 0.3951255539143279 0.19185282522996067 0.3951255539143279 0.19185282522996067 0.448301329394387 0.2838370565045993 0.448301329394387
13 0.9224704336399474 0.2865583456425407 0.7950065703022339 0.2865583456425407 0.7950065703022339 0.35819793205317585 0.9224704336399474 0.35819793205317585