3 0.923784494086728 0.42466765140324964 0.8409986859395532 0.42466765140324964 0.8409986859395532 0.47193500738552435 0.923784494086728 0.47193500738552435
3 0.7056504599211564 0.5612998522895125 0.6228646517739818 0.5612998522895125 0.6228646517739818 0.6093057607090103 0.7056504599211564 0.6093057607090103
3 0.6412614980289095 0.689069423929099 0.5532194480946125 0.689069423929099 0.5532194480946125 0.7385524372230429 0.6412614980289095 0.7385524372230429
4 0.6399474375821289 0.3456425406203841 0.5216819973718793 0.345642540620384 0.5216819973718793 0.41432791728212703 0.6399474375821289 0.41432791728212703
4 0.4218134034165573 0.48522895125553916 0.30749014454664925 0.48522895125553916 0.30749014454664925 0.5502215657311669 0.4218134034165573 0.5502215657311669
3 0.4980289093298293 0.7799113737075333 0.4113009198423129 0.7799113737075333 0.4113009198423129 0.829394387001477 0.4980289093298293 0.829394387001477
5 1 0.5376661742983752 0.9014454664914586 0.5376661742983752 0.9014454664914586 0.6048744460856721 1 0.6048744460856721
9 0.9237844940867281 0.6750369276218612 0.8501971090670171 0.6750369276218612 0.8501971090670173 0.7171344165435746 0.9237844940867282 0.7171344165435746
7 0.6570302233902761 0.7644017725258493 0.5453350854139292 0.7644017725258493 0.5453350854139292 0.8286558345642541 0.6570302233902761 0.8286558345642541
1 0.6438896189224705 0.8493353028064993 0.5479632063074903 0.8493353028064993 0.5479632063074903 0.9047267355982275 0.6438896189224705 0.9047267355982275
8 0.2588699080157688 0.4158050221565731 0.1747700394218135 0.4158050221565731 0.1747700394218135 0.4638109305760709 0.2588699080157688 0.4638109305760709
5 0.7989487516425757 0.6742983751846381 0.6859395532194481 0.6742983751846381 0.6859395532194482 0.7385524372230429 0.7989487516425758 0.7385524372230429
11 0.7293035479632065 0.6344165435745938 0.6097240473061762 0.6344165435745938 0.6097240473061762 0.7031019202363368 0.7293035479632066 0.7031019202363368
7 0.9474375821287779 0.5819793205317577 0.8304862023653088 0.5819793205317577 0.8304862023653088 0.6484490398818316 0.9474375821287779 0.6484490398818316
3 0.7082785808147175 0.4734121122599705 0.6123521681997374 0.4734121122599705 0.6123521681997374 0.5280649926144756 0.7082785808147175 0.5280649926144756
2 0.8449408672798949 0.2998522895125555 0.7555847568988173 0.2998522895125555 0.7555847568988173 0.3508124076809454 0.8449408672798949 0.3508124076809454
6 0.4954007884362682 0.43722304283604135 0.37976346911957964 0.43722304283604135 0.37976346911957964 0.5029542097488922 0.4954007884362682 0.5029542097488922
10 0.4967148488830488 0.5228951255539144 0.38370565045992133 0.5228951255539144 0.38370565045992133 0.587149187592319 0.4967148488830488 0.587149187592319
12 0.3482260183968464 0.35893648449039883 0.2207621550591328 0.35893648449039883 0.2207621550591328 0.43131462333825704 0.3482260183968464 0.43131462333825704
2 0.41787122207621563 0.5745937961595273 0.3272010512483576 0.5745937961595273 0.3272010512483576 0.6262924667651403 0.41787122207621563 0.6262924667651403
6 0.41392904073587394 0.31610044313146235 0.2996057818659659 0.31610044313146235 0.2996057818659659 0.3803545051698671 0.413929040735874 0.3803545051698671
10 0.4835742444152431 0.2710487444608567 0.3731931668856767 0.2710487444608567 0.3731931668856767 0.33382570162481534 0.4835742444152431 0.33382570162481534
2 0.6990801576872536 0.39586410635155095 0.6202365308804206 0.39586410635155095 0.6202365308804206 0.44165435745937964 0.6990801576872536 0.44165435745937964
0 0.5545335085413929 0.22821270310192024 0.4467805519053876 0.22821270310192024 0.4467805519053876 0.2902511078286558 0.5545335085413929 0.2902511078286558
0 0.06176084099868606 0.5420974889217134 0.021024967148488952 0.5420974889217134 0.021024967148488956 0.6115214180206795 0.06176084099868607 0.6115214180206795
8 0.4086727989487518 0.4069423929098966 0.31800262812089364 0.4069423929098966 0.31800262812089364 0.4586410635155096 0.4086727989487518 0.4586410635155096
2 0.34691195795006585 0.6181683899556869 0.25492772667542724 0.6181683899556869 0.25492772667542724 0.670605612998523 0.34691195795006585 0.670605612998523
13 1 0.6181683899556869 0.9027595269382391 0.6181683899556869 0.9027595269382391 0.6794682422451994 1 0.6794682422451994