6 0.4606413994169096 0.6917098445595855 0.4227405247813411 0.6917098445595855 0.4227405247813411 0.7538860103626943 0.4606413994169096 0.7538860103626943
7 0.5728862973760933 0.08031088082901566 0.532069970845481 0.08031088082901565 0.532069970845481 0.14248704663212447 0.5728862973760933 0.14248704663212447
7 0.33819241982507287 0.24611398963730577 0.2988338192419825 0.24611398963730577 0.2988338192419825 0.3082901554404146 0.33819241982507287 0.3082901554404146
10 0.5801749271137027 0.7772020725388601 0.5379008746355685 0.7772020725388601 0.5379008746355685 0.8471502590673575 0.5801749271137027 0.8471502590673575
9 0.5204081632653061 0.16580310880829027 0.4868804664723032 0.16580310880829022 0.4868804664723032 0.2150259067357514 0.5204081632653061 0.21502590673575145
8 0.577259475218659 0.8704663212435233 0.5451895043731778 0.8704663212435233 0.5451895043731778 0.9222797927461139 0.577259475218659 0.9222797927461139
2 0.3965014577259475 0.6036269430051815 0.36443148688046656 0.6036269430051815 0.36443148688046656 0.6580310880829017 0.3965014577259475 0.6580310880829017
3 0.5131195335276968 0.33937823834196906 0.47959183673469385 0.33937823834196906 0.47959183673469385 0.38601036269430067 0.5131195335276968 0.38601036269430067
3 0.3338192419825073 0.3471502590673575 0.30174927113702626 0.3471502590673575 0.30174927113702626 0.39378238341968913 0.3338192419825073 0.39378238341968913
8 0.4577259475218659 0.8782383419689119 0.4271137026239067 0.8782383419689119 0.4271137026239067 0.9300518134715026 0.4577259475218659 0.9300518134715026
13 0.5247813411078717 0.06735751295336799 0.478134110787172 0.06735751295336799 0.478134110787172 0.14507772020725399 0.5247813411078717 0.14507772020725399
2 0.338192419825073 0.6036269430051814 0.30466472303207004 0.6036269430051814 0.30466472303207004 0.655440414507772 0.338192419825073 0.655440414507772
3 0.575801749271137 0.3419689119170986 0.543731778425656 0.3419689119170986 0.543731778425656 0.3886010362694302 0.575801749271137 0.3886010362694302
11 0.521865889212828 0.2512953367875649 0.48250728862973763 0.2512953367875648 0.48250728862973763 0.31606217616580323 0.521865889212828 0.31606217616580323
9 0.45481049562682213 0.0777202072538861 0.4227405247813411 0.0777202072538861 0.4227405247813411 0.12694300518134724 0.45481049562682213 0.12694300518134727
3 0.39504373177842567 0.34455958549222815 0.36443148688046645 0.34455958549222815 0.36443148688046645 0.39119170984455975 0.39504373177842567 0.39119170984455975
6 0.5189504373177842 0.689119170984456 0.47959183673469385 0.689119170984456 0.47959183673469385 0.7461139896373057 0.5189504373177842 0.7461139896373057
2 0.5160349854227405 0.5181347150259069 0.4839650145772595 0.5181347150259069 0.4839650145772595 0.567357512953368 0.5160349854227405 0.567357512953368
11 0.641399416909621 0.07512953367875662 0.6005830903790087 0.0751295336787566 0.6005830903790087 0.1424870466321245 0.641399416909621 0.1424870466321245
5 0.7026239067055393 0.07253886010362709 0.6632653061224489 0.07253886010362709 0.6632653061224489 0.13730569948186544 0.7026239067055393 0.13730569948186544
10 0.39504373177842567 0.8704663212435233 0.3542274052478135 0.8704663212435233 0.3542274052478135 0.9300518134715026 0.39504373177842567 0.9300518134715026
1 0.39941690962099125 0.06735751295336796 0.36005830903790087 0.06735751295336795 0.36005830903790087 0.1347150259067358 0.39941690962099125 0.1347150259067358
1 0.7667638483965015 0.8652849740932645 0.7259475218658892 0.8652849740932645 0.7259475218658892 0.9404145077720211 0.7667638483965015 0.9404145077720211
5 0.40233236151603496 0.42487046632124364 0.36151603498542273 0.42487046632124364 0.36151603498542273 0.489637305699482 0.40233236151603496 0.489637305699482
0 0.7011661807580175 0.5207253886010365 0.6632653061224489 0.5207253886010365 0.6632653061224489 0.5880829015544043 0.7011661807580175 0.5880829015544043
12 0.5276967930029155 0.8652849740932642 0.478134110787172 0.8652849740932642 0.478134110787172 0.9430051813471503 0.5276967930029155 0.9430051813471503
4 0.3979591836734694 0.6994818652849741 0.360058309037901 0.6994818652849741 0.360058309037901 0.7616580310880829 0.3979591836734694 0.7616580310880829
4 0.521865889212828 0.5958549222797929 0.48250728862973763 0.5958549222797929 0.48250728862973763 0.6606217616580312 0.521865889212828 0.6606217616580312
0 0.2740524781341109 0.8652849740932642 0.23760932944606422 0.8652849740932642 0.23760932944606422 0.927461139896373 0.2740524781341109 0.927461139896373
2 0.6341107871720116 0.6036269430051815 0.6034985422740525 0.6036269430051815 0.6034985422740525 0.6580310880829017 0.6341107871720116 0.6580310880829017