6 0.6530612244897959 0.34715025906735764 0.6137026239067055 0.34715025906735764 0.6137026239067055 0.4274611398963732 0.6530612244897959 0.4274611398963732
7 0.29591836734693877 0.46113989637305697 0.25510204081632654 0.46113989637305697 0.25510204081632654 0.5466321243523317 0.29591836734693877 0.5466321243523317
7 0.42857142857142855 0.06735751295336796 0.3877551020408163 0.06735751295336796 0.3877551020408163 0.1554404145077721 0.42857142857142855 0.15544041450777213
10 0.685131195335277 0.5621761658031089 0.6399416909620991 0.5621761658031089 0.6399416909620991 0.6476683937823836 0.685131195335277 0.6476683937823836
9 0.3454810495626822 0.39119170984455964 0.3119533527696793 0.3911917098445596 0.3119533527696793 0.4611398963730571 0.3454810495626822 0.46113989637305713
8 0.7274052478134111 0.5854922279792748 0.6924198250728864 0.5854922279792748 0.6924198250728864 0.6528497409326426 0.7274052478134111 0.6528497409326426
2 0.6122448979591837 0.23056994818652865 0.575801749271137 0.23056994818652865 0.575801749271137 0.29792746113989654 0.6122448979591837 0.29792746113989654
3 0.44169096209912534 0.40155440414507787 0.40816326530612246 0.40155440414507787 0.40816326530612246 0.47150259067357525 0.44169096209912534 0.47150259067357525
3 0.4752186588921283 0.08808290155440425 0.44314868804664725 0.08808290155440425 0.44314868804664725 0.15544041450777213 0.4752186588921283 0.15544041450777213
8 0.750728862973761 0.37823834196891204 0.717201166180758 0.37823834196891204 0.717201166180758 0.4430051813471504 0.750728862973761 0.4430051813471504
13 0.3075801749271137 0.3626943005181347 0.2565597667638484 0.3626943005181347 0.2565597667638484 0.46113989637305697 0.3075801749271137 0.46113989637305697
2 0.619533527696793 0.12694300518134727 0.5845481049562682 0.12694300518134727 0.5845481049562682 0.1968911917098447 0.619533527696793 0.1968911917098447
3 0.43002915451895046 0.5155440414507774 0.39941690962099125 0.5155440414507774 0.39941690962099125 0.5829015544041453 0.43002915451895046 0.5829015544041453
11 0.40233236151603496 0.39378238341968924 0.36005830903790087 0.39378238341968924 0.36005830903790087 0.4792746113989639 0.40233236151603496 0.4792746113989639
9 0.3075801749271137 0.26683937823834203 0.27405247813411077 0.26683937823834203 0.27405247813411077 0.33419689119170987 0.3075801749271137 0.33419689119170987
3 0.46355685131195334 0.19689119170984462 0.4329446064139942 0.19689119170984462 0.4329446064139942 0.261658031088083 0.46355685131195334 0.261658031088083
6 0.6399416909620991 0.44559585492227993 0.6020408163265306 0.44559585492227993 0.6020408163265306 0.528497409326425 0.6399416909620991 0.528497409326425
2 0.5408163265306123 0.4326424870466323 0.5072886297376094 0.4326424870466323 0.5072886297376094 0.5000000000000001 0.5408163265306123 0.5000000000000001
11 0.2842565597667639 0.5803108808290155 0.24052478134110788 0.5803108808290155 0.2405247813411079 0.6658031088082902 0.28425655976676395 0.6658031088082902
5 0.27113702623906716 0.689119170984456 0.22886297376093304 0.689119170984456 0.22886297376093304 0.7746113989637305 0.27113702623906716 0.7746113989637305
10 0.7638483965014577 0.24870466321243537 0.7230320699708455 0.24870466321243537 0.7230320699708455 0.33419689119171 0.7638483965014577 0.33419689119171
1 0.3206997084548105 0.1554404145077721 0.2784256559766764 0.1554404145077721 0.2784256559766764 0.23834196891191717 0.3206997084548105 0.23834196891191717
1 0.7026239067055393 0.9041450777202074 0.6545189504373178 0.9041450777202072 0.6545189504373178 0.9481865284974095 0.7026239067055393 0.9481865284974096
5 0.5189504373177842 0.20466321243523328 0.47667638483965014 0.20466321243523322 0.47667638483965014 0.29015544041450786 0.5189504373177842 0.2901554404145079
0 0.5204081632653061 0.7487046632124352 0.47667638483965014 0.7487046632124352 0.47667638483965014 0.8290155440414507 0.5204081632653061 0.8290155440414507
12 0.750728862973761 0.4663212435233162 0.6982507288629738 0.4663212435233162 0.6982507288629738 0.5699481865284975 0.750728862973761 0.5699481865284975
4 0.6690962099125365 0.2357512953367877 0.6282798833819242 0.2357512953367877 0.6282798833819242 0.31606217616580323 0.6690962099125365 0.31606217616580323
4 0.5918367346938775 0.43782383419689136 0.5495626822157434 0.43782383419689136 0.5495626822157434 0.523316062176166 0.5918367346938775 0.523316062176166
0 0.7842565597667639 0.04145077720207271 0.7419825072886297 0.04145077720207271 0.7419825072886297 0.12176165803108825 0.7842565597667639 0.12176165803108827
2 0.5699708454810496 0.6528497409326426 0.5335276967930029 0.6528497409326426 0.5335276967930029 0.7202072538860104 0.5699708454810496 0.7202072538860104