7 0.7630208333333334 0.2568359375000001 0.6783854166666666 0.2568359375000001 0.6783854166666666 0.3193359375000001 0.7630208333333334 0.3193359375000001
9 0.75 0.6669921875 0.681640625 0.6669921875 0.681640625 0.71826171875 0.75 0.71826171875
5 0.5722656250000001 0.70068359375 0.4798177083333335 0.70068359375 0.4798177083333335 0.76806640625 0.5722656250000001 0.76806640625
2 0.5859375 0.20068359375000006 0.51171875 0.20068359375000006 0.51171875 0.2548828125 0.5859375 0.2548828125
6 0.6692708333333334 0.48193359375000006 0.5839843750000001 0.48193359375 0.5839843750000001 0.54541015625 0.6692708333333334 0.54541015625
0 0.908203125 0.4960937500000001 0.8216145833333334 0.4960937500000001 0.8216145833333334 0.56005859375 0.908203125 0.56005859375
7 0.6406250000000001 0.564453125 0.5579427083333335 0.564453125 0.5579427083333335 0.62548828125 0.6406250000000001 0.62548828125
4 0.6516927083333334 0.24853515625000006 0.5611979166666666 0.24853515625000006 0.5611979166666666 0.31494140625000006 0.6516927083333334 0.3149414062500001
2 0.4993489583333333 0.345703125 0.4309895833333333 0.345703125 0.4309895833333333 0.39599609375 0.4993489583333333 0.39599609375
5 0.7024739583333334 0.6123046875 0.6126302083333335 0.6123046875 0.6126302083333335 0.677734375 0.7024739583333334 0.677734375
4 0.2493489583333334 0.40087890625 0.15494791666666674 0.40087890625 0.15494791666666674 0.47021484375 0.2493489583333334 0.47021484375
2 0.4876302083333334 0.4296875 0.4192708333333333 0.4296875 0.4192708333333334 0.47998046875 0.4876302083333335 0.47998046875
10 0.11328125000000007 0.39697265625 0.01822916666666673 0.39697265625 0.018229166666666737 0.46630859375 0.11328125000000007 0.46630859375
12 0.22526041666666674 0.25439453125 0.11067708333333337 0.25439453125 0.11067708333333337 0.3388671875 0.22526041666666674 0.3388671875
13 0.703125 0.69580078125 0.5930989583333335 0.69580078125 0.5930989583333335 0.77685546875 0.703125 0.77685546875
3 0.2903645833333334 0.46044921875 0.20963541666666674 0.46044921875 0.20963541666666674 0.517578125 0.2903645833333334 0.517578125
1 0.7766927083333334 0.4848632812500001 0.69140625 0.4848632812500001 0.69140625 0.5478515625 0.7766927083333334 0.5478515625
3 0.3815104166666668 0.65380859375 0.30468750000000006 0.65380859375 0.3046875000000001 0.708984375 0.3815104166666668 0.708984375
3 0.6054687500000001 0.44140625000000006 0.5377604166666666 0.44140625 0.5377604166666667 0.49072265625000006 0.6054687500000001 0.4907226562500001
9 0.5690104166666669 0.6142578125 0.5000000000000001 0.6142578125 0.5000000000000001 0.6650390625 0.5690104166666669 0.6650390625
8 0.25585937500000006 0.32080078125 0.18229166666666674 0.32080078125 0.18229166666666674 0.375 0.25585937500000006 0.375
3 0.3977864583333335 0.56103515625 0.32226562500000006 0.56103515625 0.32226562500000006 0.6162109375 0.3977864583333335 0.6162109375
0 0.4309895833333333 0.14941406250000006 0.3411458333333333 0.14941406250000006 0.3411458333333333 0.21582031250000006 0.4309895833333333 0.21582031250000006
3 0.85546875 0.3603515625000001 0.7864583333333334 0.3603515625000001 0.7864583333333334 0.4116210937500001 0.85546875 0.4116210937500001
2 0.14388020833333343 0.548828125 0.07161458333333343 0.548828125 0.07161458333333343 0.60205078125 0.14388020833333345 0.60205078125
10 0.44726562500000017 0.6953125 0.35546875000000017 0.6953125 0.35546875000000017 0.7626953125 0.44726562500000017 0.7626953125
11 0.689453125 0.38769531250000006 0.5944010416666666 0.3876953125 0.5944010416666667 0.45800781250000006 0.689453125 0.4580078125000001
11 0.4674479166666668 0.60791015625 0.3743489583333335 0.60791015625 0.3743489583333335 0.67529296875 0.4674479166666668 0.67529296875
8 0.3763020833333333 0.3330078125 0.30533854166666674 0.3330078125 0.30533854166666674 0.38427734375 0.3763020833333333 0.38427734375
2 0.27408854166666674 0.556640625 0.20898437500000008 0.556640625 0.20898437500000008 0.60400390625 0.27408854166666674 0.60400390625
6 0.4563802083333333 0.2783203125 0.365234375 0.2783203125 0.365234375 0.3447265625 0.4563802083333333 0.3447265625
1 0.4309895833333335 0.7900390625 0.3391927083333335 0.7900390625 0.3391927083333335 0.857421875 0.4309895833333335 0.857421875