6 0.21562500000000007 0.7185185185185186 0.1786458333333334 0.7185185185185186 0.1786458333333334 0.7805555555555556 0.21562500000000007 0.7805555555555556
3 0.5401041666666667 0.2722222222222223 0.5109375 0.2722222222222223 0.5109375 0.3175925925925927 0.5401041666666667 0.3175925925925927
13 0.3338541666666667 0.17129629629629634 0.28958333333333336 0.17129629629629634 0.28958333333333336 0.24074074074074084 0.3338541666666667 0.24074074074074084
7 0.48541666666666666 0.2185185185185186 0.44895833333333335 0.2185185185185186 0.44895833333333335 0.2750000000000001 0.48541666666666666 0.2750000000000001
2 0.365625 0.5907407407407408 0.33489583333333334 0.5907407407407408 0.33489583333333334 0.6388888888888888 0.365625 0.6388888888888888
2 0.5739583333333333 0.5175925925925928 0.5416666666666666 0.5175925925925928 0.5416666666666666 0.5638888888888891 0.5739583333333333 0.5638888888888891
5 0.4671875 0.07037037037037047 0.43125 0.07037037037037047 0.43125 0.12592592592592602 0.4671875 0.12592592592592602
0 0.19531250000000006 0.9018518518518519 0.15625000000000006 0.9018518518518519 0.15625000000000006 0.9629629629629629 0.19531250000000006 0.9629629629629629
2 0.46875 0.549074074074074 0.4375 0.549074074074074 0.4375 0.5972222222222222 0.46875 0.5972222222222222
12 0.38333333333333336 0.7416666666666667 0.3390625 0.7416666666666667 0.3390625 0.8166666666666667 0.38333333333333336 0.8166666666666667
6 0.5401041666666667 0.603703703703704 0.5026041666666666 0.603703703703704 0.5026041666666666 0.6638888888888891 0.5401041666666667 0.6638888888888891
3 0.4401041666666667 0.30462962962962975 0.4114583333333333 0.30462962962962975 0.4114583333333333 0.3500000000000001 0.4401041666666667 0.3500000000000001
8 0.3432291666666668 0.8657407407407407 0.3135416666666668 0.8657407407407407 0.3135416666666668 0.912962962962963 0.3432291666666668 0.912962962962963
7 0.18020833333333333 0.3055555555555556 0.14427083333333332 0.3055555555555556 0.14427083333333332 0.3648148148148148 0.18020833333333333 0.3648148148148148
5 0.17708333333333334 0.15925925925925932 0.14166666666666666 0.15925925925925932 0.14166666666666666 0.21666666666666673 0.17708333333333334 0.21666666666666673
3 0.13958333333333336 0.41388888888888886 0.11093750000000004 0.41388888888888886 0.11093750000000004 0.4601851851851852 0.1395833333333334 0.4601851851851852
9 0.26145833333333335 0.12962962962962968 0.23229166666666667 0.12962962962962968 0.23229166666666667 0.17592592592592599 0.26145833333333335 0.17592592592592599
3 0.23697916666666666 0.375 0.20885416666666667 0.375 0.20885416666666667 0.4222222222222222 0.23697916666666666 0.4222222222222222
9 0.36302083333333335 0.10277777777777786 0.334375 0.10277777777777786 0.334375 0.1472222222222223 0.36302083333333335 0.14722222222222234
4 0.553125 0.7694444444444447 0.5171875 0.7694444444444447 0.5171875 0.8305555555555557 0.553125 0.8305555555555557
8 0.4416666666666667 0.8203703703703704 0.4125 0.8203703703703704 0.41250000000000003 0.8694444444444445 0.44166666666666676 0.8694444444444445
2 0.2588541666666667 0.6148148148148148 0.22864583333333338 0.6148148148148148 0.22864583333333338 0.6638888888888889 0.2588541666666667 0.6638888888888889
2 0.16093750000000007 0.6555555555555556 0.1302083333333334 0.6555555555555556 0.1302083333333334 0.7046296296296296 0.16093750000000007 0.7046296296296296
1 0.5104166666666666 0.04537037037037048 0.4739583333333333 0.04537037037037048 0.4739583333333333 0.10092592592592603 0.5104166666666666 0.10092592592592603
1 0.12864583333333335 0.1888888888888889 0.0953125 0.18888888888888888 0.09531250000000001 0.24537037037037038 0.12864583333333338 0.24537037037037038
3 0.3416666666666667 0.33055555555555566 0.3125 0.33055555555555566 0.3125 0.37592592592592605 0.3416666666666667 0.37592592592592605
10 0.5010416666666667 0.7944444444444445 0.46458333333333335 0.7944444444444444 0.46458333333333335 0.8537037037037039 0.5010416666666667 0.853703703703704
11 0.21875 0.13888888888888895 0.18645833333333334 0.13888888888888895 0.18645833333333334 0.19351851851851856 0.21875 0.19351851851851856
11 0.4161458333333333 0.07685185185185194 0.38229166666666664 0.07685185185185194 0.38229166666666664 0.1324074074074075 0.4161458333333333 0.1324074074074075
10 0.24322916666666672 0.8685185185185185 0.20729166666666674 0.8685185185185185 0.20729166666666674 0.9351851851851852 0.24322916666666672 0.9351851851851852
4 0.29531250000000003 0.8472222222222222 0.2614583333333334 0.8472222222222222 0.2614583333333334 0.9166666666666666 0.29531250000000014 0.9166666666666666
0 0.6005208333333333 0.7453703703703706 0.5630208333333333 0.7453703703703706 0.5630208333333333 0.8101851851851853 0.6005208333333333 0.8101851851851853