4 0.28177083333333336 0.7435185185185185 0.2447916666666667 0.7435185185185185 0.2447916666666667 0.8009259259259259 0.28177083333333336 0.8009259259259259
6 0.3734375 0.200925925925926 0.33697916666666666 0.20092592592592598 0.33697916666666666 0.2527777777777779 0.3734375 0.2527777777777779
7 0.5947916666666667 0.7361111111111113 0.5578125 0.7361111111111113 0.5578125 0.7944444444444446 0.5947916666666667 0.7944444444444446
13 0.6494791666666667 0.46203703703703713 0.6036458333333333 0.46203703703703713 0.6036458333333333 0.5342592592592594 0.6494791666666667 0.5342592592592594
7 0.5947916666666667 0.2000000000000001 0.559375 0.2000000000000001 0.559375 0.25185185185185194 0.5947916666666667 0.25185185185185194
2 0.40989583333333335 0.6574074074074074 0.37864583333333335 0.6574074074074074 0.37864583333333335 0.6990740740740741 0.40989583333333335 0.6990740740740741
0 0.2833333333333334 0.825925925925926 0.24687500000000007 0.825925925925926 0.24687500000000007 0.8851851851851852 0.28333333333333344 0.8851851851851852
11 0.6911458333333333 0.6435185185185187 0.6536458333333334 0.6435185185185187 0.6536458333333334 0.6981481481481484 0.6911458333333333 0.6981481481481484
3 0.5458333333333333 0.29722222222222233 0.5166666666666667 0.29722222222222233 0.5166666666666667 0.338888888888889 0.5458333333333333 0.338888888888889
2 0.4083333333333333 0.4777777777777778 0.37916666666666665 0.4777777777777778 0.37916666666666665 0.5212962962962963 0.4083333333333333 0.5212962962962963
3 0.55625 0.8333333333333336 0.5255208333333333 0.8333333333333336 0.5255208333333334 0.877777777777778 0.55625 0.877777777777778
0 0.2864583333333333 0.1444444444444445 0.2520833333333333 0.1444444444444445 0.2520833333333333 0.19722222222222227 0.2864583333333333 0.19722222222222227
2 0.41458333333333336 0.29907407407407416 0.3859375 0.29907407407407416 0.3859375 0.3453703703703705 0.41458333333333336 0.3453703703703705
3 0.5432291666666667 0.1314814814814816 0.5130208333333334 0.1314814814814816 0.5130208333333334 0.17222222222222233 0.5432291666666667 0.17222222222222233
12 0.32864583333333336 0.4527777777777779 0.2864583333333333 0.4527777777777779 0.2864583333333333 0.5259259259259259 0.32864583333333336 0.5259259259259259
3 0.5526041666666667 0.4787037037037039 0.5223958333333333 0.4787037037037039 0.5223958333333333 0.5203703703703706 0.5526041666666667 0.5203703703703706
2 0.4125 0.1314814814814816 0.38385416666666666 0.1314814814814816 0.38385416666666666 0.17037037037037048 0.4125 0.17037037037037048
3 0.5515625 0.6509259259259261 0.521875 0.6509259259259261 0.521875 0.6935185185185188 0.5515625 0.6935185185185188
2 0.41197916666666673 0.8435185185185186 0.3807291666666667 0.8435185185185186 0.38072916666666673 0.8870370370370371 0.4119791666666668 0.8870370370370371
8 0.2760416666666667 0.3916666666666668 0.24791666666666667 0.3916666666666668 0.2479166666666667 0.43333333333333346 0.2760416666666667 0.43333333333333346
6 0.37083333333333335 0.7537037037037037 0.334375 0.7537037037037037 0.334375 0.8101851851851852 0.37083333333333335 0.8101851851851852
1 0.6963541666666667 0.8111111111111113 0.6583333333333333 0.8111111111111113 0.6583333333333333 0.8694444444444447 0.6963541666666667 0.8694444444444447
10 0.2921875 0.2194444444444445 0.25625 0.2194444444444445 0.25625 0.28055555555555567 0.2921875 0.28055555555555567
8 0.278125 0.5583333333333333 0.24947916666666672 0.5583333333333333 0.24947916666666672 0.600925925925926 0.278125 0.600925925925926
1 0.6682291666666667 0.12129629629629646 0.6328125 0.12129629629629646 0.6328125 0.1731481481481483 0.6682291666666667 0.1731481481481483
4 0.29010416666666666 0.31203703703703717 0.2546875 0.31203703703703717 0.2546875 0.36574074074074087 0.29010416666666666 0.36574074074074087
9 0.6817708333333333 0.3675925925925927 0.6515625 0.3675925925925927 0.6515625 0.4148148148148149 0.6817708333333333 0.4148148148148149
9 0.6828125 0.5537037037037039 0.6526041666666667 0.5537037037037039 0.6526041666666667 0.5972222222222224 0.6828125 0.5972222222222224
10 0.2796875 0.6425925925925926 0.24427083333333338 0.6425925925925926 0.24427083333333338 0.7092592592592593 0.2796875 0.7092592592592593
5 0.6786458333333333 0.20648148148148163 0.640625 0.20648148148148163 0.640625 0.2620370370370371 0.6786458333333333 0.2620370370370371
11 0.6822916666666666 0.2814814814814816 0.6453125 0.2814814814814816 0.6453125 0.3416666666666668 0.6822916666666666 0.3416666666666668
5 0.6869791666666667 0.7259259259259261 0.6526041666666667 0.7259259259259261 0.6526041666666667 0.7879629629629632 0.6869791666666667 0.7879629629629632