13 0.6645833333333333 0.6379629629629632 0.615625 0.6379629629629632 0.615625 0.7333333333333335 0.6645833333333333 0.7333333333333335
3 0.5234375000000001 0.9574074074074074 0.49114583333333345 0.9574074074074074 0.49114583333333345 1 0.5234375000000001 1
3 0.5427083333333333 0.777777777777778 0.5104166666666666 0.777777777777778 0.5104166666666666 0.8416666666666669 0.5427083333333333 0.8416666666666669
8 0.28229166666666666 0.5527777777777778 0.25260416666666674 0.5527777777777778 0.25260416666666674 0.6138888888888889 0.28229166666666666 0.6138888888888889
7 0.5744791666666667 0.8833333333333335 0.5333333333333333 0.8833333333333335 0.5333333333333333 0.9638888888888889 0.5744791666666667 0.9638888888888889
3 0.565625 0.6111111111111113 0.5333333333333333 0.6111111111111113 0.5333333333333333 0.6740740740740743 0.565625 0.6740740740740743
6 0.41354166666666664 0.2425925925925927 0.37552083333333336 0.2425925925925927 0.37552083333333336 0.31481481481481494 0.41354166666666664 0.31481481481481494
12 0.3421875 0.46944444444444455 0.2953125 0.46944444444444455 0.2953125 0.5638888888888889 0.3421875 0.5638888888888889
2 0.4010416666666667 0.7138888888888889 0.3692708333333333 0.7138888888888889 0.3692708333333333 0.775 0.4010416666666667 0.775
2 0.4453125 0.36296296296296304 0.4140625 0.36296296296296304 0.4140625 0.4250000000000001 0.4453125 0.4250000000000001
2 0.4625 0.18611111111111123 0.4317708333333333 0.18611111111111123 0.4317708333333333 0.24722222222222232 0.4625 0.24722222222222232
2 0.4197916666666667 0.5342592592592592 0.3875 0.5342592592592592 0.3875 0.5981481481481481 0.4197916666666667 0.5981481481481481
6 0.3520833333333334 0.7870370370370371 0.3125 0.7870370370370371 0.31250000000000006 0.8638888888888889 0.35208333333333347 0.8638888888888889
3 0.5979166666666667 0.24722222222222232 0.565625 0.24722222222222232 0.565625 0.3111111111111112 0.5979166666666667 0.3111111111111112
2 0.3807291666666668 0.8916666666666667 0.35000000000000014 0.8916666666666667 0.35000000000000014 0.9555555555555556 0.3807291666666668 0.9555555555555556
7 0.6458333333333334 0.3314814814814816 0.6046875 0.3314814814814816 0.6046875 0.41018518518518526 0.6458333333333334 0.41018518518518526
8 0.29739583333333336 0.3916666666666668 0.2671875 0.3916666666666668 0.2671875 0.4527777777777779 0.29739583333333336 0.4527777777777779
3 0.5807291666666666 0.4185185185185186 0.5484375 0.4185185185185186 0.5484375 0.48333333333333356 0.5807291666666666 0.48333333333333356
4 0.26666666666666666 0.7305555555555555 0.22968750000000007 0.7305555555555555 0.22968750000000007 0.8055555555555556 0.26666666666666666 0.8055555555555556
5 0.6692708333333334 0.927777777777778 0.6286458333333333 0.927777777777778 0.6286458333333333 1 0.6692708333333334 1
4 0.3203125 0.31296296296296305 0.2828125 0.31296296296296305 0.2828125 0.38796296296296306 0.3203125 0.38796296296296306
9 0.6890625 0.7518518518518521 0.6557291666666667 0.7518518518518521 0.6557291666666667 0.814814814814815 0.6890625 0.814814814814815
0 0.26041666666666674 0.8111111111111111 0.21979166666666672 0.8111111111111111 0.21979166666666672 0.8870370370370371 0.26041666666666674 0.8870370370370371
10 0.2760416666666667 0.6425925925925926 0.2369791666666667 0.6425925925925926 0.2369791666666667 0.7175925925925926 0.2760416666666667 0.7175925925925926
10 0.33125 0.22222222222222227 0.29270833333333335 0.22222222222222227 0.29270833333333335 0.2981481481481483 0.33125 0.2981481481481483
0 0.33645833333333336 0.13518518518518524 0.2947916666666667 0.13518518518518524 0.2947916666666667 0.21481481481481488 0.33645833333333336 0.21481481481481488
11 0.6859375 0.8342592592592595 0.640625 0.8342592592592595 0.640625 0.915740740740741 0.6859375 0.915740740740741
9 0.7140625 0.5629629629629632 0.68125 0.5629629629629632 0.68125 0.6305555555555558 0.7140625 0.6305555555555558
11 0.7270833333333333 0.4675925925925927 0.6838541666666667 0.46759259259259267 0.6838541666666667 0.5546296296296298 0.7270833333333333 0.5546296296296298
5 0.7328125 0.38518518518518535 0.6895833333333333 0.3851851851851853 0.6895833333333333 0.46851851851851867 0.7328125 0.4685185185185187
1 0.7375 0.2907407407407409 0.6927083333333334 0.29074074074074086 0.6927083333333334 0.3731481481481483 0.7375 0.37314814814814834