6 0.29010416666666666 0.587037037037037 0.2520833333333334 0.587037037037037 0.2520833333333334 0.6592592592592592 0.29010416666666666 0.6592592592592592
4 0.2890625 0.4037037037037038 0.25052083333333336 0.4037037037037038 0.25052083333333336 0.4759259259259259 0.2890625 0.4759259259259259
11 0.7239583333333334 0.4703703703703705 0.6869791666666667 0.4703703703703705 0.6869791666666667 0.5416666666666669 0.7239583333333334 0.5416666666666669
3 0.334375 0.6972222222222222 0.3046875 0.6972222222222222 0.3046875 0.7583333333333333 0.334375 0.7583333333333333
3 0.284375 0.700925925925926 0.2541666666666667 0.700925925925926 0.2541666666666667 0.7583333333333333 0.284375 0.7583333333333333
1 0.6317708333333333 0.38055555555555565 0.5958333333333333 0.38055555555555565 0.5958333333333333 0.450925925925926 0.6317708333333333 0.450925925925926
2 0.7229166666666667 0.19166666666666682 0.6916666666666667 0.19166666666666682 0.6916666666666667 0.25092592592592605 0.7229166666666667 0.25092592592592605
9 0.6786458333333333 0.4712962962962964 0.6505208333333333 0.4712962962962964 0.6505208333333333 0.5296296296296299 0.6786458333333333 0.5296296296296299
2 0.6723958333333333 0.6731481481481484 0.64375 0.6731481481481484 0.64375 0.7324074074074076 0.6723958333333333 0.7324074074074076
7 0.5822916666666667 0.47777777777777797 0.5447916666666667 0.47777777777777797 0.5447916666666667 0.5509259259259262 0.5822916666666667 0.5509259259259262
3 0.2911458333333333 0.21759259259259264 0.26197916666666665 0.21759259259259264 0.26197916666666665 0.275925925925926 0.2911458333333333 0.275925925925926
3 0.3359375 0.30277777777777787 0.30625 0.30277777777777787 0.30625 0.36203703703703716 0.3359375 0.36203703703703716
2 0.6755208333333333 0.28703703703703715 0.6463541666666667 0.28703703703703715 0.6463541666666667 0.3416666666666668 0.6755208333333333 0.3416666666666668
0 0.38645833333333335 0.5787037037037037 0.3489583333333333 0.5787037037037037 0.3489583333333333 0.65 0.38645833333333335 0.65
2 0.7213541666666666 0.6722222222222224 0.6927083333333334 0.6722222222222224 0.6927083333333334 0.728703703703704 0.7213541666666666 0.728703703703704
7 0.6802083333333333 0.5740740740740743 0.6442708333333333 0.5740740740740743 0.6442708333333333 0.6425925925925928 0.6802083333333333 0.6425925925925928
6 0.4328125 0.4842592592592593 0.39479166666666665 0.4842592592592593 0.39479166666666665 0.5564814814814815 0.4328125 0.5564814814814815
4 0.38697916666666665 0.48703703703703705 0.34791666666666665 0.48703703703703705 0.34791666666666665 0.5583333333333333 0.38697916666666665 0.5583333333333333
2 0.7197916666666667 0.27962962962962973 0.6916666666666667 0.27962962962962973 0.6916666666666667 0.3351851851851853 0.7197916666666667 0.3351851851851853
0 0.3380208333333333 0.4925925925925926 0.3 0.4925925925925926 0.3 0.5648148148148148 0.3380208333333333 0.5648148148148148
5 0.6359375 0.5712962962962965 0.5979166666666667 0.5712962962962965 0.5979166666666667 0.6453703703703706 0.6359375 0.6453703703703706
8 0.38229166666666664 0.3962962962962964 0.3515625 0.3962962962962964 0.3515625 0.4564814814814816 0.38229166666666664 0.4564814814814816
1 0.725 0.3777777777777779 0.6869791666666667 0.3777777777777779 0.6869791666666667 0.44722222222222235 0.725 0.44722222222222235
5 0.7286458333333333 0.5583333333333336 0.6869791666666667 0.5583333333333336 0.6869791666666667 0.627777777777778 0.7286458333333333 0.627777777777778
13 0.6854166666666667 0.36574074074074087 0.6364583333333333 0.36574074074074087 0.6364583333333333 0.45370370370370383 0.6854166666666667 0.45370370370370383
11 0.6328125 0.4787037037037039 0.5921875 0.4787037037037039 0.5921875 0.5509259259259262 0.6328125 0.5509259259259262
10 0.28958333333333336 0.4925925925925926 0.2489583333333334 0.4925925925925926 0.2489583333333334 0.5657407407407408 0.28958333333333336 0.5657407407407408
10 0.3385416666666667 0.3962962962962964 0.296875 0.3962962962962964 0.296875 0.4685185185185186 0.3385416666666667 0.4685185185185186
3 0.2890625 0.30277777777777787 0.2557291666666667 0.30277777777777787 0.2557291666666667 0.3592592592592594 0.2890625 0.3592592592592594
12 0.34427083333333336 0.5851851851851851 0.29583333333333334 0.5851851851851851 0.29583333333333334 0.6703703703703704 0.34427083333333336 0.6703703703703704