13 0.6666666666666666 0.39074074074074083 0.6223958333333334 0.39074074074074083 0.6223958333333334 0.47314814814814826 0.6666666666666666 0.47314814814814826
3 0.5505208333333333 0.052777777777777896 0.521875 0.052777777777777896 0.521875 0.10833333333333345 0.5505208333333333 0.10833333333333346
2 0.41302083333333334 0.2537037037037038 0.384375 0.2537037037037038 0.384375 0.3074074074074075 0.41302083333333334 0.3074074074074075
8 0.2828125 0.3675925925925927 0.2546875 0.3675925925925927 0.2546875 0.4231481481481483 0.2828125 0.4231481481481483
12 0.33541666666666664 0.43796296296296305 0.29270833333333335 0.43796296296296305 0.29270833333333335 0.5185185185185185 0.33541666666666664 0.5185185185185185
7 0.5963541666666666 0.1314814814814816 0.559375 0.1314814814814816 0.559375 0.19814814814814824 0.5963541666666666 0.19814814814814824
2 0.415625 0.4324074074074075 0.3859375 0.4324074074074075 0.3859375 0.48518518518518516 0.415625 0.48518518518518516
6 0.3697916666666667 0.14814814814814822 0.33489583333333334 0.1481481481481482 0.33489583333333334 0.21388888888888896 0.3697916666666667 0.213888888888889
3 0.5671875 0.7879629629629632 0.5385416666666667 0.7879629629629632 0.5385416666666667 0.8435185185185188 0.5671875 0.8435185185185188
7 0.6213541666666667 0.7000000000000002 0.584375 0.7000000000000002 0.584375 0.7675925925925928 0.6213541666666667 0.7675925925925928
8 0.2838541666666667 0.5351851851851852 0.2567708333333334 0.5351851851851852 0.2567708333333334 0.587037037037037 0.2838541666666667 0.587037037037037
3 0.5567708333333333 0.23981481481481493 0.5276041666666667 0.23981481481481493 0.5276041666666667 0.29444444444444456 0.5567708333333333 0.29444444444444456
4 0.30104166666666665 0.6092592592592593 0.26666666666666666 0.6092592592592593 0.26666666666666666 0.6759259259259259 0.30104166666666665 0.6759259259259259
2 0.40729166666666666 0.06944444444444452 0.37916666666666665 0.06944444444444452 0.37916666666666665 0.12407407407407418 0.40729166666666666 0.12407407407407418
2 0.428125 0.6175925925925926 0.39947916666666666 0.6175925925925926 0.39947916666666666 0.6722222222222223 0.428125 0.6722222222222223
6 0.3854166666666667 0.7138888888888889 0.35104166666666664 0.7138888888888889 0.35104166666666664 0.7777777777777778 0.3854166666666667 0.7777777777777778
0 0.28229166666666666 0.09351851851851857 0.24791666666666667 0.09351851851851857 0.24791666666666667 0.16018518518518524 0.28229166666666666 0.16018518518518524
3 0.5645833333333333 0.4148148148148149 0.5348958333333333 0.4148148148148149 0.5348958333333333 0.4712962962962964 0.5645833333333333 0.4712962962962964
9 0.7088541666666667 0.5157407407407409 0.6791666666666667 0.5157407407407409 0.6791666666666667 0.5731481481481484 0.7088541666666667 0.5731481481481484
2 0.43072916666666666 0.799074074074074 0.40260416666666665 0.799074074074074 0.40260416666666665 0.8546296296296296 0.43072916666666666 0.8546296296296296
4 0.28020833333333334 0.17592592592592599 0.24635416666666668 0.17592592592592599 0.24635416666666668 0.24166666666666678 0.28020833333333334 0.24166666666666678
5 0.69375 0.12129629629629646 0.6557291666666667 0.12129629629629646 0.6557291666666667 0.1907407407407409 0.69375 0.1907407407407409
11 0.7005208333333334 0.2120370370370372 0.6625 0.2120370370370372 0.6625 0.28055555555555567 0.7005208333333334 0.28055555555555567
3 0.5645833333333333 0.6092592592592595 0.5359375 0.6092592592592595 0.5359375 0.665740740740741 0.5645833333333333 0.665740740740741
1 0.6963541666666667 0.042592592592592744 0.6609375 0.04259259259259274 0.6609375 0.10740740740740755 0.6963541666666667 0.10740740740740756
10 0.28541666666666665 0.26574074074074083 0.24739583333333334 0.26574074074074083 0.24739583333333334 0.32870370370370383 0.28541666666666665 0.32870370370370383
10 0.3026041666666667 0.7018518518518518 0.26666666666666666 0.7018518518518518 0.26666666666666666 0.7694444444444445 0.3026041666666667 0.7694444444444445
0 0.3026041666666667 0.787962962962963 0.26250000000000007 0.787962962962963 0.26250000000000007 0.8527777777777777 0.3026041666666667 0.8527777777777777
9 0.6979166666666666 0.32037037037037047 0.6677083333333333 0.32037037037037047 0.6677083333333333 0.3750000000000001 0.6979166666666666 0.3750000000000001
11 0.7140625 0.5981481481481483 0.6765625 0.5981481481481483 0.6765625 0.6648148148148151 0.7140625 0.6648148148148151
5 0.7109375 0.6787037037037039 0.675 0.6787037037037039 0.675 0.7462962962962965 0.7109375 0.7462962962962965
1 0.70625 0.7814814814814817 0.6713541666666667 0.7814814814814817 0.6713541666666667 0.8453703703703705 0.70625 0.8453703703703705