9 0.6765625 0.3916666666666668 0.6338541666666667 0.3916666666666668 0.6338541666666667 0.4666666666666668 0.6765625 0.4666666666666668
2 0.7088541666666667 0.4611111111111112 0.6671875 0.4611111111111112 0.6671875 0.5333333333333335 0.7088541666666667 0.5333333333333335
1 0.32916666666666666 0.687962962962963 0.275 0.687962962962963 0.275 0.7814814814814814 0.32916666666666666 0.7814814814814814
6 0.6739583333333333 0.5101851851851854 0.6229166666666667 0.5101851851851854 0.6229166666666667 0.6009259259259261 0.6739583333333333 0.6009259259259261
6 0.559375 0.18703703703703714 0.50625 0.18703703703703714 0.50625 0.2787037037037038 0.559375 0.2787037037037038
7 0.4713541666666667 0.7564814814814815 0.41822916666666665 0.7564814814814815 0.41822916666666665 0.8481481481481481 0.4713541666666667 0.8481481481481481
12 0.41770833333333335 0.5944444444444444 0.3541666666666667 0.5944444444444444 0.3541666666666667 0.7055555555555556 0.41770833333333335 0.7055555555555556
2 0.5932291666666667 0.15185185185185196 0.5515625 0.15185185185185196 0.5515625 0.22407407407407418 0.5932291666666667 0.22407407407407418
11 0.303125 0.6166666666666667 0.2505208333333334 0.6166666666666667 0.2505208333333334 0.7092592592592593 0.303125 0.7092592592592593
3 0.4229166666666667 0.8157407407407408 0.38125 0.8157407407407408 0.38125000000000003 0.8861111111111111 0.4229166666666668 0.8861111111111111
9 0.61875 0.2240740740740742 0.5744791666666667 0.22407407407407418 0.5744791666666667 0.30092592592592604 0.61875 0.30092592592592604
7 0.34791666666666665 0.44537037037037047 0.29583333333333334 0.44537037037037047 0.29583333333333334 0.5361111111111111 0.34791666666666665 0.5361111111111111
0 0.6625 0.17129629629629645 0.6104166666666667 0.17129629629629645 0.6104166666666667 0.26481481481481495 0.6625 0.26481481481481495
5 0.48385416666666664 0.6351851851851853 0.42916666666666664 0.6351851851851852 0.42916666666666664 0.7314814814814816 0.48385416666666664 0.7314814814814817
4 0.5458333333333333 0.32222222222222235 0.49270833333333336 0.32222222222222235 0.49270833333333336 0.4148148148148149 0.5458333333333333 0.4148148148148149
3 0.30416666666666664 0.4962962962962963 0.26093750000000004 0.4962962962962963 0.26093750000000004 0.5722222222222222 0.30416666666666664 0.5722222222222222
8 0.3932291666666667 0.7351851851851852 0.353125 0.7351851851851852 0.353125 0.8064814814814815 0.3932291666666667 0.8064814814814815
0 0.7213541666666666 0.32685185185185195 0.6708333333333333 0.32685185185185195 0.6708333333333333 0.4148148148148149 0.7213541666666666 0.4148148148148149
11 0.3609375000000001 0.774074074074074 0.3067708333333333 0.774074074074074 0.3067708333333334 0.8703703703703703 0.36093750000000013 0.8703703703703703
4 0.6010416666666667 0.4787037037037039 0.5494791666666666 0.4787037037037039 0.5494791666666666 0.5685185185185188 0.6010416666666667 0.5685185185185188
8 0.3359375 0.5814814814814815 0.2942708333333333 0.5814814814814815 0.2942708333333333 0.6555555555555556 0.3359375 0.6555555555555556
10 0.6546875 0.29444444444444456 0.6020833333333333 0.29444444444444456 0.6020833333333333 0.38796296296296306 0.6546875 0.38796296296296306
2 0.6453125 0.44444444444444453 0.6052083333333333 0.44444444444444453 0.6052083333333333 0.5166666666666668 0.6453125 0.5166666666666668
3 0.4473958333333333 0.549074074074074 0.403125 0.549074074074074 0.403125 0.6287037037037037 0.4473958333333333 0.6287037037037037
3 0.43854166666666666 0.687037037037037 0.39479166666666665 0.687037037037037 0.39479166666666665 0.7648148148148148 0.43854166666666666 0.7648148148148148
1 0.37135416666666665 0.6407407407407407 0.31875 0.6407407407407407 0.31875 0.7333333333333333 0.37135416666666665 0.7333333333333333
2 0.571875 0.40555555555555567 0.5302083333333333 0.40555555555555567 0.5302083333333333 0.47962962962962985 0.571875 0.47962962962962985
5 0.42083333333333334 0.46944444444444455 0.36822916666666666 0.46944444444444455 0.36822916666666666 0.562037037037037 0.42083333333333334 0.562037037037037
13 0.6229166666666667 0.3351851851851853 0.5609375 0.3351851851851853 0.5609375 0.44537037037037047 0.6229166666666667 0.44537037037037047
2 0.5833333333333334 0.2861111111111112 0.5421875 0.2861111111111112 0.5421875 0.35462962962962974 0.5833333333333334 0.35462962962962974
3 0.37604166666666666 0.5277777777777778 0.334375 0.5277777777777778 0.334375 0.5981481481481481 0.37604166666666666 0.5981481481481481
10 0.696875 0.2537037037037038 0.6421875 0.2537037037037038 0.6421875 0.3453703703703705 0.696875 0.3453703703703705