5 0.5640625 0.031481481481481596 0.5114583333333333 0.03148148148148159 0.5114583333333333 0.12592592592592602 0.5640625 0.12592592592592602
1 0.5375 0.7842592592592594 0.48802083333333335 0.7842592592592594 0.4880208333333334 0.8731481481481483 0.5375 0.8731481481481483
10 0.5703125 0.677777777777778 0.5203125 0.677777777777778 0.5203125 0.7666666666666668 0.5703125 0.7666666666666668
7 0.684375 0.6731481481481484 0.6348958333333333 0.6731481481481484 0.6348958333333333 0.7620370370370373 0.684375 0.7620370370370373
9 0.4546875 0.12685185185185197 0.4114583333333333 0.12685185185185197 0.4114583333333333 0.2037037037037038 0.4546875 0.2037037037037038
7 0.6916666666666667 0.11851851851851868 0.6395833333333333 0.11851851851851868 0.6395833333333333 0.20925925925925942 0.6916666666666667 0.20925925925925942
0 0.5208333333333334 0.1601851851851853 0.46822916666666664 0.1601851851851853 0.46822916666666664 0.2527777777777779 0.5208333333333334 0.2527777777777779
2 0.6223958333333334 0.08981481481481494 0.58125 0.08981481481481494 0.58125 0.16018518518518532 0.6223958333333334 0.16018518518518535
6 0.6557291666666667 0.5231481481481484 0.6046875 0.5231481481481484 0.6046875 0.6129629629629632 0.6557291666666667 0.6129629629629632
2 0.675 0.33055555555555566 0.6317708333333333 0.33055555555555566 0.6317708333333333 0.4037037037037038 0.675 0.4037037037037038
4 0.5552083333333333 0.3157407407407408 0.503125 0.3157407407407408 0.503125 0.4064814814814816 0.5552083333333333 0.4064814814814816
3 0.6546875 0.25462962962962976 0.6125 0.25462962962962976 0.6125 0.325925925925926 0.6546875 0.325925925925926
3 0.39739583333333334 0.44722222222222235 0.3572916666666667 0.44722222222222235 0.3572916666666667 0.5203703703703704 0.39739583333333334 0.5203703703703704
3 0.446875 0.4074074074074075 0.4046875 0.4074074074074075 0.4046875 0.48148148148148145 0.446875 0.48148148148148145
2 0.4661458333333333 0.4861111111111111 0.42291666666666666 0.4861111111111111 0.42291666666666666 0.5675925925925925 0.4661458333333333 0.5675925925925925
12 0.6385416666666667 0.7083333333333336 0.58125 0.7083333333333336 0.58125 0.8111111111111113 0.6385416666666667 0.8111111111111113
8 0.5973958333333333 0.5750000000000002 0.5567708333333333 0.5750000000000002 0.5567708333333333 0.6462962962962965 0.5973958333333333 0.6462962962962965
3 0.5151041666666667 0.4611111111111112 0.47291666666666665 0.4611111111111112 0.47291666666666665 0.5342592592592593 0.5151041666666667 0.5342592592592594
8 0.5802083333333333 0.7694444444444447 0.5427083333333333 0.7694444444444447 0.5427083333333333 0.8370370370370372 0.5802083333333333 0.8370370370370372
5 0.48802083333333335 0.2824074074074075 0.43385416666666665 0.2824074074074075 0.43385416666666665 0.37592592592592605 0.48802083333333335 0.37592592592592605
3 0.5359375 0.2500000000000001 0.49375 0.2500000000000001 0.49375 0.3240740740740742 0.5359375 0.3240740740740742
0 0.5 0.639814814814815 0.4510416666666667 0.6398148148148148 0.4510416666666667 0.726851851851852 0.5 0.7268518518518521
13 0.40729166666666666 0.15185185185185193 0.35 0.1518518518518519 0.35 0.25555555555555565 0.40729166666666666 0.25555555555555565
11 0.403125 0.7148148148148148 0.35260416666666666 0.7148148148148148 0.35260416666666666 0.8064814814814815 0.403125 0.8064814814814815
11 0.5541666666666667 0.5981481481481483 0.5041666666666667 0.5981481481481483 0.5041666666666667 0.6879629629629632 0.5541666666666667 0.6879629629629632
10 0.4375 0.04907407407407416 0.3890625 0.04907407407407415 0.3890625 0.13796296296296306 0.4375 0.13796296296296306
4 0.7067708333333333 0.4750000000000002 0.6567708333333333 0.4750000000000002 0.6567708333333333 0.5703703703703705 0.7067708333333333 0.5703703703703705
2 0.31302083333333336 0.3240740740740742 0.27239583333333334 0.3240740740740742 0.27239583333333334 0.4000000000000001 0.31302083333333336 0.4000000000000001
2 0.3651041666666667 0.2879629629629631 0.3234375 0.2879629629629631 0.3234375 0.36203703703703716 0.3651041666666667 0.36203703703703716
6 0.29739583333333336 0.5138888888888888 0.24531250000000007 0.5138888888888888 0.24531250000000007 0.6055555555555555 0.29739583333333336 0.6055555555555555
9 0.5005208333333333 0.0851851851851853 0.46041666666666664 0.0851851851851853 0.46041666666666664 0.15833333333333344 0.5005208333333333 0.15833333333333344
1 0.421875 0.23981481481481493 0.37083333333333335 0.23981481481481493 0.37083333333333335 0.3333333333333334 0.421875 0.3333333333333334