6 0.42083333333333334 0.06111111111111119 0.37447916666666664 0.06111111111111119 0.37447916666666664 0.14074074074074083 0.42083333333333334 0.14074074074074083
4 0.5208333333333334 0.00833333333333344 0.4744791666666667 0.008333333333333436 0.4744791666666667 0.08981481481481492 0.5208333333333334 0.08981481481481492
11 0.5692708333333333 0.7814814814814817 0.5239583333333333 0.7814814814814817 0.5239583333333333 0.8592592592592595 0.5692708333333333 0.8592592592592595
3 0.36875 0.18055555555555564 0.3307291666666667 0.1805555555555556 0.3307291666666667 0.2453703703703705 0.36875 0.2453703703703705
3 0.3572916666666667 0.09537037037037045 0.32083333333333336 0.09537037037037045 0.32083333333333336 0.15833333333333338 0.3572916666666667 0.15833333333333338
1 0.6005208333333333 0.5990740740740743 0.55625 0.5990740740740743 0.55625 0.6750000000000002 0.6005208333333333 0.6750000000000002
2 0.7223958333333333 0.7138888888888891 0.684375 0.7138888888888891 0.684375 0.7796296296296299 0.7223958333333333 0.7796296296296299
9 0.5598958333333334 0.7185185185185188 0.5234375 0.7185185185185188 0.5234375 0.7787037037037039 0.5598958333333334 0.7787037037037039
2 0.4479166666666667 0.7601851851851852 0.4109375 0.7601851851851852 0.4109375 0.8212962962962963 0.4479166666666667 0.8212962962962963
7 0.5375 0.5370370370370372 0.490625 0.5370370370370372 0.490625 0.6166666666666669 0.5375 0.6166666666666669
3 0.6234375 1.317062275194121e-16 0.5864583333333333 1.276807681333259e-16 0.5864583333333333 0.03981481481481495 0.6234375 0.03981481481481495
3 0.5854166666666667 0.0777777777777779 0.5479166666666667 0.0777777777777779 0.5479166666666667 0.14074074074074083 0.5854166666666667 0.14074074074074083
2 0.6604166666666667 0.6620370370370372 0.6255208333333333 0.6620370370370372 0.6255208333333333 0.7231481481481483 0.6604166666666667 0.7231481481481483
0 0.44375 0.22592592592592603 0.3984375 0.22592592592592603 0.3984375 0.30462962962962975 0.44375 0.30462962962962975
2 0.45833333333333337 0.8453703703703703 0.42239583333333336 0.8453703703703703 0.4223958333333334 0.9064814814814814 0.4583333333333334 0.9064814814814814
7 0.5041666666666667 0.7351851851851853 0.46041666666666664 0.7351851851851852 0.46041666666666664 0.8111111111111112 0.5041666666666667 0.8111111111111113
6 0.5046875 0.28055555555555567 0.4588541666666667 0.28055555555555567 0.4588541666666667 0.3601851851851853 0.5046875 0.3601851851851853
4 0.4942708333333333 0.2000000000000001 0.44895833333333335 0.2000000000000001 0.44895833333333335 0.2814814814814816 0.4942708333333333 0.2814814814814816
2 0.6734375 0.7379629629629632 0.6380208333333334 0.7379629629629632 0.6380208333333334 0.7981481481481484 0.6734375 0.7981481481481484
0 0.4817708333333333 0.11851851851851862 0.4354166666666667 0.11851851851851862 0.4354166666666667 0.19814814814814824 0.4817708333333333 0.19814814814814824
5 0.496875 0.6546296296296298 0.44947916666666665 0.6546296296296297 0.44947916666666665 0.7351851851851853 0.496875 0.7351851851851854
8 0.5432291666666667 0.18148148148148158 0.5052083333333334 0.18148148148148158 0.5052083333333334 0.2462962962962964 0.5432291666666667 0.2462962962962964
1 0.6203125 0.7564814814814816 0.5760416666666667 0.7564814814814816 0.5760416666666667 0.8361111111111114 0.6203125 0.8361111111111114
5 0.5218750000000001 0.8046296296296297 0.47708333333333336 0.8046296296296296 0.4770833333333334 0.889814814814815 0.5218750000000001 0.8898148148148151
13 0.6192708333333333 0.6666666666666669 0.5625 0.6666666666666669 0.5625 0.7685185185185187 0.6192708333333333 0.7685185185185187
11 0.546875 0.6203703703703706 0.5005208333333333 0.6203703703703706 0.5005208333333333 0.7046296296296298 0.546875 0.7046296296296298
10 0.471875 0.029629629629629728 0.42552083333333335 0.02962962962962972 0.42552083333333335 0.11481481481481493 0.471875 0.11481481481481493
10 0.5348958333333333 0.08703703703703715 0.48802083333333335 0.08703703703703715 0.48802083333333335 0.1740740740740742 0.5348958333333333 0.1740740740740742
3 0.5760416666666667 1.2144414091544584e-16 0.5395833333333333 1.1747537814043128e-16 0.5395833333333333 0.05925925925925938 0.5760416666666667 0.05925925925925939
12 0.4317708333333333 0.1361111111111112 0.3770833333333333 0.1361111111111112 0.3770833333333333 0.23703703703703713 0.4317708333333333 0.23703703703703713