1 0.6921875 0.6833333333333336 0.6380208333333334 0.6833333333333336 0.6380208333333334 0.777777777777778 0.6921875 0.777777777777778
7 0.6890625 0.43055555555555564 0.6354166666666666 0.43055555555555564 0.6354166666666666 0.5231481481481484 0.6890625 0.5231481481481484
12 0.621875 0.5703703703703705 0.5583333333333333 0.5703703703703705 0.5583333333333333 0.6814814814814817 0.621875 0.6814814814814817
1 0.653125 0.6240740740740743 0.6 0.6240740740740743 0.6 0.7157407407407409 0.653125 0.7157407407407409
6 0.4979166666666667 0.14166666666666677 0.44479166666666664 0.14166666666666677 0.44479166666666664 0.23333333333333345 0.4979166666666667 0.23333333333333345
7 0.5427083333333333 0.7268518518518521 0.4890625 0.7268518518518521 0.4890625 0.8194444444444446 0.5427083333333333 0.8194444444444446
3 0.7192708333333333 0.49444444444444463 0.6786458333333333 0.49444444444444463 0.6786458333333333 0.564814814814815 0.7192708333333333 0.564814814814815
0 0.39427083333333335 0.1148148148148149 0.3411458333333333 0.1148148148148149 0.3411458333333333 0.20648148148148157 0.39427083333333335 0.2064814814814816
4 0.4354166666666667 0.42407407407407416 0.38177083333333334 0.42407407407407416 0.38177083333333334 0.5175925925925926 0.4354166666666667 0.5175925925925926
2 0.3177083333333333 0.3916666666666668 0.27708333333333335 0.3916666666666668 0.27708333333333335 0.4611111111111112 0.3177083333333333 0.4611111111111112
2 0.45364583333333336 0.10555555555555565 0.4119791666666667 0.10555555555555564 0.4119791666666667 0.1777777777777779 0.45364583333333336 0.1777777777777779
5 0.5421875 0.6046296296296299 0.48854166666666665 0.6046296296296299 0.48854166666666665 0.6981481481481484 0.5421875 0.6981481481481484
11 0.7197916666666667 0.6138888888888892 0.6661458333333333 0.6138888888888892 0.6661458333333333 0.7064814814814817 0.7197916666666667 0.7064814814814817
8 0.6125 0.7175925925925928 0.5697916666666667 0.7175925925925928 0.5697916666666667 0.7916666666666669 0.6125 0.7916666666666669
8 0.68125 0.5740740740740743 0.6390625 0.5740740740740743 0.6390625 0.6462962962962965 0.68125 0.6462962962962965
11 0.6552083333333333 0.7648148148148151 0.6020833333333333 0.7648148148148151 0.6020833333333333 0.8564814814814817 0.6552083333333333 0.8564814814814817
10 0.3932291666666667 0.2361111111111112 0.340625 0.23611111111111116 0.340625 0.3277777777777779 0.3932291666666667 0.3277777777777779
6 0.3572916666666667 0.450925925925926 0.30520833333333336 0.450925925925926 0.30520833333333336 0.5416666666666666 0.3572916666666667 0.5416666666666666
3 0.5786458333333333 0.7879629629629632 0.5369791666666667 0.7879629629629632 0.5369791666666667 0.8601851851851854 0.5786458333333333 0.8601851851851854
13 0.4317708333333333 0.2814814814814816 0.3671875 0.2814814814814816 0.3671875 0.3935185185185186 0.4317708333333333 0.3935185185185186
4 0.5010416666666667 0.2777777777777779 0.44635416666666666 0.2777777777777779 0.44635416666666666 0.37222222222222234 0.5010416666666667 0.37222222222222234
2 0.4557291666666667 0.2324074074074075 0.4125 0.2324074074074075 0.4125 0.3074074074074075 0.4557291666666667 0.3074074074074075
3 0.575 0.5222222222222225 0.53125 0.5222222222222225 0.53125 0.5981481481481483 0.575 0.5981481481481483
9 0.42604166666666665 0.17222222222222233 0.38333333333333336 0.17222222222222233 0.38333333333333336 0.2462962962962964 0.42604166666666665 0.2462962962962964
0 0.325 0.25462962962962976 0.27239583333333334 0.25462962962962976 0.27239583333333334 0.3453703703703705 0.325 0.3453703703703705
3 0.6458333333333334 0.5101851851851854 0.6015625 0.5101851851851854 0.6015625 0.5870370370370372 0.6458333333333334 0.5870370370370372
9 0.3546875 0.3277777777777779 0.3125 0.3277777777777779 0.3125 0.400925925925926 0.3546875 0.400925925925926
2 0.459375 0.3574074074074075 0.4161458333333333 0.3574074074074075 0.4161458333333333 0.4314814814814816 0.459375 0.4314814814814816
5 0.6166666666666667 0.44814814814814824 0.5614583333333333 0.44814814814814824 0.5614583333333333 0.5444444444444446 0.6166666666666667 0.5444444444444446
3 0.5734375 0.6601851851851854 0.53125 0.6601851851851854 0.53125 0.7333333333333335 0.5734375 0.7333333333333335
10 0.3541666666666667 0.19351851851851856 0.30520833333333336 0.19351851851851856 0.30520833333333336 0.2787037037037038 0.3541666666666667 0.2787037037037038
2 0.38333333333333336 0.38425925925925936 0.3421875 0.38425925925925936 0.3421875 0.45555555555555566 0.38333333333333336 0.45555555555555566