4 0.5770833333333333 0.4814814814814817 0.5348958333333333 0.4814814814814817 0.5348958333333333 0.5435185185185187 0.5770833333333333 0.5435185185185187
4 0.6833333333333333 0.2157407407407409 0.6411458333333333 0.2157407407407409 0.6411458333333333 0.2750000000000001 0.6833333333333333 0.2750000000000001
6 0.628125 0.21574074074074087 0.5869791666666667 0.21574074074074084 0.5869791666666667 0.2750000000000001 0.628125 0.2750000000000001
10 0.51875 0.12962962962962973 0.48072916666666665 0.12962962962962973 0.48072916666666665 0.19351851851851862 0.51875 0.19351851851851862
3 0.41041666666666665 0.48703703703703705 0.37552083333333336 0.48703703703703705 0.37552083333333336 0.5361111111111111 0.41041666666666665 0.5361111111111111
8 0.5682291666666667 0.21481481481481493 0.534375 0.21481481481481493 0.534375 0.2675925925925927 0.5682291666666667 0.2675925925925927
12 0.5770833333333333 0.04166666666666679 0.5270833333333333 0.04166666666666678 0.5270833333333333 0.11481481481481494 0.5770833333333333 0.11481481481481495
0 0.46510416666666665 0.21944444444444455 0.4265625 0.21944444444444455 0.4265625 0.27685185185185196 0.46510416666666665 0.27685185185185196
5 0.5182291666666666 0.5620370370370371 0.48072916666666665 0.562037037037037 0.48072916666666665 0.6296296296296298 0.5182291666666666 0.6296296296296299
3 0.5734375 0.5685185185185188 0.5411458333333333 0.5685185185185188 0.5411458333333333 0.6194444444444447 0.5734375 0.6194444444444447
3 0.4625 0.4888888888888889 0.43020833333333336 0.4888888888888889 0.43020833333333336 0.5388888888888889 0.4625 0.5388888888888889
11 0.3619791666666667 0.2194444444444445 0.3203125 0.2194444444444445 0.3203125 0.2842592592592594 0.3619791666666667 0.2842592592592594
7 0.6255208333333333 0.050925925925926055 0.584375 0.050925925925926055 0.584375 0.10925925925925939 0.6255208333333333 0.10925925925925939
8 0.5140625 0.05092592592592604 0.48072916666666665 0.050925925925926034 0.48072916666666665 0.09629629629629641 0.5140625 0.09629629629629641
2 0.6807291666666667 0.6564814814814817 0.6515625 0.6564814814814817 0.6515625 0.7046296296296298 0.6807291666666667 0.7046296296296298
0 0.5744791666666667 0.6490740740740742 0.5385416666666667 0.6490740740740742 0.5385416666666667 0.7138888888888891 0.5744791666666667 0.7138888888888891
6 0.3015625 0.49166666666666664 0.26510416666666675 0.49166666666666664 0.26510416666666675 0.5546296296296296 0.3015625 0.5546296296296296
1 0.46875 0.6509259259259259 0.42916666666666664 0.6509259259259259 0.42916666666666664 0.712037037037037 0.46875 0.712037037037037
2 0.4109375 0.662962962962963 0.3807291666666667 0.662962962962963 0.3807291666666667 0.7138888888888889 0.4109375 0.7138888888888889
13 0.4744791666666667 0.7314814814814815 0.4265625 0.7314814814814815 0.4265625 0.812037037037037 0.4744791666666667 0.812037037037037
2 0.35625 0.662962962962963 0.325 0.662962962962963 0.325 0.7185185185185186 0.35625 0.7185185185185186
9 0.5239583333333333 0.7407407407407409 0.49114583333333334 0.7407407407407409 0.49114583333333334 0.7953703703703706 0.5239583333333333 0.7953703703703706
10 0.5208333333333334 0.8185185185185186 0.4822916666666667 0.8185185185185185 0.48229166666666673 0.888888888888889 0.5208333333333335 0.8888888888888891
9 0.5729166666666666 0.7509259259259261 0.54375 0.7509259259259261 0.54375 0.8000000000000002 0.5729166666666666 0.8000000000000002
2 0.4630208333333333 0.39444444444444454 0.4317708333333333 0.39444444444444454 0.4317708333333333 0.44166666666666676 0.4630208333333333 0.44166666666666676
3 0.5135416666666667 0.38611111111111124 0.484375 0.38611111111111124 0.484375 0.43796296296296305 0.5135416666666667 0.43796296296296305
5 0.6359375 0.7379629629629632 0.5984375 0.7379629629629632 0.5984375 0.8064814814814817 0.6359375 0.8064814814814817
2 0.6807291666666667 0.388888888888889 0.653125 0.388888888888889 0.653125 0.44351851851851865 0.6807291666666667 0.44351851851851865
11 0.5208333333333334 0.21666666666666679 0.48489583333333336 0.21666666666666679 0.48489583333333336 0.28333333333333344 0.5208333333333334 0.28333333333333344
1 0.46927083333333336 0.05648148148148158 0.4322916666666667 0.05648148148148158 0.4322916666666667 0.113888888888889 0.46927083333333336 0.113888888888889
3 0.6791666666666667 0.47314814814814826 0.6494791666666667 0.47314814814814826 0.6494791666666667 0.5240740740740742 0.6791666666666667 0.5240740740740742
7 0.7348958333333333 0.5592592592592595 0.6979166666666666 0.5592592592592595 0.6979166666666666 0.6240740740740743 0.7348958333333333 0.6240740740740743