7 0.38177083333333334 0.6861111111111111 0.3380208333333333 0.6861111111111111 0.3380208333333333 0.7722222222222223 0.38177083333333334 0.7722222222222223
1 0.3614583333333333 0.48703703703703705 0.3182291666666667 0.48703703703703705 0.3182291666666667 0.5805555555555556 0.3614583333333333 0.5805555555555556
7 0.42916666666666664 0.31944444444444453 0.38645833333333335 0.31944444444444453 0.38645833333333335 0.4074074074074075 0.42916666666666664 0.4074074074074075
3 0.3328125 0.6787037037037037 0.29739583333333336 0.6787037037037037 0.29739583333333336 0.7490740740740741 0.3328125 0.7490740740740741
1 0.31302083333333336 0.46203703703703713 0.2703125 0.46203703703703713 0.2703125 0.55 0.31302083333333336 0.55
2 0.7125 0.46574074074074084 0.6770833333333334 0.46574074074074084 0.6770833333333334 0.5379629629629632 0.7125 0.5379629629629632
5 0.45989583333333334 0.4212962962962964 0.4166666666666667 0.4212962962962964 0.4166666666666667 0.5101851851851852 0.45989583333333334 0.5101851851851852
4 0.584375 0.6851851851851853 0.5411458333333333 0.6851851851851853 0.5411458333333333 0.7750000000000002 0.584375 0.7750000000000002
12 0.409375 0.49722222222222223 0.35520833333333335 0.49722222222222223 0.35520833333333335 0.6037037037037037 0.409375 0.6037037037037037
3 0.3734375 0.30555555555555564 0.3385416666666667 0.30555555555555564 0.3385416666666667 0.3777777777777779 0.3734375 0.3777777777777779
2 0.6317708333333333 0.714814814814815 0.5963541666666666 0.714814814814815 0.5963541666666666 0.7888888888888891 0.6317708333333333 0.7888888888888891
10 0.6927083333333334 0.6490740740740742 0.65 0.6490740740740742 0.65 0.7361111111111113 0.6927083333333334 0.7361111111111113
13 0.6526041666666667 0.6111111111111113 0.596875 0.6111111111111113 0.596875 0.7212962962962965 0.6526041666666667 0.7212962962962965
3 0.39114583333333336 0.6046296296296296 0.35572916666666665 0.6046296296296296 0.35572916666666665 0.6787037037037037 0.39114583333333336 0.6787037037037037
9 0.6755208333333333 0.7500000000000002 0.6401041666666667 0.7500000000000002 0.6401041666666667 0.8231481481481484 0.6755208333333333 0.8231481481481484
4 0.6046875 0.5037037037037039 0.5609375 0.5037037037037039 0.5609375 0.5953703703703705 0.6046875 0.5953703703703705
10 0.7411458333333333 0.6648148148148151 0.6979166666666666 0.6648148148148151 0.6979166666666666 0.752777777777778 0.7411458333333333 0.752777777777778
3 0.44895833333333335 0.5416666666666666 0.4125 0.5416666666666666 0.4125 0.6148148148148148 0.44895833333333335 0.6148148148148148
2 0.6708333333333333 0.8361111111111114 0.6354166666666666 0.8361111111111114 0.6354166666666666 0.9092592592592594 0.6708333333333333 0.9092592592592594
5 0.43854166666666666 0.6222222222222222 0.39375 0.6222222222222222 0.39375 0.712037037037037 0.43854166666666666 0.712037037037037
8 0.34427083333333336 0.5805555555555556 0.309375 0.5805555555555556 0.309375 0.6518518518518519 0.34427083333333336 0.6518518518518519
0 0.728125 0.7620370370370373 0.6838541666666667 0.7620370370370373 0.6838541666666667 0.8500000000000002 0.728125 0.8500000000000002
9 0.6958333333333333 0.551851851851852 0.6609375 0.551851851851852 0.6609375 0.6250000000000002 0.6958333333333333 0.6250000000000002
2 0.59375 0.603703703703704 0.5578125 0.603703703703704 0.5578125 0.677777777777778 0.59375 0.677777777777778
6 0.6661458333333333 0.42777777777777787 0.6239583333333333 0.42777777777777787 0.6239583333333333 0.5148148148148151 0.6661458333333333 0.5148148148148151
3 0.4125 0.4185185185185186 0.3770833333333333 0.4185185185185186 0.3770833333333333 0.4925925925925926 0.4125 0.4925925925925926
2 0.6552083333333333 0.527777777777778 0.6166666666666667 0.527777777777778 0.6166666666666667 0.5981481481481483 0.6552083333333333 0.5981481481481483
11 0.32447916666666665 0.3675925925925927 0.27708333333333335 0.3675925925925927 0.27708333333333335 0.45555555555555566 0.32447916666666665 0.45555555555555566
11 0.30572916666666666 0.5509259259259259 0.26093750000000004 0.5509259259259259 0.26093750000000004 0.6314814814814815 0.30572916666666666 0.6314814814814815
6 0.6270833333333333 0.8138888888888891 0.5802083333333333 0.8138888888888891 0.5802083333333333 0.8990740740740742 0.6270833333333333 0.8990740740740742
0 0.7546875 0.5805555555555557 0.7088541666666667 0.5805555555555557 0.7088541666666667 0.6611111111111113 0.7546875 0.6611111111111113
8 0.36354166666666665 0.39814814814814825 0.32708333333333334 0.39814814814814825 0.32708333333333334 0.46759259259259267 0.36354166666666665 0.46759259259259267