4 0.7729166666666667 0.33333333333333354 0.7317708333333334 0.33333333333333354 0.7317708333333334 0.40092592592592613 0.7729166666666667 0.40092592592592613
0 0.7723958333333333 0.24722222222222243 0.7317708333333334 0.24722222222222243 0.7317708333333334 0.3138888888888891 0.7723958333333333 0.3138888888888891
7 0.4578125 0.2666666666666668 0.4166666666666667 0.2666666666666668 0.4166666666666667 0.33055555555555566 0.4578125 0.33055555555555566
12 0.7244791666666667 0.5972222222222224 0.6760416666666667 0.5972222222222224 0.6760416666666667 0.6759259259259262 0.7244791666666667 0.6759259259259262
7 0.4458333333333334 0.799074074074074 0.40520833333333334 0.799074074074074 0.4052083333333334 0.8611111111111112 0.44583333333333347 0.8611111111111112
13 0.4088541666666667 0.5074074074074074 0.35833333333333334 0.5074074074074074 0.35833333333333334 0.5861111111111111 0.4088541666666667 0.5861111111111111
2 0.6322916666666667 0.5796296296296298 0.5994791666666667 0.5796296296296298 0.5994791666666667 0.6314814814814816 0.6322916666666667 0.6314814814814816
6 0.6682291666666667 0.8462962962962965 0.6286458333333333 0.8462962962962965 0.6286458333333333 0.915740740740741 0.6682291666666667 0.915740740740741
3 0.48489583333333336 0.5444444444444445 0.4515625 0.5444444444444444 0.4515625 0.5953703703703704 0.48489583333333336 0.5953703703703705
3 0.4947916666666667 0.19074074074074085 0.4609375 0.19074074074074085 0.4609375 0.2425925925925927 0.4947916666666667 0.2425925925925927
3 0.48854166666666665 0.7259259259259261 0.4557291666666667 0.725925925925926 0.4557291666666667 0.7768518518518519 0.48854166666666665 0.776851851851852
1 0.3625 0.16388888888888895 0.3182291666666667 0.16388888888888895 0.3182291666666667 0.23148148148148154 0.3625 0.23148148148148154
2 0.6213541666666667 0.752777777777778 0.5864583333333333 0.752777777777778 0.5864583333333333 0.8037037037037039 0.6213541666666667 0.8037037037037039
2 0.6177083333333333 0.9212962962962965 0.5859375 0.9212962962962965 0.5859375 0.9675925925925926 0.6177083333333333 0.9675925925925926
3 0.48802083333333346 0.8870370370370372 0.4557291666666668 0.8870370370370371 0.4557291666666668 0.9361111111111112 0.48802083333333346 0.9361111111111113
4 0.7510416666666667 0.7583333333333335 0.7109375 0.7583333333333335 0.7109375 0.8212962962962965 0.7510416666666667 0.8212962962962965
2 0.6338541666666667 0.40185185185185196 0.6 0.40185185185185196 0.6 0.4546296296296297 0.6338541666666667 0.4546296296296297
0 0.7505208333333333 0.926851851851852 0.7114583333333333 0.926851851851852 0.7114583333333333 0.9879629629629629 0.7505208333333333 0.9879629629629629
3 0.49114583333333334 0.3712962962962964 0.4552083333333333 0.3712962962962964 0.4552083333333333 0.42222222222222233 0.49114583333333334 0.42222222222222233
2 0.6385416666666667 0.21574074074074087 0.603125 0.21574074074074084 0.603125 0.2685185185185186 0.6385416666666667 0.2685185185185186
6 0.6833333333333333 0.3000000000000001 0.640625 0.3000000000000001 0.640625 0.3712962962962964 0.6833333333333333 0.3712962962962964
8 0.7609375 0.6944444444444446 0.728125 0.6944444444444446 0.728125 0.7481481481481483 0.7609375 0.7481481481481483
1 0.3708333333333334 0.8592592592592593 0.3307291666666667 0.8592592592592593 0.33072916666666674 0.9203703703703704 0.37083333333333346 0.9203703703703704
10 0.7692708333333333 0.42407407407407427 0.7291666666666666 0.42407407407407427 0.7291666666666666 0.48796296296296315 0.7692708333333333 0.48796296296296315
8 0.7640625 0.527777777777778 0.7307291666666667 0.527777777777778 0.7307291666666667 0.5814814814814817 0.7640625 0.5814814814814817
5 0.36302083333333335 0.7638888888888888 0.32135416666666666 0.7638888888888888 0.32135416666666666 0.8268518518518518 0.36302083333333335 0.8268518518518518
11 0.36041666666666666 0.6888888888888889 0.31979166666666664 0.6888888888888889 0.31979166666666664 0.7518518518518519 0.36041666666666666 0.7518518518518519
5 0.36614583333333334 0.25092592592592605 0.32395833333333335 0.25092592592592605 0.32395833333333335 0.3157407407407408 0.36614583333333334 0.3157407407407408
10 0.7489583333333333 0.8444444444444447 0.7109375 0.8444444444444447 0.7109375 0.9120370370370372 0.7489583333333333 0.9120370370370372
9 0.35572916666666665 0.6175925925925926 0.3223958333333333 0.6175925925925926 0.3223958333333333 0.674074074074074 0.35572916666666665 0.674074074074074
9 0.3614583333333333 0.43703703703703717 0.3265625 0.43703703703703717 0.3265625 0.49166666666666664 0.3614583333333333 0.49166666666666664
11 0.3640625 0.3351851851851853 0.321875 0.3351851851851853 0.321875 0.4027777777777779 0.3640625 0.4027777777777779