6 0.6276041666666666 0.25555555555555565 0.5796875 0.25555555555555565 0.5796875 0.34074074074074084 0.6276041666666666 0.34074074074074084
4 0.5625 0.1462962962962964 0.5140625 0.1462962962962964 0.5140625 0.23333333333333345 0.5625 0.23333333333333345
11 0.7817708333333333 0.728703703703704 0.7473958333333334 0.728703703703704 0.7473958333333334 0.7870370370370372 0.7817708333333333 0.7870370370370372
3 0.7078125 0.565740740740741 0.6671875 0.565740740740741 0.6671875 0.6379629629629632 0.7078125 0.6379629629629632
3 0.4854166666666668 0.9361111111111112 0.44583333333333347 0.9361111111111111 0.44583333333333347 1 0.4854166666666668 1
7 0.7661458333333333 0.5453703703703706 0.7192708333333333 0.5453703703703706 0.7192708333333333 0.6296296296296299 0.7661458333333333 0.6296296296296299
13 0.7114583333333333 0.777777777777778 0.6489583333333333 0.777777777777778 0.6489583333333333 0.8888888888888891 0.7114583333333333 0.8888888888888891
2 0.6145833333333334 0.38425925925925936 0.5729166666666666 0.38425925925925936 0.5729166666666666 0.4583333333333334 0.6145833333333334 0.4583333333333334
2 0.5385416666666667 0.5000000000000002 0.49895833333333334 0.5000000000000002 0.49895833333333334 0.5712962962962965 0.5385416666666667 0.5712962962962965
3 0.6385416666666667 0.689814814814815 0.6 0.689814814814815 0.6 0.7592592592592595 0.6385416666666667 0.7592592592592595
3 0.771875 0.452777777777778 0.7348958333333333 0.452777777777778 0.7348958333333333 0.5194444444444447 0.771875 0.5194444444444447
12 0.48489583333333336 0.38055555555555565 0.42604166666666665 0.38055555555555565 0.42604166666666665 0.4861111111111112 0.48489583333333336 0.4861111111111113
2 0.4671875 0.6388888888888888 0.4276041666666667 0.6388888888888888 0.4276041666666667 0.7101851851851851 0.4671875 0.7101851851851851
4 0.3848958333333333 0.4425925925925927 0.33489583333333334 0.4425925925925927 0.33489583333333334 0.5333333333333333 0.3848958333333333 0.5333333333333333
3 0.5619791666666667 0.8129629629629632 0.5229166666666667 0.8129629629629632 0.5229166666666667 0.8833333333333335 0.5619791666666667 0.8833333333333335
7 0.5552083333333333 0.9333333333333336 0.5052083333333335 0.9333333333333336 0.5052083333333335 1 0.5552083333333333 1
2 0.3880208333333333 0.7601851851851852 0.34739583333333335 0.7601851851851852 0.34739583333333335 0.8324074074074074 0.3880208333333333 0.8324074074074074
1 0.8489583333333334 0.6203703703703706 0.8104166666666667 0.6203703703703706 0.8104166666666667 0.6879629629629632 0.8489583333333334 0.6879629629629632
2 0.6807291666666667 0.26944444444444454 0.6432291666666666 0.26944444444444454 0.6432291666666666 0.33703703703703713 0.6807291666666667 0.33703703703703713
0 0.5953125 0.10000000000000013 0.5473958333333333 0.10000000000000013 0.5473958333333333 0.18518518518518529 0.5953125 0.18518518518518529
6 0.39739583333333334 0.6277777777777778 0.34479166666666666 0.6277777777777778 0.34479166666666666 0.7212962962962963 0.39739583333333334 0.7212962962962963
8 0.40520833333333334 0.38055555555555565 0.36666666666666664 0.38055555555555565 0.36666666666666664 0.4500000000000001 0.40520833333333334 0.4500000000000001
10 0.34791666666666665 0.5 0.2921875 0.5 0.2921875 0.6 0.34791666666666665 0.6
8 0.48072916666666665 0.2750000000000001 0.43854166666666666 0.2750000000000001 0.43854166666666666 0.35092592592592603 0.48072916666666665 0.35092592592592603
0 0.3026041666666667 0.5537037037037037 0.24947916666666672 0.5537037037037037 0.24947916666666672 0.6481481481481481 0.3026041666666667 0.6481481481481481
9 0.7416666666666667 0.7944444444444446 0.7166666666666667 0.7944444444444446 0.7166666666666667 0.8370370370370372 0.7416666666666667 0.8370370370370372
5 0.8197916666666667 0.6601851851851854 0.7760416666666666 0.6601851851851854 0.7760416666666666 0.7361111111111113 0.8197916666666667 0.7361111111111113
10 0.5291666666666667 0.2027777777777779 0.47604166666666664 0.2027777777777779 0.47604166666666664 0.2981481481481483 0.5291666666666667 0.2981481481481483