1 0.7838541666666666 0.4037037037037039 0.7296875 0.4037037037037039 0.7296875 0.5046296296296299 0.7838541666666666 0.5046296296296299
5 0.6286458333333333 0.008333333333333465 0.5755208333333334 0.008333333333333458 0.5755208333333334 0.10833333333333346 0.6286458333333333 0.10833333333333346
5 0.75625 0.3231481481481483 0.7020833333333333 0.32314814814814824 0.7020833333333333 0.4240740740740742 0.75625 0.42407407407407427
4 0.28177083333333336 0.4694444444444445 0.2317708333333334 0.46944444444444444 0.2317708333333334 0.5638888888888889 0.28177083333333336 0.5638888888888889
6 0.3697916666666667 0.6944444444444444 0.32083333333333336 0.6944444444444444 0.32083333333333336 0.787962962962963 0.3697916666666667 0.787962962962963
7 0.7182291666666667 0.23703703703703713 0.6640625 0.23703703703703713 0.6640625 0.33703703703703713 0.7182291666666667 0.33703703703703713
0 0.2515625 0.39907407407407414 0.20260416666666667 0.3990740740740741 0.2026041666666667 0.4898148148148148 0.2515625000000001 0.4898148148148148
6 0.3104166666666667 0.5462962962962963 0.26093750000000004 0.5462962962962963 0.26093750000000004 0.6398148148148148 0.3104166666666667 0.6398148148148148
0 0.4317708333333334 0.837037037037037 0.38125 0.837037037037037 0.38125000000000003 0.9305555555555556 0.43177083333333344 0.9305555555555556
10 0.225 0.32222222222222224 0.17604166666666668 0.32222222222222224 0.17604166666666668 0.412962962962963 0.225 0.412962962962963
1 0.5947916666666667 1.2388209519152623e-16 0.5432291666666667 1.182691306954342e-16 0.5432291666666667 0.0240740740740742 0.5947916666666667 0.024074074074074206
2 0.35520833333333335 0.2453703703703705 0.31354166666666666 0.2453703703703705 0.31354166666666666 0.3240740740740742 0.35520833333333335 0.3240740740740742
10 0.45989583333333345 0.9064814814814814 0.40989583333333346 0.9064814814814814 0.40989583333333346 0.9638888888888889 0.45989583333333345 0.9638888888888889
3 0.46770833333333334 0.07962962962962973 0.42552083333333335 0.07962962962962973 0.42552083333333335 0.15833333333333344 0.46770833333333334 0.15833333333333344
12 0.4197916666666667 0.5138888888888888 0.3578125 0.5138888888888888 0.3578125 0.6277777777777778 0.4197916666666667 0.6277777777777778
2 0.4515625 0.35185185185185197 0.41041666666666665 0.35185185185185197 0.41041666666666665 0.42962962962962975 0.4515625 0.42962962962962975
2 0.5645833333333333 0.7833333333333335 0.5244791666666667 0.7833333333333335 0.5244791666666667 0.8574074074074076 0.5645833333333333 0.8574074074074076
3 0.5526041666666667 0.4564814814814816 0.5083333333333333 0.4564814814814816 0.5083333333333333 0.5388888888888891 0.5526041666666667 0.5388888888888891
2 0.5395833333333333 0.7046296296296298 0.49895833333333334 0.7046296296296298 0.49895833333333334 0.7805555555555558 0.5395833333333333 0.7805555555555558
3 0.6604166666666667 0.5666666666666669 0.6166666666666667 0.5666666666666669 0.6166666666666667 0.6472222222222225 0.6604166666666667 0.6472222222222225
4 0.3994791666666667 0.7675925925925926 0.3494791666666667 0.7675925925925926 0.34947916666666673 0.8611111111111112 0.3994791666666668 0.8611111111111112
13 0.6203125 0.24814814814814826 0.5572916666666666 0.24814814814814826 0.5572916666666666 0.36666666666666675 0.6203125 0.36666666666666675
7 0.6645833333333333 0.08333333333333347 0.6114583333333333 0.08333333333333347 0.6114583333333333 0.18240740740740757 0.6645833333333333 0.18240740740740757
8 0.3776041666666667 0.4564814814814816 0.33645833333333336 0.4564814814814816 0.33645833333333336 0.5342592592592592 0.3776041666666667 0.5342592592592592
9 0.6447916666666667 0.3453703703703705 0.5984375 0.3453703703703705 0.5984375 0.43055555555555564 0.6447916666666667 0.43055555555555564
2 0.325 0.17777777777777784 0.28489583333333335 0.17777777777777784 0.28489583333333335 0.2527777777777779 0.325 0.2527777777777779
3 0.6885416666666667 0.6324074074074076 0.6463541666666667 0.6324074074074076 0.6463541666666667 0.7120370370370372 0.6885416666666667 0.7120370370370372
9 0.5776041666666667 0.19537037037037047 0.534375 0.19537037037037047 0.534375 0.27685185185185196 0.5776041666666667 0.27685185185185196
8 0.4401041666666667 0.6166666666666667 0.39895833333333336 0.6166666666666667 0.39895833333333336 0.6944444444444444 0.4401041666666667 0.6944444444444444
11 0.8088541666666667 0.47962962962962985 0.7572916666666667 0.47962962962962985 0.7572916666666667 0.5759259259259262 0.8088541666666667 0.5759259259259262
3 0.43802083333333336 0.005555555555555646 0.3953125 0.005555555555555641 0.3953125 0.08333333333333343 0.43802083333333336 0.08333333333333344