6 0.6614583333333334 0.7592592592592595 0.6255208333333333 0.7592592592592595 0.6255208333333333 0.8203703703703705 0.6614583333333334 0.8203703703703705
7 0.6036458333333333 0.37037037037037046 0.5682291666666667 0.37037037037037046 0.5682291666666667 0.4314814814814816 0.6036458333333333 0.4314814814814816
3 0.4671875 0.4962962962962963 0.43802083333333336 0.4962962962962963 0.43802083333333336 0.5453703703703704 0.4671875 0.5453703703703704
10 0.6177083333333333 0.776851851851852 0.5817708333333333 0.776851851851852 0.5817708333333333 0.8379629629629631 0.6177083333333333 0.8379629629629631
3 0.6583333333333333 0.4425925925925927 0.6296875 0.4425925925925927 0.6296875 0.49166666666666686 0.6583333333333333 0.49166666666666686
3 0.5208333333333334 0.4851851851851854 0.49114583333333334 0.4851851851851854 0.49114583333333334 0.5361111111111113 0.5208333333333334 0.5361111111111113
7 0.4109375 0.4250000000000001 0.3734375 0.4250000000000001 0.3734375 0.4898148148148148 0.4109375 0.4898148148148148
3 0.5661458333333333 0.463888888888889 0.5359375 0.463888888888889 0.5359375 0.5138888888888891 0.5661458333333333 0.5138888888888891
2 0.5526041666666667 0.727777777777778 0.5239583333333333 0.727777777777778 0.5239583333333333 0.776851851851852 0.5526041666666667 0.776851851851852
2 0.6010416666666667 0.7055555555555557 0.5723958333333333 0.7055555555555557 0.5723958333333333 0.7537037037037039 0.6010416666666667 0.7537037037037039
2 0.69375 0.6712962962962965 0.6651041666666667 0.6712962962962965 0.6651041666666667 0.7185185185185188 0.69375 0.7185185185185188
2 0.65 0.6916666666666669 0.6213541666666667 0.6916666666666669 0.6213541666666667 0.7379629629629632 0.65 0.7379629629629632
2 0.50625 0.7398148148148149 0.47708333333333336 0.7398148148148148 0.47708333333333336 0.7879629629629631 0.50625 0.7879629629629632
5 0.640625 0.28333333333333344 0.6046875 0.28333333333333344 0.6046875 0.34444444444444455 0.640625 0.34444444444444455
12 0.6364583333333333 0.8435185185185188 0.5927083333333333 0.8435185185185188 0.5927083333333333 0.9175925925925928 0.6364583333333333 0.9175925925925928
3 0.6145833333333334 0.4546296296296297 0.5854166666666667 0.4546296296296297 0.5854166666666667 0.502777777777778 0.6145833333333334 0.502777777777778
10 0.5723958333333333 0.7972222222222224 0.5359375 0.7972222222222224 0.5359375 0.8592592592592595 0.5723958333333333 0.8592592592592595
11 0.5083333333333333 0.3990740740740742 0.4708333333333333 0.3990740740740742 0.4708333333333333 0.4611111111111112 0.5083333333333333 0.4611111111111112
4 0.5348958333333333 0.8888888888888891 0.49895833333333345 0.8888888888888891 0.49895833333333345 0.9481481481481482 0.5348958333333333 0.9481481481481482
5 0.39791666666666664 0.3416666666666668 0.35989583333333336 0.3416666666666668 0.35989583333333336 0.40555555555555567 0.39791666666666664 0.40555555555555567
6 0.5223958333333334 0.8101851851851853 0.48541666666666666 0.8101851851851853 0.4854166666666667 0.8722222222222225 0.5223958333333335 0.8722222222222225
1 0.4640625 0.41203703703703715 0.42604166666666665 0.41203703703703715 0.42604166666666665 0.47685185185185186 0.4640625 0.47685185185185186
9 0.5880208333333333 0.2981481481481483 0.5588541666666667 0.2981481481481483 0.5588541666666667 0.34814814814814826 0.5880208333333333 0.34814814814814826
0 0.48802083333333346 0.9027777777777779 0.4510416666666668 0.9027777777777778 0.4510416666666668 0.9638888888888889 0.48802083333333346 0.9638888888888889
9 0.4921875 0.3250000000000001 0.4635416666666667 0.3250000000000001 0.4635416666666667 0.3750000000000001 0.4921875 0.3750000000000001
0 0.7041666666666667 0.7453703703703706 0.66875 0.7453703703703706 0.66875 0.8037037037037039 0.7041666666666667 0.8037037037037039
1 0.5583333333333333 0.38425925925925936 0.5208333333333334 0.38425925925925936 0.5208333333333334 0.4462962962962964 0.5583333333333333 0.4462962962962964
4 0.7171875 0.815740740740741 0.6807291666666667 0.815740740740741 0.6807291666666667 0.8787037037037039 0.7171875 0.8787037037037039
8 0.671875 0.8407407407407409 0.6416666666666667 0.8407407407407409 0.6416666666666667 0.8898148148148151 0.671875 0.8898148148148151
8 0.5822916666666667 0.8694444444444447 0.5520833333333334 0.8694444444444447 0.5520833333333334 0.9203703703703706 0.5822916666666667 0.9203703703703706
13 0.5484375 0.2935185185185186 0.503125 0.2935185185185186 0.503125 0.3712962962962964 0.5484375 0.3712962962962964
11 0.44895833333333335 0.3250000000000001 0.41041666666666665 0.3250000000000001 0.41041666666666665 0.3925925925925927 0.44895833333333335 0.3925925925925927