1 0.734375 0.8074074074074076 0.6963541666666667 0.8074074074074076 0.6963541666666667 0.864814814814815 0.734375 0.864814814814815
7 0.6854166666666667 0.6555555555555558 0.6484375 0.6555555555555558 0.6484375 0.7111111111111114 0.6854166666666667 0.7111111111111114
3 0.7244791666666667 0.5731481481481484 0.6947916666666667 0.5731481481481484 0.6947916666666667 0.6175925925925928 0.7244791666666667 0.6175925925925928
3 0.4239583333333333 0.5777777777777777 0.3927083333333333 0.5777777777777777 0.3927083333333333 0.6222222222222222 0.4239583333333333 0.6222222222222222
2 0.5265625 0.338888888888889 0.496875 0.338888888888889 0.496875 0.3814814814814816 0.5265625 0.3814814814814816
4 0.4359375 0.1037037037037038 0.4005208333333333 0.10370370370370378 0.4005208333333333 0.15648148148148158 0.4359375 0.15648148148148158
10 0.3859375 0.11851851851851859 0.3515625 0.11851851851851856 0.3515625 0.17129629629629636 0.3859375 0.1712962962962964
2 0.6255208333333333 0.3333333333333334 0.5953125 0.3333333333333334 0.5953125 0.37592592592592605 0.6255208333333333 0.37592592592592605
3 0.63125 0.5787037037037039 0.5994791666666667 0.5787037037037039 0.5994791666666667 0.6222222222222225 0.63125 0.6222222222222225
13 0.5359375 0.7231481481481483 0.4921875 0.7231481481481483 0.4921875 0.7935185185185187 0.5359375 0.7935185185185187
6 0.6677083333333333 0.25092592592592605 0.6322916666666667 0.25092592592592605 0.6322916666666667 0.30462962962962975 0.6677083333333333 0.30462962962962975
2 0.42604166666666665 0.3314814814814816 0.3953125 0.3314814814814816 0.3953125 0.37407407407407417 0.42604166666666665 0.37407407407407417
3 0.5260416666666666 0.5842592592592595 0.4953125 0.5842592592592595 0.4953125 0.6296296296296299 0.5260416666666666 0.6296296296296299
6 0.3807291666666667 0.25462962962962976 0.34427083333333336 0.25462962962962976 0.34427083333333336 0.31481481481481494 0.3807291666666667 0.31481481481481494
7 0.3729166666666667 0.6611111111111111 0.33645833333333336 0.6611111111111111 0.33645833333333336 0.7157407407407408 0.3729166666666667 0.7157407407407408
2 0.334375 0.34074074074074084 0.30364583333333334 0.34074074074074084 0.30364583333333334 0.38796296296296306 0.334375 0.38796296296296306
2 0.7234375 0.33055555555555566 0.6942708333333333 0.33055555555555566 0.6942708333333333 0.37222222222222234 0.7234375 0.37222222222222234
3 0.3265625 0.5777777777777777 0.296875 0.5777777777777777 0.296875 0.6212962962962963 0.3265625 0.6212962962962963
1 0.33437500000000003 0.8157407407407408 0.296875 0.8157407407407408 0.29687500000000006 0.8740740740740741 0.33437500000000014 0.8740740740740741
5 0.3848958333333334 0.8157407407407408 0.3463541666666667 0.8157407407407408 0.34635416666666674 0.8731481481481481 0.38489583333333344 0.8731481481481481
8 0.48385416666666664 0.1074074074074075 0.4546875 0.1074074074074075 0.4546875 0.15462962962962973 0.48385416666666664 0.15462962962962973
12 0.5348958333333333 0.16481481481481491 0.4921875 0.16481481481481491 0.4921875 0.22962962962962974 0.5348958333333333 0.22962962962962974
9 0.5791666666666667 0.8268518518518521 0.5484375 0.8268518518518521 0.5484375 0.8768518518518521 0.5791666666666667 0.8768518518518521
11 0.6890625 0.8101851851851853 0.6505208333333333 0.8101851851851853 0.6505208333333333 0.8694444444444447 0.6890625 0.8694444444444447
9 0.4807291666666667 0.8240740740740741 0.4510416666666667 0.8240740740740741 0.45104166666666673 0.8740740740740741 0.48072916666666676 0.8740740740740741
10 0.6703125 0.11111111111111126 0.634375 0.11111111111111124 0.634375 0.16481481481481497 0.6703125 0.16481481481481497
4 0.628125 0.10740740740740753 0.5927083333333333 0.10740740740740753 0.5927083333333333 0.16018518518518532 0.628125 0.16018518518518535
11 0.43489583333333337 0.8203703703703704 0.3953125 0.8203703703703704 0.39531250000000007 0.8805555555555555 0.4348958333333334 0.8805555555555555
0 0.33541666666666664 0.10648148148148155 0.30052083333333335 0.10648148148148154 0.30052083333333335 0.16481481481481486 0.33541666666666664 0.16481481481481486
5 0.6354166666666666 0.7990740740740743 0.5963541666666666 0.7990740740740743 0.5963541666666666 0.8638888888888892 0.6354166666666666 0.8638888888888892
0 0.7203125 0.11666666666666682 0.6885416666666667 0.11666666666666682 0.6885416666666667 0.1722222222222224 0.7203125 0.1722222222222224
8 0.5729166666666666 0.11388888888888903 0.5447916666666667 0.11388888888888903 0.5447916666666667 0.15925925925925938 0.5729166666666666 0.15925925925925938