11 0.5260416666666666 0.08796296296296306 0.48854166666666665 0.08796296296296306 0.48854166666666665 0.1462962962962964 0.5260416666666666 0.1462962962962964
2 0.6307291666666667 0.17407407407407421 0.5989583333333334 0.1740740740740742 0.5989583333333334 0.22129629629629644 0.6307291666666667 0.22129629629629646
4 0.4791666666666668 0.8611111111111112 0.43958333333333344 0.8611111111111112 0.43958333333333344 0.9222222222222223 0.4791666666666668 0.9222222222222223
7 0.5286458333333334 0.3379629629629631 0.48854166666666665 0.3379629629629631 0.48854166666666665 0.3990740740740742 0.5286458333333334 0.3990740740740742
3 0.4161458333333333 0.7768518518518519 0.3848958333333333 0.7768518518518519 0.3848958333333333 0.825925925925926 0.4161458333333333 0.825925925925926
9 0.5171875 0.16666666666666677 0.4864583333333333 0.16666666666666677 0.4864583333333333 0.21296296296296308 0.5171875 0.21296296296296308
4 0.5291666666666667 0.6861111111111113 0.4895833333333333 0.6861111111111113 0.4895833333333333 0.7481481481481483 0.5291666666666667 0.7481481481481483
2 0.40989583333333335 0.09444444444444453 0.37916666666666665 0.09444444444444453 0.37916666666666665 0.13981481481481492 0.40989583333333335 0.13981481481481492
0 0.53125 0.7685185185185187 0.49166666666666664 0.7685185185185187 0.49166666666666664 0.8305555555555557 0.53125 0.8305555555555557
6 0.5255208333333333 0.5981481481481483 0.4875 0.5981481481481483 0.4875 0.6583333333333335 0.5255208333333333 0.6583333333333335
5 0.5729166666666666 0.08425925925925938 0.534375 0.08425925925925937 0.534375 0.14351851851851863 0.5729166666666666 0.14351851851851863
6 0.5828125 0.8574074074074076 0.5432291666666667 0.8574074074074076 0.5432291666666667 0.9194444444444446 0.5828125 0.9194444444444446
2 0.36041666666666666 0.09722222222222231 0.3302083333333333 0.09722222222222231 0.3302083333333333 0.14259259259259263 0.36041666666666666 0.14259259259259263
3 0.36562500000000003 0.8555555555555555 0.33541666666666664 0.8555555555555555 0.33541666666666675 0.9055555555555556 0.36562500000000014 0.9055555555555556
3 0.6375 0.7740740740740742 0.6067708333333334 0.7740740740740742 0.6067708333333334 0.8222222222222224 0.6375 0.8222222222222224
7 0.5822916666666667 0.16296296296296306 0.54375 0.16296296296296306 0.54375 0.22222222222222232 0.5822916666666667 0.22222222222222232
2 0.4125 0.1740740740740742 0.38229166666666664 0.1740740740740742 0.38229166666666664 0.22222222222222232 0.4125 0.22222222222222232
13 0.47552083333333334 0.16296296296296306 0.43072916666666666 0.16296296296296306 0.43072916666666666 0.2351851851851853 0.47552083333333334 0.2351851851851853
3 0.4135416666666668 0.8657407407407407 0.38333333333333347 0.8657407407407407 0.38333333333333347 0.9148148148148149 0.4135416666666668 0.9148148148148149
2 0.63125 0.08888888888888902 0.6010416666666667 0.08888888888888902 0.6010416666666667 0.13518518518518532 0.63125 0.13518518518518535
1 0.4734375 0.25092592592592605 0.4354166666666667 0.25092592592592605 0.4354166666666667 0.30833333333333346 0.4734375 0.30833333333333346
8 0.46927083333333336 0.6972222222222222 0.43802083333333336 0.6972222222222222 0.43802083333333336 0.7472222222222222 0.46927083333333336 0.7472222222222222
5 0.5796875 0.24351851851851863 0.5395833333333333 0.24351851851851863 0.5395833333333333 0.30462962962962975 0.5796875 0.30462962962962975
1 0.47239583333333335 0.08611111111111122 0.4328125 0.08611111111111122 0.4328125 0.14814814814814825 0.47239583333333335 0.14814814814814825
11 0.5276041666666667 0.24444444444444455 0.4901041666666667 0.24444444444444455 0.4901041666666667 0.31203703703703717 0.5276041666666667 0.31203703703703717
10 0.47604166666666664 0.775 0.440625 0.775 0.440625 0.837037037037037 0.47604166666666664 0.837037037037037
3 0.6375 0.8620370370370373 0.6078125 0.8620370370370373 0.6078125 0.915740740740741 0.6375 0.915740740740741
10 0.5265625000000002 0.8620370370370373 0.4901041666666668 0.8620370370370373 0.4901041666666668 0.926851851851852 0.5265625000000002 0.926851851851852
0 0.5817708333333333 0.6796296296296298 0.5432291666666667 0.6796296296296298 0.5432291666666667 0.7490740740740743 0.5817708333333333 0.7490740740740743
12 0.5916666666666667 0.7620370370370373 0.54375 0.7620370370370373 0.54375 0.839814814814815 0.5916666666666667 0.839814814814815