10 0.515625 0.1712962962962964 0.46979166666666666 0.1712962962962964 0.46979166666666666 0.25092592592592605 0.515625 0.25092592592592605
12 0.34427083333333336 0.7333333333333333 0.28541666666666665 0.7333333333333333 0.28541666666666665 0.837037037037037 0.34427083333333336 0.837037037037037
3 0.6020833333333333 0.5879629629629631 0.5619791666666667 0.5879629629629631 0.5619791666666667 0.6583333333333335 0.6020833333333333 0.6583333333333335
13 0.5989583333333334 0.38425925925925936 0.5395833333333333 0.38425925925925936 0.5395833333333333 0.4888888888888891 0.5989583333333334 0.4888888888888891
7 0.6291666666666667 0.35185185185185197 0.5807291666666666 0.35185185185185197 0.5807291666666666 0.43703703703703717 0.6291666666666667 0.43703703703703717
11 0.346875 0.4407407407407408 0.2989583333333333 0.4407407407407408 0.2989583333333333 0.525 0.346875 0.525
3 0.503125 0.7935185185185186 0.4635416666666667 0.7935185185185185 0.46354166666666674 0.8620370370370372 0.5031250000000002 0.8620370370370373
1 0.4583333333333334 0.937037037037037 0.4093750000000001 0.937037037037037 0.4093750000000001 1 0.4583333333333334 1
7 0.5270833333333333 0.6583333333333334 0.47604166666666664 0.6583333333333333 0.47604166666666664 0.7472222222222223 0.5270833333333333 0.7472222222222225
6 0.5020833333333333 0.28518518518518526 0.4552083333333333 0.28518518518518526 0.4552083333333333 0.36666666666666675 0.5020833333333333 0.36666666666666675
3 0.29583333333333334 0.30925925925925934 0.25833333333333336 0.30925925925925934 0.25833333333333336 0.37407407407407417 0.29583333333333334 0.37407407407407417
3 0.3963541666666667 0.30462962962962975 0.359375 0.30462962962962975 0.359375 0.3694444444444446 0.3963541666666667 0.3694444444444446
0 0.4895833333333333 0.3935185185185186 0.44114583333333335 0.3935185185185186 0.44114583333333335 0.4787037037037038 0.4895833333333333 0.4787037037037039
2 0.42239583333333336 0.37222222222222234 0.38333333333333336 0.37222222222222234 0.38333333333333336 0.4407407407407408 0.42239583333333336 0.4407407407407408
3 0.40729166666666666 0.4935185185185185 0.3692708333333333 0.4935185185185185 0.3692708333333333 0.5601851851851852 0.40729166666666666 0.5601851851851852
2 0.43072916666666666 0.5611111111111111 0.3921875 0.5611111111111111 0.3921875 0.6277777777777778 0.43072916666666666 0.6277777777777778
6 0.47291666666666665 0.5064814814814815 0.4244791666666667 0.5064814814814815 0.4244791666666667 0.5916666666666667 0.47291666666666665 0.5916666666666667
10 0.4203125 0.6666666666666666 0.3703125 0.6666666666666666 0.3703125 0.7546296296296297 0.4203125 0.7546296296296297
11 0.6708333333333333 0.6166666666666669 0.621875 0.6166666666666669 0.621875 0.702777777777778 0.6708333333333333 0.702777777777778
2 0.6104166666666667 0.7842592592592594 0.5703125 0.7842592592592594 0.5703125 0.853703703703704 0.6104166666666667 0.853703703703704
0 0.5390625 0.5481481481481484 0.4895833333333333 0.5481481481481484 0.4895833333333333 0.6342592592592595 0.5390625 0.6342592592592595
9 0.55 0.4351851851851853 0.5109375 0.4351851851851853 0.5109375 0.5037037037037039 0.55 0.5037037037037039
9 0.5614583333333333 0.3277777777777779 0.5223958333333333 0.3277777777777779 0.5223958333333333 0.3962962962962964 0.5614583333333333 0.3962962962962964
2 0.4119791666666667 0.19814814814814824 0.37395833333333334 0.19814814814814824 0.37395833333333334 0.263888888888889 0.4119791666666667 0.263888888888889
5 0.43802083333333336 0.2527777777777779 0.39010416666666664 0.2527777777777779 0.39010416666666664 0.3351851851851853 0.43802083333333336 0.3351851851851853
8 0.29375 0.6018518518518519 0.25625000000000003 0.6018518518518519 0.25625000000000003 0.6675925925925926 0.29375 0.6675925925925926
4 0.36875 0.5166666666666667 0.3223958333333333 0.5166666666666667 0.3223958333333333 0.5981481481481481 0.36875 0.5981481481481481
2 0.45677083333333335 0.6398148148148148 0.41822916666666665 0.6398148148148148 0.41822916666666665 0.7074074074074074 0.45677083333333335 0.7074074074074074
5 0.25260416666666674 0.4453703703703704 0.2067708333333334 0.44537037037037036 0.2067708333333334 0.525 0.25260416666666674 0.525
4 0.28541666666666665 0.40648148148148155 0.24010416666666667 0.4064814814814815 0.2401041666666667 0.4861111111111111 0.28541666666666665 0.4861111111111111
1 0.2755208333333333 0.5185185185185185 0.2270833333333334 0.5185185185185185 0.2270833333333334 0.6027777777777777 0.2755208333333333 0.6027777777777777
8 0.3260416666666667 0.5574074074074075 0.2864583333333333 0.5574074074074075 0.2864583333333333 0.6268518518518519 0.3260416666666667 0.6268518518518519