11 0.33958333333333335 0.3074074074074075 0.3026041666666667 0.3074074074074075 0.3026041666666667 0.3777777777777779 0.33958333333333335 0.3777777777777779
10 0.609375 0.2685185185185186 0.56875 0.2685185185185186 0.56875 0.3416666666666668 0.609375 0.3416666666666668
12 0.6682291666666667 0.3379629629629631 0.6182291666666667 0.3379629629629631 0.6182291666666667 0.42592592592592604 0.6682291666666667 0.42592592592592604
4 0.6421875 0.15833333333333346 0.6020833333333333 0.15833333333333344 0.6020833333333333 0.22962962962962977 0.6421875 0.2296296296296298
6 0.5953125 0.1787037037037038 0.5552083333333333 0.1787037037037038 0.5552083333333333 0.2500000000000001 0.5953125 0.2500000000000001
11 0.39114583333333336 0.3675925925925927 0.35260416666666666 0.3675925925925927 0.35260416666666666 0.43703703703703717 0.39114583333333336 0.43703703703703717
1 0.4010416666666667 0.4564814814814816 0.3619791666666667 0.4564814814814816 0.3619791666666667 0.525 0.4010416666666667 0.525
3 0.4473958333333333 0.5342592592592592 0.4161458333333333 0.5342592592592592 0.4161458333333333 0.5907407407407408 0.4473958333333333 0.5907407407407408
7 0.371875 0.20277777777777786 0.334375 0.20277777777777783 0.334375 0.2712962962962964 0.371875 0.2712962962962964
7 0.41041666666666665 0.5407407407407407 0.37083333333333335 0.5407407407407407 0.37083333333333335 0.612037037037037 0.41041666666666665 0.612037037037037
2 0.5802083333333333 0.47592592592592614 0.5473958333333333 0.47592592592592614 0.5473958333333333 0.5333333333333335 0.5802083333333333 0.5333333333333335
6 0.6270833333333333 0.44444444444444453 0.5864583333333333 0.44444444444444453 0.5864583333333333 0.5175925925925928 0.6270833333333333 0.5175925925925928
4 0.6838541666666667 0.5166666666666668 0.6442708333333333 0.5166666666666668 0.6442708333333333 0.5870370370370372 0.6838541666666667 0.5870370370370372
10 0.6171875 0.35833333333333345 0.5765625 0.35833333333333345 0.5765625 0.4314814814814816 0.6171875 0.4314814814814816
3 0.43020833333333336 0.3611111111111112 0.39895833333333336 0.3611111111111112 0.39895833333333336 0.4175925925925927 0.43020833333333336 0.4175925925925927
8 0.6713541666666667 0.4361111111111112 0.6385416666666667 0.4361111111111112 0.6385416666666667 0.49444444444444463 0.6713541666666667 0.49444444444444463
3 0.4171875 0.2703703703703705 0.3854166666666667 0.2703703703703705 0.3854166666666667 0.3277777777777779 0.4171875 0.3277777777777779
2 0.5598958333333334 0.2898148148148149 0.5276041666666667 0.2898148148148149 0.5276041666666667 0.34814814814814826 0.5598958333333334 0.34814814814814826
13 0.3625 0.4648148148148149 0.315625 0.4648148148148149 0.315625 0.55 0.3625 0.55
2 0.5473958333333333 0.2074074074074075 0.5151041666666667 0.2074074074074075 0.5151041666666667 0.263888888888889 0.5473958333333333 0.263888888888889
2 0.5880208333333333 0.5666666666666669 0.5557291666666667 0.5666666666666669 0.5557291666666667 0.6231481481481483 0.5880208333333333 0.6231481481481483
2 0.5677083333333334 0.3833333333333334 0.5354166666666667 0.3833333333333334 0.5354166666666667 0.43981481481481494 0.5677083333333334 0.43981481481481494
9 0.36614583333333334 0.562962962962963 0.3338541666666667 0.562962962962963 0.3338541666666667 0.6203703703703703 0.36614583333333334 0.6203703703703703
3 0.4354166666666667 0.4462962962962964 0.4041666666666667 0.4462962962962964 0.4041666666666667 0.5018518518518519 0.4354166666666667 0.5018518518518519
5 0.33125 0.2231481481481482 0.29270833333333335 0.2231481481481482 0.29270833333333335 0.2925925925925927 0.33125 0.2925925925925927
0 0.6380208333333334 0.5305555555555558 0.596875 0.5305555555555558 0.596875 0.6046296296296299 0.6380208333333334 0.6046296296296299
3 0.4578125 0.6185185185185185 0.4270833333333333 0.6185185185185185 0.4270833333333333 0.6731481481481482 0.4578125 0.6731481481481482
5 0.38125 0.6453703703703704 0.34270833333333334 0.6453703703703704 0.34270833333333334 0.7148148148148148 0.38125 0.7148148148148148
0 0.6291666666666667 0.0703703703703705 0.5885416666666666 0.0703703703703705 0.5885416666666666 0.14351851851851866 0.6291666666666667 0.14351851851851868
9 0.34739583333333335 0.39444444444444454 0.31666666666666665 0.39444444444444454 0.31666666666666665 0.4500000000000001 0.34739583333333335 0.4500000000000001
8 0.6473958333333333 0.2620370370370371 0.6151041666666667 0.2620370370370371 0.6151041666666667 0.32037037037037047 0.6473958333333333 0.32037037037037047
1 0.3828125 0.2898148148148149 0.34479166666666666 0.2898148148148149 0.34479166666666666 0.3592592592592594 0.3828125 0.3592592592592594