4 0.39895833333333336 0.11388888888888897 0.36354166666666665 0.11388888888888897 0.36354166666666665 0.16574074074074086 0.39895833333333336 0.16574074074074086
7 0.6671875 0.6314814814814816 0.6307291666666667 0.6314814814814816 0.6307291666666667 0.6888888888888891 0.6671875 0.6888888888888891
13 0.521875 0.7148148148148149 0.478125 0.7148148148148148 0.478125 0.7833333333333334 0.521875 0.7833333333333335
12 0.5 0.1611111111111112 0.4583333333333333 0.1611111111111112 0.4583333333333333 0.22685185185185194 0.5 0.22685185185185194
1 0.7229166666666667 0.777777777777778 0.6848958333333334 0.777777777777778 0.6848958333333334 0.8361111111111114 0.7229166666666667 0.8361111111111114
3 0.7083333333333334 0.5398148148148151 0.6770833333333334 0.5398148148148151 0.6770833333333334 0.5833333333333336 0.7083333333333334 0.5833333333333336
3 0.3078125 0.5981481481481481 0.2760416666666667 0.5981481481481481 0.2760416666666667 0.6416666666666667 0.3078125 0.6416666666666667
3 0.5072916666666667 0.5796296296296297 0.47604166666666664 0.5796296296296296 0.47604166666666664 0.6250000000000001 0.5072916666666667 0.6250000000000002
2 0.5005208333333333 0.3333333333333334 0.4703125 0.3333333333333334 0.4703125 0.37685185185185194 0.5005208333333333 0.37685185185185194
6 0.6380208333333334 0.22870370370370383 0.6026041666666667 0.2287037037037038 0.6026041666666667 0.2814814814814816 0.6380208333333334 0.2814814814814816
2 0.5942708333333333 0.31944444444444453 0.5640625 0.31944444444444453 0.5640625 0.3611111111111112 0.5942708333333333 0.3611111111111112
7 0.359375 0.6768518518518518 0.321875 0.6768518518518518 0.321875 0.7333333333333333 0.359375 0.7333333333333333
2 0.39427083333333335 0.3398148148148149 0.3640625 0.3398148148148149 0.3640625 0.3833333333333334 0.39427083333333335 0.3833333333333334
3 0.403125 0.5861111111111111 0.3729166666666667 0.5861111111111111 0.3729166666666667 0.6314814814814815 0.403125 0.6314814814814815
2 0.3067708333333333 0.3648148148148149 0.2765625 0.3648148148148149 0.2765625 0.4074074074074075 0.3067708333333333 0.4074074074074075
3 0.6098958333333333 0.5583333333333336 0.5786458333333333 0.5583333333333336 0.5786458333333333 0.6009259259259261 0.6098958333333333 0.6009259259259261
8 0.44895833333333335 0.11481481481481491 0.4197916666666667 0.1148148148148149 0.4197916666666667 0.15555555555555567 0.44895833333333335 0.15555555555555567
6 0.35104166666666664 0.2703703703703705 0.3140625 0.2703703703703705 0.3140625 0.3240740740740742 0.35104166666666664 0.3240740740740742
11 0.6770833333333334 0.7824074074074077 0.6385416666666667 0.7824074074074077 0.6385416666666667 0.8416666666666669 0.6770833333333334 0.8416666666666669
2 0.6942708333333333 0.3037037037037038 0.6640625 0.3037037037037038 0.6640625 0.3462962962962964 0.6942708333333333 0.3462962962962964
4 0.5890625 0.09351851851851865 0.5541666666666667 0.09351851851851865 0.5541666666666667 0.1462962962962964 0.5890625 0.1462962962962964
8 0.5354166666666667 0.10925925925925936 0.5067708333333333 0.10925925925925936 0.5067708333333333 0.1500000000000001 0.5354166666666667 0.1500000000000001
5 0.3765625000000001 0.825925925925926 0.33958333333333335 0.825925925925926 0.3395833333333334 0.8833333333333333 0.37656250000000013 0.8833333333333333
0 0.3 0.12870370370370376 0.26458333333333334 0.12870370370370376 0.26458333333333334 0.1805555555555556 0.3 0.1805555555555556
9 0.4703125000000001 0.8231481481481482 0.4401041666666667 0.8231481481481482 0.44010416666666674 0.8685185185185185 0.47031250000000013 0.8685185185185185
5 0.6244791666666667 0.7861111111111113 0.5869791666666667 0.7861111111111113 0.5869791666666667 0.8435185185185188 0.6244791666666667 0.8435185185185188
0 0.6848958333333334 0.0879629629629631 0.6484375 0.08796296296296309 0.6484375 0.1407407407407409 0.6848958333333334 0.1407407407407409
10 0.35104166666666664 0.12870370370370376 0.315625 0.12870370370370376 0.315625 0.1805555555555556 0.35104166666666664 0.1805555555555556
10 0.63125 0.08888888888888902 0.5994791666666667 0.08888888888888902 0.5994791666666667 0.14722222222222237 0.63125 0.1472222222222224
11 0.42187500000000006 0.8231481481481482 0.384375 0.8231481481481482 0.3843750000000001 0.8898148148148148 0.4218750000000001 0.8898148148148148
1 0.3239583333333334 0.8305555555555556 0.28802083333333334 0.8305555555555556 0.2880208333333334 0.8935185185185185 0.32395833333333346 0.8935185185185185
9 0.5671875 0.8129629629629632 0.5375 0.8129629629629632 0.5375 0.8601851851851854 0.5671875 0.8601851851851854