5 0.365625 0.21944444444444453 0.31875 0.2194444444444445 0.31875 0.2925925925925927 0.365625 0.2925925925925927
6 0.43125 0.7277777777777777 0.38333333333333336 0.7277777777777777 0.38333333333333336 0.8009259259259259 0.43125 0.8009259259259259
1 0.6 0.8231481481481484 0.5578125 0.8231481481481484 0.5578125 0.8935185185185187 0.6 0.8935185185185187
7 0.28802083333333334 0.43240740740740746 0.24010416666666673 0.4324074074074074 0.24010416666666673 0.5064814814814815 0.28802083333333334 0.5064814814814815
9 0.471875 0.18333333333333343 0.43333333333333335 0.18333333333333343 0.43333333333333335 0.2462962962962964 0.471875 0.2462962962962964
4 0.4546875 0.44444444444444453 0.409375 0.44444444444444453 0.409375 0.524074074074074 0.4546875 0.524074074074074
2 0.35 0.5944444444444444 0.3125 0.5944444444444444 0.3125 0.6527777777777778 0.35 0.6527777777777778
1 0.540625 0.23888888888888898 0.4942708333333333 0.23888888888888898 0.4942708333333333 0.3157407407407408 0.540625 0.3157407407407408
3 0.44166666666666665 0.3787037037037038 0.40208333333333335 0.3787037037037038 0.40208333333333335 0.43796296296296305 0.44166666666666665 0.43796296296296305
8 0.48072916666666665 0.7138888888888889 0.4453125 0.7138888888888889 0.4453125 0.7768518518518519 0.48072916666666665 0.7768518518518519
2 0.5895833333333333 0.21944444444444455 0.5505208333333333 0.21944444444444455 0.5505208333333333 0.27962962962962973 0.5895833333333333 0.27962962962962973
2 0.3229166666666667 0.33425925925925937 0.2869791666666667 0.33425925925925937 0.2869791666666667 0.3972222222222223 0.3229166666666667 0.3972222222222223
12 0.5067708333333335 0.862962962962963 0.45520833333333344 0.8629629629629629 0.45520833333333344 0.9490740740740741 0.5067708333333335 0.9490740740740741
3 0.6114583333333333 0.3870370370370371 0.571875 0.3870370370370371 0.571875 0.45185185185185195 0.6114583333333333 0.45185185185185195
13 0.5317708333333333 0.1490740740740742 0.48385416666666664 0.1490740740740742 0.48385416666666664 0.22962962962962974 0.5317708333333333 0.22962962962962974
7 0.4505208333333334 0.8898148148148148 0.40833333333333344 0.8898148148148148 0.40833333333333344 0.9601851851851851 0.4505208333333334 0.9601851851851851
3 0.5578125 0.40462962962962973 0.5197916666666667 0.40462962962962973 0.5197916666666667 0.4712962962962964 0.5578125 0.4712962962962964
11 0.5348958333333333 0.6824074074074076 0.4890625 0.6824074074074076 0.4890625 0.7564814814814816 0.5348958333333333 0.7564814814814816
10 0.5427083333333333 0.7712962962962965 0.5026041666666666 0.7712962962962965 0.5026041666666666 0.8370370370370372 0.5427083333333333 0.8370370370370372
3 0.3458333333333333 0.5064814814814815 0.30625 0.5064814814814815 0.30625 0.5722222222222222 0.3458333333333333 0.5722222222222222
6 0.7229166666666667 0.32870370370370383 0.6744791666666666 0.32870370370370383 0.6744791666666666 0.4027777777777779 0.7229166666666667 0.4027777777777779
3 0.5177083333333333 0.525925925925926 0.478125 0.5259259259259259 0.478125 0.5907407407407409 0.5177083333333333 0.5907407407407409
2 0.6432291666666666 0.19351851851851865 0.6041666666666666 0.19351851851851862 0.6041666666666666 0.25462962962962976 0.6432291666666666 0.25462962962962976
0 0.5927083333333333 0.6583333333333335 0.5453125 0.6583333333333335 0.5453125 0.7324074074074076 0.5927083333333333 0.7324074074074076
11 0.69375 0.6157407407407409 0.6473958333333333 0.6157407407407409 0.6473958333333333 0.690740740740741 0.69375 0.690740740740741
8 0.5520833333333334 0.8601851851851854 0.5171875000000001 0.8601851851851854 0.5171875000000001 0.9203703703703706 0.5520833333333334 0.9203703703703706
2 0.5671875 0.49814814814814834 0.5276041666666667 0.49814814814814834 0.5276041666666667 0.5620370370370372 0.5671875 0.5620370370370372
9 0.41770833333333335 0.19814814814814824 0.38177083333333334 0.19814814814814824 0.38177083333333334 0.2564814814814816 0.41770833333333335 0.2564814814814816
5 0.5 0.3435185185185186 0.4546875 0.3435185185185186 0.4546875 0.42037037037037045 0.5 0.42037037037037045
0 0.4348958333333333 0.27962962962962973 0.39166666666666666 0.27962962962962973 0.39166666666666666 0.35648148148148157 0.4348958333333333 0.35648148148148157
10 0.46979166666666666 0.09351851851851863 0.428125 0.09351851851851863 0.428125 0.163888888888889 0.46979166666666666 0.163888888888889
4 0.37604166666666666 0.7518518518518519 0.33229166666666665 0.7518518518518519 0.33229166666666665 0.825925925925926 0.37604166666666666 0.825925925925926