4 0.6755208333333333 0.6703703703703706 0.6328125 0.6703703703703706 0.6328125 0.7546296296296299 0.6755208333333333 0.7546296296296299
1 0.43854166666666666 9.048779127033221e-17 0.3927083333333333 8.549848949602817e-17 0.3927083333333333 0.008333333333333423 0.43854166666666666 0.008333333333333429
4 0.7515625 0.34351851851851867 0.709375 0.3435185185185186 0.709375 0.4296296296296298 0.7515625 0.42962962962962986
2 0.59375 0.4361111111111112 0.5583333333333333 0.4361111111111112 0.5583333333333333 0.5083333333333335 0.59375 0.5083333333333335
7 0.496875 0.05462962962962973 0.4515625 0.05462962962962972 0.4515625 0.1425925925925927 0.496875 0.1425925925925927
13 0.39947916666666666 0.2722222222222223 0.3458333333333333 0.2722222222222223 0.3458333333333333 0.37685185185185194 0.39947916666666666 0.37685185185185194
3 0.43020833333333336 0.5222222222222223 0.39010416666666664 0.5222222222222223 0.39010416666666664 0.5972222222222222 0.43020833333333336 0.5972222222222222
2 0.5104166666666666 0.7555555555555556 0.47604166666666664 0.7555555555555555 0.47604166666666664 0.8250000000000001 0.5104166666666666 0.8250000000000002
2 0.6354166666666666 0.28055555555555567 0.6010416666666667 0.28055555555555567 0.6010416666666667 0.3500000000000001 0.6354166666666666 0.3500000000000001
3 0.5567708333333333 0.022222222222222338 0.5213541666666667 0.022222222222222334 0.5213541666666667 0.09444444444444457 0.5567708333333333 0.09444444444444458
8 0.6921875 0.5944444444444447 0.6588541666666666 0.5944444444444447 0.6588541666666666 0.6611111111111113 0.6921875 0.6611111111111113
2 0.5541666666666667 0.6064814814814817 0.5197916666666667 0.6064814814814817 0.5197916666666667 0.676851851851852 0.5541666666666667 0.676851851851852
3 0.5145833333333333 0.18148148148148158 0.4791666666666667 0.18148148148148158 0.4791666666666667 0.2527777777777779 0.5145833333333333 0.2527777777777779
7 0.36666666666666664 0.5694444444444444 0.321875 0.5694444444444444 0.321875 0.6574074074074074 0.36666666666666664 0.6574074074074074
6 0.6958333333333333 0.23240740740740756 0.6546875 0.23240740740740756 0.6546875 0.31481481481481494 0.6958333333333333 0.31481481481481494
12 0.6838541666666667 0.47962962962962985 0.6322916666666667 0.47962962962962985 0.6322916666666667 0.5805555555555557 0.6838541666666667 0.5805555555555557
8 0.7244791666666667 0.4425925925925927 0.6911458333333333 0.4425925925925927 0.6911458333333333 0.5101851851851854 0.7244791666666667 0.5101851851851854
3 0.4703125 0.3500000000000001 0.43072916666666666 0.3500000000000001 0.43072916666666666 0.4250000000000001 0.4703125 0.4250000000000001
2 0.678125 0.11574074074074088 0.6432291666666666 0.11574074074074087 0.6432291666666666 0.18518518518518534 0.678125 0.18518518518518534
1 0.2677083333333333 0.5768518518518518 0.22187500000000007 0.5768518518518518 0.22187500000000007 0.6666666666666666 0.2677083333333333 0.6666666666666666
5 0.29010416666666666 0.4962962962962963 0.2447916666666667 0.4962962962962963 0.2447916666666667 0.5851851851851851 0.29010416666666666 0.5851851851851851
9 0.3651041666666667 0.17407407407407416 0.32760416666666664 0.17407407407407413 0.32760416666666664 0.24722222222222232 0.3651041666666667 0.24722222222222232
11 0.41770833333333335 8.589536577352964e-17 0.37135416666666665 8.084936738815397e-17 0.37135416666666665 0.08703703703703712 0.41770833333333335 0.08703703703703712
6 0.575 0.7046296296296298 0.5322916666666667 0.7046296296296298 0.5322916666666667 0.7916666666666669 0.575 0.7916666666666669
10 0.6494791666666667 0.7435185185185187 0.6067708333333334 0.7435185185185187 0.6067708333333334 0.8287037037037039 0.6494791666666667 0.8287037037037039
0 0.7880208333333333 0.19444444444444461 0.7458333333333333 0.19444444444444461 0.7458333333333333 0.277777777777778 0.7880208333333333 0.277777777777778
5 0.4 0.08333333333333341 0.3546875 0.08333333333333341 0.3546875 0.17129629629629636 0.4 0.1712962962962964
3 0.39114583333333336 0.6777777777777778 0.35260416666666666 0.6777777777777778 0.35260416666666666 0.7555555555555555 0.39114583333333336 0.7555555555555555
9 0.3265625 0.3361111111111112 0.28958333333333336 0.3361111111111112 0.28958333333333336 0.4111111111111112 0.3265625 0.4111111111111112
10 0.76875 0.2787037037037039 0.7265625 0.2787037037037039 0.7265625 0.36203703703703727 0.76875 0.36203703703703727
0 0.6354166666666666 0.8342592592592595 0.5901041666666667 0.8342592592592595 0.5901041666666667 0.9231481481481484 0.6354166666666666 0.9231481481481484
11 0.3072916666666667 0.41203703703703715 0.2604166666666667 0.41203703703703715 0.2604166666666667 0.5018518518518519 0.3072916666666667 0.5018518518518519