5 0.5213541666666668 0.9296296296296297 0.4661458333333334 0.9296296296296296 0.4661458333333334 1 0.5213541666666668 1
7 0.4718750000000001 0.8833333333333333 0.4171875000000001 0.8833333333333333 0.4171875000000001 0.9703703703703703 0.4718750000000001 0.9703703703703703
5 0.32916666666666666 0.7185185185185186 0.275 0.7185185185185186 0.275 0.8064814814814815 0.32916666666666666 0.8064814814814815
4 0.7255208333333333 0.2870370370370372 0.6734375 0.28703703703703715 0.6734375 0.37129629629629646 0.7255208333333333 0.3712962962962965
1 0.2869791666666667 0.6620370370370371 0.23229166666666673 0.6620370370370371 0.23229166666666673 0.7518518518518519 0.2869791666666667 0.7518518518518519
0 0.7708333333333334 0.3333333333333335 0.71875 0.3333333333333334 0.71875 0.41759259259259274 0.7708333333333334 0.4175925925925928
0 0.49635416666666665 0.03611111111111121 0.44375 0.036111111111111205 0.44375 0.1212962962962964 0.49635416666666665 0.1212962962962964
7 0.38593750000000004 0.7722222222222223 0.33229166666666665 0.7722222222222223 0.3322916666666667 0.862037037037037 0.3859375000000001 0.862037037037037
10 0.4505208333333333 0.02129629629629639 0.4005208333333333 0.021296296296296383 0.4005208333333333 0.0750000000000001 0.4505208333333333 0.07500000000000011
2 0.7057291666666666 0.5611111111111113 0.6625 0.5611111111111113 0.6625 0.6305555555555558 0.7057291666666666 0.6305555555555558
10 0.8145833333333333 0.3925925925925928 0.7640625 0.3925925925925928 0.7640625 0.4768518518518521 0.8145833333333333 0.4768518518518521
12 0.5921875 0.3074074074074075 0.528125 0.3074074074074075 0.528125 0.4175925925925927 0.5921875 0.4175925925925927
3 0.6427083333333333 0.7851851851851854 0.5989583333333334 0.7851851851851854 0.5989583333333334 0.8555555555555557 0.6427083333333333 0.8555555555555557
2 0.7489583333333333 0.6120370370370373 0.7067708333333333 0.6120370370370373 0.7067708333333333 0.6796296296296298 0.7489583333333333 0.6796296296296298
1 0.5734375 0.9842592592592593 0.5197916666666668 0.9842592592592593 0.5197916666666668 1 0.5734375 1
9 0.4192708333333333 0.6407407407407407 0.37083333333333335 0.6407407407407407 0.37083333333333335 0.7240740740740741 0.4192708333333333 0.7240740740740741
13 0.4796875 0.6759259259259259 0.4109375 0.6759259259259259 0.4109375 0.7907407407407407 0.4796875 0.7907407407407407
3 0.3484375 0.450925925925926 0.30416666666666664 0.450925925925926 0.30416666666666664 0.5212962962962963 0.3484375 0.5212962962962963
2 0.5911458333333334 0.5250000000000002 0.5479166666666667 0.5250000000000002 0.5479166666666667 0.5944444444444447 0.5911458333333334 0.5944444444444447
4 0.5416666666666666 0.07777777777777788 0.4890625 0.07777777777777788 0.4890625 0.16296296296296306 0.5416666666666666 0.16296296296296306
2 0.3802083333333333 0.19259259259259268 0.3359375 0.19259259259259265 0.3359375 0.2620370370370371 0.3802083333333333 0.2620370370370371
8 0.5359375 0.2712962962962964 0.49166666666666664 0.2712962962962964 0.49166666666666664 0.34444444444444455 0.5359375 0.34444444444444455
6 0.5895833333333333 0.1314814814814816 0.5364583333333334 0.1314814814814816 0.5364583333333334 0.21574074074074084 0.5895833333333333 0.21574074074074084
3 0.3046875 0.4074074074074075 0.26145833333333335 0.4074074074074075 0.26145833333333335 0.47685185185185186 0.3046875 0.47685185185185186
6 0.6791666666666667 0.2333333333333335 0.6265625 0.2333333333333335 0.6265625 0.31851851851851865 0.6791666666666667 0.31851851851851865
8 0.63125 0.3787037037037038 0.5859375 0.3787037037037038 0.5859375 0.4546296296296297 0.63125 0.4546296296296297
3 0.46979166666666666 0.49074074074074076 0.42916666666666664 0.49074074074074076 0.42916666666666664 0.5574074074074075 0.46979166666666666 0.5574074074074075
9 0.5161458333333333 0.7481481481481482 0.47239583333333335 0.7481481481481481 0.47239583333333335 0.8203703703703705 0.5161458333333333 0.8203703703703705
11 0.24375000000000005 0.6074074074074074 0.1901041666666667 0.6074074074074074 0.1901041666666667 0.6990740740740741 0.24375000000000005 0.6990740740740741
3 0.6890625 0.8370370370370372 0.646875 0.8370370370370372 0.646875 0.9101851851851854 0.6890625 0.9101851851851854
2 0.421875 0.24814814814814826 0.3802083333333333 0.24814814814814826 0.3802083333333333 0.31851851851851865 0.421875 0.31851851851851865