3 0.7729166666666667 0.377777777777778 0.73125 0.377777777777778 0.73125 0.45185185185185206 0.7729166666666667 0.45185185185185206
5 0.8166666666666667 0.6444444444444447 0.7640625 0.6444444444444447 0.7640625 0.7379629629629632 0.8166666666666667 0.7379629629629632
13 0.6723958333333333 0.7185185185185188 0.6046875 0.7185185185185188 0.6046875 0.8361111111111114 0.6723958333333333 0.8361111111111114
7 0.5010416666666667 0.7981481481481483 0.4453125 0.7981481481481482 0.44531250000000006 0.8944444444444446 0.5010416666666668 0.8944444444444447
7 0.7723958333333333 0.49166666666666686 0.7192708333333333 0.49166666666666686 0.7192708333333333 0.5851851851851854 0.7723958333333333 0.5851851851851854
2 0.6067708333333334 0.24351851851851863 0.5625 0.24351851851851863 0.5625 0.32222222222222235 0.6067708333333334 0.32222222222222235
3 0.60625 0.5879629629629631 0.5619791666666667 0.5879629629629631 0.5619791666666667 0.6666666666666669 0.60625 0.6666666666666669
2 0.690625 0.14537037037037054 0.6484375 0.14537037037037054 0.6484375 0.2194444444444446 0.690625 0.2194444444444446
4 0.5166666666666667 0.037037037037037146 0.4630208333333333 0.03703703703703714 0.4630208333333333 0.11018518518518529 0.5166666666666667 0.11018518518518529
11 0.609375 0.9037037037037039 0.5541666666666667 0.9037037037037039 0.5541666666666667 1 0.609375 1
2 0.4192708333333333 0.4490740740740742 0.3765625 0.4490740740740742 0.3765625 0.525 0.4192708333333333 0.525
2 0.5114583333333333 0.338888888888889 0.46875 0.338888888888889 0.46875 0.4148148148148149 0.5114583333333333 0.4148148148148149
8 0.378125 0.14629629629629637 0.3328125 0.14629629629629634 0.3328125 0.225925925925926 0.378125 0.22592592592592603
3 0.6932291666666667 0.47592592592592614 0.65 0.47592592592592614 0.65 0.552777777777778 0.6932291666666667 0.552777777777778
8 0.465625 0.0462962962962964 0.42135416666666664 0.04629629629629639 0.42135416666666664 0.12407407407407418 0.465625 0.12407407407407418
3 0.5166666666666667 0.6870370370370371 0.4708333333333333 0.687037037037037 0.4708333333333333 0.7675925925925927 0.5166666666666667 0.7675925925925928
3 0.4260416666666667 0.7953703703703704 0.3802083333333333 0.7953703703703704 0.38020833333333337 0.875 0.42604166666666676 0.875
1 0.8552083333333333 0.5805555555555557 0.8041666666666667 0.5805555555555557 0.8041666666666667 0.6703703703703706 0.8552083333333333 0.6703703703703706
6 0.6302083333333334 0.10277777777777791 0.5765625 0.10277777777777791 0.5765625 0.19629629629629644 0.6302083333333334 0.19629629629629644
0 0.24010416666666667 0.30185185185185187 0.18229166666666666 0.30185185185185187 0.18229166666666666 0.4027777777777778 0.24010416666666667 0.4027777777777778
5 0.5614583333333333 0.9481481481481482 0.5062500000000001 0.9481481481481482 0.5062500000000001 1 0.5614583333333333 1
10 0.3338541666666667 0.18888888888888894 0.27239583333333334 0.18888888888888894 0.27239583333333334 0.2935185185185186 0.3338541666666667 0.2935185185185186
6 0.3453125 0.41018518518518526 0.28177083333333336 0.41018518518518526 0.28177083333333336 0.5194444444444445 0.3453125 0.5194444444444445
4 0.2838541666666667 0.24629629629629635 0.22447916666666667 0.2462962962962963 0.22447916666666667 0.3481481481481482 0.2838541666666667 0.34814814814814826
11 0.7838541666666666 0.6944444444444446 0.7322916666666667 0.6944444444444446 0.7322916666666667 0.7851851851851854 0.7838541666666666 0.7851851851851854
9 0.7395833333333334 0.7518518518518521 0.6989583333333333 0.7518518518518521 0.6989583333333333 0.8222222222222224 0.7395833333333334 0.8222222222222224
9 0.65 0.8518518518518521 0.60625 0.8518518518518521 0.60625 0.926851851851852 0.65 0.926851851851852
2 0.32395833333333335 0.5527777777777778 0.2796875 0.5527777777777778 0.2796875 0.6287037037037037 0.32395833333333335 0.6287037037037037
12 0.4708333333333333 0.15185185185185196 0.4015625 0.15185185185185196 0.4015625 0.2703703703703705 0.4708333333333333 0.2703703703703705