0 0.5375 0.15925925925925938 0.4901041666666667 0.15925925925925938 0.4901041666666667 0.23981481481481493 0.5375 0.23981481481481493
7 0.4265625 0.7083333333333334 0.378125 0.7083333333333334 0.378125 0.7916666666666666 0.4265625 0.7916666666666666
5 0.45000000000000007 0.7851851851851852 0.4005208333333333 0.7851851851851852 0.4005208333333334 0.8694444444444445 0.4500000000000001 0.8694444444444445
7 0.6072916666666667 0.540740740740741 0.5578125 0.540740740740741 0.5578125 0.6259259259259261 0.6072916666666667 0.6259259259259261
4 0.5177083333333333 0.09351851851851863 0.471875 0.09351851851851863 0.471875 0.17222222222222233 0.5177083333333333 0.17222222222222233
0 0.3067708333333333 0.29722222222222233 0.26197916666666665 0.29722222222222233 0.26197916666666665 0.37407407407407417 0.3067708333333333 0.37407407407407417
9 0.6239583333333333 0.6240740740740743 0.5854166666666667 0.6240740740740743 0.5854166666666667 0.690740740740741 0.6239583333333333 0.690740740740741
12 0.4427083333333333 0.1601851851851853 0.3859375 0.1601851851851853 0.3859375 0.25555555555555565 0.4427083333333333 0.25555555555555565
1 0.5609375 0.5824074074074076 0.5125 0.5824074074074076 0.5125 0.6666666666666669 0.5609375 0.6666666666666669
11 0.4953125 0.7425925925925927 0.44583333333333336 0.7425925925925926 0.44583333333333336 0.8277777777777778 0.4953125 0.827777777777778
3 0.4432291666666667 0.6092592592592593 0.4041666666666667 0.6092592592592593 0.4041666666666667 0.6768518518518518 0.4432291666666667 0.6768518518518518
8 0.39010416666666664 0.22129629629629638 0.35260416666666666 0.22129629629629635 0.35260416666666666 0.2842592592592594 0.39010416666666664 0.2842592592592594
13 0.5885416666666666 0.6500000000000002 0.5291666666666667 0.6500000000000002 0.5291666666666667 0.752777777777778 0.5885416666666666 0.752777777777778
9 0.5322916666666667 0.7074074074074076 0.49375 0.7074074074074076 0.49375 0.7740740740740742 0.5322916666666667 0.7740740740740742
11 0.5140625 0.626851851851852 0.46510416666666665 0.6268518518518519 0.46510416666666665 0.7101851851851853 0.5140625 0.7101851851851854
3 0.4895833333333333 0.5592592592592593 0.4505208333333333 0.5592592592592592 0.4505208333333333 0.625925925925926 0.4895833333333333 0.6259259259259261
5 0.6765625 0.564814814814815 0.6270833333333333 0.564814814814815 0.6270833333333333 0.6490740740740742 0.6765625 0.6490740740740742
4 0.3484375 0.2537037037037038 0.3020833333333333 0.2537037037037038 0.3020833333333333 0.33240740740740754 0.3484375 0.33240740740740754
3 0.5348958333333333 0.5250000000000002 0.49635416666666665 0.5250000000000002 0.49635416666666665 0.5925925925925928 0.5348958333333333 0.5925925925925928
10 0.45416666666666666 0.23703703703703713 0.40677083333333336 0.23703703703703713 0.40677083333333336 0.31944444444444453 0.45416666666666666 0.31944444444444453
6 0.36614583333333334 0.32222222222222235 0.31979166666666664 0.32222222222222235 0.31979166666666664 0.40185185185185196 0.36614583333333334 0.40185185185185196
2 0.46822916666666664 0.31481481481481494 0.43072916666666666 0.31481481481481494 0.43072916666666666 0.3787037037037038 0.46822916666666664 0.3787037037037038
10 0.409375 0.2750000000000001 0.36302083333333335 0.2750000000000001 0.36302083333333335 0.3537037037037038 0.409375 0.3537037037037038
2 0.4197916666666667 0.35462962962962974 0.38385416666666666 0.35462962962962974 0.38385416666666666 0.41574074074074086 0.4197916666666667 0.41574074074074086
2 0.5135416666666667 0.26944444444444454 0.4765625 0.26944444444444454 0.4765625 0.3333333333333334 0.5135416666666667 0.3333333333333334
1 0.47239583333333335 0.6638888888888889 0.4234375 0.6638888888888889 0.4234375 0.7472222222222222 0.47239583333333335 0.7472222222222222
2 0.5578125 0.2314814814814816 0.5213541666666667 0.2314814814814816 0.5213541666666667 0.29444444444444456 0.5578125 0.29444444444444456
3 0.5802083333333333 0.4787037037037039 0.5416666666666666 0.4787037037037039 0.5416666666666666 0.5453703703703706 0.5802083333333333 0.5453703703703706
2 0.3802083333333333 0.39814814814814825 0.34322916666666664 0.39814814814814825 0.34322916666666664 0.4601851851851853 0.3802083333333333 0.4601851851851853
8 0.47239583333333335 0.13796296296296306 0.4348958333333333 0.13796296296296306 0.4348958333333333 0.20185185185185195 0.47239583333333335 0.20185185185185195
6 0.49583333333333335 0.2000000000000001 0.44895833333333335 0.2000000000000001 0.44895833333333335 0.2787037037037038 0.49583333333333335 0.2787037037037038
3 0.6229166666666667 0.4361111111111112 0.584375 0.4361111111111112 0.584375 0.5018518518518521 0.6229166666666667 0.5018518518518521