6 0.5036458333333333 0.6000000000000001 0.4703125 0.6 0.4703125 0.6611111111111112 0.5036458333333333 0.6611111111111113
5 0.2875 0.32314814814814824 0.25625 0.32314814814814824 0.25625 0.3814814814814816 0.2875 0.3814814814814816
5 0.46979166666666666 0.04259259259259269 0.4375 0.04259259259259268 0.4375 0.09814814814814825 0.46979166666666666 0.09814814814814825
4 0.6463541666666667 0.4787037037037039 0.6130208333333333 0.4787037037037039 0.6130208333333333 0.5388888888888891 0.6463541666666667 0.5388888888888891
7 0.49895833333333334 0.09537037037037048 0.4671875 0.09537037037037048 0.4671875 0.1490740740740742 0.49895833333333334 0.1490740740740742
0 0.6802083333333333 0.4185185185185186 0.6473958333333333 0.4185185185185186 0.6473958333333333 0.47777777777777797 0.6802083333333333 0.47777777777777797
12 0.5723958333333333 0.5990740740740743 0.53125 0.5990740740740743 0.53125 0.6731481481481484 0.5723958333333333 0.6731481481481484
1 0.39010416666666664 0.25925925925925936 0.3572916666666667 0.25925925925925936 0.3572916666666667 0.3175925925925927 0.39010416666666664 0.3175925925925927
13 0.3651041666666667 0.19629629629629639 0.3265625 0.19629629629629636 0.3265625 0.26481481481481495 0.3651041666666667 0.26481481481481495
8 0.6026041666666667 0.5481481481481484 0.5755208333333334 0.5481481481481484 0.5755208333333334 0.5962962962962965 0.6026041666666667 0.5962962962962965
2 0.5473958333333333 0.4287037037037038 0.5213541666666667 0.4287037037037038 0.5213541666666667 0.47592592592592614 0.5473958333333333 0.47592592592592614
3 0.4890625 0.20185185185185195 0.4630208333333333 0.20185185185185195 0.4630208333333333 0.2462962962962964 0.4890625 0.2462962962962964
2 0.46770833333333334 0.5527777777777778 0.44114583333333335 0.5527777777777778 0.44114583333333335 0.6018518518518519 0.46770833333333334 0.6018518518518519
7 0.35260416666666666 0.31481481481481494 0.3203125 0.31481481481481494 0.3203125 0.37314814814814823 0.35260416666666666 0.37314814814814823
3 0.3765625 0.3777777777777779 0.35 0.3777777777777779 0.35 0.42407407407407416 0.3765625 0.42407407407407416
10 0.540625 0.540740740740741 0.5067708333333333 0.540740740740741 0.5067708333333333 0.6018518518518521 0.540625 0.6018518518518521
2 0.428125 0.6092592592592593 0.4010416666666667 0.6092592592592593 0.4010416666666667 0.6592592592592592 0.428125 0.6592592592592592
6 0.6151041666666667 0.4185185185185186 0.58125 0.4185185185185186 0.58125 0.47962962962962985 0.6151041666666667 0.47962962962962985
11 0.42864583333333334 0.20092592592592604 0.3963541666666667 0.20092592592592604 0.3963541666666667 0.2583333333333334 0.42864583333333334 0.2583333333333334
11 0.43333333333333335 0.09722222222222232 0.4010416666666667 0.09722222222222231 0.4010416666666667 0.15185185185185196 0.43333333333333335 0.15185185185185196
8 0.5307291666666667 0.6731481481481484 0.5041666666666667 0.6731481481481484 0.5041666666666667 0.7212962962962965 0.5307291666666667 0.7212962962962965
3 0.3411458333333333 0.4351851851851853 0.3151041666666667 0.4351851851851853 0.3151041666666667 0.48148148148148145 0.3411458333333333 0.48148148148148145
1 0.4625 0.15277777777777787 0.4296875 0.15277777777777787 0.4296875 0.20925925925925937 0.4625 0.20925925925925937
9 0.321875 0.2666666666666668 0.29635416666666664 0.2666666666666668 0.29635416666666664 0.31296296296296305 0.321875 0.31296296296296305
2 0.5057291666666667 0.4861111111111112 0.4791666666666667 0.4861111111111111 0.4791666666666667 0.5342592592592593 0.5057291666666667 0.5342592592592594
0 0.46822916666666664 0.6611111111111111 0.43333333333333335 0.6611111111111111 0.43333333333333335 0.7231481481481481 0.46822916666666664 0.7231481481481481
2 0.5807291666666666 0.3675925925925927 0.5541666666666667 0.3675925925925927 0.5541666666666667 0.41574074074074086 0.5807291666666666 0.41574074074074086
4 0.4973958333333333 0.7259259259259261 0.4635416666666667 0.725925925925926 0.4635416666666667 0.7870370370370371 0.4973958333333333 0.7870370370370372
9 0.3963541666666667 0.15740740740740752 0.37135416666666665 0.15740740740740752 0.37135416666666665 0.20185185185185195 0.3963541666666667 0.20185185185185195
3 0.41302083333333334 0.3157407407407408 0.38697916666666665 0.3157407407407408 0.38697916666666665 0.3611111111111112 0.41302083333333334 0.3611111111111112
3 0.45208333333333334 0.26574074074074083 0.42552083333333335 0.26574074074074083 0.42552083333333335 0.31203703703703717 0.45208333333333334 0.31203703703703717
10 0.5791666666666667 0.48425925925925944 0.5453125 0.48425925925925944 0.5453125 0.5453703703703706 0.5791666666666667 0.5453703703703706