10 0.7885416666666667 0.18148148148148163 0.7583333333333333 0.18148148148148163 0.7583333333333333 0.23518518518518533 0.7885416666666667 0.23518518518518533
7 0.6364583333333333 0.5537037037037039 0.603125 0.5537037037037039 0.603125 0.6129629629629632 0.6364583333333333 0.6129629629629632
13 0.7786458333333334 0.41666666666666685 0.740625 0.41666666666666685 0.740625 0.4861111111111113 0.7786458333333334 0.4861111111111113
3 0.5786458333333333 0.06851851851851865 0.5536458333333333 0.06851851851851865 0.5536458333333333 0.11111111111111124 0.5786458333333333 0.11111111111111124
6 0.6489583333333333 0.38611111111111124 0.6166666666666667 0.38611111111111124 0.6166666666666667 0.44166666666666676 0.6489583333333333 0.44166666666666676
2 0.5947916666666667 0.47314814814814826 0.56875 0.47314814814814826 0.56875 0.5185185185185187 0.5947916666666667 0.5185185185185187
3 0.5807291666666666 0.6407407407407409 0.5552083333333333 0.6407407407407409 0.5552083333333333 0.6879629629629632 0.5807291666666666 0.6879629629629632
3 0.721875 0.5851851851851854 0.6958333333333333 0.5851851851851854 0.6958333333333333 0.6324074074074076 0.721875 0.6324074074074076
12 0.4713541666666667 0.42407407407407416 0.4328125 0.42407407407407416 0.4328125 0.4925925925925926 0.4713541666666667 0.4925925925925926
1 0.4953125 0.7009259259259261 0.4625 0.700925925925926 0.4625 0.7592592592592594 0.4953125 0.7592592592592595
2 0.5984375 0.3935185185185186 0.5729166666666666 0.3935185185185186 0.5729166666666666 0.43796296296296305 0.5984375 0.43796296296296305
11 0.5713541666666667 0.21666666666666679 0.5401041666666667 0.21666666666666679 0.5401041666666667 0.2712962962962964 0.5713541666666667 0.2712962962962964
2 0.6536458333333334 0.23888888888888898 0.628125 0.23888888888888898 0.628125 0.2824074074074075 0.6536458333333334 0.2824074074074075
3 0.6057291666666667 0.31481481481481494 0.5807291666666666 0.31481481481481494 0.5807291666666666 0.3592592592592594 0.6057291666666667 0.3592592592592594
3 0.6557291666666667 0.1657407407407409 0.63125 0.1657407407407409 0.63125 0.20925925925925942 0.6557291666666667 0.20925925925925942
0 0.6973958333333333 0.32037037037037047 0.665625 0.32037037037037047 0.665625 0.37685185185185194 0.6973958333333333 0.37685185185185194
6 0.740625 0.2537037037037039 0.709375 0.2537037037037038 0.709375 0.3083333333333335 0.740625 0.30833333333333357
2 0.7010416666666667 0.10092592592592609 0.6760416666666667 0.10092592592592609 0.6760416666666667 0.14351851851851868 0.7010416666666667 0.14351851851851868
0 0.6833333333333333 0.4861111111111113 0.6505208333333333 0.4861111111111113 0.6505208333333333 0.5435185185185187 0.6833333333333333 0.5435185185185187
9 0.7744791666666667 0.34722222222222243 0.7494791666666667 0.34722222222222243 0.7494791666666667 0.3925925925925928 0.7744791666666667 0.3925925925925928
7 0.8161458333333333 0.42592592592592615 0.784375 0.42592592592592615 0.784375 0.48333333333333356 0.8161458333333333 0.48333333333333356
10 0.5578125 0.45555555555555566 0.5255208333333333 0.45555555555555566 0.5255208333333333 0.5129629629629632 0.5578125 0.5129629629629632
5 0.5 0.12777777777777788 0.46979166666666666 0.12777777777777788 0.46979166666666666 0.17962962962962972 0.5 0.17962962962962972
1 0.4947916666666667 0.2027777777777779 0.4635416666666667 0.2027777777777779 0.4635416666666667 0.2583333333333334 0.4947916666666667 0.2583333333333334
11 0.7609375 0.6750000000000002 0.728125 0.6750000000000002 0.728125 0.7333333333333335 0.7609375 0.7333333333333335
2 0.6671875 0.7453703703703706 0.6401041666666667 0.7453703703703706 0.6401041666666667 0.7916666666666669 0.6671875 0.7916666666666669
8 0.4864583333333333 0.28518518518518526 0.46145833333333336 0.28518518518518526 0.46145833333333336 0.32870370370370383 0.4864583333333333 0.32870370370370383
4 0.5661458333333333 0.2925925925925927 0.534375 0.2925925925925927 0.534375 0.34814814814814826 0.5661458333333333 0.34814814814814826
9 0.73125 0.41481481481481497 0.7057291666666666 0.4148148148148149 0.7057291666666666 0.46111111111111125 0.73125 0.4611111111111113
4 0.5385416666666667 0.12870370370370382 0.5078125 0.12870370370370382 0.5078125 0.18240740740740752 0.5385416666666667 0.18240740740740752
8 0.5213541666666667 0.28703703703703715 0.496875 0.28703703703703715 0.496875 0.33055555555555566 0.5213541666666667 0.33055555555555566
5 0.7 0.16388888888888906 0.665625 0.16388888888888906 0.665625 0.21851851851851867 0.7 0.21851851851851867