11 0.45104166666666673 0.8527777777777777 0.409375 0.8527777777777777 0.40937500000000004 0.912962962962963 0.4510416666666668 0.912962962962963
7 0.39166666666666666 0.6777777777777778 0.35520833333333335 0.6777777777777778 0.35520833333333335 0.7361111111111112 0.39166666666666666 0.7361111111111112
2 0.3932291666666667 0.16574074074074083 0.3619791666666667 0.1657407407407408 0.3619791666666667 0.21296296296296305 0.3932291666666667 0.21296296296296308
3 0.6119791666666666 0.7731481481481484 0.5786458333333333 0.7731481481481484 0.5786458333333333 0.8185185185185188 0.6119791666666666 0.8185185185185188
12 0.5078125 0.6703703703703705 0.4588541666666667 0.6703703703703704 0.4588541666666667 0.7490740740740742 0.5078125 0.7490740740740743
4 0.44947916666666665 0.3361111111111112 0.40989583333333335 0.3361111111111112 0.40989583333333335 0.39814814814814825 0.44947916666666665 0.39814814814814825
7 0.6104166666666667 0.6796296296296298 0.575 0.6796296296296298 0.575 0.7407407407407409 0.6104166666666667 0.7407407407407409
3 0.39479166666666665 0.7759259259259259 0.3609375 0.7759259259259259 0.3609375 0.8222222222222222 0.39479166666666665 0.8222222222222222
0 0.5567708333333333 0.08055555555555567 0.5166666666666667 0.08055555555555566 0.5166666666666667 0.13796296296296306 0.5567708333333333 0.13796296296296306
0 0.44947916666666665 0.0750000000000001 0.409375 0.07500000000000008 0.409375 0.1324074074074075 0.44947916666666665 0.1324074074074075
2 0.6026041666666667 0.15833333333333344 0.5708333333333333 0.15833333333333344 0.5708333333333333 0.2064814814814816 0.6026041666666667 0.2064814814814816
9 0.5552083333333333 0.16574074074074086 0.5223958333333333 0.16574074074074086 0.5223958333333333 0.21203703703703713 0.5552083333333333 0.21203703703703713
4 0.5552083333333333 0.3277777777777779 0.5140625 0.3277777777777779 0.5140625 0.388888888888889 0.5552083333333333 0.388888888888889
10 0.5036458333333333 0.15740740740740752 0.46197916666666666 0.15740740740740752 0.46197916666666666 0.21481481481481493 0.5036458333333333 0.21481481481481493
6 0.6119791666666666 0.23796296296296307 0.5729166666666666 0.23796296296296307 0.5729166666666666 0.29907407407407416 0.6119791666666666 0.29907407407407416
10 0.49947916666666664 0.08055555555555566 0.4609375 0.08055555555555566 0.4609375 0.138888888888889 0.49947916666666664 0.138888888888889
1 0.5052083333333334 0.7620370370370372 0.46458333333333335 0.7620370370370371 0.46458333333333335 0.8212962962962964 0.5052083333333334 0.8212962962962965
3 0.44583333333333336 0.6851851851851852 0.4109375 0.6851851851851852 0.4109375 0.7314814814814815 0.44583333333333336 0.7314814814814815
6 0.3932291666666667 0.2462962962962964 0.3541666666666667 0.2462962962962964 0.3541666666666667 0.3074074074074075 0.3932291666666667 0.3074074074074075
3 0.55625 0.6879629629629632 0.5229166666666667 0.6879629629629632 0.5229166666666667 0.7361111111111113 0.55625 0.7361111111111113
5 0.4453125 0.5972222222222222 0.4041666666666667 0.5972222222222222 0.4041666666666667 0.6592592592592592 0.4453125 0.6592592592592592
11 0.5557291666666667 0.8462962962962965 0.5135416666666667 0.8462962962962965 0.5135416666666667 0.9074074074074077 0.5557291666666667 0.9074074074074077
8 0.4473958333333333 0.7759259259259259 0.41302083333333334 0.7759259259259259 0.41302083333333334 0.8231481481481482 0.4473958333333333 0.8231481481481482
13 0.5057291666666667 0.23611111111111122 0.45729166666666665 0.23611111111111122 0.45729166666666665 0.31296296296296305 0.5057291666666667 0.31296296296296305
2 0.496875 0.3314814814814816 0.46197916666666666 0.3314814814814816 0.46197916666666666 0.37962962962962976 0.496875 0.37962962962962976
8 0.5541666666666667 0.7740740740740742 0.5213541666666667 0.7740740740740742 0.5213541666666667 0.8212962962962965 0.5541666666666667 0.8212962962962965
1 0.5078125000000001 0.8509259259259261 0.4661458333333333 0.850925925925926 0.46614583333333337 0.9120370370370371 0.5078125000000001 0.9120370370370372
2 0.4401041666666667 0.24814814814814826 0.4078125 0.24814814814814826 0.4078125 0.2962962962962964 0.4401041666666667 0.2962962962962964
3 0.5026041666666666 0.5944444444444446 0.471875 0.5944444444444444 0.471875 0.6481481481481483 0.5026041666666666 0.6481481481481484
5 0.5572916666666666 0.5916666666666669 0.5182291666666666 0.5916666666666669 0.5182291666666666 0.6611111111111113 0.5572916666666666 0.6611111111111113
9 0.4432291666666667 0.17222222222222233 0.4114583333333333 0.17222222222222233 0.4114583333333333 0.22407407407407418 0.4432291666666667 0.22407407407407418
2 0.5494791666666666 0.2462962962962964 0.51875 0.2462962962962964 0.51875 0.2962962962962964 0.5494791666666666 0.2962962962962964