12 0.490625 0.7185185185185187 0.4484375 0.7185185185185186 0.4484375 0.7953703703703705 0.490625 0.7953703703703706
7 0.4479166666666667 0.25092592592592605 0.41510416666666666 0.25092592592592605 0.41510416666666666 0.30925925925925934 0.4479166666666667 0.30925925925925934
6 0.44166666666666665 0.6407407407407407 0.4083333333333333 0.6407407407407407 0.4083333333333333 0.7037037037037037 0.44166666666666665 0.7037037037037037
11 0.5947916666666667 0.18333333333333343 0.5619791666666667 0.18333333333333343 0.5619791666666667 0.23981481481481493 0.5947916666666667 0.23981481481481493
11 0.5473958333333333 0.2564814814814816 0.5151041666666667 0.2564814814814816 0.5151041666666667 0.31481481481481494 0.5473958333333333 0.31481481481481494
10 0.5432291666666667 0.6500000000000002 0.509375 0.6500000000000002 0.509375 0.7120370370370372 0.5432291666666667 0.7120370370370372
10 0.4921875 0.6435185185185186 0.4583333333333333 0.6435185185185185 0.4583333333333333 0.7055555555555557 0.4921875 0.7055555555555557
4 0.5958333333333333 0.7305555555555557 0.5625 0.7305555555555557 0.5625 0.7925925925925928 0.5958333333333333 0.7925925925925928
4 0.3885416666666667 0.725 0.35520833333333335 0.725 0.35520833333333335 0.7861111111111111 0.3885416666666667 0.7861111111111111
2 0.490625 0.5694444444444445 0.46458333333333335 0.5694444444444444 0.46458333333333335 0.6166666666666668 0.490625 0.6166666666666669
7 0.6447916666666667 0.2601851851851853 0.6119791666666666 0.2601851851851853 0.6119791666666666 0.3175925925925927 0.6447916666666667 0.3175925925925927
13 0.5020833333333333 0.17037037037037048 0.4630208333333333 0.17037037037037048 0.4630208333333333 0.24074074074074084 0.5020833333333333 0.24074074074074084
0 0.3921875 0.6398148148148148 0.35833333333333334 0.6398148148148148 0.35833333333333334 0.7027777777777777 0.3921875 0.7027777777777777
1 0.49635416666666665 0.2537037037037038 0.4635416666666667 0.2537037037037038 0.4635416666666667 0.31296296296296305 0.49635416666666665 0.31296296296296305
3 0.44114583333333335 0.33055555555555566 0.41510416666666666 0.33055555555555566 0.41510416666666666 0.37592592592592605 0.44114583333333335 0.37592592592592605
9 0.446875 0.18333333333333343 0.4203125 0.18333333333333343 0.4203125 0.22962962962962974 0.446875 0.22962962962962974
8 0.434375 0.7342592592592593 0.4083333333333333 0.7342592592592593 0.4083333333333333 0.7824074074074074 0.434375 0.7824074074074074
5 0.39739583333333334 0.18055555555555566 0.365625 0.18055555555555566 0.365625 0.23703703703703713 0.39739583333333334 0.23703703703703713
3 0.5942708333333333 0.3351851851851853 0.5682291666666667 0.3351851851851853 0.5682291666666667 0.38240740740740753 0.5942708333333333 0.38240740740740753
3 0.5401041666666667 0.338888888888889 0.5145833333333333 0.338888888888889 0.5145833333333333 0.38425925925925936 0.5401041666666667 0.38425925925925936
2 0.59375 0.5722222222222224 0.5671875 0.5722222222222224 0.5671875 0.6212962962962965 0.59375 0.6212962962962965
6 0.5963541666666666 0.6472222222222225 0.5625 0.6472222222222225 0.5625 0.7083333333333336 0.5963541666666666 0.7083333333333336
2 0.3859375 0.562962962962963 0.359375 0.562962962962963 0.359375 0.612037037037037 0.3859375 0.612037037037037
3 0.3932291666666667 0.3314814814814816 0.3671875 0.3314814814814816 0.3671875 0.3777777777777779 0.3932291666666667 0.3777777777777779
2 0.54375 0.5768518518518521 0.5182291666666666 0.5768518518518521 0.5182291666666666 0.6240740740740743 0.54375 0.6240740740740743
1 0.5932291666666667 0.2601851851851853 0.5598958333333334 0.2601851851851853 0.5598958333333334 0.31851851851851865 0.5932291666666667 0.31851851851851865
3 0.4921875 0.3296296296296297 0.4661458333333333 0.3296296296296297 0.4661458333333333 0.37685185185185194 0.4921875 0.37685185185185194
2 0.43697916666666664 0.5703703703703704 0.40989583333333335 0.5703703703703704 0.40989583333333335 0.6175925925925926 0.43697916666666664 0.6175925925925926
5 0.64375 0.1833333333333335 0.6114583333333333 0.1833333333333335 0.6114583333333333 0.24166666666666678 0.64375 0.24166666666666678
0 0.646875 0.7296296296296299 0.6125 0.7296296296296299 0.6125 0.7898148148148151 0.646875 0.7898148148148151
8 0.5359375 0.7324074074074076 0.5098958333333333 0.7324074074074076 0.5098958333333333 0.7805555555555558 0.5359375 0.7805555555555558
9 0.54375 0.188888888888889 0.51875 0.188888888888889 0.51875 0.2351851851851853 0.54375 0.2351851851851853