10 0.6625 0.6379629629629632 0.6182291666666667 0.6379629629629632 0.6182291666666667 0.7138888888888891 0.6625 0.7138888888888891
12 0.30104166666666665 0.6546296296296297 0.2458333333333334 0.6546296296296297 0.2458333333333334 0.7555555555555555 0.30104166666666665 0.7555555555555555
3 0.48802083333333335 0.3175925925925927 0.44947916666666665 0.3175925925925927 0.44947916666666665 0.3833333333333334 0.48802083333333335 0.3833333333333334
13 0.5864583333333333 0.4027777777777779 0.5296875 0.4027777777777779 0.5296875 0.502777777777778 0.5864583333333333 0.502777777777778
7 0.6177083333333333 0.37407407407407417 0.571875 0.37407407407407417 0.571875 0.45555555555555566 0.6177083333333333 0.45555555555555566
11 0.45260416666666675 0.7870370370370371 0.40729166666666666 0.7870370370370371 0.4072916666666667 0.8666666666666667 0.4526041666666668 0.8666666666666667
3 0.3421875 0.3833333333333334 0.30416666666666664 0.3833333333333334 0.30416666666666664 0.4490740740740742 0.3421875 0.4490740740740742
1 0.2479166666666667 0.38703703703703707 0.2015625 0.387037037037037 0.20156250000000003 0.4694444444444445 0.24791666666666673 0.46944444444444455
7 0.41875 0.400925925925926 0.3703125 0.400925925925926 0.3703125 0.4861111111111111 0.41875 0.4861111111111111
6 0.5984375 0.6083333333333335 0.5541666666666667 0.6083333333333335 0.5541666666666667 0.6870370370370372 0.5984375 0.6870370370370372
3 0.5005208333333334 0.9324074074074075 0.46458333333333346 0.9324074074074075 0.46458333333333346 0.9935185185185185 0.5005208333333334 0.9935185185185185
3 0.5453125 0.7731481481481484 0.5098958333333333 0.7731481481481484 0.5098958333333333 0.8351851851851854 0.5453125 0.8351851851851854
0 0.5375 0.5787037037037039 0.49166666666666664 0.5787037037037039 0.49166666666666664 0.6601851851851854 0.5375 0.6601851851851854
2 0.5213541666666667 0.7000000000000002 0.484375 0.7000000000000002 0.484375 0.7648148148148151 0.5213541666666667 0.7648148148148151
3 0.45364583333333336 0.6703703703703704 0.41770833333333335 0.6703703703703704 0.41770833333333335 0.7342592592592593 0.45364583333333336 0.7342592592592593
2 0.4296875 0.6037037037037037 0.3927083333333333 0.6037037037037037 0.3927083333333333 0.6675925925925926 0.4296875 0.6675925925925926
6 0.4734375 0.5546296296296296 0.4270833333333333 0.5546296296296296 0.4270833333333333 0.6361111111111111 0.4734375 0.6361111111111111
10 0.36875 0.5675925925925925 0.321875 0.5675925925925925 0.321875 0.6518518518518519 0.36875 0.6518518518518519
11 0.5010416666666667 0.188888888888889 0.4546875 0.188888888888889 0.4546875 0.2712962962962964 0.5010416666666667 0.2712962962962964
2 0.3921875 0.21666666666666676 0.3546875 0.21666666666666673 0.3546875 0.2814814814814816 0.3921875 0.2814814814814816
0 0.48020833333333335 0.43055555555555564 0.4328125 0.43055555555555564 0.4328125 0.5138888888888888 0.48020833333333335 0.5138888888888888
9 0.54375 0.46759259259259267 0.5067708333333333 0.46759259259259267 0.5067708333333333 0.5324074074074077 0.54375 0.5324074074074077
9 0.603125 0.49722222222222245 0.5661458333333333 0.49722222222222245 0.5661458333333333 0.5620370370370372 0.603125 0.5620370370370372
2 0.6057291666666667 0.7953703703703706 0.5697916666666667 0.7953703703703706 0.5697916666666667 0.8583333333333335 0.6057291666666667 0.8583333333333335
5 0.5875 0.7250000000000002 0.5421875 0.7250000000000002 0.5421875 0.8046296296296298 0.5875 0.8046296296296298
8 0.3505208333333334 0.8037037037037037 0.3151041666666667 0.8037037037037037 0.31510416666666674 0.8666666666666667 0.35052083333333345 0.8666666666666667
4 0.4239583333333333 0.7194444444444444 0.3802083333333333 0.7194444444444444 0.3802083333333333 0.7962962962962963 0.4239583333333333 0.7962962962962963
2 0.4005208333333333 0.5268518518518519 0.3640625 0.5268518518518519 0.3640625 0.5907407407407408 0.4005208333333333 0.5907407407407408
5 0.4114583333333334 0.937037037037037 0.36770833333333347 0.937037037037037 0.36770833333333347 1 0.4114583333333334 1
4 0.4453125000000001 0.9018518518518519 0.4015625000000001 0.9018518518518519 0.4015625000000001 0.9768518518518519 0.4453125000000001 0.9768518518518519
1 0.38333333333333347 0.8666666666666667 0.33750000000000013 0.8666666666666667 0.33750000000000013 0.9462962962962963 0.38333333333333347 0.9462962962962963
8 0.38645833333333335 0.7722222222222223 0.3484375 0.7722222222222223 0.3484375 0.8379629629629629 0.38645833333333335 0.8379629629629629