6 0.4166666666666667 0.1712962962962964 0.371875 0.1712962962962964 0.371875 0.23703703703703713 0.4166666666666667 0.23703703703703713
4 0.3619791666666667 0.17129629629629634 0.31666666666666665 0.17129629629629634 0.31666666666666665 0.23703703703703713 0.3619791666666667 0.23703703703703713
4 0.45416666666666666 0.43796296296296305 0.4083333333333333 0.43796296296296305 0.4083333333333333 0.5064814814814815 0.45416666666666666 0.5064814814814815
10 0.5260416666666666 0.08888888888888899 0.48541666666666666 0.08888888888888899 0.48541666666666666 0.15555555555555567 0.5260416666666666 0.15555555555555567
12 0.4859375 9.984273209715225e-17 0.43125 9.38895879346304e-17 0.43125 0.0787037037037038 0.4859375 0.0787037037037038
3 0.6109375 0.44444444444444453 0.5739583333333333 0.44444444444444453 0.5739583333333333 0.5046296296296299 0.6109375 0.5046296296296299
8 0.46927083333333336 0.17222222222222233 0.4317708333333333 0.17222222222222233 0.4317708333333333 0.2287037037037038 0.46927083333333336 0.2287037037037038
0 0.5760416666666667 0.17685185185185195 0.5364583333333334 0.17685185185185195 0.5364583333333334 0.24166666666666678 0.5760416666666667 0.24166666666666678
1 0.5505208333333333 0.6129629629629632 0.5046875 0.6129629629629632 0.5046875 0.6796296296296298 0.5505208333333333 0.6796296296296298
3 0.5588541666666667 0.44722222222222235 0.5208333333333334 0.44722222222222235 0.5208333333333334 0.502777777777778 0.5588541666666667 0.502777777777778
1 0.5833333333333334 0.01203703703703716 0.5380208333333333 0.012037037037037155 0.5380208333333333 0.0814814814814816 0.5833333333333334 0.08148148148148161
7 0.28854166666666664 0.5148148148148148 0.24375000000000005 0.5148148148148148 0.24375000000000005 0.5861111111111111 0.28854166666666664 0.5861111111111111
2 0.328125 0.6101851851851852 0.2942708333333333 0.6101851851851852 0.2942708333333333 0.6638888888888889 0.328125 0.6638888888888889
5 0.5041666666666667 0.5203703703703705 0.46041666666666664 0.5203703703703704 0.46041666666666664 0.5953703703703704 0.5041666666666667 0.5953703703703705
3 0.4421875 0.5277777777777778 0.409375 0.5277777777777778 0.409375 0.5824074074074074 0.4421875 0.5824074074074074
8 0.5307291666666667 0.0018518518518519636 0.4947916666666667 0.0018518518518519597 0.4947916666666667 0.059259259259259366 0.5307291666666667 0.059259259259259366
2 0.6541666666666667 0.6268518518518521 0.6161458333333333 0.6268518518518521 0.6161458333333333 0.6861111111111113 0.6541666666666667 0.6861111111111113
6 0.721875 0.450925925925926 0.6807291666666667 0.450925925925926 0.6807291666666667 0.5222222222222225 0.721875 0.5222222222222225
11 0.6796875 0.18425925925925943 0.6369791666666667 0.18425925925925943 0.6369791666666667 0.2500000000000001 0.6796875 0.2500000000000001
2 0.34427083333333336 0.34444444444444455 0.30625 0.34444444444444455 0.30625 0.400925925925926 0.34427083333333336 0.400925925925926
2 0.5609375 0.3537037037037038 0.5265625 0.3537037037037038 0.5265625 0.40555555555555567 0.5609375 0.40555555555555567
3 0.5109375 0.3472222222222223 0.47708333333333336 0.3472222222222223 0.47708333333333336 0.3990740740740742 0.5109375 0.3990740740740742
2 0.6 0.6194444444444447 0.5635416666666667 0.6194444444444447 0.5635416666666667 0.6833333333333336 0.6 0.6833333333333336
3 0.3416666666666667 0.43055555555555564 0.30625 0.43055555555555564 0.30625 0.49166666666666664 0.3416666666666667 0.49166666666666664
9 0.48489583333333336 0.7000000000000001 0.45 0.7 0.45 0.7583333333333334 0.48489583333333336 0.7583333333333335
5 0.3770833333333333 0.6944444444444444 0.33541666666666664 0.6944444444444444 0.33541666666666664 0.7666666666666667 0.3770833333333333 0.7666666666666667
0 0.4453125 0.6074074074074074 0.4010416666666667 0.6074074074074074 0.4010416666666667 0.6796296296296296 0.4453125 0.6796296296296296
9 0.4322916666666667 0.7092592592592593 0.39791666666666664 0.7092592592592593 0.39791666666666664 0.762962962962963 0.4322916666666667 0.762962962962963
10 0.4864583333333333 0.7814814814814816 0.44479166666666664 0.7814814814814814 0.44479166666666664 0.8490740740740742 0.4864583333333333 0.8490740740740743
13 0.5484375 0.6925925925925928 0.496875 0.6925925925925928 0.496875 0.7833333333333335 0.5484375 0.7833333333333335
7 0.42552083333333335 0.004629629629629718 0.3875 0.0046296296296297135 0.3875 0.06851851851851862 0.42552083333333335 0.06851851851851862
11 0.5197916666666667 0.1750000000000001 0.4796875 0.1750000000000001 0.4796875 0.23981481481481493 0.5197916666666667 0.23981481481481493