1 0.709375 0.7962962962962965 0.6760416666666667 0.7962962962962965 0.6760416666666667 0.8657407407407409 0.709375 0.8657407407407409
7 0.621875 0.7194444444444447 0.5901041666666667 0.7194444444444447 0.5901041666666667 0.7888888888888891 0.621875 0.7888888888888891
3 0.5703125 0.8064814814814817 0.5447916666666667 0.8064814814814817 0.5447916666666667 0.8620370370370373 0.5703125 0.8620370370370373
3 0.5671875 0.26944444444444454 0.5416666666666666 0.26944444444444454 0.5416666666666666 0.3277777777777779 0.5671875 0.3277777777777779
2 0.434375 0.46759259259259267 0.409375 0.46759259259259267 0.409375 0.5231481481481481 0.434375 0.5231481481481481
4 0.30572916666666666 0.30925925925925934 0.2760416666666667 0.30925925925925934 0.2760416666666667 0.3750000000000001 0.30572916666666666 0.3750000000000001
10 0.31302083333333336 0.22129629629629635 0.2828125 0.22129629629629635 0.2828125 0.28518518518518526 0.31302083333333336 0.28518518518518526
2 0.4322916666666667 0.6435185185185185 0.4078125 0.6435185185185185 0.4078125 0.6990740740740741 0.4322916666666667 0.6990740740740741
3 0.5713541666666667 0.6370370370370373 0.5463541666666667 0.6370370370370373 0.5463541666666667 0.6962962962962965 0.5713541666666667 0.6962962962962965
13 0.6661458333333333 0.43796296296296305 0.6260416666666667 0.43796296296296305 0.6260416666666667 0.5185185185185187 0.6661458333333333 0.5185185185185187
6 0.3932291666666667 0.712037037037037 0.3625 0.712037037037037 0.3625 0.7777777777777778 0.3932291666666667 0.7777777777777778
2 0.428125 0.2879629629629631 0.4036458333333333 0.2879629629629631 0.4036458333333333 0.3453703703703705 0.428125 0.3453703703703705
3 0.5734375 0.45185185185185195 0.5479166666666667 0.45185185185185195 0.5479166666666667 0.5092592592592595 0.5734375 0.5092592592592595
6 0.39375 0.200925925925926 0.359375 0.20092592592592598 0.359375 0.2685185185185186 0.39375 0.2685185185185186
7 0.6192708333333333 0.16388888888888903 0.5880208333333333 0.163888888888889 0.5880208333333333 0.23333333333333348 0.6192708333333333 0.2333333333333335
2 0.434375 0.12407407407407418 0.40729166666666666 0.12407407407407418 0.40729166666666666 0.18148148148148158 0.434375 0.18148148148148158
2 0.43229166666666674 0.8194444444444444 0.4078125 0.8194444444444444 0.4078125000000001 0.8740740740740741 0.4322916666666668 0.8740740740740741
3 0.5651041666666666 0.09907407407407419 0.5401041666666667 0.09907407407407418 0.5401041666666667 0.15462962962962973 0.5651041666666666 0.15462962962962973
1 0.7078125 0.08611111111111126 0.6744791666666666 0.08611111111111126 0.6744791666666666 0.15555555555555572 0.7078125 0.15555555555555572
5 0.7078125 0.17407407407407424 0.675 0.17407407407407424 0.675 0.2462962962962964 0.7078125 0.2462962962962964
8 0.30572916666666666 0.40555555555555567 0.2786458333333333 0.40555555555555567 0.2786458333333333 0.4601851851851853 0.30572916666666666 0.4601851851851853
12 0.3484375 0.46759259259259267 0.31145833333333334 0.46759259259259267 0.31145833333333334 0.5462962962962963 0.3484375 0.5462962962962963
9 0.7130208333333333 0.5324074074074077 0.684375 0.5324074074074077 0.684375 0.589814814814815 0.7130208333333333 0.589814814814815
11 0.7109375 0.714814814814815 0.6770833333333334 0.714814814814815 0.6770833333333334 0.7861111111111113 0.7109375 0.7861111111111113
9 0.7104166666666667 0.3592592592592594 0.6817708333333333 0.3592592592592594 0.6817708333333333 0.41574074074074086 0.7104166666666667 0.41574074074074086
10 0.3145833333333333 0.725 0.2838541666666667 0.725 0.2838541666666667 0.7916666666666666 0.3145833333333333 0.7916666666666666
4 0.31145833333333334 0.6509259259259259 0.28125 0.6509259259259259 0.28125 0.7157407407407408 0.31145833333333334 0.7157407407407408
11 0.7130208333333333 0.26111111111111124 0.6786458333333333 0.26111111111111124 0.6786458333333333 0.3333333333333334 0.7130208333333333 0.3333333333333334
0 0.30885416666666665 0.13148148148148153 0.2755208333333333 0.13148148148148153 0.2755208333333333 0.19629629629629636 0.30885416666666665 0.19629629629629636
5 0.7072916666666667 0.6185185185185187 0.6703125 0.6185185185185187 0.6703125 0.690740740740741 0.7072916666666667 0.690740740740741
0 0.31979166666666675 0.8194444444444444 0.28802083333333334 0.8194444444444444 0.2880208333333334 0.8796296296296297 0.3197916666666668 0.8796296296296297
8 0.3098958333333333 0.5648148148148148 0.2838541666666667 0.5648148148148148 0.2838541666666667 0.6175925925925926 0.3098958333333333 0.6175925925925926