3 0.3494791666666667 0.6759259259259259 0.30833333333333335 0.6759259259259259 0.30833333333333335 0.7462962962962963 0.3494791666666667 0.7462962962962963
3 0.47291666666666665 0.37685185185185194 0.4317708333333333 0.37685185185185194 0.4317708333333333 0.44722222222222235 0.47291666666666665 0.44722222222222235
4 0.7713541666666667 0.4546296296296298 0.721875 0.4546296296296297 0.721875 0.5388888888888891 0.7713541666666667 0.5388888888888891
2 0.5109375 0.6703703703703705 0.4708333333333333 0.6703703703703704 0.4708333333333333 0.7398148148148149 0.5109375 0.739814814814815
13 0.41458333333333336 0.26111111111111124 0.35 0.26111111111111124 0.35 0.37222222222222234 0.41458333333333336 0.37222222222222234
3 0.5354166666666667 0.24351851851851863 0.49375 0.24351851851851863 0.49375 0.31481481481481494 0.5354166666666667 0.31481481481481494
8 0.646875 0.7444444444444447 0.6088541666666667 0.7444444444444447 0.6088541666666667 0.8092592592592595 0.646875 0.8092592592592595
12 0.6505208333333333 0.614814814814815 0.5911458333333334 0.614814814814815 0.5911458333333334 0.7166666666666669 0.6505208333333333 0.7166666666666669
8 0.7010416666666667 0.6111111111111113 0.6619791666666667 0.6111111111111113 0.6619791666666667 0.6787037037037039 0.7010416666666667 0.6787037037037039
2 0.7041666666666667 0.2537037037037038 0.6630208333333333 0.2537037037037038 0.6630208333333333 0.32314814814814824 0.7041666666666667 0.32314814814814824
2 0.6432291666666666 0.38981481481481495 0.6026041666666667 0.38981481481481495 0.6026041666666667 0.4583333333333334 0.6432291666666666 0.4583333333333334
2 0.58125 0.5333333333333335 0.5411458333333333 0.5333333333333335 0.5411458333333333 0.6009259259259261 0.58125 0.6009259259259261
6 0.5177083333333334 0.788888888888889 0.46770833333333334 0.7888888888888889 0.4677083333333334 0.8740740740740742 0.5177083333333334 0.8740740740740743
7 0.5432291666666667 0.12222222222222233 0.49114583333333334 0.12222222222222233 0.49114583333333334 0.21111111111111122 0.5432291666666667 0.21111111111111122
7 0.3416666666666667 0.5546296296296296 0.2890625 0.5546296296296296 0.2890625 0.6435185185185185 0.3416666666666667 0.6435185185185185
2 0.45104166666666673 0.8148148148148148 0.41041666666666665 0.8148148148148148 0.4104166666666667 0.8824074074074074 0.4510416666666668 0.8824074074074074
3 0.409375 0.5305555555555556 0.36770833333333336 0.5305555555555556 0.36770833333333336 0.600925925925926 0.409375 0.600925925925926
6 0.7114583333333333 0.35462962962962974 0.6619791666666667 0.35462962962962974 0.6619791666666667 0.4407407407407408 0.7114583333333333 0.4407407407407408
5 0.4734375 0.027777777777777877 0.4197916666666667 0.02777777777777787 0.4197916666666667 0.11018518518518527 0.4734375 0.11018518518518529
10 0.7421875 0.5250000000000002 0.6927083333333334 0.5250000000000002 0.6927083333333334 0.6111111111111113 0.7421875 0.6111111111111113
3 0.5989583333333334 0.10370370370370384 0.5583333333333333 0.10370370370370384 0.5583333333333333 0.1740740740740742 0.5989583333333334 0.1740740740740742
9 0.39895833333333336 0.17500000000000007 0.3578125 0.17500000000000004 0.3578125 0.24444444444444455 0.39895833333333336 0.24444444444444455
9 0.32760416666666664 0.3175925925925927 0.2859375 0.3175925925925927 0.2859375 0.38981481481481495 0.32760416666666664 0.38981481481481495
4 0.6171875 0.7814814814814817 0.5677083333333334 0.7814814814814817 0.5677083333333334 0.8666666666666669 0.6171875 0.8666666666666669
1 0.25000000000000006 0.5324074074074074 0.1979166666666667 0.5324074074074074 0.1979166666666667 0.6212962962962963 0.25000000000000006 0.6212962962962963
0 0.7994791666666666 0.389814814814815 0.7484375 0.389814814814815 0.7484375 0.4768518518518521 0.7994791666666666 0.4768518518518521
0 0.5619791666666667 0.926851851851852 0.5125000000000001 0.926851851851852 0.5125000000000001 1 0.5619791666666667 1
10 0.5880208333333333 0.852777777777778 0.5354166666666667 0.852777777777778 0.5354166666666667 0.9435185185185188 0.5880208333333333 0.9435185185185188
11 0.43854166666666666 0.08425925925925935 0.38333333333333336 0.08425925925925934 0.38333333333333336 0.17962962962962972 0.43854166666666666 0.17962962962962972
11 0.3046875 0.37962962962962976 0.2520833333333333 0.37962962962962976 0.2520833333333334 0.46944444444444455 0.3046875 0.46944444444444455
5 0.28229166666666666 0.4435185185185186 0.2270833333333334 0.44351851851851853 0.2270833333333334 0.5370370370370371 0.28229166666666666 0.5370370370370371