11 0.7328125 0.40740740740740755 0.6890625 0.4074074074074075 0.6890625 0.49351851851851875 0.7328125 0.49351851851851875
6 0.3572916666666667 0.31666666666666676 0.31145833333333334 0.31666666666666676 0.31145833333333334 0.4027777777777779 0.3572916666666667 0.4027777777777779
4 0.42916666666666664 0.38240740740740753 0.37916666666666665 0.38240740740740753 0.37916666666666665 0.4759259259259259 0.42916666666666664 0.4759259259259259
3 0.6286458333333333 0.1666666666666668 0.59375 0.16666666666666677 0.59375 0.23333333333333348 0.6286458333333333 0.2333333333333335
2 0.3072916666666667 0.3611111111111112 0.2703125 0.3611111111111112 0.2703125 0.42962962962962975 0.3072916666666667 0.42962962962962975
7 0.6614583333333334 0.5592592592592595 0.6177083333333333 0.5592592592592595 0.6177083333333333 0.6444444444444447 0.6614583333333334 0.6444444444444447
7 0.5921875 0.188888888888889 0.5494791666666666 0.188888888888889 0.5494791666666666 0.2703703703703705 0.5921875 0.2703703703703705
3 0.575 0.3972222222222223 0.5395833333333333 0.3972222222222223 0.5395833333333333 0.46574074074074084 0.575 0.46574074074074084
2 0.37916666666666665 0.7222222222222222 0.34322916666666664 0.7222222222222222 0.34322916666666664 0.7907407407407407 0.37916666666666665 0.7907407407407407
5 0.5677083333333334 0.2981481481481483 0.5197916666666667 0.2981481481481483 0.5197916666666667 0.38981481481481495 0.5677083333333334 0.38981481481481495
3 0.7041666666666667 0.5314814814814817 0.6692708333333334 0.5314814814814817 0.6692708333333334 0.5972222222222224 0.7041666666666667 0.5972222222222224
9 0.33125 0.4361111111111112 0.29010416666666666 0.4361111111111112 0.29010416666666666 0.5101851851851852 0.33125 0.5101851851851852
1 0.7140625 0.31481481481481494 0.6708333333333333 0.31481481481481494 0.6708333333333333 0.4000000000000001 0.7140625 0.4000000000000001
2 0.43802083333333336 0.48333333333333334 0.4010416666666667 0.48333333333333334 0.4010416666666667 0.5546296296296296 0.43802083333333336 0.5546296296296296
6 0.4328125 0.6925925925925925 0.3885416666666667 0.6925925925925925 0.3885416666666667 0.7768518518518519 0.4328125 0.7768518518518519
3 0.6416666666666667 0.4722222222222223 0.6052083333333333 0.4722222222222223 0.6052083333333333 0.5388888888888891 0.6416666666666667 0.5388888888888891
3 0.6036458333333333 0.28333333333333344 0.5682291666666667 0.28333333333333344 0.5682291666666667 0.35092592592592603 0.6036458333333333 0.35092592592592603
5 0.6052083333333333 0.4925925925925928 0.5578125 0.4925925925925928 0.5578125 0.5805555555555557 0.6052083333333333 0.5805555555555557
8 0.6520833333333333 0.26111111111111124 0.6135416666666667 0.26111111111111124 0.6135416666666667 0.3333333333333334 0.6520833333333333 0.3333333333333334
11 0.69375 0.23888888888888898 0.6505208333333333 0.23888888888888898 0.6505208333333333 0.3212962962962964 0.69375 0.3212962962962964
1 0.6682291666666667 0.3398148148148149 0.6239583333333333 0.3398148148148149 0.6239583333333333 0.42592592592592604 0.6682291666666667 0.42592592592592604
2 0.4109375 0.612037037037037 0.37604166666666666 0.612037037037037 0.37604166666666666 0.6796296296296296 0.4109375 0.6796296296296296
13 0.39947916666666666 0.4962962962962963 0.34375 0.4962962962962963 0.34375 0.5990740740740741 0.39947916666666666 0.5990740740740741
9 0.36875 0.6305555555555555 0.3328125 0.6305555555555555 0.3328125 0.6990740740740741 0.36875 0.6990740740740741
12 0.6333333333333333 0.36203703703703716 0.578125 0.36203703703703716 0.578125 0.4666666666666668 0.6333333333333333 0.4666666666666668
4 0.4635416666666667 0.5638888888888889 0.41875 0.5638888888888889 0.41875 0.649074074074074 0.4635416666666667 0.649074074074074
0 0.2875 0.46018518518518525 0.24166666666666672 0.4601851851851852 0.24166666666666672 0.5462962962962963 0.2875 0.5462962962962963
2 0.371875 0.42222222222222233 0.33541666666666664 0.42222222222222233 0.33541666666666664 0.4925925925925926 0.371875 0.4925925925925926
10 0.35 0.5222222222222223 0.3 0.5222222222222223 0.3 0.6157407407407407 0.35 0.6157407407407407
10 0.3072916666666667 0.5583333333333333 0.2593750000000001 0.5583333333333333 0.2593750000000001 0.6444444444444445 0.3072916666666667 0.6444444444444445
8 0.6875 0.43981481481481494 0.6489583333333333 0.43981481481481494 0.6489583333333333 0.5120370370370373 0.6875 0.5120370370370373
0 0.32135416666666666 0.65 0.2755208333333333 0.65 0.2755208333333333 0.7324074074074074 0.32135416666666666 0.7324074074074074