7 0.5166666666666667 0.7916666666666667 0.46770833333333334 0.7916666666666666 0.4677083333333334 0.8814814814814815 0.5166666666666668 0.8814814814814816
4 0.5994791666666667 0.1250000000000001 0.55 0.1250000000000001 0.55 0.21666666666666679 0.5994791666666667 0.21666666666666679
0 0.7916666666666666 0.527777777777778 0.7421875 0.527777777777778 0.7421875 0.6166666666666669 0.7916666666666666 0.6166666666666669
2 0.6875 0.6870370370370372 0.646875 0.6870370370370372 0.646875 0.7611111111111113 0.6875 0.7611111111111113
2 0.5578125 0.3925925925925927 0.5197916666666667 0.3925925925925927 0.5197916666666667 0.46203703703703713 0.5578125 0.46203703703703713
4 0.7635416666666667 0.4583333333333335 0.715625 0.4583333333333334 0.715625 0.5472222222222224 0.7635416666666667 0.5472222222222224
2 0.61875 0.5388888888888891 0.5796875 0.5388888888888891 0.5796875 0.6111111111111113 0.61875 0.6111111111111113
3 0.44635416666666666 0.5472222222222223 0.40677083333333336 0.5472222222222223 0.40677083333333336 0.6185185185185185 0.44635416666666666 0.6185185185185185
2 0.48854166666666665 0.25740740740740753 0.4505208333333333 0.25740740740740753 0.4505208333333333 0.325925925925926 0.48854166666666665 0.325925925925926
7 0.3229166666666667 0.3648148148148149 0.2755208333333333 0.3648148148148149 0.2755208333333333 0.450925925925926 0.3229166666666667 0.450925925925926
6 0.6984375 0.5564814814814817 0.6442708333333333 0.5564814814814817 0.6442708333333333 0.6546296296296299 0.6984375 0.6546296296296299
6 0.4973958333333333 0.1250000000000001 0.44635416666666666 0.1250000000000001 0.44635416666666666 0.21944444444444455 0.4973958333333333 0.21944444444444455
3 0.5098958333333333 0.6824074074074075 0.4671875 0.6824074074074075 0.4671875 0.7611111111111112 0.5098958333333333 0.7611111111111113
2 0.4296875 0.12685185185185197 0.3932291666666667 0.12685185185185197 0.3932291666666667 0.1925925925925927 0.4296875 0.1925925925925927
3 0.3875 0.3990740740740742 0.3489583333333333 0.3990740740740742 0.3489583333333333 0.4685185185185186 0.3875 0.4685185185185186
3 0.5729166666666666 0.8324074074074076 0.5322916666666667 0.8324074074074076 0.5322916666666667 0.9046296296296299 0.5729166666666666 0.9046296296296299
12 0.6307291666666667 0.2675925925925927 0.56875 0.2675925925925927 0.56875 0.38240740740740753 0.6307291666666667 0.38240740740740753
3 0.33177083333333335 0.2620370370370371 0.2911458333333333 0.2620370370370371 0.2911458333333333 0.3351851851851853 0.33177083333333335 0.3351851851851853
1 0.4687500000000001 0.9546296296296296 0.4166666666666668 0.9546296296296296 0.4166666666666668 1 0.4687500000000001 1
8 0.6302083333333334 0.17685185185185198 0.5895833333333333 0.17685185185185195 0.5895833333333333 0.25185185185185194 0.6302083333333334 0.25185185185185194
13 0.3885416666666667 0.6277777777777778 0.33125 0.6277777777777778 0.33125 0.7324074074074074 0.3885416666666667 0.7324074074074074
8 0.6875 0.31666666666666676 0.65 0.31666666666666676 0.65 0.3851851851851853 0.6875 0.3851851851851853
9 0.3776041666666667 0.7435185185185185 0.33489583333333334 0.7435185185185185 0.33489583333333334 0.8222222222222222 0.3776041666666667 0.8222222222222222
1 0.23802083333333338 0.38055555555555554 0.190625 0.38055555555555554 0.19062500000000002 0.46574074074074073 0.2380208333333334 0.46574074074074073
5 0.26354166666666673 0.46388888888888896 0.2177083333333334 0.4638888888888889 0.2177083333333334 0.5481481481481482 0.26354166666666673 0.5481481481481482
0 0.5427083333333333 0.05185185185185196 0.49322916666666666 0.051851851851851954 0.49322916666666666 0.0787037037037038 0.5427083333333333 0.0787037037037038
10 0.5661458333333333 0.05462962962962975 0.5171875 0.05462962962962975 0.5171875 0.14444444444444454 0.5661458333333333 0.14444444444444454
10 0.7302083333333333 0.3805555555555557 0.678125 0.38055555555555565 0.678125 0.47592592592592614 0.7302083333333333 0.47592592592592614
11 0.2890625 0.5231481481481481 0.2369791666666667 0.5231481481481481 0.2369791666666667 0.6185185185185185 0.2890625 0.6185185185185185
11 0.41250000000000003 0.8083333333333333 0.35833333333333334 0.8083333333333333 0.3583333333333334 0.9083333333333333 0.41250000000000014 0.9083333333333333
5 0.44427083333333345 0.8833333333333333 0.39218750000000013 0.8833333333333333 0.39218750000000013 0.9787037037037037 0.44427083333333345 0.9787037037037037
9 0.31354166666666666 0.5962962962962963 0.26979166666666665 0.5962962962962963 0.26979166666666665 0.6777777777777778 0.31354166666666666 0.6777777777777778