12 0.5822916666666667 0.25092592592592605 0.5270833333333333 0.25092592592592605 0.5270833333333333 0.3453703703703705 0.5822916666666667 0.3453703703703705
0 0.6770833333333334 0.6379629629629632 0.6322916666666667 0.6379629629629632 0.6322916666666667 0.7120370370370372 0.6770833333333334 0.7120370370370372
8 0.6864583333333333 0.27685185185185196 0.6510416666666666 0.27685185185185196 0.6510416666666666 0.33703703703703713 0.6864583333333333 0.33703703703703713
13 0.7604166666666666 0.7425925925925928 0.7098958333333333 0.7425925925925928 0.7098958333333333 0.8296296296296298 0.7604166666666666 0.8296296296296298
3 0.6484375 0.752777777777778 0.6145833333333334 0.752777777777778 0.6145833333333334 0.8101851851851853 0.6484375 0.8101851851851853
6 0.8239583333333333 0.6074074074074076 0.7822916666666667 0.6074074074074076 0.7822916666666667 0.6787037037037039 0.8239583333333333 0.6787037037037039
10 0.884375 0.6490740740740742 0.84375 0.6490740740740742 0.84375 0.7194444444444447 0.884375 0.7194444444444447
0 0.7671875 0.5750000000000002 0.7244791666666667 0.5750000000000002 0.7244791666666667 0.6490740740740742 0.7671875 0.6490740740740742
7 0.6166666666666667 0.5981481481481483 0.571875 0.5981481481481483 0.571875 0.6731481481481484 0.6166666666666667 0.6731481481481484
10 0.61875 0.41944444444444456 0.575 0.41944444444444456 0.575 0.49444444444444463 0.61875 0.49444444444444463
3 0.7182291666666667 0.43425925925925934 0.6833333333333333 0.43425925925925934 0.6833333333333333 0.49351851851851875 0.7182291666666667 0.49351851851851875
7 0.775 0.8129629629629632 0.7328125 0.8129629629629632 0.7328125 0.8833333333333335 0.775 0.8833333333333335
9 0.7364583333333333 0.6861111111111113 0.7036458333333333 0.6861111111111113 0.7036458333333333 0.7435185185185187 0.7364583333333333 0.7435185185185187
3 0.546875 0.5629629629629632 0.5114583333333333 0.5629629629629632 0.5114583333333333 0.6222222222222225 0.546875 0.6222222222222225
2 0.6333333333333333 0.5037037037037039 0.5984375 0.5037037037037039 0.5984375 0.564814814814815 0.6333333333333333 0.564814814814815
1 0.46510416666666665 0.4462962962962964 0.4192708333333333 0.4462962962962964 0.4192708333333333 0.524074074074074 0.46510416666666665 0.524074074074074
3 0.8296875 0.25370370370370393 0.7958333333333333 0.25370370370370393 0.7958333333333333 0.31296296296296316 0.8296875 0.31296296296296316
5 0.8463541666666666 0.49722222222222245 0.8052083333333333 0.49722222222222245 0.8052083333333333 0.5722222222222224 0.8463541666666666 0.5722222222222224
11 0.7489583333333333 0.31203703703703717 0.7052083333333333 0.31203703703703717 0.7052083333333333 0.38888888888888906 0.7489583333333333 0.3888888888888891
1 0.7104166666666667 0.17129629629629645 0.6661458333333333 0.17129629629629645 0.6661458333333333 0.24722222222222232 0.7104166666666667 0.24722222222222232
9 0.7942708333333334 0.7185185185185188 0.7609375 0.7185185185185188 0.7609375 0.7750000000000002 0.7942708333333334 0.7750000000000002
2 0.5453125 0.7425925925925928 0.5109375 0.7425925925925928 0.5109375 0.8000000000000002 0.5453125 0.8000000000000002
5 0.7552083333333334 0.13148148148148164 0.7114583333333333 0.13148148148148164 0.7114583333333333 0.20740740740740757 0.7552083333333334 0.20740740740740757
11 0.6328125 0.8416666666666669 0.5901041666666667 0.8416666666666669 0.5901041666666667 0.9138888888888891 0.6328125 0.9138888888888891
8 0.6619791666666667 0.21296296296296313 0.628125 0.21296296296296313 0.628125 0.2740740740740742 0.6619791666666667 0.2740740740740742
4 0.70625 0.3462962962962964 0.6625 0.3462962962962964 0.6625 0.4231481481481483 0.70625 0.4231481481481483
2 0.8796875 0.47962962962962985 0.8463541666666666 0.47962962962962985 0.8463541666666666 0.5370370370370372 0.8796875 0.5370370370370372
3 0.8244791666666667 0.43796296296296316 0.7895833333333333 0.43796296296296316 0.7895833333333333 0.4962962962962965 0.8244791666666667 0.4962962962962965
2 0.784375 0.47222222222222243 0.7489583333333333 0.47222222222222243 0.7489583333333333 0.5324074074074077 0.784375 0.5324074074074077
2 0.6770833333333334 0.4648148148148149 0.6421875 0.4648148148148149 0.6421875 0.5250000000000002 0.6770833333333334 0.5250000000000002
6 0.7067708333333333 0.5314814814814817 0.6625 0.5314814814814817 0.6625 0.6083333333333335 0.7067708333333333 0.6083333333333335
4 0.7770833333333333 0.20833333333333348 0.7333333333333333 0.20833333333333348 0.7333333333333333 0.2851851851851854 0.7770833333333333 0.2851851851851854