11 0.5973958333333333 0.1351851851851853 0.565625 0.1351851851851853 0.565625 0.19074074074074085 0.5973958333333333 0.19074074074074085
12 0.5072916666666667 0.6703703703703705 0.46510416666666665 0.6703703703703704 0.46510416666666665 0.7462962962962963 0.5072916666666667 0.7462962962962965
4 0.4046875 0.6833333333333333 0.37083333333333335 0.6833333333333333 0.37083333333333335 0.7444444444444445 0.4046875 0.7444444444444445
6 0.45677083333333335 0.5962962962962963 0.42239583333333336 0.5962962962962963 0.42239583333333336 0.6583333333333333 0.45677083333333335 0.6583333333333333
1 0.503125 0.21018518518518528 0.46979166666666666 0.21018518518518528 0.46979166666666666 0.26944444444444454 0.503125 0.26944444444444454
11 0.5536458333333333 0.20925925925925937 0.5203125 0.20925925925925937 0.5203125 0.2666666666666668 0.5536458333333333 0.2666666666666668
5 0.646875 0.1333333333333335 0.6140625 0.1333333333333335 0.6140625 0.1907407407407409 0.646875 0.1907407407407409
7 0.4546875 0.21111111111111122 0.4203125 0.21111111111111122 0.4203125 0.26944444444444454 0.4546875 0.26944444444444454
13 0.5078125 0.12962962962962973 0.4671875 0.12962962962962973 0.4671875 0.19722222222222233 0.5078125 0.19722222222222233
10 0.5067708333333333 0.5953703703703704 0.471875 0.5953703703703703 0.471875 0.6564814814814816 0.5067708333333333 0.6564814814814817
6 0.6104166666666667 0.5907407407407409 0.5765625 0.5907407407407409 0.5765625 0.652777777777778 0.6104166666666667 0.652777777777778
3 0.4484375 0.288888888888889 0.42239583333333336 0.288888888888889 0.42239583333333336 0.3361111111111112 0.4484375 0.3361111111111112
8 0.4505208333333333 0.6888888888888889 0.4239583333333333 0.6888888888888889 0.4239583333333333 0.7388888888888889 0.4505208333333333 0.7388888888888889
10 0.5572916666666666 0.5972222222222224 0.5229166666666667 0.5972222222222224 0.5229166666666667 0.6592592592592594 0.5572916666666666 0.6592592592592594
3 0.5473958333333333 0.29074074074074086 0.521875 0.29074074074074086 0.521875 0.33703703703703713 0.5473958333333333 0.33703703703703713
9 0.5479166666666667 0.14444444444444454 0.521875 0.14444444444444454 0.521875 0.1898148148148149 0.5479166666666667 0.1898148148148149
2 0.6057291666666667 0.5175925925925928 0.5791666666666667 0.5175925925925928 0.5791666666666667 0.5666666666666669 0.6057291666666667 0.5666666666666669
7 0.6484375 0.20833333333333348 0.6161458333333333 0.20833333333333348 0.6161458333333333 0.26481481481481495 0.6484375 0.26481481481481495
2 0.5036458333333333 0.5222222222222224 0.4765625 0.5222222222222223 0.4765625 0.5694444444444445 0.5036458333333333 0.5694444444444446
0 0.6619791666666667 0.6694444444444446 0.6276041666666666 0.6694444444444446 0.6276041666666666 0.7296296296296299 0.6619791666666667 0.7296296296296299
8 0.5520833333333334 0.6805555555555558 0.525 0.6805555555555558 0.525 0.728703703703704 0.5520833333333334 0.728703703703704
5 0.4036458333333333 0.14444444444444454 0.37083333333333335 0.14444444444444454 0.37083333333333335 0.20185185185185195 0.4036458333333333 0.20185185185185195
2 0.44947916666666665 0.5259259259259259 0.42239583333333336 0.5259259259259259 0.42239583333333336 0.5731481481481482 0.44947916666666665 0.5731481481481482
9 0.4515625 0.14444444444444454 0.425 0.14444444444444454 0.425 0.19074074074074085 0.4515625 0.19074074074074085
3 0.6010416666666667 0.2842592592592594 0.5744791666666667 0.2842592592592594 0.5744791666666667 0.3314814814814816 0.6010416666666667 0.3314814814814816
4 0.6109375 0.6750000000000002 0.5776041666666667 0.6750000000000002 0.5776041666666667 0.7351851851851854 0.6109375 0.7351851851851854
2 0.39895833333333336 0.5222222222222223 0.371875 0.5222222222222223 0.371875 0.5712962962962963 0.39895833333333336 0.5712962962962963
0 0.40729166666666666 0.6 0.3723958333333333 0.6 0.3723958333333333 0.6611111111111111 0.40729166666666666 0.6611111111111111
3 0.49947916666666664 0.28518518518518526 0.4734375 0.28518518518518526 0.4734375 0.3314814814814816 0.49947916666666664 0.3314814814814816
2 0.5572916666666666 0.5250000000000002 0.5307291666666667 0.5250000000000002 0.5307291666666667 0.5731481481481484 0.5572916666666666 0.5731481481481484
1 0.5979166666666667 0.21018518518518528 0.565625 0.21018518518518528 0.565625 0.2675925925925927 0.5979166666666667 0.2675925925925927
3 0.4 0.2935185185185186 0.375 0.2935185185185186 0.375 0.3398148148148149 0.4 0.3398148148148149