2 0.4932291666666667 0.8222222222222223 0.46145833333333336 0.8222222222222222 0.4614583333333334 0.8675925925925927 0.4932291666666668 0.8675925925925928
7 0.3026041666666667 0.2055555555555556 0.2682291666666667 0.2055555555555556 0.2682291666666667 0.2601851851851853 0.3026041666666667 0.2601851851851853
7 0.3067708333333333 0.7472222222222222 0.26979166666666665 0.7472222222222222 0.26979166666666665 0.8009259259259259 0.3067708333333333 0.8009259259259259
1 0.21302083333333333 0.14537037037037043 0.17864583333333334 0.14537037037037043 0.17864583333333334 0.19907407407407413 0.21302083333333333 0.19907407407407413
3 0.3463541666666667 0.6472222222222223 0.315625 0.6472222222222223 0.315625 0.6916666666666667 0.3463541666666667 0.6916666666666667
2 0.4828125 0.44814814814814824 0.4515625 0.44814814814814824 0.4515625 0.49166666666666664 0.4828125 0.49166666666666664
3 0.33697916666666666 0.2898148148148149 0.30833333333333335 0.2898148148148149 0.30833333333333335 0.3314814814814816 0.33697916666666666 0.3314814814814816
3 0.3380208333333333 0.45925925925925937 0.3078125 0.45925925925925937 0.3078125 0.5018518518518519 0.3380208333333333 0.5018518518518519
2 0.4734375 0.27314814814814825 0.44479166666666664 0.27314814814814825 0.44479166666666664 0.31666666666666676 0.4734375 0.31666666666666676
3 0.3359375 0.12037037037037042 0.3078125 0.12037037037037042 0.3078125 0.1666666666666667 0.3359375 0.1666666666666667
3 0.35416666666666674 0.8277777777777777 0.3234375 0.8277777777777777 0.32343750000000004 0.8731481481481481 0.3541666666666668 0.8731481481481481
6 0.51875 0.17037037037037048 0.48385416666666664 0.17037037037037048 0.48385416666666664 0.22407407407407418 0.51875 0.22407407407407418
9 0.2098958333333334 0.5777777777777777 0.18072916666666672 0.5777777777777777 0.18072916666666672 0.6231481481481481 0.2098958333333334 0.6231481481481481
2 0.48125 0.6361111111111111 0.45 0.6361111111111111 0.45 0.6805555555555556 0.48125 0.6805555555555556
6 0.5395833333333333 0.7185185185185188 0.5026041666666666 0.7185185185185188 0.5026041666666666 0.7833333333333335 0.5395833333333333 0.7833333333333335
1 0.22812500000000005 0.8379629629629629 0.19322916666666673 0.8379629629629629 0.19322916666666673 0.8944444444444445 0.22812500000000005 0.8944444444444445
12 0.5776041666666667 0.4425925925925927 0.534375 0.4425925925925927 0.534375 0.5101851851851854 0.5776041666666667 0.5101851851851854
4 0.6067708333333334 0.16851851851851865 0.5703125 0.16851851851851862 0.5703125 0.22222222222222235 0.6067708333333334 0.22222222222222238
13 0.2588541666666667 0.45462962962962966 0.21406250000000007 0.4546296296296296 0.21406250000000007 0.5222222222222223 0.2588541666666667 0.5222222222222223
2 0.4708333333333333 0.10370370370370381 0.4421875 0.10370370370370381 0.4421875 0.1462962962962964 0.4708333333333333 0.1462962962962964
0 0.6390625 0.7888888888888891 0.6010416666666667 0.7888888888888891 0.6010416666666667 0.8462962962962965 0.6390625 0.8462962962962965
8 0.6140625 0.3574074074074075 0.5848958333333333 0.3574074074074075 0.5848958333333333 0.40185185185185196 0.6140625 0.40185185185185196
4 0.6197916666666666 0.6018518518518521 0.5822916666666667 0.6018518518518521 0.5822916666666667 0.6574074074074077 0.6197916666666666 0.6574074074074077
11 0.21458333333333332 0.30092592592592593 0.18020833333333333 0.30092592592592593 0.18020833333333333 0.35555555555555557 0.21458333333333332 0.35555555555555557
8 0.6255208333333333 0.527777777777778 0.5963541666666666 0.527777777777778 0.5963541666666666 0.5722222222222224 0.6255208333333333 0.5722222222222224
5 0.21666666666666667 0.2157407407407408 0.18229166666666666 0.2157407407407408 0.18229166666666666 0.2712962962962963 0.21666666666666667 0.2712962962962963
5 0.21979166666666672 0.7379629629629629 0.18437500000000007 0.7379629629629629 0.18437500000000007 0.7944444444444444 0.21979166666666672 0.7944444444444444
0 0.6036458333333333 0.09351851851851865 0.56875 0.09351851851851865 0.56875 0.14814814814814825 0.6036458333333333 0.14814814814814825
11 0.2161458333333334 0.6574074074074074 0.18072916666666672 0.6574074074074074 0.18072916666666672 0.7111111111111111 0.2161458333333334 0.7111111111111111
9 0.20989583333333336 0.39166666666666666 0.18541666666666667 0.39166666666666666 0.1854166666666667 0.4351851851851852 0.2098958333333334 0.4351851851851852
10 0.6098958333333333 0.25092592592592605 0.575 0.25092592592592605 0.575 0.3175925925925927 0.6098958333333333 0.3175925925925927
10 0.625 0.6944444444444446 0.5885416666666666 0.6944444444444446 0.5885416666666666 0.7592592592592595 0.625 0.7592592592592595