4 0.6223958333333334 0.6120370370370373 0.5848958333333333 0.6120370370370373 0.5848958333333333 0.6675925925925928 0.6223958333333334 0.6675925925925928
11 0.23958333333333334 0.2231481481481482 0.20416666666666666 0.2231481481481482 0.20416666666666666 0.27870370370370373 0.23958333333333334 0.27870370370370373
3 0.34791666666666665 0.5972222222222222 0.3182291666666667 0.5972222222222222 0.3182291666666667 0.6416666666666667 0.34791666666666665 0.6416666666666667
3 0.371875 0.07592592592592601 0.34322916666666664 0.07592592592592601 0.34322916666666664 0.11666666666666675 0.371875 0.11666666666666675
7 0.33541666666666664 0.1518518518518519 0.2989583333333333 0.1518518518518519 0.2989583333333333 0.20370370370370375 0.33541666666666664 0.20370370370370375
3 0.3625 0.2425925925925927 0.334375 0.2425925925925927 0.334375 0.28333333333333344 0.3625 0.28333333333333344
2 0.4973958333333333 0.43055555555555564 0.4671875 0.43055555555555564 0.4671875 0.4740740740740742 0.4973958333333333 0.47407407407407426
3 0.34270833333333334 0.7768518518518519 0.31354166666666666 0.7768518518518519 0.31354166666666666 0.8231481481481482 0.34270833333333334 0.8231481481481482
6 0.5338541666666666 0.7138888888888891 0.4973958333333333 0.7138888888888891 0.4973958333333333 0.7731481481481484 0.5338541666666666 0.7731481481481484
2 0.4828125 0.6148148148148148 0.453125 0.6148148148148148 0.453125 0.6583333333333333 0.4828125 0.6583333333333333
0 0.6375 0.10462962962962977 0.6020833333333333 0.10462962962962977 0.6020833333333333 0.15925925925925938 0.6375 0.1592592592592594
2 0.5078125 0.08981481481481492 0.4791666666666667 0.08981481481481492 0.4791666666666667 0.13055555555555567 0.5078125 0.13055555555555567
1 0.2484375 0.06851851851851858 0.2125 0.06851851851851858 0.2125 0.12407407407407413 0.2484375 0.12407407407407413
12 0.5916666666666667 0.44351851851851865 0.5479166666666667 0.44351851851851865 0.5479166666666667 0.5111111111111113 0.5916666666666667 0.5111111111111113
3 0.35052083333333334 0.40555555555555567 0.32083333333333336 0.40555555555555567 0.32083333333333336 0.45555555555555566 0.35052083333333334 0.45555555555555566
2 0.5 0.26111111111111124 0.4703125 0.26111111111111124 0.4703125 0.3037037037037038 0.5 0.3037037037037038
4 0.6369791666666667 0.1842592592592594 0.6015625 0.18425925925925937 0.6015625 0.23796296296296307 0.6369791666666667 0.23796296296296307
7 0.2994791666666667 0.6842592592592592 0.26406250000000003 0.6842592592592592 0.26406250000000003 0.7453703703703703 0.2994791666666667 0.7453703703703703
2 0.48072916666666665 0.8037037037037037 0.44947916666666665 0.8037037037037037 0.44947916666666665 0.8490740740740741 0.48072916666666665 0.8490740740740741
5 0.24739583333333334 0.1444444444444445 0.2125 0.1444444444444445 0.2125 0.19722222222222227 0.24739583333333334 0.19722222222222227
1 0.21666666666666673 0.7601851851851852 0.18177083333333338 0.7601851851851852 0.18177083333333338 0.8185185185185185 0.21666666666666673 0.8185185185185185
6 0.5520833333333334 0.1611111111111112 0.5171875 0.1611111111111112 0.5171875 0.21481481481481493 0.5520833333333334 0.21481481481481493
13 0.2708333333333333 0.38518518518518524 0.22760416666666666 0.3851851851851852 0.2276041666666667 0.45277777777777783 0.2708333333333333 0.4527777777777779
8 0.6333333333333333 0.5398148148148151 0.6041666666666666 0.5398148148148151 0.6041666666666666 0.5842592592592595 0.6333333333333333 0.5842592592592595
11 0.2161458333333334 0.5768518518518518 0.17968750000000006 0.5768518518518518 0.17968750000000006 0.6351851851851852 0.2161458333333334 0.6351851851851852
5 0.21406250000000007 0.6592592592592592 0.17916666666666672 0.6592592592592592 0.17916666666666672 0.7166666666666667 0.21406250000000007 0.7166666666666667
8 0.6338541666666667 0.37037037037037046 0.6036458333333333 0.37037037037037046 0.6036458333333333 0.4129629629629631 0.6338541666666667 0.4129629629629631
10 0.6208333333333333 0.7083333333333336 0.5838541666666667 0.7083333333333336 0.5838541666666667 0.7638888888888891 0.6208333333333333 0.7638888888888891
0 0.6255208333333333 0.8000000000000002 0.5880208333333333 0.8000000000000002 0.5880208333333333 0.8583333333333335 0.6255208333333333 0.8583333333333335
9 0.2328125 0.31851851851851853 0.20260416666666667 0.31851851851851853 0.20260416666666667 0.36203703703703705 0.2328125 0.36203703703703705
10 0.6369791666666667 0.26481481481481495 0.5994791666666667 0.26481481481481495 0.5994791666666667 0.32685185185185195 0.6369791666666667 0.32685185185185195
9 0.21562500000000007 0.49444444444444446 0.18958333333333338 0.49444444444444446 0.18958333333333338 0.5453703703703704 0.21562500000000007 0.5453703703703704