1 0.2875 0.1907407407407408 0.25729166666666664 0.1907407407407408 0.25729166666666664 0.24074074074074084 0.2875 0.24074074074074084
12 0.4666666666666667 0.7351851851851852 0.42604166666666665 0.7351851851851852 0.42604166666666665 0.8064814814814815 0.4666666666666667 0.8064814814814815
0 0.603125 0.7407407407407409 0.5692708333333333 0.7407407407407409 0.5692708333333333 0.8009259259259262 0.603125 0.8009259259259262
10 0.359375 0.75 0.3260416666666667 0.75 0.3260416666666667 0.8083333333333333 0.359375 0.8083333333333333
6 0.5104166666666666 0.7444444444444446 0.47708333333333336 0.7444444444444445 0.47708333333333336 0.8046296296296297 0.5104166666666666 0.8046296296296298
13 0.46510416666666665 0.2287037037037038 0.4276041666666667 0.2287037037037038 0.4276041666666667 0.2925925925925927 0.46510416666666665 0.2925925925925927
4 0.40989583333333335 0.6759259259259259 0.3770833333333333 0.6759259259259259 0.3770833333333333 0.7342592592592593 0.40989583333333335 0.7342592592592593
3 0.55625 0.37962962962962976 0.5296875 0.37962962962962976 0.5296875 0.4231481481481483 0.55625 0.4231481481481483
7 0.3302083333333333 0.30833333333333346 0.2984375 0.30833333333333346 0.2984375 0.36203703703703716 0.3302083333333333 0.36203703703703716
7 0.46197916666666666 0.301851851851852 0.43020833333333336 0.301851851851852 0.43020833333333336 0.35462962962962974 0.46197916666666666 0.35462962962962974
5 0.50625 0.3064814814814816 0.4734375 0.3064814814814816 0.4734375 0.3601851851851853 0.50625 0.3601851851851853
11 0.41875 0.37314814814814823 0.38645833333333335 0.37314814814814823 0.38645833333333335 0.42777777777777787 0.41875 0.42777777777777787
6 0.4609375 0.6666666666666666 0.4276041666666667 0.6666666666666666 0.4276041666666667 0.725 0.4609375 0.725
11 0.4635416666666667 0.37314814814814823 0.4317708333333333 0.37314814814814823 0.4317708333333333 0.426851851851852 0.4635416666666667 0.426851851851852
4 0.5072916666666667 0.588888888888889 0.475 0.5888888888888889 0.475 0.6453703703703705 0.5072916666666667 0.6453703703703706