7 0.5083333333333333 0.7111111111111112 0.45 0.7111111111111111 0.45 0.8157407407407409 0.5083333333333333 0.815740740740741
8 0.42552083333333335 0.004629629629629717 0.38125 0.004629629629629712 0.38125 0.08425925925925935 0.42552083333333335 0.08425925925925937
7 0.7541666666666667 0.26018518518518535 0.6989583333333333 0.2601851851851853 0.6989583333333333 0.3583333333333335 0.7541666666666667 0.35833333333333356
2 0.578125 0.11666666666666678 0.5322916666666667 0.11666666666666677 0.5322916666666667 0.19814814814814824 0.578125 0.19814814814814824
2 0.40729166666666666 0.41574074074074086 0.3609375 0.41574074074074086 0.3609375 0.49907407407407406 0.40729166666666666 0.49907407407407406
3 0.7447916666666666 0.1472222222222224 0.7015625 0.1472222222222224 0.7015625 0.22407407407407423 0.7447916666666666 0.22407407407407423
3 0.5161458333333333 0.5935185185185187 0.46875 0.5935185185185186 0.46875 0.6787037037037038 0.5161458333333333 0.6787037037037039
2 0.6536458333333334 1.3760267507086233e-16 0.6104166666666667 1.328968563519165e-16 0.6104166666666667 0.052777777777777916 0.6536458333333334 0.05277777777777792
4 0.47760416666666666 9.780165409857334e-17 0.42083333333333334 9.162172349176495e-17 0.42083333333333334 0.0500000000000001 0.47760416666666666 0.05000000000000011
2 0.4890625 0.25925925925925936 0.4432291666666667 0.25925925925925936 0.4432291666666667 0.34074074074074084 0.4890625 0.34074074074074084
12 0.4395833333333333 0.11388888888888898 0.3697916666666667 0.11388888888888897 0.3697916666666667 0.23796296296296307 0.4395833333333333 0.23796296296296307
2 0.31979166666666664 0.5740740740740741 0.27239583333333334 0.5740740740740741 0.27239583333333334 0.6592592592592592 0.31979166666666664 0.6592592592592592
3 0.5979166666666667 0.44814814814814824 0.5520833333333334 0.44814814814814824 0.5520833333333334 0.5314814814814817 0.5979166666666667 0.5314814814814817
1 0.8390625 0.30092592592592615 0.7869791666666667 0.30092592592592615 0.7869791666666667 0.39444444444444465 0.8390625 0.39444444444444465
3 0.43125 0.7527777777777778 0.38697916666666665 0.7527777777777778 0.38697916666666665 0.8333333333333334 0.43125 0.8333333333333334
3 0.6739583333333333 0.29074074074074086 0.6291666666666667 0.29074074074074086 0.6291666666666667 0.3712962962962964 0.6739583333333333 0.3712962962962964
8 0.3489583333333333 0.14907407407407414 0.303125 0.14907407407407414 0.303125 0.2305555555555556 0.3489583333333333 0.2305555555555556
5 0.8052083333333333 0.38703703703703723 0.7510416666666667 0.38703703703703723 0.7510416666666667 0.48333333333333356 0.8052083333333333 0.48333333333333356
10 0.31197916666666664 0.21759259259259264 0.24791666666666667 0.21759259259259264 0.24791666666666667 0.3314814814814816 0.31197916666666664 0.3314814814814816
4 0.2630208333333333 0.3018518518518519 0.20260416666666667 0.30185185185185187 0.20260416666666667 0.41018518518518526 0.2630208333333333 0.41018518518518526
0 0.2260416666666667 0.37592592592592594 0.16354166666666667 0.37592592592592594 0.1635416666666667 0.48703703703703705 0.22604166666666672 0.48703703703703705
11 0.7760416666666666 0.45277777777777795 0.7192708333333333 0.4527777777777779 0.7192708333333333 0.5537037037037039 0.7760416666666666 0.5537037037037039
9 0.7395833333333334 0.527777777777778 0.6932291666666667 0.527777777777778 0.6932291666666667 0.6101851851851854 0.7395833333333334 0.6101851851851854
9 0.65625 0.6805555555555558 0.6104166666666667 0.6805555555555558 0.6104166666666667 0.7620370370370373 0.65625 0.7620370370370373
13 0.6760416666666667 0.540740740740741 0.6020833333333333 0.540740740740741 0.6020833333333333 0.6731481481481484 0.6760416666666667 0.6731481481481484
11 0.6234375 0.7537037037037039 0.5630208333333333 0.7537037037037039 0.5630208333333333 0.8611111111111113 0.6234375 0.8611111111111113
5 0.578125 0.827777777777778 0.5213541666666667 0.827777777777778 0.5213541666666667 0.9287037037037039 0.578125 0.9287037037037039
1 0.5489583333333333 0.901851851851852 0.4895833333333334 0.901851851851852 0.4895833333333334 0.9379629629629632 0.5489583333333333 0.9379629629629632
6 0.5895833333333333 1.2218119685937713e-16 0.5328125 1.1600126625256873e-16 0.5328125 0.07037037037037049 0.5895833333333333 0.0703703703703705
6 0.33125 0.4314814814814816 0.2708333333333333 0.4314814814814816 0.2708333333333333 0.5398148148148149 0.33125 0.5398148148148149