1 0.659375 0.9046296296296299 0.6036458333333333 0.9046296296296299 0.6036458333333333 0.9990740740740741 0.659375 0.9990740740740741
5 0.6880208333333333 0.8305555555555557 0.6333333333333333 0.8305555555555557 0.6333333333333333 0.9240740740740743 0.6880208333333333 0.9240740740740743
5 0.7927083333333333 0.5009259259259261 0.7385416666666667 0.5009259259259261 0.7385416666666667 0.5953703703703705 0.7927083333333333 0.5953703703703705
7 0.7151041666666667 0.7333333333333335 0.6598958333333333 0.7333333333333335 0.6598958333333333 0.827777777777778 0.7151041666666667 0.827777777777778
0 0.43854166666666666 0.017592592592592684 0.3875 0.017592592592592677 0.3875 0.10462962962962973 0.43854166666666666 0.10462962962962974
7 0.7703125 0.5870370370370372 0.7177083333333333 0.5870370370370372 0.7177083333333333 0.6796296296296298 0.7703125 0.6796296296296298
0 0.28802083333333334 0.4787037037037037 0.23645833333333338 0.4787037037037037 0.23645833333333338 0.5694444444444444 0.28802083333333334 0.5694444444444444
4 0.4166666666666667 0.09166666666666674 0.36354166666666665 0.09166666666666674 0.36354166666666665 0.18425925925925937 0.4166666666666667 0.18425925925925937
10 0.465625 9.610075576642423e-17 0.4171875 9.082797093676203e-17 0.4171875 0.03333333333333343 0.465625 0.03333333333333344
1 0.821875 0.414814814814815 0.7677083333333333 0.414814814814815 0.7677083333333333 0.5083333333333335 0.821875 0.5083333333333335
2 0.5619791666666667 0.15092592592592602 0.5197916666666667 0.15092592592592602 0.5197916666666667 0.22407407407407418 0.5619791666666667 0.22407407407407418
6 0.3359375 0.3250000000000001 0.28541666666666665 0.3250000000000001 0.28541666666666665 0.4148148148148149 0.3359375 0.4148148148148149
12 0.44427083333333334 0.3314814814814816 0.384375 0.3314814814814816 0.384375 0.4361111111111112 0.44427083333333334 0.4361111111111112
10 0.2661458333333334 0.5583333333333333 0.21510416666666674 0.5583333333333333 0.21510416666666674 0.6462962962962963 0.2661458333333334 0.6462962962962963
6 0.3885416666666667 0.16944444444444454 0.33645833333333336 0.1694444444444445 0.33645833333333336 0.2601851851851853 0.3885416666666667 0.2601851851851853
13 0.6677083333333333 0.5638888888888891 0.6020833333333333 0.5638888888888891 0.6020833333333333 0.6759259259259262 0.6677083333333333 0.6759259259259262
3 0.6916666666666667 0.2814814814814816 0.65 0.2814814814814816 0.65 0.3555555555555557 0.6916666666666667 0.3555555555555557
2 0.37395833333333334 0.700925925925926 0.3333333333333333 0.700925925925926 0.3333333333333333 0.7731481481481481 0.37395833333333334 0.7731481481481481
4 0.309375 0.40833333333333344 0.25833333333333336 0.40833333333333344 0.25833333333333336 0.49722222222222223 0.309375 0.49722222222222223
3 0.7192708333333333 0.2009259259259261 0.6770833333333334 0.2009259259259261 0.6770833333333334 0.2750000000000001 0.7192708333333333 0.2750000000000001
3 0.5270833333333333 0.7731481481481484 0.48489583333333336 0.7731481481481484 0.48489583333333336 0.8481481481481483 0.5270833333333333 0.8481481481481483
3 0.5364583333333334 0.5583333333333336 0.4942708333333333 0.5583333333333336 0.4942708333333333 0.6324074074074076 0.5364583333333334 0.6324074074074076
2 0.4041666666666667 0.6268518518518519 0.36302083333333335 0.6268518518518519 0.36302083333333335 0.6990740740740741 0.4041666666666667 0.6990740740740741
8 0.4671875 0.263888888888889 0.42135416666666664 0.263888888888889 0.42135416666666664 0.3435185185185186 0.4671875 0.3435185185185186
2 0.5848958333333333 0.07407407407407421 0.5442708333333334 0.07407407407407421 0.5442708333333334 0.14537037037037048 0.5848958333333333 0.14537037037037048
2 0.5484375 0.3500000000000001 0.5072916666666667 0.3500000000000001 0.5072916666666667 0.4212962962962964 0.5484375 0.4212962962962964
3 0.5020833333333334 0.8472222222222223 0.45989583333333334 0.8472222222222222 0.4598958333333334 0.9212962962962964 0.5020833333333334 0.9212962962962965
11 0.8447916666666667 0.327777777777778 0.7895833333333333 0.327777777777778 0.7895833333333333 0.4231481481481484 0.8447916666666667 0.4231481481481484
9 0.6296875 0.6648148148148151 0.5859375 0.6648148148148151 0.5859375 0.7416666666666669 0.6296875 0.7416666666666669
9 0.6828125 0.4990740740740743 0.6375 0.4990740740740743 0.6375 0.5750000000000002 0.6828125 0.5750000000000002
11 0.6307291666666667 0.9740740740740741 0.5776041666666667 0.9740740740740741 0.5776041666666667 1 0.6307291666666667 1
8 0.409375 0.42962962962962975 0.36614583333333334 0.42962962962962975 0.36614583333333334 0.5009259259259259 0.409375 0.5009259259259259