2 0.5427083333333333 0.3472222222222223 0.5114583333333333 0.3472222222222223 0.5114583333333333 0.40555555555555567 0.5427083333333333 0.40555555555555567
2 0.5151041666666667 0.525925925925926 0.48333333333333334 0.5259259259259259 0.48333333333333334 0.5851851851851853 0.5151041666666667 0.5851851851851854
4 0.41770833333333335 0.3000000000000001 0.37864583333333335 0.3000000000000001 0.37864583333333335 0.37314814814814823 0.41770833333333335 0.37314814814814823
2 0.49375 0.6925925925925926 0.4609375 0.6925925925925925 0.4609375 0.7527777777777779 0.49375 0.752777777777778
7 0.6427083333333333 0.8009259259259262 0.6041666666666666 0.8009259259259262 0.6041666666666666 0.8712962962962965 0.6427083333333333 0.8712962962962965
10 0.43697916666666664 0.21018518518518528 0.39739583333333334 0.21018518518518528 0.39739583333333334 0.28333333333333344 0.43697916666666664 0.28333333333333344
7 0.7234375 0.31944444444444453 0.6869791666666667 0.31944444444444453 0.6869791666666667 0.388888888888889 0.7234375 0.388888888888889
0 0.34895833333333337 0.8166666666666667 0.3078125 0.8166666666666667 0.30781250000000004 0.8953703703703704 0.3489583333333334 0.8953703703703704
13 0.7322916666666667 0.5759259259259262 0.6880208333333333 0.5759259259259262 0.6880208333333333 0.6592592592592594 0.7322916666666667 0.6592592592592594
8 0.40625 0.3925925925925927 0.37447916666666664 0.3925925925925927 0.37447916666666664 0.45185185185185195 0.40625 0.45185185185185195
3 0.6682291666666667 0.39814814814814825 0.6375 0.39814814814814825 0.6375 0.45555555555555566 0.6682291666666667 0.45555555555555566
2 0.571875 0.1898148148148149 0.5395833333333333 0.1898148148148149 0.5395833333333333 0.24814814814814826 0.571875 0.24814814814814826
3 0.6432291666666666 0.5675925925925928 0.6125 0.5675925925925928 0.6125 0.6250000000000002 0.6432291666666666 0.6250000000000002
4 0.35572916666666665 0.7361111111111112 0.315625 0.7361111111111112 0.315625 0.8111111111111111 0.35572916666666665 0.8111111111111111
8 0.3796875 0.575 0.34739583333333335 0.575 0.34739583333333335 0.6333333333333333 0.3796875 0.6333333333333333
3 0.61875 0.7370370370370373 0.5885416666666666 0.7370370370370373 0.5885416666666666 0.7944444444444446 0.61875 0.7944444444444446
3 0.5911458333333334 0.8861111111111113 0.5619791666666667 0.8861111111111113 0.5619791666666667 0.9203703703703706 0.5911458333333334 0.9203703703703706
5 0.7213541666666666 0.8305555555555557 0.6875 0.8305555555555557 0.6875 0.8666666666666669 0.7213541666666666 0.8666666666666669
11 0.7380208333333333 0.7555555555555558 0.7010416666666667 0.7555555555555558 0.7010416666666667 0.8231481481481484 0.7380208333333333 0.8231481481481484
11 0.7911458333333333 0.42592592592592615 0.7541666666666667 0.42592592592592615 0.7541666666666667 0.49537037037037057 0.7911458333333333 0.49537037037037057
2 0.46770833333333345 0.8601851851851852 0.4343750000000001 0.8601851851851852 0.4343750000000001 0.9222222222222223 0.46770833333333345 0.9222222222222223
10 0.3692708333333333 0.6462962962962963 0.32916666666666666 0.6462962962962963 0.32916666666666666 0.7203703703703703 0.3692708333333333 0.7203703703703703
9 0.7505208333333333 0.6796296296296298 0.7192708333333333 0.6796296296296298 0.7192708333333333 0.739814814814815 0.7505208333333333 0.739814814814815
3 0.6958333333333333 0.22870370370370385 0.6666666666666666 0.22870370370370385 0.6666666666666666 0.28518518518518526 0.6958333333333333 0.28518518518518526
9 0.7713541666666667 0.527777777777778 0.7427083333333333 0.527777777777778 0.7427083333333333 0.5814814814814817 0.7713541666666667 0.5814814814814817
12 0.44375 0.4703703703703705 0.39479166666666665 0.4703703703703705 0.39479166666666665 0.5601851851851852 0.44375 0.5601851851851852
0 0.4578125 0.12962962962962973 0.41770833333333335 0.12962962962962973 0.41770833333333335 0.20462962962962974 0.4578125 0.20462962962962974
6 0.5223958333333333 0.24351851851851863 0.4828125 0.24351851851851863 0.4828125 0.31666666666666676 0.5223958333333333 0.31666666666666676
6 0.4401041666666667 0.7666666666666667 0.4005208333333333 0.7666666666666667 0.4005208333333333 0.8398148148148148 0.4401041666666667 0.8398148148148148