7 0.575 0.8925925925925928 0.5385416666666667 0.8925925925925928 0.5385416666666667 0.9564814814814815 0.575 0.9564814814814815
8 0.32708333333333334 0.6398148148148148 0.2989583333333333 0.6398148148148148 0.2989583333333333 0.6907407407407408 0.32708333333333334 0.6907407407407408
0 0.3213541666666667 0.8064814814814815 0.2864583333333333 0.8064814814814815 0.28645833333333337 0.8685185185185185 0.3213541666666668 0.8685185185185185
12 0.3375 0.5388888888888889 0.2942708333333333 0.5388888888888889 0.2942708333333333 0.6185185185185185 0.3375 0.6185185185185185
5 0.6229166666666667 0.9046296296296299 0.5848958333333333 0.9046296296296299 0.5848958333333333 0.9712962962962963 0.6229166666666667 0.9712962962962963
7 0.6 0.5333333333333335 0.5619791666666667 0.5333333333333335 0.5619791666666667 0.6018518518518521 0.6 0.6018518518518521
0 0.384375 0.3962962962962964 0.3484375 0.3962962962962964 0.3484375 0.46203703703703713 0.384375 0.46203703703703713
8 0.334375 0.4712962962962964 0.30572916666666666 0.4712962962962964 0.30572916666666666 0.525 0.334375 0.525
3 0.5567708333333333 0.43796296296296305 0.5255208333333333 0.43796296296296305 0.5255208333333333 0.49166666666666686 0.5567708333333333 0.49166666666666686
4 0.34270833333333334 0.38425925925925936 0.3078125 0.38425925925925936 0.3078125 0.44814814814814824 0.34270833333333334 0.44814814814814824
5 0.6505208333333333 0.44814814814814824 0.6125 0.44814814814814824 0.6125 0.5157407407407409 0.6505208333333333 0.5157407407407409
4 0.3234375 0.7240740740740741 0.28854166666666664 0.7240740740740741 0.28854166666666664 0.7888888888888889 0.3234375 0.7888888888888889
6 0.3802083333333333 0.48055555555555557 0.34427083333333336 0.48055555555555557 0.34427083333333336 0.5453703703703704 0.3802083333333333 0.5453703703703704
9 0.6427083333333333 0.5537037037037039 0.6125 0.5537037037037039 0.6125 0.6074074074074076 0.6427083333333333 0.6074074074074076
3 0.5348958333333333 0.8009259259259262 0.5041666666666667 0.8009259259259262 0.5041666666666667 0.8546296296296299 0.5348958333333333 0.8546296296296299
3 0.553125 0.526851851851852 0.5213541666666667 0.526851851851852 0.5213541666666667 0.5796296296296298 0.553125 0.5796296296296298
6 0.365625 0.7388888888888889 0.32916666666666666 0.7388888888888889 0.32916666666666666 0.8037037037037037 0.365625 0.8037037037037037
11 0.628125 0.815740740740741 0.5911458333333334 0.815740740740741 0.5911458333333334 0.8824074074074076 0.628125 0.8824074074074076
11 0.5869791666666667 0.7175925925925928 0.5484375 0.7175925925925928 0.5484375 0.7842592592592594 0.5869791666666667 0.7842592592592594
3 0.5473958333333333 0.6194444444444447 0.5171875 0.6194444444444447 0.5171875 0.6740740740740743 0.5473958333333333 0.6740740740740743
10 0.36770833333333336 0.649074074074074 0.33177083333333335 0.649074074074074 0.33177083333333335 0.7129629629629629 0.36770833333333336 0.7129629629629629
9 0.6286458333333333 0.7351851851851854 0.5984375 0.7351851851851854 0.5984375 0.7888888888888891 0.6286458333333333 0.7888888888888891
2 0.42552083333333335 0.40555555555555567 0.3958333333333333 0.40555555555555567 0.3958333333333333 0.4583333333333334 0.42552083333333335 0.4583333333333334
13 0.6453125 0.6324074074074076 0.5989583333333334 0.6324074074074076 0.5989583333333334 0.714814814814815 0.6453125 0.714814814814815
3 0.5380208333333333 0.7046296296296298 0.5078125 0.7046296296296298 0.5078125 0.7583333333333335 0.5380208333333333 0.7583333333333335
10 0.375 0.5657407407407408 0.3385416666666667 0.5657407407407408 0.3385416666666667 0.6287037037037037 0.375 0.6287037037037037
1 0.5932291666666667 0.6250000000000002 0.5552083333333333 0.6250000000000002 0.5552083333333333 0.6916666666666669 0.5932291666666667 0.6916666666666669
1 0.5807291666666666 0.8000000000000002 0.5427083333333333 0.8000000000000002 0.5427083333333333 0.8657407407407409 0.5807291666666666 0.8657407407407409
2 0.4140625 0.5861111111111111 0.384375 0.5861111111111111 0.384375 0.6388888888888888 0.4140625 0.6388888888888888
2 0.40260416666666665 0.7611111111111111 0.37395833333333334 0.7611111111111111 0.37395833333333334 0.812037037037037 0.40260416666666665 0.812037037037037
2 0.4046875 0.6777777777777778 0.37604166666666666 0.6777777777777778 0.37604166666666666 0.7287037037037037 0.4046875 0.7287037037037037
2 0.41770833333333335 0.4935185185185185 0.3885416666666667 0.4935185185185185 0.3885416666666667 0.5453703703703704 0.41770833333333335 0.5453703703703704