3 0.5625 0.3240740740740742 0.5348958333333333 0.3240740740740742 0.5348958333333333 0.36851851851851863 0.5625 0.36851851851851863
2 0.3697916666666667 0.5805555555555556 0.3421875 0.5805555555555556 0.3421875 0.6268518518518519 0.3697916666666667 0.6268518518518519
7 0.6119791666666666 0.25092592592592605 0.578125 0.25092592592592605 0.578125 0.30555555555555564 0.6119791666666666 0.30555555555555564
13 0.46979166666666666 0.17685185185185195 0.4296875 0.17685185185185195 0.4296875 0.24351851851851863 0.46979166666666666 0.24351851851851863
2 0.4739583333333333 0.5796296296296296 0.44583333333333336 0.5796296296296296 0.44583333333333336 0.6268518518518519 0.4739583333333333 0.6268518518518519
2 0.2734375 0.5972222222222222 0.24635416666666674 0.5972222222222222 0.24635416666666674 0.6416666666666667 0.2734375 0.6416666666666667
3 0.4671875 0.33055555555555566 0.4390625 0.33055555555555566 0.4390625 0.37407407407407417 0.4671875 0.37407407407407417
7 0.31354166666666666 0.2740740740740742 0.28177083333333336 0.2740740740740742 0.28177083333333336 0.32870370370370383 0.31354166666666666 0.32870370370370383
6 0.3223958333333333 0.6694444444444444 0.2869791666666667 0.6694444444444444 0.2869791666666667 0.725925925925926 0.3223958333333333 0.725925925925926
0 0.2880208333333334 0.8361111111111111 0.25312500000000004 0.8361111111111111 0.25312500000000004 0.8935185185185185 0.28802083333333345 0.8935185185185185
5 0.603125 0.11018518518518532 0.5692708333333333 0.11018518518518532 0.5692708333333333 0.16481481481481491 0.603125 0.16481481481481491
3 0.27239583333333334 0.3675925925925927 0.24583333333333332 0.3675925925925927 0.24583333333333332 0.41018518518518526 0.27239583333333334 0.41018518518518526
6 0.6375 0.6305555555555558 0.603125 0.6305555555555558 0.603125 0.6879629629629632 0.6375 0.6879629629629632
2 0.6770833333333334 0.5500000000000002 0.6479166666666667 0.5500000000000002 0.6479166666666667 0.5953703703703705 0.6770833333333334 0.5953703703703705
9 0.503125 0.1212962962962964 0.4765625 0.1212962962962964 0.4765625 0.1611111111111112 0.503125 0.1611111111111112
4 0.6432291666666666 0.790740740740741 0.6046875 0.790740740740741 0.6046875 0.8546296296296299 0.6432291666666666 0.8546296296296299
12 0.4817708333333333 0.725 0.4375 0.725 0.4375 0.7981481481481482 0.4817708333333333 0.7981481481481482
2 0.5755208333333334 0.5620370370370372 0.5463541666666667 0.5620370370370372 0.5463541666666667 0.6074074074074076 0.5755208333333334 0.6074074074074076
9 0.40520833333333334 0.12685185185185197 0.378125 0.12685185185185197 0.378125 0.1675925925925927 0.40520833333333334 0.1675925925925927
5 0.32135416666666666 0.1370370370370371 0.28854166666666664 0.1370370370370371 0.28854166666666664 0.18981481481481488 0.32135416666666666 0.18981481481481488
11 0.3640625 0.125925925925926 0.3302083333333333 0.12592592592592597 0.3302083333333333 0.17962962962962972 0.3640625 0.17962962962962972
3 0.659375 0.313888888888889 0.6317708333333333 0.313888888888889 0.6317708333333333 0.35833333333333345 0.659375 0.35833333333333345
0 0.6901041666666666 0.7833333333333335 0.653125 0.7833333333333335 0.653125 0.8416666666666669 0.6901041666666666 0.8416666666666669
3 0.36614583333333334 0.35277777777777786 0.3390625 0.35277777777777786 0.3390625 0.3953703703703705 0.36614583333333334 0.3953703703703705
1 0.6447916666666667 0.09444444444444458 0.6109375 0.09444444444444458 0.6109375 0.14629629629629645 0.6447916666666667 0.14629629629629645
8 0.5302083333333334 0.814814814814815 0.5020833333333333 0.814814814814815 0.5020833333333334 0.8620370370370373 0.5302083333333335 0.8620370370370373
4 0.38750000000000007 0.8101851851851852 0.3536458333333333 0.8101851851851852 0.3536458333333334 0.8694444444444445 0.3875000000000001 0.8694444444444445
1 0.27291666666666664 0.1518518518518519 0.23854166666666668 0.1518518518518519 0.23854166666666668 0.2083333333333334 0.27291666666666664 0.2083333333333334
11 0.5557291666666667 0.10462962962962975 0.521875 0.10462962962962974 0.521875 0.16203703703703715 0.5557291666666667 0.16203703703703715
10 0.33593750000000006 0.8166666666666667 0.3 0.8166666666666667 0.30000000000000004 0.8833333333333333 0.3359375000000001 0.8833333333333333
10 0.5885416666666666 0.7972222222222224 0.5541666666666667 0.7972222222222224 0.5541666666666667 0.8601851851851854 0.5885416666666666 0.8601851851851854
8 0.43229166666666674 0.8333333333333334 0.4036458333333333 0.8333333333333334 0.40364583333333337 0.8833333333333333 0.4322916666666668 0.8833333333333333