4 0.6947916666666667 0.36203703703703716 0.6567708333333333 0.36203703703703716 0.6567708333333333 0.42777777777777787 0.6947916666666667 0.42777777777777787
0 0.7333333333333333 0.4157407407407409 0.6947916666666667 0.41574074074074086 0.6947916666666667 0.4824074074074076 0.7333333333333333 0.4824074074074076
9 0.3880208333333333 0.6527777777777778 0.35520833333333335 0.6527777777777778 0.35520833333333335 0.7083333333333334 0.3880208333333333 0.7083333333333334
8 0.5661458333333333 0.20185185185185195 0.5354166666666667 0.20185185185185195 0.5354166666666667 0.2564814814814816 0.5661458333333333 0.2564814814814816
0 0.5041666666666667 0.213888888888889 0.46458333333333335 0.213888888888889 0.46458333333333335 0.28333333333333344 0.5041666666666667 0.28333333333333344
5 0.3489583333333333 0.5935185185185186 0.3104166666666667 0.5935185185185186 0.3104166666666667 0.6592592592592592 0.3489583333333333 0.6592592592592592
6 0.5447916666666667 0.2675925925925927 0.5052083333333334 0.2675925925925927 0.5052083333333334 0.3361111111111112 0.5447916666666667 0.3361111111111112
7 0.5776041666666667 0.7805555555555558 0.5395833333333333 0.7805555555555558 0.5395833333333333 0.8425925925925928 0.5776041666666667 0.8425925925925928
3 0.5171875 0.627777777777778 0.4864583333333333 0.627777777777778 0.4864583333333333 0.6796296296296298 0.5171875 0.6796296296296298
12 0.6140625 0.24166666666666678 0.565625 0.24166666666666678 0.565625 0.325925925925926 0.6140625 0.325925925925926
10 0.5848958333333333 0.32037037037037047 0.5463541666666667 0.32037037037037047 0.5463541666666667 0.38796296296296306 0.5848958333333333 0.38796296296296306
2 0.46875 0.28518518518518526 0.43645833333333334 0.28518518518518526 0.43645833333333334 0.34074074074074084 0.46875 0.34074074074074084
4 0.5302083333333333 0.14351851851851863 0.4901041666666667 0.14351851851851863 0.4901041666666667 0.21203703703703713 0.5302083333333333 0.21203703703703713
8 0.6463541666666667 0.31296296296296305 0.6151041666666667 0.31296296296296305 0.6151041666666667 0.36666666666666675 0.6463541666666667 0.36666666666666675
5 0.5536458333333333 0.8379629629629631 0.5130208333333334 0.8379629629629631 0.5130208333333334 0.9009259259259261 0.5536458333333333 0.9009259259259261
7 0.41510416666666666 0.5879629629629629 0.37604166666666666 0.5879629629629629 0.37604166666666666 0.6527777777777778 0.41510416666666666 0.6527777777777778
9 0.4708333333333333 0.75 0.4390625 0.75 0.4390625 0.8018518518518518 0.4708333333333333 0.8018518518518518
11 0.4984375 0.6861111111111112 0.45989583333333334 0.6861111111111111 0.45989583333333334 0.751851851851852 0.4984375 0.7518518518518521
3 0.39427083333333335 0.47962962962962963 0.36354166666666665 0.47962962962962963 0.36354166666666665 0.5333333333333333 0.39427083333333335 0.5333333333333333
6 0.6682291666666667 0.426851851851852 0.6291666666666667 0.426851851851852 0.6291666666666667 0.49444444444444463 0.6682291666666667 0.49444444444444463
2 0.5552083333333333 0.3935185185185186 0.5239583333333333 0.3935185185185186 0.5239583333333333 0.44722222222222235 0.5552083333333333 0.44722222222222235
11 0.5125 0.7925925925925927 0.47291666666666665 0.7925925925925926 0.47291666666666665 0.8555555555555556 0.5125 0.8555555555555557
2 0.6385416666666667 0.49722222222222245 0.6067708333333334 0.49722222222222245 0.6067708333333334 0.5509259259259262 0.6385416666666667 0.5509259259259262
1 0.45677083333333335 0.6351851851851852 0.4171875 0.6351851851851852 0.4171875 0.700925925925926 0.45677083333333335 0.700925925925926
3 0.43333333333333335 0.5314814814814814 0.4015625 0.5314814814814814 0.4015625 0.5851851851851851 0.43333333333333335 0.5851851851851851
3 0.5598958333333334 0.6842592592592595 0.528125 0.6842592592592595 0.528125 0.7361111111111113 0.5598958333333334 0.7361111111111113
13 0.4359375 0.6925925925925925 0.38958333333333334 0.6925925925925925 0.38958333333333334 0.7703703703703704 0.4359375 0.7703703703703704
3 0.475 0.5851851851851851 0.44427083333333334 0.5851851851851851 0.44427083333333334 0.637962962962963 0.475 0.637962962962963
2 0.5130208333333334 0.33425925925925937 0.48020833333333335 0.33425925925925937 0.48020833333333335 0.38981481481481495 0.5130208333333334 0.38981481481481495
2 0.6005208333333333 0.44351851851851865 0.5682291666666667 0.44351851851851865 0.5682291666666667 0.49814814814814834 0.6005208333333333 0.49814814814814834
10 0.6270833333333333 0.37037037037037046 0.5885416666666666 0.37037037037037046 0.5885416666666666 0.43703703703703717 0.6270833333333333 0.43703703703703717
1 0.5364583333333334 0.728703703703704 0.4979166666666667 0.728703703703704 0.4979166666666667 0.7925925925925928 0.5364583333333334 0.7925925925925928