4 0.2541666666666667 0.7194444444444444 0.21822916666666672 0.7194444444444444 0.21822916666666672 0.7759259259259259 0.2541666666666667 0.7759259259259259
7 0.540625 0.12592592592592602 0.5046875 0.12592592592592602 0.5046875 0.18333333333333343 0.540625 0.18333333333333343
0 0.2583333333333334 0.8046296296296296 0.22187500000000007 0.8046296296296296 0.22187500000000007 0.8629629629629629 0.2583333333333334 0.8629629629629629
7 0.5635416666666667 0.6629629629629632 0.5270833333333333 0.6629629629629632 0.5270833333333333 0.7194444444444447 0.5635416666666667 0.7194444444444447
3 0.4973958333333333 0.22962962962962974 0.4671875 0.22962962962962974 0.4671875 0.2712962962962964 0.4973958333333333 0.2712962962962964
8 0.23177083333333334 0.36944444444444446 0.203125 0.36944444444444446 0.203125 0.41388888888888886 0.23177083333333334 0.41388888888888886
2 0.3567708333333333 0.09074074074074082 0.328125 0.09074074074074082 0.328125 0.13055555555555562 0.3567708333333333 0.13055555555555562
3 0.53125 0.7675925925925928 0.5005208333333333 0.7675925925925928 0.5005208333333333 0.8111111111111113 0.53125 0.8111111111111113
2 0.3885416666666667 0.7981481481481482 0.35833333333333334 0.7981481481481482 0.35833333333333334 0.8453703703703703 0.3885416666666667 0.8453703703703703
3 0.48541666666666666 0.06944444444444454 0.45729166666666665 0.06944444444444454 0.45729166666666665 0.11203703703703714 0.48541666666666666 0.11203703703703714
3 0.5208333333333334 0.5861111111111114 0.4895833333333333 0.5861111111111114 0.4895833333333333 0.6305555555555558 0.5208333333333334 0.6305555555555558
3 0.5104166666666666 0.413888888888889 0.48072916666666665 0.413888888888889 0.48072916666666665 0.4564814814814816 0.5104166666666666 0.4564814814814816
6 0.3177083333333333 0.1657407407407408 0.2828125 0.1657407407407408 0.2828125 0.22222222222222227 0.3177083333333333 0.22222222222222227
12 0.2875 0.42037037037037045 0.24583333333333332 0.42037037037037045 0.24583333333333338 0.4925925925925926 0.2875 0.4925925925925926
2 0.3765625 0.6148148148148148 0.346875 0.6148148148148148 0.346875 0.6592592592592592 0.3765625 0.6592592592592592
2 0.36614583333333334 0.43333333333333346 0.33541666666666664 0.43333333333333346 0.33541666666666664 0.4759259259259259 0.36614583333333334 0.4759259259259259
2 0.36614583333333334 0.25555555555555565 0.3359375 0.25555555555555565 0.3359375 0.29907407407407416 0.36614583333333334 0.29907407407407416
5 0.621875 0.126851851851852 0.5864583333333333 0.12685185185185197 0.5864583333333333 0.17962962962962975 0.621875 0.17962962962962978
6 0.3421875 0.7138888888888889 0.30572916666666666 0.7138888888888889 0.30572916666666666 0.7694444444444445 0.3421875 0.7694444444444445
10 0.240625 0.2018518518518519 0.20625 0.2018518518518519 0.20625 0.2564814814814815 0.240625 0.2564814814814815
1 0.6109375 0.03981481481481495 0.5760416666666667 0.03981481481481495 0.5760416666666667 0.09074074074074087 0.6109375 0.09074074074074087
4 0.24322916666666666 0.29166666666666674 0.2078125 0.2916666666666667 0.2078125 0.3444444444444445 0.24322916666666666 0.34444444444444455
0 0.2328125 0.12407407407407413 0.19791666666666666 0.12407407407407413 0.19791666666666666 0.1768518518518519 0.2328125 0.1768518518518519
13 0.609375 0.37962962962962976 0.5635416666666667 0.37962962962962976 0.5635416666666667 0.4564814814814816 0.609375 0.4564814814814816
1 0.6723958333333333 0.7231481481481483 0.634375 0.7231481481481483 0.634375 0.7824074074074077 0.6723958333333333 0.7824074074074077
9 0.6375 0.2842592592592594 0.6046875 0.2842592592592594 0.6046875 0.3296296296296297 0.6375 0.3296296296296297
8 0.24062500000000006 0.5296296296296297 0.21093750000000006 0.5296296296296297 0.21093750000000006 0.5796296296296296 0.24062500000000006 0.5796296296296296
10 0.24843750000000006 0.6212962962962963 0.21197916666666672 0.6212962962962963 0.21197916666666672 0.6842592592592592 0.24843750000000006 0.6842592592592592
11 0.6317708333333333 0.19722222222222235 0.5973958333333333 0.19722222222222233 0.5973958333333333 0.2620370370370371 0.6317708333333333 0.2620370370370371
11 0.653125 0.551851851851852 0.6161458333333333 0.551851851851852 0.6161458333333333 0.6101851851851854 0.653125 0.6101851851851854
5 0.6583333333333333 0.6416666666666668 0.6203125 0.6416666666666668 0.6203125 0.7037037037037039 0.6583333333333333 0.7037037037037039
9 0.6427083333333333 0.46574074074074084 0.6130208333333333 0.46574074074074084 0.6130208333333333 0.5120370370370373 0.6427083333333333 0.5120370370370373