0 0.29010416666666666 0.28703703703703715 0.25833333333333336 0.28703703703703715 0.25833333333333336 0.3435185185185186 0.29010416666666666 0.3435185185185186
13 0.5682291666666667 0.6416666666666668 0.5270833333333333 0.6416666666666668 0.5270833333333333 0.7166666666666669 0.5682291666666667 0.7166666666666669
10 0.4390625 0.2314814814814816 0.40625 0.2314814814814816 0.40625 0.288888888888889 0.4390625 0.288888888888889
6 0.48125 0.19444444444444456 0.44895833333333335 0.19444444444444456 0.44895833333333335 0.25185185185185194 0.48125 0.25185185185185194
0 0.5234375 0.15740740740740752 0.490625 0.15740740740740752 0.490625 0.21481481481481493 0.5234375 0.21481481481481493
1 0.5432291666666667 0.5722222222222224 0.5088541666666667 0.5722222222222224 0.5088541666666667 0.6351851851851854 0.5432291666666667 0.6351851851851854
2 0.5447916666666667 0.22685185185185194 0.51875 0.22685185185185194 0.51875 0.2722222222222223 0.5447916666666667 0.2722222222222223
3 0.4734375 0.5462962962962963 0.446875 0.5462962962962963 0.446875 0.5953703703703703 0.4734375 0.5953703703703703
12 0.4270833333333333 0.15740740740740752 0.38697916666666665 0.15740740740740752 0.38697916666666665 0.22685185185185194 0.4270833333333333 0.22685185185185194
7 0.5880208333333333 0.5324074074074077 0.5541666666666667 0.5324074074074077 0.5541666666666667 0.5925925925925928 0.5880208333333333 0.5925925925925928
6 0.35052083333333334 0.31203703703703717 0.3177083333333333 0.31203703703703717 0.3177083333333333 0.3694444444444446 0.35052083333333334 0.3694444444444446
7 0.40520833333333334 0.7 0.37083333333333335 0.7 0.37083333333333335 0.7611111111111111 0.40520833333333334 0.7611111111111111
10 0.39427083333333335 0.2666666666666668 0.3614583333333333 0.2666666666666668 0.3614583333333333 0.3240740740740742 0.39427083333333335 0.3240740740740742
11 0.475 0.7314814814814815 0.4395833333333333 0.7314814814814815 0.4395833333333333 0.7935185185185185 0.475 0.7935185185185185
1 0.45364583333333336 0.6527777777777778 0.41822916666666665 0.6527777777777778 0.41822916666666665 0.7148148148148148 0.45364583333333336 0.7148148148148148
2 0.3651041666666667 0.38425925925925936 0.3390625 0.38425925925925936 0.3390625 0.4314814814814816 0.3651041666666667 0.4314814814814816
11 0.49583333333333335 0.6157407407407408 0.46145833333333336 0.6157407407407407 0.46145833333333336 0.6777777777777779 0.49583333333333335 0.677777777777778
3 0.6067708333333334 0.42592592592592604 0.5796875 0.42592592592592604 0.5796875 0.47407407407407426 0.6067708333333334 0.47407407407407426
2 0.40625 0.3416666666666668 0.3807291666666667 0.3416666666666668 0.3807291666666667 0.38796296296296306 0.40625 0.38796296296296306
3 0.5645833333333333 0.46759259259259267 0.5375 0.46759259259259267 0.5375 0.5157407407407409 0.5645833333333333 0.5157407407407409
4 0.3328125 0.2453703703703705 0.2994791666666667 0.2453703703703705 0.2994791666666667 0.30277777777777787 0.3328125 0.30277777777777787
3 0.5192708333333333 0.5129629629629632 0.4921875 0.5129629629629632 0.4921875 0.5611111111111113 0.5192708333333333 0.5611111111111113
9 0.5145833333333333 0.6944444444444446 0.4869791666666667 0.6944444444444446 0.4869791666666667 0.7416666666666669 0.5145833333333333 0.7416666666666669
8 0.46041666666666664 0.13333333333333344 0.434375 0.13333333333333344 0.434375 0.17685185185185195 0.46041666666666664 0.17685185185185195
4 0.5046875 0.09351851851851863 0.471875 0.09351851851851863 0.471875 0.14814814814814825 0.5046875 0.14814814814814825
3 0.42552083333333335 0.5962962962962963 0.39791666666666664 0.5962962962962963 0.39791666666666664 0.6453703703703704 0.42552083333333335 0.6453703703703704
2 0.5 0.26111111111111124 0.4739583333333333 0.26111111111111124 0.4739583333333333 0.3064814814814816 0.5 0.3064814814814816
2 0.45416666666666666 0.30462962962962975 0.428125 0.30462962962962975 0.428125 0.35092592592592603 0.45416666666666666 0.35092592592592603
9 0.60625 0.6111111111111113 0.5791666666666667 0.6111111111111113 0.5791666666666667 0.6601851851851854 0.60625 0.6601851851851854
8 0.37604166666666666 0.2120370370370371 0.35052083333333334 0.21203703703703708 0.35052083333333334 0.2564814814814816 0.37604166666666666 0.2564814814814816
5 0.65625 0.5564814814814817 0.621875 0.5564814814814817 0.621875 0.6166666666666669 0.65625 0.6166666666666669
5 0.4296875 0.7759259259259259 0.3927083333333333 0.7759259259259259 0.3927083333333333 0.8398148148148148 0.4296875 0.8398148148148148