4 0.5729166666666666 0.3240740740740742 0.5307291666666667 0.3240740740740742 0.5307291666666667 0.38981481481481495 0.5729166666666666 0.38981481481481495
4 0.4078125 0.6731481481481482 0.36666666666666664 0.6731481481481482 0.36666666666666664 0.7379629629629629 0.4078125 0.7379629629629629
12 0.5182291666666666 0.7583333333333334 0.4671875 0.7583333333333333 0.4671875 0.8324074074074075 0.5182291666666666 0.8324074074074076
8 0.5661458333333333 0.8611111111111113 0.5307291666666668 0.8611111111111113 0.5307291666666668 0.9092592592592594 0.5661458333333333 0.9092592592592594
11 0.459375 0.3212962962962964 0.41770833333333335 0.3212962962962964 0.41770833333333335 0.38796296296296306 0.459375 0.38796296296296306
2 0.5088541666666667 0.5796296296296297 0.47291666666666665 0.5796296296296296 0.47291666666666665 0.6305555555555556 0.5088541666666667 0.6305555555555558
6 0.5166666666666667 0.3277777777777779 0.475 0.3277777777777779 0.475 0.38981481481481495 0.5166666666666667 0.38981481481481495
2 0.7270833333333333 0.6000000000000002 0.6932291666666667 0.6000000000000002 0.6932291666666667 0.6481481481481484 0.7270833333333333 0.6481481481481484
2 0.6770833333333334 0.6074074074074076 0.6421875 0.6074074074074076 0.6421875 0.6555555555555558 0.6770833333333334 0.6555555555555558
8 0.45000000000000007 0.8537037037037037 0.415625 0.8537037037037037 0.4156250000000001 0.9018518518518519 0.4500000000000001 0.9018518518518519
2 0.4005208333333333 0.5935185185185186 0.36614583333333334 0.5935185185185186 0.36614583333333334 0.6435185185185185 0.4005208333333333 0.6435185185185185
3 0.3484375 0.3250000000000001 0.3140625 0.3250000000000001 0.3140625 0.3750000000000001 0.3484375 0.3750000000000001
13 0.5229166666666667 0.058333333333333445 0.471875 0.05833333333333344 0.471875 0.1324074074074075 0.5229166666666667 0.1324074074074075
5 0.40729166666666666 0.05833333333333342 0.3645833333333333 0.05833333333333341 0.3645833333333333 0.12222222222222233 0.40729166666666666 0.12222222222222233
10 0.40312500000000007 0.8379629629629629 0.35989583333333336 0.8379629629629629 0.3598958333333334 0.9027777777777778 0.4031250000000001 0.9027777777777778
0 0.5151041666666667 0.1490740740740742 0.475 0.1490740740740742 0.475 0.21203703703703713 0.5151041666666667 0.21203703703703713
3 0.3880208333333333 0.3296296296296297 0.35572916666666665 0.3296296296296297 0.35572916666666665 0.3833333333333334 0.3880208333333333 0.3833333333333334