12 0.5854166666666667 0.5759259259259262 0.5463541666666667 0.5759259259259262 0.5463541666666667 0.6444444444444447 0.5854166666666667 0.6444444444444447
2 0.4421875 0.5740740740740741 0.4171875 0.5740740740740741 0.4171875 0.6194444444444445 0.4421875 0.6194444444444445
5 0.6151041666666667 0.07222222222222235 0.58125 0.07222222222222235 0.58125 0.126851851851852 0.6151041666666667 0.12685185185185202
7 0.4078125 0.6620370370370371 0.37604166666666666 0.6620370370370371 0.37604166666666666 0.7175925925925926 0.4078125 0.7175925925925926
5 0.40729166666666666 0.2916666666666668 0.37604166666666666 0.2916666666666668 0.37604166666666666 0.3462962962962964 0.40729166666666666 0.3462962962962964
7 0.6557291666666667 0.7046296296296298 0.6223958333333334 0.7046296296296298 0.6223958333333334 0.7629629629629632 0.6557291666666667 0.7629629629629632
0 0.37968750000000007 0.812962962962963 0.3463541666666667 0.812962962962963 0.34635416666666674 0.8722222222222222 0.3796875000000001 0.8722222222222222
2 0.521875 0.463888888888889 0.49583333333333335 0.463888888888889 0.49583333333333335 0.5101851851851854 0.521875 0.5101851851851854
10 0.5796875 0.14351851851851863 0.5479166666666667 0.14351851851851863 0.5479166666666667 0.19814814814814824 0.5796875 0.19814814814814824
0 0.7453125 0.6583333333333335 0.7114583333333333 0.6583333333333335 0.7114583333333333 0.7157407407407409 0.7453125 0.7157407407407409
9 0.525 0.11018518518518529 0.4979166666666667 0.11018518518518529 0.4979166666666667 0.15277777777777787 0.525 0.15277777777777787
3 0.5947916666666667 0.29444444444444456 0.5692708333333333 0.29444444444444456 0.5692708333333333 0.3398148148148149 0.5947916666666667 0.3398148148148149
3 0.5078125 0.325925925925926 0.4828125 0.325925925925926 0.4828125 0.3712962962962964 0.5078125 0.3712962962962964
2 0.625 0.5074074074074076 0.5989583333333334 0.5074074074074076 0.5989583333333334 0.551851851851852 0.625 0.551851851851852
3 0.36770833333333336 0.3851851851851853 0.34375 0.3851851851851853 0.34375 0.42777777777777787 0.36770833333333336 0.42777777777777787
8 0.5489583333333333 0.6805555555555558 0.5234375 0.6805555555555558 0.5234375 0.7259259259259261 0.5489583333333333 0.7259259259259261
3 0.6854166666666667 0.2537037037037038 0.6583333333333333 0.2537037037037038 0.6583333333333333 0.2962962962962964 0.6854166666666667 0.2962962962962964
9 0.44166666666666665 0.14074074074074083 0.4140625 0.14074074074074083 0.4140625 0.18518518518518529 0.44166666666666665 0.18518518518518529
3 0.46145833333333336 0.35277777777777786 0.4375 0.35277777777777786 0.4375 0.3962962962962964 0.46145833333333336 0.3962962962962964
4 0.63125 0.5629629629629632 0.6005208333333333 0.5629629629629632 0.6005208333333333 0.6194444444444447 0.63125 0.6194444444444447
6 0.6822916666666666 0.5435185185185187 0.6505208333333333 0.5435185185185187 0.6505208333333333 0.6000000000000002 0.6822916666666666 0.6000000000000002
13 0.45989583333333334 0.26481481481481495 0.42239583333333336 0.26481481481481495 0.42239583333333336 0.3314814814814816 0.45989583333333334 0.3314814814814816
11 0.4015625 0.15740740740740752 0.3692708333333333 0.15740740740740752 0.3692708333333333 0.21018518518518528 0.4015625 0.21018518518518528
8 0.5015625 0.6981481481481483 0.47604166666666664 0.6981481481481482 0.47604166666666664 0.7444444444444446 0.5015625 0.7444444444444447
1 0.3625 0.24166666666666678 0.3307291666666667 0.24166666666666678 0.3307291666666667 0.29537037037037045 0.3625 0.29537037037037045
2 0.34427083333333336 0.5398148148148149 0.3182291666666667 0.5398148148148149 0.3182291666666667 0.5851851851851851 0.34427083333333336 0.5851851851851851
2 0.7104166666666667 0.46203703703703713 0.684375 0.46203703703703713 0.684375 0.5083333333333335 0.7104166666666667 0.5083333333333335
11 0.6109375 0.3462962962962964 0.578125 0.3462962962962964 0.578125 0.40185185185185196 0.6109375 0.40185185185185196
10 0.5614583333333333 0.37407407407407417 0.5296875 0.37407407407407417 0.5296875 0.4287037037037038 0.5614583333333333 0.4287037037037038
6 0.42552083333333335 0.4175925925925927 0.39427083333333335 0.4175925925925927 0.39427083333333335 0.47314814814814826 0.42552083333333335 0.47314814814814826
1 0.6265625 0.1944444444444446 0.5947916666666667 0.19444444444444456 0.5947916666666667 0.2453703703703705 0.6265625 0.2453703703703705
4 0.5223958333333333 0.7666666666666668 0.49114583333333334 0.7666666666666668 0.49114583333333334 0.8212962962962965 0.5223958333333333 0.8212962962962965