7 0.4744791666666667 0.40462962962962973 0.42135416666666664 0.40462962962962973 0.42135416666666664 0.5037037037037037 0.4744791666666667 0.5037037037037037
2 0.32708333333333334 0.4324074074074075 0.2864583333333333 0.4324074074074075 0.2864583333333333 0.5074074074074074 0.32708333333333334 0.5074074074074074
9 0.39739583333333334 0.28333333333333344 0.35625 0.28333333333333344 0.35625 0.3592592592592594 0.39739583333333334 0.3592592592592594
2 0.29010416666666666 0.37314814814814823 0.25 0.37314814814814823 0.25000000000000006 0.44814814814814824 0.29010416666666666 0.44814814814814824
3 0.7276041666666667 0.5870370370370372 0.6864583333333333 0.5870370370370372 0.6864583333333333 0.6648148148148151 0.7276041666666667 0.6648148148148151
2 0.434375 0.10000000000000009 0.39479166666666665 0.10000000000000007 0.39479166666666665 0.1740740740740742 0.434375 0.1740740740740742
13 0.4432291666666667 0.2074074074074075 0.38177083333333334 0.2074074074074075 0.38177083333333334 0.32037037037037047 0.4432291666666667 0.32037037037037047
7 0.365625 0.3490740740740742 0.3151041666666667 0.3490740740740742 0.3151041666666667 0.44444444444444453 0.365625 0.44444444444444453
11 0.3671875 0.22870370370370377 0.3151041666666667 0.22870370370370377 0.3151041666666667 0.325925925925926 0.3671875 0.325925925925926
0 0.6604166666666667 0.7157407407407409 0.6067708333333334 0.7157407407407409 0.6067708333333334 0.8138888888888891 0.6604166666666667 0.8138888888888891
3 0.7921875 0.577777777777778 0.7505208333333333 0.577777777777778 0.7505208333333333 0.6564814814814817 0.7921875 0.6564814814814817
6 0.6661458333333333 0.8416666666666669 0.6125 0.8416666666666669 0.6125 0.940740740740741 0.6661458333333333 0.940740740740741
8 0.6572916666666667 0.5981481481481483 0.615625 0.5981481481481483 0.615625 0.676851851851852 0.6572916666666667 0.676851851851852
3 0.5859375 0.8657407407407409 0.54375 0.8657407407407409 0.54375 0.9435185185185188 0.5859375 0.9435185185185188
4 0.7333333333333333 0.714814814814815 0.6802083333333333 0.714814814814815 0.6802083333333333 0.814814814814815 0.7333333333333333 0.814814814814815
5 0.334375 0.28518518518518526 0.2833333333333333 0.28518518518518526 0.2833333333333333 0.37962962962962976 0.334375 0.37962962962962976
0 0.5916666666666667 0.7194444444444447 0.5385416666666667 0.7194444444444447 0.5385416666666667 0.8185185185185188 0.5916666666666667 0.8185185185185188
11 0.4375 0.3453703703703705 0.3854166666666667 0.3453703703703705 0.3854166666666667 0.4425925925925927 0.4375 0.4425925925925927
2 0.46510416666666665 0.15555555555555567 0.4244791666666667 0.15555555555555567 0.4244791666666667 0.23055555555555565 0.46510416666666665 0.23055555555555565
1 0.471875 0.2787037037037038 0.42083333333333334 0.2787037037037038 0.42083333333333334 0.37314814814814823 0.471875 0.37314814814814823
1 0.4041666666666667 0.1574074074074075 0.3494791666666667 0.15740740740740747 0.3494791666666667 0.2583333333333334 0.4041666666666667 0.2583333333333334
5 0.4036458333333333 0.3990740740740742 0.34791666666666665 0.3990740740740742 0.34791666666666665 0.5027777777777778 0.4036458333333333 0.5027777777777778
2 0.46510416666666665 0.05092592592592603 0.42604166666666665 0.05092592592592602 0.42604166666666665 0.10925925925925936 0.46510416666666665 0.10925925925925936
6 0.590625 0.5870370370370372 0.5364583333333334 0.5870370370370372 0.5364583333333334 0.6879629629629632 0.590625 0.6879629629629632
10 0.6979166666666666 0.6481481481481484 0.6442708333333333 0.6481481481481484 0.6442708333333333 0.7481481481481483 0.6979166666666666 0.7481481481481483
4 0.628125 0.6509259259259261 0.5739583333333333 0.6509259259259261 0.5739583333333333 0.7509259259259261 0.628125 0.7509259259259261
10 0.7036458333333333 0.776851851851852 0.6505208333333333 0.776851851851852 0.6505208333333333 0.8750000000000002 0.7036458333333333 0.8750000000000002
3 0.7651041666666667 0.6481481481481484 0.7244791666666667 0.6481481481481484 0.7244791666666667 0.7231481481481483 0.7651041666666667 0.7231481481481483
3 0.6223958333333334 0.9287037037037039 0.5807291666666666 0.9287037037037039 0.5807291666666666 1 0.6223958333333334 1
12 0.6333333333333333 0.7694444444444447 0.5645833333333333 0.7694444444444447 0.5645833333333333 0.8962962962962965 0.6333333333333333 0.8962962962962965