12 0.37916666666666665 0.4546296296296297 0.32447916666666665 0.4546296296296297 0.32447916666666665 0.5472222222222223 0.37916666666666665 0.5472222222222223
0 0.42864583333333334 0.6981481481481482 0.384375 0.6981481481481482 0.384375 0.7731481481481481 0.42864583333333334 0.7731481481481481
10 0.3296875 0.2962962962962964 0.28489583333333335 0.2962962962962964 0.28489583333333335 0.37314814814814823 0.3296875 0.37314814814814823
13 0.6411458333333333 0.2740740740740742 0.5921875 0.2740740740740742 0.5921875 0.3611111111111112 0.6411458333333333 0.3611111111111112
1 0.5895833333333333 0.007407407407407533 0.5515625 0.007407407407407529 0.5515625 0.05000000000000013 0.5895833333333333 0.050000000000000135
3 0.5973958333333333 0.49537037037037057 0.5640625 0.49537037037037057 0.5640625 0.5537037037037039 0.5973958333333333 0.5537037037037039
5 0.6161458333333333 0.3833333333333334 0.5755208333333334 0.3833333333333334 0.5755208333333334 0.4546296296296297 0.6161458333333333 0.4546296296296297
7 0.5453125 0.09722222222222233 0.5052083333333334 0.09722222222222232 0.5052083333333334 0.1675925925925927 0.5453125 0.1675925925925927
7 0.6005208333333333 0.30555555555555564 0.559375 0.30555555555555564 0.559375 0.37685185185185194 0.6005208333333333 0.37685185185185194
6 0.390625 0.5444444444444444 0.3458333333333333 0.5444444444444444 0.3458333333333333 0.6212962962962963 0.390625 0.6212962962962963
4 0.3885416666666667 0.3537037037037038 0.34375 0.3537037037037038 0.34375 0.43055555555555564 0.3885416666666667 0.43055555555555564
11 0.5651041666666666 0.33425925925925937 0.5229166666666667 0.33425925925925937 0.5229166666666667 0.4064814814814816 0.5651041666666666 0.4064814814814816
11 0.5489583333333333 0.2583333333333334 0.5078125 0.2583333333333334 0.5078125 0.3296296296296297 0.5489583333333333 0.3296296296296297
6 0.41041666666666665 0.4351851851851853 0.36614583333333334 0.4351851851851853 0.36614583333333334 0.5101851851851852 0.41041666666666665 0.5101851851851852
4 0.4703125 0.4842592592592593 0.4270833333333333 0.4842592592592593 0.4270833333333333 0.5574074074074075 0.4703125 0.5574074074074075