12 0.4270833333333333 0.32685185185185195 0.37552083333333336 0.32685185185185195 0.37552083333333336 0.4231481481481483 0.4270833333333333 0.4231481481481483
0 0.43697916666666664 0.7398148148148148 0.39479166666666665 0.7398148148148148 0.39479166666666665 0.8157407407407408 0.43697916666666664 0.8157407407407408
8 0.31614583333333335 0.4212962962962964 0.2838541666666667 0.4212962962962964 0.2838541666666667 0.48148148148148145 0.31614583333333335 0.48148148148148145
13 0.39687500000000014 0.8833333333333333 0.35000000000000014 0.8833333333333333 0.35000000000000014 0.9722222222222222 0.39687500000000014 0.9722222222222222
3 0.48281250000000003 0.8324074074074074 0.4515625 0.8324074074074074 0.45156250000000003 0.8907407407407407 0.48281250000000014 0.8907407407407407
6 0.2906250000000001 0.8018518518518518 0.2520833333333334 0.8018518518518518 0.2520833333333334 0.875 0.29062500000000013 0.875
10 0.2458333333333334 0.8777777777777778 0.20781250000000007 0.8777777777777778 0.20781250000000007 0.9481481481481482 0.2458333333333334 0.9481481481481482
0 0.33489583333333334 0.7379629629629629 0.2942708333333333 0.7379629629629629 0.2942708333333333 0.812962962962963 0.33489583333333334 0.812962962962963
7 0.48072916666666665 0.6685185185185185 0.4390625 0.6685185185185185 0.4390625 0.7435185185185185 0.48072916666666665 0.7435185185185185
10 0.4276041666666667 0.5064814814814815 0.38697916666666665 0.5064814814814815 0.38697916666666665 0.5824074074074074 0.4276041666666667 0.5824074074074074
3 0.3307291666666667 0.5833333333333334 0.2984375 0.5833333333333334 0.2984375 0.6435185185185185 0.3307291666666667 0.6435185185185185
7 0.3937500000000001 0.9592592592592593 0.3541666666666668 0.9592592592592593 0.3541666666666668 1 0.3937500000000001 1
9 0.38281250000000006 0.825 0.35208333333333336 0.825 0.3520833333333334 0.8833333333333333 0.3828125000000001 0.8833333333333333
3 0.5239583333333333 0.5981481481481483 0.49114583333333334 0.5981481481481483 0.49114583333333334 0.6583333333333335 0.5239583333333333 0.6583333333333335
2 0.428125 0.5962962962962963 0.3958333333333333 0.5962962962962963 0.3958333333333333 0.6574074074074074 0.428125 0.6574074074074074
1 0.578125 0.43796296296296305 0.5354166666666667 0.43796296296296305 0.5354166666666667 0.5175925925925928 0.578125 0.5175925925925928
3 0.1770833333333334 0.4861111111111111 0.14531250000000007 0.4861111111111111 0.14531250000000007 0.5462962962962963 0.1770833333333334 0.5462962962962963
5 0.2395833333333334 0.7157407407407408 0.20104166666666673 0.7157407407407408 0.20104166666666673 0.7907407407407407 0.2395833333333334 0.7907407407407407
11 0.2791666666666667 0.48703703703703705 0.2380208333333334 0.48703703703703705 0.2380208333333334 0.5648148148148148 0.2791666666666667 0.5648148148148148
1 0.27447916666666666 0.33518518518518525 0.23333333333333334 0.3351851851851852 0.23333333333333334 0.4120370370370371 0.27447916666666666 0.41203703703703715
9 0.3390625000000001 0.8888888888888888 0.3078125000000001 0.8888888888888888 0.3078125000000001 0.9462962962962963 0.3390625000000001 0.9462962962962963
2 0.5744791666666667 0.7601851851851854 0.5427083333333333 0.7601851851851854 0.5427083333333333 0.8194444444444446 0.5744791666666667 0.8194444444444446
5 0.221875 0.32685185185185184 0.18177083333333333 0.32685185185185184 0.18177083333333333 0.4027777777777778 0.221875 0.4027777777777778
11 0.5322916666666668 0.9009259259259261 0.4921875000000001 0.9009259259259261 0.4921875000000001 0.9740740740740741 0.5322916666666668 0.9740740740740741
8 0.31927083333333334 0.3490740740740742 0.2875 0.3490740740740742 0.2875 0.4092592592592594 0.31927083333333334 0.4092592592592594
4 0.32760416666666664 0.4925925925925926 0.2869791666666667 0.4925925925925926 0.2869791666666667 0.5703703703703704 0.32760416666666664 0.5703703703703704
2 0.1942708333333334 0.7222222222222222 0.1630208333333334 0.7222222222222222 0.1630208333333334 0.7805555555555556 0.1942708333333334 0.7805555555555556
3 0.23385416666666672 0.65 0.2020833333333334 0.65 0.2020833333333334 0.7101851851851851 0.23385416666666672 0.7101851851851851
2 0.28125 0.6583333333333333 0.2489583333333334 0.6583333333333333 0.2489583333333334 0.7185185185185186 0.28125 0.7185185185185186
2 0.3770833333333333 0.5861111111111111 0.34375 0.5861111111111111 0.34375 0.6481481481481481 0.3770833333333333 0.6481481481481481
6 0.3796875 0.6620370370370371 0.3385416666666667 0.6620370370370371 0.3385416666666667 0.7398148148148148 0.3796875 0.7398148148148148
4 0.22395833333333337 0.40925925925925927 0.18333333333333332 0.40925925925925927 0.18333333333333338 0.48703703703703705 0.2239583333333334 0.48703703703703705