12 0.5588541666666667 0.3416666666666668 0.5078125 0.3416666666666668 0.5078125 0.43333333333333346 0.5588541666666667 0.43333333333333346
0 0.3885416666666667 0.3851851851851853 0.3463541666666667 0.3851851851851853 0.3463541666666667 0.4583333333333334 0.3885416666666667 0.4583333333333334
5 0.6411458333333333 0.8601851851851854 0.6 0.8601851851851854 0.6 0.9324074074074076 0.6411458333333333 0.9324074074074076
4 0.5661458333333333 0.14166666666666677 0.5244791666666667 0.14166666666666677 0.5244791666666667 0.21296296296296308 0.5661458333333333 0.21296296296296308
7 0.4609375 0.2814814814814816 0.41822916666666665 0.2814814814814816 0.41822916666666665 0.35648148148148157 0.4609375 0.35648148148148157
8 0.5567708333333333 0.24907407407407417 0.5223958333333333 0.24907407407407417 0.5223958333333333 0.30925925925925934 0.5567708333333333 0.30925925925925934
3 0.7078125 0.5092592592592595 0.675 0.5092592592592595 0.675 0.565740740740741 0.7078125 0.565740740740741
9 0.7078125 0.777777777777778 0.6760416666666667 0.777777777777778 0.6760416666666667 0.8333333333333336 0.7078125 0.8333333333333336
4 0.5161458333333333 0.4027777777777779 0.4739583333333333 0.4027777777777779 0.4739583333333333 0.47777777777777786 0.5161458333333333 0.47777777777777797
3 0.6755208333333333 0.5620370370370372 0.6427083333333333 0.5620370370370372 0.6427083333333333 0.6194444444444447 0.6755208333333333 0.6194444444444447
11 0.584375 0.5925925925925928 0.5421875 0.5925925925925928 0.5421875 0.6675925925925928 0.584375 0.6675925925925928
2 0.63125 0.43796296296296305 0.596875 0.43796296296296305 0.596875 0.4962962962962965 0.63125 0.4962962962962965
7 0.6927083333333334 0.1694444444444446 0.6510416666666666 0.1694444444444446 0.6510416666666666 0.2425925925925927 0.6927083333333334 0.2425925925925927
3 0.6026041666666667 0.652777777777778 0.5697916666666667 0.652777777777778 0.5697916666666667 0.7092592592592595 0.6026041666666667 0.7092592592592595
2 0.6765625 0.2842592592592594 0.6421875 0.2842592592592594 0.6421875 0.34444444444444455 0.6765625 0.34444444444444455
9 0.7765625 0.6953703703703705 0.7447916666666666 0.6953703703703705 0.7447916666666666 0.7518518518518521 0.7765625 0.7518518518518521
2 0.528125 0.4666666666666668 0.49375 0.4666666666666668 0.49375 0.5250000000000002 0.528125 0.5250000000000002
2 0.46145833333333336 0.5592592592592592 0.4270833333333333 0.5592592592592592 0.4270833333333333 0.6175925925925926 0.46145833333333336 0.6175925925925926
8 0.59375 0.2064814814814816 0.5604166666666667 0.2064814814814816 0.5604166666666667 0.26481481481481495 0.59375 0.26481481481481495
3 0.7822916666666667 0.42037037037037056 0.7494791666666667 0.42037037037037056 0.7494791666666667 0.47592592592592614 0.7822916666666667 0.47592592592592614
5 0.775 0.5148148148148151 0.734375 0.5148148148148151 0.734375 0.5870370370370372 0.775 0.5870370370370372
13 0.7427083333333333 0.5611111111111113 0.6947916666666667 0.5611111111111113 0.6947916666666667 0.6472222222222225 0.7427083333333333 0.6472222222222225
2 0.7677083333333333 0.2564814814814817 0.7359375 0.2564814814814817 0.7359375 0.31481481481481505 0.7677083333333333 0.31481481481481505
1 0.8234375 0.5324074074074077 0.7848958333333333 0.5324074074074077 0.7848958333333333 0.6000000000000002 0.8234375 0.6000000000000002
3 0.5322916666666667 0.7500000000000002 0.49895833333333334 0.7500000000000002 0.49895833333333334 0.8064814814814817 0.5322916666666667 0.8064814814814817
10 0.621875 0.5324074074074077 0.5807291666666666 0.5324074074074077 0.5807291666666666 0.6055555555555557 0.621875 0.6055555555555557
1 0.603125 0.7518518518518521 0.5625 0.7518518518518521 0.5625 0.8222222222222224 0.603125 0.8222222222222224
6 0.4744791666666667 0.4546296296296297 0.43333333333333335 0.4546296296296297 0.43333333333333335 0.5259259259259259 0.4744791666666667 0.5259259259259259
6 0.7322916666666667 0.40740740740740755 0.690625 0.4074074074074075 0.690625 0.4824074074074076 0.7322916666666667 0.4824074074074076
11 0.809375 0.6416666666666668 0.771875 0.6416666666666668 0.771875 0.7092592592592595 0.809375 0.7092592592592595
10 0.6567708333333333 0.7657407407407409 0.6166666666666667 0.7657407407407409 0.6166666666666667 0.8361111111111114 0.6567708333333333 0.8361111111111114