10 0.340625 0.7481481481481481 0.3078125 0.7481481481481481 0.3078125 0.8064814814814815 0.340625 0.8064814814814815
0 0.5848958333333333 0.7351851851851854 0.5510416666666667 0.7351851851851854 0.5510416666666667 0.7935185185185187 0.5848958333333333 0.7935185185185187
12 0.4453125 0.7296296296296296 0.4046875 0.7296296296296296 0.4046875 0.8009259259259259 0.4453125 0.8009259259259259
13 0.4401041666666667 0.22314814814814826 0.4036458333333333 0.22314814814814826 0.4036458333333333 0.28333333333333344 0.4401041666666667 0.28333333333333344
7 0.30885416666666665 0.3037037037037038 0.27760416666666665 0.3037037037037038 0.27760416666666665 0.3574074074074075 0.30885416666666665 0.3574074074074075
3 0.5307291666666667 0.37037037037037046 0.5057291666666667 0.37037037037037046 0.5057291666666667 0.4129629629629631 0.5307291666666667 0.4129629629629631
7 0.43802083333333336 0.2935185185185186 0.40729166666666666 0.2935185185185186 0.40729166666666666 0.3472222222222223 0.43802083333333336 0.3472222222222223
6 0.4901041666666667 0.7370370370370372 0.45625 0.737037037037037 0.45625 0.7962962962962964 0.4901041666666667 0.7962962962962965
11 0.44114583333333335 0.36574074074074087 0.4088541666666667 0.36574074074074087 0.4088541666666667 0.4212962962962964 0.44114583333333335 0.4212962962962964
4 0.4869791666666667 0.5842592592592594 0.4546875 0.5842592592592593 0.4546875 0.6425925925925927 0.4869791666666667 0.6425925925925928
5 0.4817708333333333 0.29907407407407416 0.45 0.29907407407407416 0.45 0.35185185185185197 0.4817708333333333 0.35185185185185197
4 0.39010416666666664 0.6685185185185185 0.3567708333333333 0.6685185185185185 0.3567708333333333 0.7268518518518519 0.39010416666666664 0.7268518518518519
11 0.39739583333333334 0.36666666666666675 0.36614583333333334 0.36666666666666675 0.36614583333333334 0.42037037037037045 0.39739583333333334 0.42037037037037045
6 0.4401041666666667 0.6620370370370371 0.4078125 0.6620370370370371 0.4078125 0.7203703703703703 0.4401041666666667 0.7203703703703703
1 0.26614583333333336 0.18425925925925932 0.23541666666666666 0.18425925925925932 0.23541666666666666 0.23611111111111116 0.26614583333333336 0.23611111111111116