5 0.29375 0.3240740740740742 0.25052083333333336 0.3240740740740742 0.25052083333333336 0.40833333333333344 0.29375 0.40833333333333344
3 0.3963541666666667 0.4527777777777779 0.3614583333333333 0.4527777777777779 0.3614583333333333 0.5185185185185185 0.3963541666666667 0.5185185185185185
7 0.378125 0.3435185185185186 0.3338541666666667 0.3435185185185186 0.3338541666666667 0.42777777777777787 0.378125 0.42777777777777787
6 0.5984375 0.38611111111111124 0.5526041666666667 0.38611111111111124 0.5526041666666667 0.4722222222222223 0.5984375 0.4722222222222223
12 0.6130208333333333 0.6916666666666669 0.5583333333333333 0.6916666666666669 0.5583333333333333 0.7925925925925928 0.6130208333333333 0.7925925925925928
3 0.3703125 0.6259259259259259 0.33541666666666664 0.6259259259259259 0.33541666666666664 0.6916666666666667 0.3703125 0.6916666666666667
2 0.4848958333333334 0.8546296296296297 0.446875 0.8546296296296296 0.4468750000000001 0.9268518518518519 0.48489583333333347 0.926851851851852
2 0.5354166666666667 0.4861111111111113 0.49895833333333334 0.4861111111111113 0.49895833333333334 0.5555555555555558 0.5354166666666667 0.5555555555555558
2 0.515625 0.6685185185185186 0.4786458333333333 0.6685185185185185 0.4786458333333333 0.737962962962963 0.515625 0.7379629629629632
3 0.3505208333333334 0.8148148148148148 0.3151041666666667 0.8148148148148148 0.31510416666666674 0.8805555555555555 0.35052083333333345 0.8805555555555555
2 0.5609375 0.30092592592592604 0.5239583333333333 0.30092592592592604 0.5239583333333333 0.37314814814814823 0.5609375 0.37314814814814823
13 0.29583333333333334 0.5777777777777777 0.24375000000000005 0.5777777777777777 0.24375000000000005 0.6777777777777778 0.29583333333333334 0.6777777777777778
4 0.69375 0.413888888888889 0.6479166666666667 0.413888888888889 0.6479166666666667 0.5000000000000002 0.69375 0.5000000000000002
11 0.27760416666666665 0.41111111111111115 0.23489583333333333 0.4111111111111111 0.23489583333333336 0.4935185185185185 0.27760416666666665 0.4935185185185185
9 0.23385416666666672 0.687962962962963 0.1989583333333334 0.687962962962963 0.1989583333333334 0.7564814814814815 0.23385416666666672 0.7564814814814815
8 0.6453125 0.801851851851852 0.6088541666666667 0.801851851851852 0.6088541666666667 0.8722222222222225 0.6453125 0.8722222222222225
9 0.2614583333333334 0.5092592592592593 0.2270833333333334 0.5092592592592593 0.2270833333333334 0.5768518518518518 0.2614583333333334 0.5768518518518518
10 0.6807291666666667 0.5092592592592595 0.634375 0.5092592592592595 0.634375 0.5953703703703705 0.6807291666666667 0.5953703703703705
3 0.42083333333333334 0.27314814814814825 0.3854166666666667 0.27314814814814825 0.3854166666666667 0.3398148148148149 0.42083333333333334 0.3398148148148149
8 0.6651041666666667 0.6194444444444447 0.628125 0.6194444444444447 0.628125 0.6916666666666669 0.6651041666666667 0.6916666666666669
1 0.29791666666666666 0.24722222222222232 0.2552083333333333 0.24722222222222232 0.2552083333333333 0.33055555555555566 0.29791666666666666 0.33055555555555566
11 0.2302083333333334 0.7583333333333333 0.18593750000000006 0.7583333333333333 0.18593750000000006 0.8324074074074074 0.2302083333333334 0.8324074074074074
4 0.6296875 0.8712962962962965 0.578125 0.8712962962962965 0.578125 0.9453703703703705 0.6296875 0.9453703703703705
0 0.7010416666666667 0.32870370370370383 0.6520833333333333 0.32870370370370383 0.6520833333333333 0.41574074074074086 0.7010416666666667 0.41574074074074086