4 0.41041666666666665 0.025925925925926012 0.3625 0.025925925925926005 0.3625 0.11111111111111119 0.41041666666666665 0.11111111111111119
7 0.6796875 0.30277777777777787 0.6307291666666667 0.30277777777777787 0.6307291666666667 0.39074074074074083 0.6796875 0.39074074074074083
0 0.4395833333333333 9.037439804818893e-17 0.390625 8.504491660745507e-17 0.390625 0.03888888888888897 0.4395833333333333 0.03888888888888898
2 0.34479166666666666 0.6962962962962963 0.3072916666666667 0.6962962962962963 0.3072916666666667 0.7601851851851852 0.34479166666666666 0.7601851851851852
4 0.2953125 0.41574074074074086 0.2484375 0.41574074074074086 0.24843750000000003 0.49722222222222223 0.2953125 0.49722222222222223
2 0.44114583333333335 0.38981481481481495 0.40260416666666665 0.38981481481481495 0.40260416666666665 0.45740740740740754 0.44114583333333335 0.45740740740740754
3 0.671875 0.19537037037037053 0.6291666666666667 0.19537037037037053 0.6291666666666667 0.27314814814814825 0.671875 0.27314814814814825
7 0.5208333333333334 0.7740740740740741 0.47552083333333334 0.774074074074074 0.47552083333333334 0.8546296296296297 0.5208333333333334 0.8546296296296299
6 0.33177083333333335 0.5824074074074074 0.2859375 0.5824074074074074 0.2859375 0.6638888888888889 0.33177083333333335 0.6638888888888889
3 0.615625 0.35833333333333345 0.5776041666666667 0.35833333333333345 0.5776041666666667 0.42592592592592604 0.615625 0.42592592592592604
13 0.6515625 0.5666666666666669 0.59375 0.5666666666666669 0.59375 0.6694444444444446 0.6515625 0.6694444444444446
3 0.5645833333333333 0.5129629629629632 0.525 0.5129629629629632 0.525 0.5814814814814817 0.5645833333333333 0.5814814814814817
12 0.37395833333333334 0.30555555555555564 0.31666666666666665 0.30555555555555564 0.31666666666666665 0.4074074074074075 0.37395833333333334 0.4074074074074075
3 0.5072916666666667 0.6601851851851853 0.4666666666666667 0.6601851851851852 0.4666666666666667 0.7351851851851853 0.5072916666666667 0.7351851851851854
6 0.4895833333333333 0.09444444444444455 0.44166666666666665 0.09444444444444455 0.44166666666666665 0.17962962962962972 0.4895833333333333 0.17962962962962972
2 0.39479166666666665 0.5518518518518518 0.35625 0.5518518518518518 0.35625 0.6185185185185185 0.39479166666666665 0.6185185185185185
1 0.7875 0.31851851851851876 0.7369791666666666 0.31851851851851876 0.7369791666666666 0.4074074074074076 0.7875 0.4074074074074076
3 0.4552083333333334 0.8064814814814815 0.41822916666666665 0.8064814814814815 0.4182291666666667 0.8712962962962963 0.45520833333333344 0.8712962962962963
2 0.4942708333333333 0.23333333333333345 0.4557291666666667 0.23333333333333345 0.4557291666666667 0.301851851851852 0.4942708333333333 0.301851851851852
2 0.5510416666666667 0.06851851851851863 0.5114583333333333 0.06851851851851862 0.5114583333333333 0.13981481481481492 0.5510416666666667 0.13981481481481492
11 0.7322916666666667 0.46296296296296313 0.6833333333333333 0.4629629629629631 0.6833333333333333 0.5490740740740743 0.7322916666666667 0.5490740740740743
8 0.35104166666666664 0.20277777777777783 0.3145833333333333 0.20277777777777783 0.3145833333333333 0.2685185185185186 0.35104166666666664 0.2685185185185186
8 0.3026041666666667 0.34814814814814826 0.265625 0.34814814814814826 0.265625 0.4148148148148149 0.3026041666666667 0.4148148148148149
0 0.24062500000000006 0.5601851851851852 0.19531250000000006 0.5601851851851852 0.19531250000000006 0.6407407407407407 0.24062500000000006 0.6407407407407407
5 0.5958333333333333 0.8324074074074076 0.55 0.8324074074074076 0.55 0.9129629629629632 0.5958333333333333 0.9129629629629632
5 0.7552083333333334 0.38333333333333347 0.7072916666666667 0.3833333333333334 0.7072916666666667 0.46851851851851867 0.7552083333333334 0.4685185185185187
9 0.696875 0.551851851851852 0.6578125 0.551851851851852 0.6578125 0.6203703703703706 0.696875 0.6203703703703706
11 0.6208333333333333 0.7731481481481484 0.575 0.7731481481481484 0.575 0.8555555555555557 0.6208333333333333 0.8555555555555557
1 0.5604166666666667 0.9083333333333335 0.5151041666666668 0.9083333333333335 0.5151041666666668 0.9657407407407408 0.5604166666666667 0.9657407407407408
10 0.2682291666666667 0.49444444444444446 0.22291666666666674 0.49444444444444446 0.22291666666666674 0.5740740740740741 0.2682291666666667 0.5740740740740741
10 0.38697916666666665 0.10648148148148157 0.3333333333333333 0.10648148148148157 0.3333333333333333 0.20277777777777786 0.38697916666666665 0.2027777777777779
9 0.6427083333333333 0.7111111111111114 0.6036458333333333 0.7111111111111114 0.6036458333333333 0.7814814814814817 0.6427083333333333 0.7814814814814817