11 0.6651041666666667 0.09351851851851867 0.6119791666666666 0.09351851851851865 0.6119791666666666 0.18611111111111128 0.6651041666666667 0.18611111111111128
2 0.5473958333333333 0.05092592592592604 0.5036458333333333 0.050925925925926034 0.5036458333333333 0.12685185185185197 0.5473958333333333 0.12685185185185197
4 0.4421875 0.7620370370370371 0.38645833333333335 0.7620370370370371 0.38645833333333335 0.8583333333333333 0.4421875 0.8583333333333333
7 0.5802083333333333 0.2916666666666668 0.5244791666666667 0.2916666666666668 0.5244791666666667 0.38796296296296306 0.5802083333333333 0.38796296296296306
3 0.5135416666666667 0.7629629629629631 0.46979166666666666 0.762962962962963 0.46979166666666666 0.8398148148148149 0.5135416666666667 0.839814814814815
9 0.6395833333333333 0.1666666666666668 0.596875 0.16666666666666677 0.596875 0.24074074074074084 0.6395833333333333 0.24074074074074084
4 0.46145833333333336 0.5685185185185185 0.40572916666666664 0.5685185185185185 0.40572916666666664 0.6657407407407407 0.46145833333333336 0.6657407407407407
2 0.75 0.22407407407407423 0.7078125 0.22407407407407423 0.7078125 0.2972222222222224 0.75 0.29722222222222244
0 0.4317708333333333 0.6324074074074074 0.37604166666666666 0.6324074074074074 0.37604166666666666 0.7296296296296296 0.4317708333333333 0.7296296296296296
6 0.49322916666666666 0.5027777777777779 0.4395833333333333 0.5027777777777778 0.4395833333333333 0.5962962962962964 0.49322916666666666 0.5962962962962965
5 0.6296875 0.04074074074074087 0.5755208333333334 0.04074074074074087 0.5755208333333334 0.13518518518518532 0.6296875 0.13518518518518535
6 0.36041666666666666 0.6481481481481481 0.3046875 0.6481481481481481 0.3046875 0.7453703703703703 0.36041666666666666 0.7453703703703703
2 0.7885416666666667 0.2787037037037039 0.7458333333333333 0.2787037037037039 0.7458333333333333 0.3518518518518521 0.7885416666666667 0.3518518518518521
3 0.5265625000000002 0.8796296296296298 0.48281250000000014 0.8796296296296297 0.48281250000000014 0.9574074074074074 0.5265625000000002 0.9574074074074074
3 0.3380208333333333 0.5231481481481481 0.29375 0.5231481481481481 0.29375 0.5990740740740741 0.3380208333333333 0.5990740740740741
7 0.5953125 0.09351851851851864 0.5411458333333333 0.09351851851851863 0.5411458333333333 0.18796296296296308 0.5953125 0.18796296296296308
2 0.7208333333333333 0.28518518518518526 0.6776041666666667 0.28518518518518526 0.6776041666666667 0.3601851851851853 0.7208333333333333 0.3601851851851853
13 0.6864583333333333 0.20740740740740757 0.6223958333333334 0.20740740740740757 0.6223958333333334 0.31944444444444453 0.6864583333333333 0.31944444444444453
3 0.4848958333333334 0.8370370370370371 0.44166666666666665 0.837037037037037 0.4416666666666667 0.9129629629629631 0.48489583333333347 0.9129629629629632
2 0.5744791666666667 1.204236019161564e-16 0.5317708333333333 1.1577447980828219e-16 0.5317708333333333 0.056481481481481605 0.5744791666666667 0.05648148148148161
1 0.6526041666666667 0.28055555555555567 0.5994791666666667 0.28055555555555567 0.5994791666666667 0.37314814814814823 0.6526041666666667 0.37314814814814823
8 0.49895833333333334 0.6425925925925927 0.45364583333333336 0.6425925925925926 0.45364583333333336 0.7203703703703704 0.49895833333333334 0.7203703703703705
5 0.571875 0.1601851851851853 0.5151041666666667 0.1601851851851853 0.5151041666666667 0.2583333333333334 0.571875 0.2583333333333334
1 0.7098958333333333 0.15000000000000016 0.6541666666666667 0.15000000000000016 0.6541666666666667 0.24722222222222232 0.7098958333333333 0.24722222222222232
11 0.6109375 0.21759259259259273 0.5546875 0.2175925925925927 0.5546875 0.31666666666666676 0.6109375 0.31666666666666676
10 0.4708333333333333 0.6962962962962963 0.41770833333333335 0.6962962962962963 0.41770833333333335 0.7898148148148149 0.4708333333333333 0.7898148148148149
3 0.3067708333333333 0.5944444444444444 0.26250000000000007 0.5944444444444444 0.26250000000000007 0.6722222222222223 0.3067708333333333 0.6722222222222223
10 0.4010416666666667 0.712037037037037 0.3463541666666667 0.712037037037037 0.3463541666666667 0.8083333333333333 0.4010416666666667 0.8083333333333333
0 0.42083333333333334 0.5074074074074074 0.36302083333333335 0.5074074074074074 0.36302083333333335 0.6083333333333333 0.42083333333333334 0.6083333333333333
12 0.3927083333333333 0.562037037037037 0.32395833333333335 0.562037037037037 0.32395833333333335 0.6814814814814815 0.3927083333333333 0.6814814814814815