12 0.4088541666666667 0.24351851851851863 0.35833333333333334 0.24351851851851863 0.35833333333333334 0.3333333333333334 0.4088541666666667 0.3333333333333334
5 0.4786458333333333 0.75 0.440625 0.75 0.440625 0.8157407407407408 0.4786458333333333 0.8157407407407408
5 0.2541666666666667 0.5935185185185186 0.2135416666666667 0.5935185185185186 0.2135416666666667 0.6648148148148149 0.2541666666666667 0.6648148148148149
7 0.22395833333333334 0.2231481481481482 0.1828125 0.2231481481481482 0.1828125 0.2953703703703704 0.22395833333333334 0.2953703703703704
2 0.35052083333333334 0.3990740740740742 0.3177083333333333 0.3990740740740742 0.3177083333333333 0.45740740740740754 0.35052083333333334 0.45740740740740754
7 0.46927083333333336 0.1074074074074075 0.42604166666666665 0.1074074074074075 0.42604166666666665 0.18148148148148158 0.46927083333333336 0.18148148148148158
0 0.5614583333333333 0.1314814814814816 0.5161458333333333 0.1314814814814816 0.5161458333333333 0.2064814814814816 0.5614583333333333 0.2064814814814816
3 0.20781250000000007 0.5268518518518519 0.1770833333333334 0.5268518518518519 0.1770833333333334 0.5814814814814815 0.20781250000000007 0.5814814814814815
0 0.1859375 0.08518518518518522 0.1453125 0.08518518518518521 0.1453125 0.15833333333333338 0.1859375 0.15833333333333338
3 0.5307291666666667 0.5611111111111113 0.49895833333333334 0.5611111111111113 0.49895833333333334 0.6166666666666669 0.5307291666666667 0.6166666666666669
8 0.31302083333333336 0.17129629629629634 0.2796875 0.17129629629629634 0.2796875 0.22962962962962968 0.31302083333333336 0.22962962962962968
2 0.44947916666666665 0.325925925925926 0.4171875 0.325925925925926 0.4171875 0.38425925925925936 0.44947916666666665 0.38425925925925936
3 0.440625 0.5453703703703704 0.40729166666666666 0.5453703703703704 0.40729166666666666 0.6018518518518519 0.440625 0.6018518518518519
3 0.3484375 0.5398148148148149 0.31666666666666665 0.5398148148148149 0.31666666666666665 0.5962962962962963 0.3484375 0.5962962962962963
6 0.2619791666666667 0.46388888888888896 0.22187500000000007 0.4638888888888889 0.22187500000000007 0.5333333333333333 0.2619791666666667 0.5333333333333333
3 0.3046875 0.5314814814814814 0.271875 0.5314814814814814 0.271875 0.587037037037037 0.3046875 0.587037037037037
6 0.503125 0.263888888888889 0.46197916666666666 0.263888888888889 0.46197916666666666 0.3361111111111112 0.503125 0.3361111111111112
2 0.265625 0.30740740740740746 0.23229166666666667 0.3074074074074074 0.23229166666666667 0.3666666666666667 0.265625 0.36666666666666675
8 0.36041666666666666 0.17129629629629634 0.328125 0.17129629629629634 0.328125 0.22870370370370377 0.36041666666666666 0.22870370370370377
11 0.2598958333333334 0.7287037037037037 0.22031250000000005 0.7287037037037037 0.22031250000000005 0.7972222222222223 0.2598958333333334 0.7972222222222223
9 0.38385416666666666 0.7518518518518519 0.353125 0.7518518518518519 0.353125 0.8064814814814815 0.38385416666666666 0.8064814814814815
1 0.478125 0.6240740740740741 0.4390625 0.6240740740740741 0.4390625 0.6925925925925925 0.478125 0.6925925925925925
1 0.2145833333333334 0.6592592592592592 0.17656250000000007 0.6592592592592592 0.17656250000000007 0.725 0.2145833333333334 0.725
2 0.5401041666666667 0.3453703703703705 0.50625 0.3453703703703705 0.50625 0.4027777777777779 0.5401041666666667 0.4027777777777779
9 0.29739583333333336 0.7472222222222222 0.2671875 0.7472222222222222 0.2671875 0.8009259259259259 0.29739583333333336 0.8009259259259259
11 0.45 0.47685185185185186 0.409375 0.47685185185185186 0.409375 0.5472222222222223 0.45 0.5472222222222223
2 0.17083333333333336 0.37777777777777777 0.1390625 0.37777777777777777 0.13906250000000003 0.43425925925925923 0.1708333333333334 0.43425925925925923
4 0.33229166666666665 0.08611111111111118 0.29010416666666666 0.08611111111111117 0.29010416666666666 0.16111111111111118 0.33229166666666665 0.16111111111111118
10 0.39947916666666666 0.4629629629629631 0.359375 0.4629629629629631 0.359375 0.5342592592592592 0.39947916666666666 0.5342592592592592
10 0.43697916666666664 0.687037037037037 0.39791666666666664 0.687037037037037 0.39791666666666664 0.7555555555555555 0.43697916666666664 0.7555555555555555
4 0.45416666666666666 0.25462962962962976 0.4119791666666667 0.25462962962962976 0.4119791666666667 0.32870370370370383 0.45416666666666666 0.32870370370370383
13 0.3098958333333333 0.5925925925925926 0.26093750000000004 0.5925925925925926 0.26093750000000004 0.6796296296296296 0.3098958333333333 0.6796296296296296