13 0.42916666666666664 0.18796296296296308 0.3697916666666667 0.18796296296296308 0.3697916666666667 0.2879629629629631 0.42916666666666664 0.2879629629629631
4 0.7880208333333333 0.48425925925925944 0.734375 0.48425925925925944 0.734375 0.5740740740740743 0.7880208333333333 0.5740740740740743
0 0.5312500000000001 0.9129629629629631 0.4796875000000001 0.912962962962963 0.4796875000000001 0.9824074074074074 0.5312500000000001 0.9824074074074074
4 0.6020833333333333 0.7787037037037039 0.5479166666666667 0.7787037037037039 0.5479166666666667 0.8703703703703706 0.6020833333333333 0.8703703703703706
1 0.5270833333333333 1.0942445936825888e-16 0.478125 1.0409497792752503e-16 0.478125 0.01574074074074085 0.5270833333333333 0.015740740740740854
3 0.4765625 0.31296296296296305 0.4359375 0.31296296296296305 0.4359375 0.3814814814814816 0.4765625 0.3814814814814816
6 0.4953125 0.7370370370370372 0.4421875 0.737037037037037 0.4421875 0.8259259259259261 0.4953125 0.8259259259259262
7 0.5619791666666667 0.09166666666666679 0.5119791666666667 0.09166666666666677 0.5119791666666667 0.17592592592592604 0.5619791666666667 0.17592592592592604
2 0.5744791666666667 0.5018518518518521 0.5317708333333333 0.5018518518518521 0.5317708333333333 0.5731481481481484 0.5744791666666667 0.5731481481481484
11 0.465625 0.03703703703703714 0.4166666666666667 0.03703703703703713 0.4166666666666667 0.11944444444444455 0.465625 0.11944444444444455
5 0.5020833333333333 1.0386819148323848e-16 0.45208333333333334 9.842531682036136e-17 0.45208333333333334 0.0712962962962964 0.5020833333333333 0.0712962962962964
3 0.40520833333333334 0.4407407407407408 0.3651041666666667 0.4407407407407408 0.3651041666666667 0.5074074074074074 0.40520833333333334 0.5074074074074074
12 0.6416666666666667 0.6111111111111113 0.5791666666666667 0.6111111111111113 0.5791666666666667 0.714814814814815 0.6416666666666667 0.714814814814815
3 0.546875 0.20185185185185195 0.50625 0.20185185185185195 0.50625 0.2703703703703705 0.546875 0.2703703703703705
3 0.6171875 0.08888888888888902 0.5770833333333333 0.08888888888888902 0.5770833333333333 0.1555555555555557 0.6171875 0.15555555555555572
7 0.3421875 0.43981481481481494 0.29375 0.43981481481481494 0.29375 0.5212962962962963 0.3421875 0.5212962962962963
9 0.35052083333333334 0.2231481481481482 0.31197916666666664 0.2231481481481482 0.31197916666666664 0.2879629629629631 0.35052083333333334 0.2879629629629631
2 0.7171875 0.2601851851851853 0.675 0.2601851851851853 0.675 0.33055555555555566 0.7171875 0.33055555555555566
2 0.64375 0.3814814814814816 0.6005208333333333 0.3814814814814816 0.6005208333333333 0.45370370370370383 0.64375 0.45370370370370383
9 0.4239583333333333 0.10740740740740749 0.38385416666666666 0.10740740740740749 0.38385416666666666 0.1740740740740742 0.4239583333333333 0.1740740740740742
2 0.49583333333333335 0.6148148148148149 0.45416666666666666 0.6148148148148148 0.45416666666666666 0.6842592592592593 0.49583333333333335 0.6842592592592595
3 0.3385416666666667 0.5564814814814815 0.2984375 0.5564814814814815 0.2984375 0.6231481481481481 0.3385416666666667 0.6231481481481481
2 0.4234375 0.7425925925925926 0.38333333333333336 0.7425925925925926 0.38333333333333336 0.8083333333333333 0.4234375 0.8083333333333333
6 0.7223958333333333 0.35833333333333345 0.6682291666666667 0.35833333333333345 0.6682291666666667 0.4500000000000001 0.7223958333333333 0.4500000000000001
1 0.26145833333333335 0.39351851851851855 0.2125 0.39351851851851855 0.21250000000000002 0.475 0.2614583333333334 0.475
5 0.2953125 0.32314814814814824 0.24635416666666668 0.32314814814814824 0.24635416666666668 0.40462962962962973 0.2953125 0.40462962962962973
0 0.8192708333333333 0.4250000000000002 0.765625 0.4250000000000002 0.765625 0.5148148148148151 0.8192708333333333 0.5148148148148151
8 0.7041666666666667 0.6250000000000002 0.6619791666666667 0.6250000000000002 0.6619791666666667 0.6953703703703705 0.7041666666666667 0.6953703703703705
10 0.5630208333333333 0.8462962962962965 0.5104166666666666 0.8462962962962965 0.5104166666666667 0.9351851851851853 0.5630208333333333 0.9351851851851853
8 0.634375 0.7500000000000002 0.5916666666666667 0.7500000000000002 0.5916666666666667 0.8222222222222224 0.634375 0.8222222222222224
10 0.7505208333333333 0.5490740740740743 0.6973958333333333 0.5490740740740743 0.6973958333333333 0.6379629629629632 0.7505208333333333 0.6379629629629632
11 0.32395833333333335 0.2703703703703705 0.27447916666666666 0.2703703703703705 0.27447916666666666 0.35277777777777786 0.32395833333333335 0.35277777777777786