13 0.4921875 0.21018518518518528 0.44583333333333336 0.21018518518518528 0.44583333333333336 0.2861111111111112 0.4921875 0.2861111111111112
4 0.6682291666666667 0.8407407407407409 0.625 0.8407407407407409 0.625 0.9092592592592594 0.6682291666666667 0.9092592592592594
3 0.6817708333333333 0.35648148148148157 0.6479166666666667 0.35648148148148157 0.6479166666666667 0.41018518518518526 0.6817708333333333 0.41018518518518526
0 0.3156250000000001 0.8712962962962963 0.2734375000000001 0.8712962962962963 0.2734375000000001 0.9398148148148148 0.3156250000000001 0.9398148148148148
7 0.6338541666666667 0.2962962962962964 0.5947916666666667 0.2962962962962964 0.5947916666666667 0.3601851851851853 0.6338541666666667 0.3601851851851853
11 0.5760416666666667 0.14537037037037048 0.5364583333333334 0.14537037037037048 0.5364583333333334 0.20833333333333343 0.5760416666666667 0.20833333333333343
2 0.39479166666666665 0.6157407407407407 0.3614583333333333 0.6157407407407407 0.3614583333333333 0.6712962962962963 0.39479166666666665 0.6712962962962963
7 0.33541666666666664 0.3064814814814816 0.296875 0.3064814814814816 0.296875 0.3694444444444446 0.33541666666666664 0.3694444444444446
1 0.2864583333333333 0.1805555555555556 0.24739583333333334 0.1805555555555556 0.24739583333333334 0.24351851851851863 0.2864583333333333 0.24351851851851863
2 0.4984375 0.6194444444444446 0.4640625 0.6194444444444445 0.4640625 0.6731481481481483 0.4984375 0.6731481481481484
2 0.6015625 0.6064814814814817 0.5661458333333333 0.6064814814814817 0.5661458333333333 0.6611111111111113 0.6015625 0.6611111111111113
3 0.5838541666666667 0.3601851851851853 0.55 0.3601851851851853 0.55 0.4166666666666668 0.5838541666666667 0.4166666666666668
5 0.6244791666666667 0.14722222222222237 0.5833333333333334 0.14722222222222234 0.5833333333333334 0.21111111111111125 0.6244791666666667 0.21111111111111128
2 0.2953125 0.6296296296296297 0.26302083333333337 0.6296296296296297 0.26302083333333337 0.6805555555555556 0.2953125 0.6805555555555556
6 0.3489583333333333 0.7027777777777777 0.3072916666666667 0.7027777777777777 0.3072916666666667 0.7694444444444445 0.3489583333333333 0.7694444444444445
11 0.3828125 0.15648148148148155 0.34322916666666664 0.15648148148148153 0.34322916666666664 0.22129629629629638 0.3828125 0.2212962962962964
9 0.42239583333333336 0.15925925925925938 0.39010416666666664 0.15925925925925938 0.39010416666666664 0.2064814814814816 0.42239583333333336 0.2064814814814816
2 0.7015625 0.6000000000000002 0.665625 0.6000000000000002 0.665625 0.652777777777778 0.7015625 0.652777777777778
3 0.4895833333333333 0.36851851851851863 0.45677083333333335 0.36851851851851863 0.45677083333333335 0.42037037037037045 0.4895833333333333 0.42037037037037045
3 0.29270833333333335 0.3972222222222223 0.25885416666666666 0.3972222222222223 0.2588541666666667 0.4462962962962964 0.29270833333333335 0.4462962962962964
9 0.5229166666666667 0.15740740740740752 0.490625 0.15740740740740752 0.490625 0.2064814814814816 0.5229166666666667 0.2064814814814816
4 0.4177083333333334 0.8472222222222222 0.3765625 0.8472222222222222 0.3765625000000001 0.9194444444444444 0.41770833333333346 0.9194444444444444
6 0.6645833333333333 0.6703703703703706 0.6229166666666667 0.6703703703703706 0.6229166666666667 0.7425925925925928 0.6645833333333333 0.7425925925925928
3 0.38645833333333335 0.3787037037037038 0.353125 0.3787037037037038 0.353125 0.4361111111111112 0.38645833333333335 0.4361111111111112
5 0.3380208333333333 0.1666666666666667 0.2994791666666667 0.1666666666666667 0.2994791666666667 0.22777777777777783 0.3380208333333333 0.22777777777777783
12 0.5083333333333333 0.763888888888889 0.45677083333333335 0.7638888888888888 0.45677083333333335 0.8462962962962964 0.5083333333333333 0.8462962962962965
8 0.5567708333333333 0.8574074074074076 0.5234375 0.8574074074074076 0.5234375000000001 0.9138888888888891 0.5567708333333333 0.9138888888888891
8 0.45677083333333346 0.8731481481481481 0.42343750000000013 0.8731481481481481 0.42343750000000013 0.9296296296296296 0.45677083333333346 0.9296296296296296
1 0.6661458333333333 0.13518518518518535 0.6260416666666667 0.13518518518518535 0.6260416666666667 0.20000000000000015 0.6661458333333333 0.20000000000000015
0 0.7151041666666667 0.8296296296296298 0.6739583333333333 0.8296296296296298 0.6739583333333333 0.8981481481481484 0.7151041666666667 0.8981481481481484
10 0.36250000000000004 0.8555555555555555 0.3203125 0.8555555555555555 0.32031250000000006 0.9268518518518518 0.3625000000000001 0.9268518518518518
10 0.615625 0.8388888888888891 0.5729166666666666 0.8388888888888891 0.5729166666666666 0.9166666666666669 0.615625 0.9166666666666669