3 0.6302083333333334 0.4212962962962964 0.6010416666666667 0.4212962962962964 0.6010416666666667 0.4805555555555558 0.6302083333333334 0.4805555555555558
13 0.65625 0.7935185185185187 0.6114583333333333 0.7935185185185187 0.6114583333333333 0.8842592592592595 0.65625 0.8842592592592595
7 0.6520833333333333 0.5222222222222225 0.6151041666666667 0.5222222222222225 0.6151041666666667 0.5962962962962965 0.6520833333333333 0.5962962962962965
2 0.4276041666666667 0.6944444444444444 0.3963541666666667 0.6944444444444444 0.3963541666666667 0.7574074074074074 0.4276041666666667 0.7574074074074074
2 0.49895833333333334 0.3351851851851853 0.46875 0.3351851851851853 0.46875 0.3990740740740742 0.49895833333333334 0.3990740740740742
5 0.7322916666666667 0.5712962962962965 0.6958333333333333 0.5712962962962965 0.6958333333333333 0.6444444444444447 0.7322916666666667 0.6444444444444447
2 0.4661458333333333 0.5157407407407407 0.434375 0.5157407407407407 0.434375 0.5796296296296296 0.4661458333333333 0.5796296296296296
12 0.3463541666666667 0.6435185185185185 0.2984375 0.6435185185185185 0.2984375 0.7333333333333333 0.3463541666666667 0.7333333333333333
6 0.44635416666666666 0.3833333333333334 0.40729166666666666 0.3833333333333334 0.40729166666666666 0.4601851851851853 0.44635416666666666 0.4601851851851853
3 0.5979166666666667 0.5944444444444447 0.5682291666666667 0.5944444444444447 0.5682291666666667 0.652777777777778 0.5979166666666667 0.652777777777778
8 0.271875 0.7037037037037037 0.24062500000000006 0.7037037037037037 0.24062500000000006 0.7648148148148148 0.271875 0.7648148148148148
9 0.66875 0.9296296296296298 0.6390625 0.9296296296296298 0.6390625 0.9657407407407408 0.66875 0.9657407407407408
3 0.5286458333333335 0.9453703703703705 0.5000000000000001 0.9453703703703705 0.5000000000000001 0.9731481481481481 0.5286458333333335 0.9731481481481481
9 0.6984375 0.7537037037037039 0.6703125 0.7537037037037039 0.6703125 0.8111111111111113 0.6984375 0.8111111111111113
4 0.35572916666666665 0.3416666666666668 0.31666666666666665 0.3416666666666668 0.31666666666666665 0.41574074074074086 0.35572916666666665 0.41574074074074086
8 0.3109375 0.5342592592592592 0.2796875 0.5342592592592592 0.2796875 0.5944444444444444 0.3109375 0.5944444444444444
2 0.3984375000000001 0.8805555555555555 0.3666666666666668 0.8805555555555555 0.3666666666666668 0.9416666666666667 0.3984375000000001 0.9416666666666667
1 0.7520833333333333 0.49814814814814834 0.7166666666666667 0.49814814814814834 0.7166666666666667 0.5712962962962965 0.7520833333333333 0.5712962962962965
3 0.56875 0.7657407407407409 0.5395833333333333 0.7657407407407409 0.5395833333333333 0.8250000000000002 0.56875 0.8250000000000002
10 0.334375 0.4314814814814816 0.29583333333333334 0.4314814814814816 0.29583333333333334 0.5055555555555555 0.334375 0.5055555555555555
11 0.7208333333333333 0.6601851851851854 0.6854166666666667 0.6601851851851854 0.6854166666666667 0.7296296296296299 0.7208333333333333 0.7296296296296299
10 0.25520833333333337 0.8777777777777778 0.2145833333333334 0.8777777777777778 0.2145833333333334 0.9324074074074075 0.25520833333333337 0.9324074074074075
4 0.275 0.787962962962963 0.23125000000000007 0.787962962962963 0.23125000000000007 0.8592592592592593 0.275 0.8592592592592593
0 0.37604166666666666 0.2601851851851853 0.33489583333333334 0.2601851851851853 0.33489583333333334 0.33703703703703713 0.37604166666666666 0.33703703703703713