8 0.29583333333333334 0.0981481481481482 0.2677083333333333 0.0981481481481482 0.2677083333333333 0.14351851851851857 0.29583333333333334 0.14351851851851857
3 0.4609375 0.5685185185185185 0.43125 0.5685185185185185 0.43125 0.6166666666666667 0.4609375 0.6166666666666667
2 0.3463541666666667 0.32222222222222235 0.3177083333333333 0.32222222222222235 0.3177083333333333 0.37037037037037046 0.3463541666666667 0.37037037037037046
2 0.5552083333333333 0.31203703703703717 0.5265625 0.31203703703703717 0.5265625 0.35833333333333345 0.5552083333333333 0.35833333333333345
12 0.3567708333333333 0.15833333333333338 0.31302083333333336 0.15833333333333338 0.31302083333333336 0.22777777777777783 0.3567708333333333 0.22777777777777783
2 0.14114583333333333 0.3490740740740741 0.11145833333333337 0.3490740740740741 0.11145833333333337 0.3962962962962963 0.14114583333333333 0.3962962962962963
2 0.24375 0.33518518518518525 0.21458333333333332 0.3351851851851852 0.21458333333333332 0.3824074074074075 0.24375 0.38240740740740753
8 0.390625 0.08518518518518527 0.36302083333333335 0.08518518518518527 0.36302083333333335 0.12777777777777788 0.390625 0.12777777777777788
2 0.4510416666666667 0.3240740740740742 0.42239583333333336 0.3240740740740742 0.42239583333333336 0.3712962962962964 0.4510416666666667 0.3712962962962964
7 0.2067708333333334 0.6611111111111111 0.17031250000000006 0.6611111111111111 0.17031250000000006 0.7231481481481481 0.2067708333333334 0.7231481481481481
3 0.2515625000000001 0.5916666666666667 0.22187500000000007 0.5916666666666667 0.22187500000000007 0.6416666666666667 0.2515625000000001 0.6416666666666667
7 0.5239583333333333 0.6398148148148151 0.4869791666666667 0.6398148148148151 0.4869791666666667 0.7000000000000002 0.5239583333333333 0.7000000000000002
6 0.5083333333333333 0.22962962962962974 0.47291666666666665 0.22962962962962974 0.47291666666666665 0.28703703703703715 0.5083333333333333 0.28703703703703715
4 0.19583333333333333 0.10648148148148152 0.1609375 0.10648148148148151 0.1609375 0.1620370370370371 0.19583333333333333 0.1620370370370371
6 0.1890625 0.2574074074074074 0.15520833333333334 0.2574074074074074 0.15520833333333334 0.3175925925925926 0.1890625 0.3175925925925926
3 0.35260416666666666 0.5861111111111111 0.3229166666666667 0.5861111111111111 0.3229166666666667 0.6361111111111111 0.35260416666666666 0.6361111111111111
10 0.2453125 0.09629629629629635 0.20989583333333334 0.09629629629629635 0.20989583333333334 0.15462962962962967 0.2453125 0.15462962962962967
3 0.14947916666666672 0.6055555555555555 0.12031250000000003 0.6055555555555555 0.12031250000000004 0.6527777777777778 0.14947916666666672 0.6527777777777778
4 0.43697916666666664 0.09444444444444454 0.40208333333333335 0.09444444444444453 0.40208333333333335 0.1490740740740742 0.43697916666666664 0.1490740740740742
13 0.3651041666666667 0.737037037037037 0.32083333333333336 0.737037037037037 0.32083333333333336 0.812037037037037 0.3651041666666667 0.812037037037037
9 0.3130208333333334 0.8277777777777777 0.284375 0.8277777777777777 0.28437500000000004 0.8768518518518519 0.31302083333333347 0.8768518518518519
5 0.2145833333333334 0.8305555555555556 0.17812500000000006 0.8305555555555556 0.17812500000000006 0.8925925925925926 0.2145833333333334 0.8925925925925926
0 0.14739583333333334 0.10833333333333336 0.11302083333333333 0.10833333333333336 0.11302083333333333 0.16944444444444448 0.14739583333333334 0.1694444444444445
10 0.4895833333333333 0.08425925925925937 0.4546875 0.08425925925925937 0.4546875 0.14537037037037048 0.4895833333333333 0.14537037037037048
0 0.5369791666666667 0.07407407407407418 0.503125 0.07407407407407418 0.503125 0.13333333333333344 0.5369791666666667 0.13333333333333344
1 0.17031250000000006 0.8416666666666667 0.1317708333333334 0.8416666666666667 0.1317708333333334 0.9101851851851852 0.17031250000000006 0.9101851851851852
11 0.26406250000000003 0.8305555555555556 0.2291666666666667 0.8305555555555556 0.2291666666666667 0.899074074074074 0.26406250000000003 0.899074074074074
9 0.4223958333333334 0.8203703703703704 0.39375 0.8203703703703704 0.39375000000000004 0.8759259259259259 0.42239583333333347 0.8759259259259259
11 0.4786458333333334 0.8111111111111111 0.4390625 0.8111111111111111 0.4390625000000001 0.8740740740740741 0.47864583333333344 0.8740740740740741
5 0.5244791666666667 0.8000000000000002 0.48489583333333336 0.8000000000000002 0.4848958333333334 0.8601851851851854 0.5244791666666668 0.8601851851851854
1 0.58125 0.7787037037037039 0.5432291666666667 0.7787037037037039 0.5432291666666667 0.8481481481481483 0.58125 0.8481481481481483
3 0.5609375 0.5435185185185187 0.5328125 0.5435185185185187 0.5328125 0.5953703703703705 0.5609375 0.5953703703703705