6 0.3078125 0.43796296296296305 0.2661458333333334 0.43796296296296305 0.2661458333333334 0.5175925925925926 0.3078125 0.5175925925925926
11 0.74375 0.43888888888888905 0.7020833333333333 0.438888888888889 0.7020833333333333 0.5166666666666668 0.74375 0.5166666666666668
4 0.3265625 0.6166666666666667 0.284375 0.6166666666666667 0.284375 0.6972222222222222 0.3265625 0.6972222222222222
0 0.40260416666666665 0.4185185185185186 0.3609375 0.4185185185185186 0.3609375 0.4962962962962963 0.40260416666666665 0.4962962962962963
3 0.3390625 0.3250000000000001 0.30572916666666666 0.3250000000000001 0.30572916666666666 0.39074074074074083 0.3390625 0.39074074074074083
2 0.7708333333333334 0.7314814814814817 0.7395833333333334 0.7314814814814817 0.7395833333333334 0.7898148148148151 0.7708333333333334 0.7898148148148151
9 0.6994791666666667 0.46203703703703713 0.6682291666666667 0.46203703703703713 0.6682291666666667 0.5240740740740742 0.6994791666666667 0.5240740740740742
2 0.6713541666666667 0.26111111111111124 0.6395833333333333 0.26111111111111124 0.6395833333333333 0.32314814814814824 0.6713541666666667 0.32314814814814824
3 0.29010416666666666 0.33703703703703713 0.25677083333333334 0.33703703703703713 0.25677083333333334 0.400925925925926 0.29010416666666666 0.400925925925926
2 0.71875 0.25092592592592605 0.6869791666666667 0.25092592592592605 0.6869791666666667 0.3111111111111112 0.71875 0.3111111111111112
3 0.384375 0.7175925925925926 0.35104166666666664 0.7175925925925926 0.35104166666666664 0.7824074074074074 0.384375 0.7824074074074074
7 0.6057291666666667 0.4629629629629631 0.5640625 0.4629629629629631 0.5640625 0.5425925925925928 0.6057291666666667 0.5425925925925928
4 0.41354166666666664 0.5120370370370371 0.37083333333333335 0.5120370370370371 0.37083333333333335 0.5898148148148148 0.41354166666666664 0.5898148148148148
1 0.6651041666666667 0.552777777777778 0.6255208333333333 0.552777777777778 0.6255208333333333 0.6296296296296299 0.6651041666666667 0.6296296296296299
3 0.35000000000000003 0.8148148148148148 0.3171875 0.8148148148148148 0.31718750000000007 0.8777777777777778 0.35000000000000014 0.8777777777777778
7 0.6895833333333333 0.34814814814814826 0.6494791666666667 0.34814814814814826 0.6494791666666667 0.42407407407407416 0.6895833333333333 0.42407407407407416
2 0.7609375 0.6416666666666668 0.7296875 0.6416666666666668 0.7296875 0.7018518518518521 0.7609375 0.7018518518518521
2 0.7182291666666667 0.6472222222222225 0.6859375 0.6472222222222225 0.6859375 0.7083333333333336 0.7182291666666667 0.7083333333333336
0 0.3651041666666667 0.5138888888888888 0.3234375 0.5138888888888888 0.3234375 0.5925925925925926 0.3651041666666667 0.5925925925925926
6 0.4609375 0.5009259259259259 0.41875 0.5009259259259259 0.41875 0.5796296296296296 0.4609375 0.5796296296296296
8 0.4192708333333333 0.612037037037037 0.3854166666666667 0.612037037037037 0.3854166666666667 0.6777777777777778 0.4192708333333333 0.6777777777777778
13 0.7130208333333333 0.5370370370370372 0.6640625 0.5370370370370372 0.6640625 0.6287037037037039 0.7130208333333333 0.6287037037037039
5 0.646875 0.3574074074074075 0.6041666666666666 0.3574074074074075 0.6041666666666666 0.438888888888889 0.646875 0.438888888888889
1 0.7546875 0.5296296296296299 0.7109375 0.5296296296296299 0.7109375 0.6111111111111113 0.7546875 0.6111111111111113
5 0.7375 0.34907407407407426 0.6932291666666667 0.3490740740740742 0.6932291666666667 0.4305555555555557 0.7375 0.43055555555555575
10 0.375 0.612037037037037 0.33229166666666665 0.612037037037037 0.33229166666666665 0.6907407407407408 0.375 0.6907407407407408
12 0.3619791666666667 0.4064814814814816 0.3067708333333333 0.4064814814814816 0.3067708333333333 0.5 0.3619791666666667 0.5
10 0.31614583333333335 0.5287037037037037 0.27447916666666666 0.5287037037037037 0.27447916666666666 0.6083333333333333 0.31614583333333335 0.6083333333333333
3 0.33697916666666666 0.7296296296296296 0.2989583333333333 0.7296296296296296 0.2989583333333333 0.7962962962962963 0.33697916666666666 0.7962962962962963
11 0.6552083333333333 0.4546296296296297 0.6114583333333333 0.4546296296296297 0.6114583333333333 0.5342592592592594 0.6552083333333333 0.5342592592592594