4 0.54375 0.35462962962962974 0.4901041666666667 0.35462962962962974 0.4901041666666667 0.450925925925926 0.54375 0.450925925925926
6 0.43645833333333334 0.15925925925925938 0.3848958333333333 0.15925925925925938 0.3848958333333333 0.25185185185185194 0.43645833333333334 0.25185185185185194
4 0.46458333333333335 0.07037037037037046 0.4125 0.07037037037037044 0.4125 0.16481481481481491 0.46458333333333335 0.16481481481481491
10 0.340625 0.30277777777777787 0.29270833333333335 0.30277777777777787 0.29270833333333335 0.38425925925925936 0.340625 0.38425925925925936
8 0.4046875 0.2564814814814816 0.35885416666666664 0.2564814814814816 0.35885416666666664 0.3361111111111112 0.4046875 0.3361111111111112
3 0.4578125 0.6240740740740741 0.41510416666666666 0.6240740740740741 0.41510416666666666 0.7027777777777777 0.4578125 0.7027777777777777
12 0.33229166666666665 0.17037037037037042 0.2703125 0.17037037037037042 0.2703125 0.27962962962962973 0.33229166666666665 0.27962962962962973
0 0.35885416666666664 0.4250000000000001 0.30885416666666665 0.4250000000000001 0.30885416666666665 0.5157407407407407 0.35885416666666664 0.5157407407407407
5 0.5557291666666667 0.4814814814814817 0.5010416666666667 0.4814814814814817 0.5010416666666667 0.5768518518518521 0.5557291666666667 0.5768518518518521
3 0.48489583333333336 0.5416666666666667 0.4432291666666667 0.5416666666666666 0.4432291666666667 0.612962962962963 0.48489583333333336 0.6129629629629632
11 0.31145833333333334 0.5888888888888889 0.2567708333333334 0.5888888888888889 0.2567708333333334 0.6842592592592592 0.31145833333333334 0.6842592592592592
2 0.5463541666666667 0.14351851851851863 0.5036458333333333 0.14351851851851863 0.5036458333333333 0.2212962962962964 0.5463541666666667 0.2212962962962964
1 0.5723958333333333 0.6046296296296299 0.5223958333333333 0.6046296296296299 0.5223958333333333 0.690740740740741 0.5723958333333333 0.690740740740741
7 0.6635416666666667 0.1305555555555557 0.6114583333333333 0.1305555555555557 0.6114583333333333 0.22500000000000014 0.6635416666666667 0.22500000000000014
3 0.5760416666666667 0.400925925925926 0.5359375 0.400925925925926 0.5359375 0.4712962962962964 0.5760416666666667 0.4712962962962964
0 0.6260416666666667 0.4314814814814816 0.5755208333333334 0.4314814814814816 0.5755208333333334 0.5203703703703706 0.6260416666666667 0.5203703703703706
8 0.29322916666666665 0.2722222222222223 0.253125 0.2722222222222223 0.253125 0.34259259259259267 0.29322916666666665 0.34259259259259267
6 0.41354166666666675 0.799074074074074 0.35833333333333334 0.799074074074074 0.3583333333333334 0.8916666666666667 0.4135416666666668 0.8916666666666667
2 0.6744791666666666 0.25925925925925936 0.63125 0.25925925925925936 0.63125 0.3296296296296297 0.6744791666666666 0.3296296296296297
1 0.28229166666666666 0.3481481481481482 0.23177083333333334 0.34814814814814815 0.23177083333333337 0.4342592592592593 0.28229166666666666 0.43425925925925934
3 0.5848958333333333 0.18796296296296308 0.5411458333333333 0.18796296296296308 0.5411458333333333 0.2620370370370371 0.5848958333333333 0.2620370370370371
9 0.6380208333333334 0.5564814814814817 0.5989583333333334 0.5564814814814817 0.5989583333333334 0.6231481481481483 0.6380208333333334 0.6231481481481483
9 0.6697916666666667 0.4722222222222223 0.6270833333333333 0.4722222222222223 0.6270833333333333 0.5435185185185187 0.6697916666666667 0.5435185185185187
10 0.6833333333333333 0.5870370370370372 0.6307291666666667 0.5870370370370372 0.6307291666666667 0.6796296296296298 0.6833333333333333 0.6796296296296298
5 0.703125 0.36666666666666675 0.6473958333333333 0.36666666666666675 0.6473958333333333 0.45925925925925937 0.703125 0.45925925925925937
2 0.5171875 0.7944444444444445 0.478125 0.7944444444444444 0.4781250000000001 0.8611111111111113 0.5171875000000001 0.8611111111111113
3 0.4609375 0.4166666666666668 0.4166666666666667 0.4166666666666668 0.4166666666666667 0.49074074074074076 0.4609375 0.49074074074074076
11 0.38645833333333335 0.3296296296296297 0.334375 0.3296296296296297 0.334375 0.4212962962962964 0.38645833333333335 0.4212962962962964
2 0.5447916666666667 0.6972222222222224 0.5020833333333333 0.6972222222222224 0.5020833333333333 0.7703703703703706 0.5447916666666667 0.7703703703703706
2 0.43802083333333336 0.5037037037037037 0.396875 0.5037037037037037 0.396875 0.5740740740740741 0.43802083333333336 0.5740740740740741
13 0.6229166666666667 0.6351851851851854 0.5619791666666667 0.6351851851851854 0.5619791666666667 0.7351851851851854 0.6229166666666667 0.7351851851851854
7 0.35260416666666666 0.09629629629629637 0.30104166666666665 0.09629629629629635 0.30104166666666665 0.18240740740740746 0.35260416666666666 0.18240740740740746