1 0.4401041666666667 0.725 0.38645833333333335 0.725 0.38645833333333335 0.8111111111111111 0.4401041666666667 0.8111111111111111
7 0.3692708333333333 0.5601851851851852 0.3171875 0.5601851851851852 0.3171875 0.6435185185185185 0.3692708333333333 0.6435185185185185
4 0.5166666666666667 0.3074074074074075 0.4640625 0.3074074074074075 0.4640625 0.3925925925925927 0.5166666666666667 0.3925925925925927
7 0.5510416666666667 0.7444444444444447 0.4984375 0.7444444444444447 0.4984375 0.8287037037037039 0.5510416666666667 0.8287037037037039
2 0.5177083333333333 0.10925925925925936 0.475 0.10925925925925936 0.475 0.1777777777777779 0.5177083333333333 0.1777777777777779
3 0.3421875 0.649074074074074 0.2984375 0.649074074074074 0.2984375 0.7175925925925926 0.3421875 0.7175925925925926
1 0.4151041666666667 0.8 0.3625 0.8 0.36250000000000004 0.8842592592592593 0.4151041666666668 0.8842592592592593
4 0.60625 0.3916666666666668 0.5541666666666667 0.3916666666666668 0.5541666666666667 0.4750000000000002 0.60625 0.4750000000000002
12 0.465625 0.6425925925925926 0.40260416666666665 0.6425925925925926 0.40260416666666665 0.7444444444444445 0.465625 0.7444444444444445
3 0.5260416666666667 0.827777777777778 0.48385416666666664 0.827777777777778 0.48385416666666675 0.8953703703703706 0.5260416666666667 0.8953703703703706
2 0.628125 0.31666666666666676 0.5848958333333333 0.31666666666666676 0.5848958333333333 0.38796296296296306 0.628125 0.38796296296296306
5 0.4348958333333333 0.5351851851851852 0.38177083333333334 0.5351851851851852 0.38177083333333334 0.6222222222222222 0.4348958333333333 0.6222222222222222
6 0.49375 0.17592592592592604 0.4421875 0.17592592592592604 0.4421875 0.25925925925925936 0.49375 0.25925925925925936
0 0.6890625 0.1657407407407409 0.6375 0.1657407407407409 0.6375 0.25092592592592605 0.6890625 0.25092592592592605
3 0.503125 0.7083333333333335 0.45989583333333334 0.7083333333333334 0.45989583333333334 0.7768518518518519 0.503125 0.776851851851852
2 0.5598958333333334 0.35277777777777786 0.5161458333333333 0.35277777777777786 0.5161458333333333 0.4231481481481483 0.5598958333333334 0.4231481481481483
0 0.5958333333333333 0.06759259259259272 0.5442708333333334 0.06759259259259272 0.5442708333333334 0.15277777777777787 0.5958333333333333 0.15277777777777787
5 0.5322916666666667 0.626851851851852 0.4786458333333333 0.6268518518518519 0.4786458333333333 0.7148148148148149 0.5322916666666667 0.714814814814815
8 0.47708333333333336 0.7824074074074074 0.4348958333333333 0.7824074074074074 0.4348958333333333 0.85 0.47708333333333336 0.85
3 0.4875 0.588888888888889 0.4432291666666667 0.5888888888888889 0.4432291666666667 0.6583333333333334 0.4875 0.6583333333333335
3 0.4109375 0.612037037037037 0.36666666666666664 0.612037037037037 0.36666666666666664 0.6824074074074075 0.4109375 0.6824074074074075
11 0.36822916666666666 0.7574074074074074 0.31666666666666665 0.7574074074074074 0.31666666666666665 0.8388888888888889 0.36822916666666666 0.8388888888888889
10 0.61875 0.19259259259259273 0.5661458333333333 0.1925925925925927 0.5661458333333333 0.2787037037037038 0.61875 0.2787037037037038
8 0.3848958333333333 0.6935185185185185 0.34322916666666664 0.6935185185185185 0.34322916666666664 0.7601851851851852 0.3848958333333333 0.7601851851851852
10 0.640625 0.1129629629629631 0.5880208333333333 0.1129629629629631 0.5880208333333333 0.20000000000000012 0.640625 0.20000000000000015
9 0.6604166666666667 0.25185185185185194 0.6166666666666667 0.25185185185185194 0.6166666666666667 0.32222222222222235 0.6604166666666667 0.32222222222222235
2 0.7041666666666667 0.2861111111111112 0.6609375 0.2861111111111112 0.6609375 0.35648148148148157 0.7041666666666667 0.35648148148148157
13 0.5963541666666666 0.2564814814814816 0.53125 0.2564814814814816 0.53125 0.3601851851851853 0.5963541666666666 0.3601851851851853
6 0.6869791666666667 0.35462962962962974 0.634375 0.35462962962962974 0.634375 0.44166666666666676 0.6869791666666667 0.44166666666666676
2 0.5338541666666666 0.22592592592592603 0.49322916666666666 0.22592592592592603 0.49322916666666666 0.29537037037037045 0.5338541666666666 0.29537037037037045
11 0.4567708333333334 0.8351851851851851 0.4041666666666667 0.8351851851851851 0.40416666666666673 0.9194444444444444 0.45677083333333346 0.9194444444444444
9 0.5619791666666667 0.15648148148148158 0.5177083333333333 0.15648148148148158 0.5177083333333333 0.2324074074074075 0.5619791666666667 0.2324074074074075