10 0.384375 0.7675925925925926 0.3515625 0.7675925925925926 0.3515625 0.8268518518518518 0.384375 0.8268518518518518
3 0.578125 0.3972222222222223 0.5515625 0.3972222222222223 0.5515625 0.4407407407407408 0.578125 0.4407407407407408
12 0.48802083333333335 0.7564814814814815 0.446875 0.7564814814814815 0.446875 0.8287037037037038 0.48802083333333335 0.8287037037037039
0 0.628125 0.7620370370370373 0.5947916666666667 0.7620370370370373 0.5947916666666667 0.8212962962962965 0.628125 0.8212962962962965
7 0.35572916666666665 0.325925925925926 0.3234375 0.325925925925926 0.3234375 0.3787037037037038 0.35572916666666665 0.3787037037037038
4 0.5296875 0.6083333333333335 0.496875 0.6083333333333335 0.496875 0.665740740740741 0.5296875 0.665740740740741
13 0.4890625 0.2453703703703705 0.45208333333333334 0.2453703703703705 0.45208333333333334 0.30925925925925934 0.4890625 0.30925925925925934
7 0.48333333333333334 0.31851851851851865 0.4515625 0.31851851851851865 0.4515625 0.37314814814814823 0.48333333333333334 0.37314814814814823
6 0.5322916666666667 0.7629629629629632 0.4984375 0.7629629629629632 0.4984375 0.8222222222222224 0.5322916666666667 0.8222222222222224
1 0.31197916666666664 0.2055555555555556 0.2828125 0.2055555555555556 0.2828125 0.25555555555555565 0.31197916666666664 0.25555555555555565
4 0.4328125 0.6916666666666667 0.39947916666666666 0.6916666666666667 0.39947916666666666 0.7509259259259259 0.4328125 0.7509259259259259
11 0.44427083333333334 0.388888888888889 0.4125 0.388888888888889 0.4125 0.44351851851851865 0.44427083333333334 0.44351851851851865
11 0.4890625 0.38981481481481495 0.4578125 0.38981481481481495 0.4578125 0.44537037037037047 0.4890625 0.44537037037037047
6 0.4828125 0.6888888888888889 0.44947916666666665 0.6888888888888889 0.44947916666666665 0.7481481481481481 0.4828125 0.7481481481481481
5 0.5286458333333334 0.32314814814814824 0.49583333333333335 0.32314814814814824 0.49583333333333335 0.37592592592592605 0.5286458333333334 0.37592592592592605