0 0.36770833333333347 0.9101851851851852 0.3177083333333334 0.9101851851851852 0.3177083333333334 0.9861111111111112 0.36770833333333347 0.9861111111111112
4 0.34635416666666674 0.8351851851851851 0.29791666666666666 0.8351851851851851 0.2979166666666667 0.9157407407407407 0.3463541666666668 0.9157407407407407
7 0.6385416666666667 0.564814814814815 0.5869791666666667 0.564814814814815 0.5869791666666667 0.651851851851852 0.6385416666666667 0.651851851851852
2 0.37604166666666666 0.33055555555555566 0.3359375 0.33055555555555566 0.3359375 0.39444444444444454 0.37604166666666666 0.39444444444444454
7 0.5213541666666667 0.09351851851851863 0.47291666666666665 0.09351851851851863 0.47291666666666665 0.17314814814814825 0.5213541666666667 0.17314814814814825
6 0.31666666666666665 0.2814814814814816 0.2682291666666667 0.2814814814814816 0.2682291666666667 0.3611111111111112 0.31666666666666665 0.3611111111111112
2 0.3390625 0.18518518518518523 0.30052083333333335 0.18518518518518523 0.30052083333333335 0.2462962962962964 0.3390625 0.2462962962962964
3 0.4984375 0.22222222222222232 0.4588541666666667 0.22222222222222232 0.4588541666666667 0.2861111111111112 0.4984375 0.2861111111111112
3 0.4583333333333333 0.07962962962962972 0.4197916666666667 0.0796296296296297 0.4197916666666667 0.1425925925925927 0.4583333333333333 0.1425925925925927
13 0.6333333333333333 0.288888888888889 0.5744791666666667 0.288888888888889 0.5744791666666667 0.38611111111111124 0.6333333333333333 0.38611111111111124
2 0.44635416666666666 0.6546296296296297 0.40677083333333336 0.6546296296296297 0.40677083333333336 0.7185185185185186 0.44635416666666666 0.7185185185185186
1 0.5755208333333334 1.2008342224972658e-16 0.5276041666666667 1.14867334031136e-16 0.5276041666666667 0.042592592592592717 0.5755208333333334 0.04259259259259272
2 0.48697916666666674 0.8166666666666668 0.44583333333333336 0.8166666666666667 0.4458333333333334 0.8833333333333334 0.4869791666666668 0.8833333333333335
2 0.40677083333333336 0.49444444444444446 0.36614583333333334 0.49444444444444446 0.36614583333333334 0.5583333333333333 0.40677083333333336 0.5583333333333333
3 0.540625 0.37592592592592605 0.5010416666666667 0.37592592592592605 0.5010416666666667 0.43981481481481494 0.540625 0.43981481481481494
12 0.33541666666666664 0.5361111111111111 0.2765625 0.5361111111111111 0.2765625 0.6351851851851852 0.33541666666666664 0.6351851851851852
3 0.578125 0.5250000000000002 0.5364583333333334 0.5250000000000002 0.5364583333333334 0.5962962962962965 0.578125 0.5962962962962965
8 0.2671875 0.525 0.2255208333333334 0.525 0.2255208333333334 0.5907407407407408 0.2671875 0.5907407407407408
4 0.26562500000000006 0.4453703703703704 0.2145833333333334 0.44537037037037036 0.2145833333333334 0.5277777777777778 0.26562500000000006 0.5277777777777778
6 0.43645833333333334 0.7620370370370371 0.3807291666666667 0.7620370370370371 0.3807291666666667 0.8546296296296296 0.43645833333333334 0.8546296296296296
3 0.6192708333333333 0.6888888888888891 0.5770833333333333 0.6888888888888891 0.5770833333333333 0.7592592592592595 0.6192708333333333 0.7592592592592595
8 0.3015625 0.675 0.26354166666666673 0.675 0.26354166666666673 0.737037037037037 0.3015625 0.737037037037037
0 0.225 0.29907407407407405 0.17760416666666667 0.29907407407407405 0.17760416666666667 0.37592592592592594 0.225 0.37592592592592594
11 0.7057291666666666 0.4064814814814816 0.653125 0.4064814814814816 0.653125 0.49537037037037057 0.7057291666666666 0.49537037037037057
5 0.721875 0.49351851851851875 0.671875 0.49351851851851875 0.671875 0.5759259259259262 0.721875 0.5759259259259262
5 0.603125 0.04444444444444457 0.5552083333333333 0.044444444444444564 0.5552083333333333 0.12314814814814826 0.603125 0.12314814814814826
1 0.7489583333333333 0.5546296296296298 0.6947916666666667 0.5546296296296298 0.6947916666666667 0.6444444444444447 0.7489583333333333 0.6444444444444447
11 0.6239583333333333 0.10370370370370384 0.5755208333333334 0.10370370370370384 0.5755208333333334 0.18333333333333346 0.6239583333333333 0.1833333333333335
10 0.2494791666666667 0.36388888888888893 0.19583333333333333 0.3638888888888889 0.19583333333333336 0.4518518518518519 0.24947916666666672 0.45185185185185195
10 0.32708333333333334 0.75 0.2760416666666667 0.75 0.2760416666666667 0.837037037037037 0.32708333333333334 0.837037037037037
9 0.640625 0.1703703703703705 0.5953125 0.17037037037037048 0.5953125 0.24907407407407417 0.640625 0.24907407407407417
9 0.678125 0.33703703703703713 0.6364583333333333 0.33703703703703713 0.6364583333333333 0.4064814814814816 0.678125 0.4064814814814816