7 0.4041666666666667 0.5537037037037037 0.359375 0.5537037037037037 0.359375 0.6342592592592593 0.4041666666666667 0.6342592592592593
11 0.30833333333333335 0.3398148148148149 0.26614583333333336 0.3398148148148149 0.26614583333333336 0.4166666666666668 0.30833333333333335 0.4166666666666668
12 0.6338541666666667 0.29907407407407416 0.5770833333333333 0.29907407407407416 0.5770833333333333 0.4000000000000001 0.6338541666666667 0.4000000000000001
6 0.6052083333333333 0.413888888888889 0.5583333333333333 0.413888888888889 0.5583333333333333 0.4962962962962965 0.6052083333333333 0.4962962962962965
13 0.3489583333333333 0.487962962962963 0.29635416666666664 0.487962962962963 0.29635416666666664 0.5842592592592593 0.3489583333333333 0.5842592592592593
1 0.3854166666666667 0.4712962962962964 0.340625 0.4712962962962964 0.340625 0.5509259259259259 0.3854166666666667 0.5509259259259259
11 0.3645833333333333 0.38611111111111124 0.32083333333333336 0.38611111111111124 0.32083333333333336 0.46574074074074084 0.3645833333333333 0.46574074074074084
10 0.5848958333333333 0.3314814814814816 0.5385416666666667 0.3314814814814816 0.5385416666666667 0.4129629629629631 0.5848958333333333 0.4129629629629631
6 0.5416666666666666 0.15925925925925938 0.49635416666666665 0.15925925925925938 0.49635416666666665 0.24074074074074084 0.5416666666666666 0.24074074074074084
4 0.5838541666666667 0.13055555555555567 0.5390625 0.13055555555555567 0.5390625 0.21111111111111122 0.5838541666666667 0.21111111111111122
7 0.32708333333333334 0.22962962962962968 0.2838541666666667 0.22962962962962968 0.2838541666666667 0.3064814814814816 0.32708333333333334 0.3064814814814816
4 0.6697916666666667 0.4722222222222223 0.6239583333333333 0.4722222222222223 0.6239583333333333 0.5537037037037039 0.6697916666666667 0.5537037037037039
10 0.5666666666666667 0.2453703703703705 0.5208333333333334 0.2453703703703705 0.5208333333333334 0.32685185185185195 0.5666666666666667 0.32685185185185195
5 0.29010416666666666 0.2583333333333334 0.24635416666666668 0.2583333333333334 0.24635416666666668 0.3379629629629631 0.29010416666666666 0.3379629629629631
2 0.51875 0.275925925925926 0.48333333333333334 0.275925925925926 0.48333333333333334 0.338888888888889 0.51875 0.338888888888889
2 0.5375 0.36574074074074087 0.5010416666666667 0.36574074074074087 0.5010416666666667 0.42962962962962975 0.5375 0.42962962962962975
3 0.4578125 0.6185185185185185 0.42291666666666666 0.6185185185185185 0.42291666666666666 0.6814814814814815 0.4578125 0.6814814814814815
3 0.4005208333333333 0.37222222222222234 0.3651041666666667 0.37222222222222234 0.3651041666666667 0.4351851851851853 0.4005208333333333 0.4351851851851853
2 0.5609375 0.4546296296296297 0.525 0.4546296296296297 0.525 0.5194444444444447 0.5609375 0.5194444444444447
3 0.3770833333333333 0.28518518518518526 0.3416666666666667 0.28518518518518526 0.3416666666666667 0.3490740740740742 0.3770833333333333 0.3490740740740742
3 0.4161458333333333 0.45555555555555566 0.3802083333333333 0.45555555555555566 0.3802083333333333 0.5175925925925926 0.4161458333333333 0.5175925925925926
2 0.49635416666666665 0.19722222222222233 0.46041666666666664 0.19722222222222233 0.46041666666666664 0.26111111111111124 0.49635416666666665 0.26111111111111124
2 0.5796875 0.5416666666666669 0.5421875 0.5416666666666669 0.5421875 0.6074074074074076 0.5796875 0.6074074074074076
5 0.3875 0.6648148148148149 0.34427083333333336 0.6648148148148149 0.34427083333333336 0.7416666666666667 0.3875 0.7416666666666667
9 0.32447916666666665 0.4231481481481483 0.28958333333333336 0.4231481481481483 0.28958333333333336 0.4861111111111111 0.32447916666666665 0.4861111111111111
8 0.6463541666666667 0.3962962962962964 0.6083333333333333 0.3962962962962964 0.6083333333333333 0.46203703703703713 0.6463541666666667 0.46203703703703713
3 0.4375 0.5398148148148149 0.40260416666666665 0.5398148148148149 0.40260416666666665 0.6027777777777777 0.4375 0.6027777777777777
8 0.6010416666666667 0.23055555555555565 0.5645833333333333 0.23055555555555565 0.5645833333333333 0.29537037037037045 0.6010416666666667 0.29537037037037045
0 0.5619791666666667 0.049074074074074193 0.5166666666666667 0.049074074074074193 0.5166666666666667 0.12962962962962973 0.5619791666666667 0.12962962962962973
9 0.3609375 0.587037037037037 0.3260416666666667 0.587037037037037 0.3260416666666667 0.65 0.3609375 0.65
0 0.6260416666666667 0.49722222222222245 0.5796875 0.49722222222222245 0.5796875 0.5796296296296298 0.6260416666666667 0.5796296296296298
1 0.34791666666666665 0.31203703703703717 0.3046875 0.31203703703703717 0.3046875 0.38981481481481495 0.34791666666666665 0.38981481481481495