1 0.39166666666666666 0.2583333333333334 0.3578125 0.2583333333333334 0.3578125 0.31666666666666676 0.39166666666666666 0.31666666666666676
6 0.503125 0.6000000000000001 0.46927083333333336 0.6 0.46927083333333336 0.6601851851851853 0.503125 0.6601851851851854
5 0.2890625 0.3212962962962964 0.25729166666666664 0.3212962962962964 0.25729166666666664 0.3787037037037038 0.2890625 0.3787037037037038
0 0.68125 0.42037037037037045 0.6473958333333333 0.42037037037037045 0.6473958333333333 0.47962962962962985 0.68125 0.47962962962962985
5 0.4713541666666667 0.04166666666666677 0.43854166666666666 0.04166666666666676 0.43854166666666666 0.09814814814814825 0.4713541666666667 0.09814814814814825
7 0.5010416666666667 0.09444444444444455 0.46875 0.09444444444444455 0.46875 0.1490740740740742 0.5010416666666667 0.1490740740740742
13 0.36666666666666664 0.19537037037037044 0.32760416666666664 0.19537037037037042 0.32760416666666664 0.263888888888889 0.36666666666666664 0.263888888888889
12 0.5723958333333333 0.5990740740740743 0.53125 0.5990740740740743 0.53125 0.6740740740740743 0.5723958333333333 0.6740740740740743
6 0.6151041666666667 0.42037037037037045 0.5822916666666667 0.42037037037037045 0.5822916666666667 0.4805555555555558 0.6151041666666667 0.4805555555555558
8 0.6026041666666667 0.5481481481481484 0.5755208333333334 0.5481481481481484 0.5755208333333334 0.5972222222222224 0.6026041666666667 0.5972222222222224
3 0.490625 0.20092592592592604 0.4640625 0.20092592592592604 0.4640625 0.2462962962962964 0.490625 0.2462962962962964
4 0.6463541666666667 0.47962962962962985 0.6130208333333333 0.47962962962962985 0.6130208333333333 0.5398148148148151 0.6463541666666667 0.5398148148148151
3 0.3416666666666667 0.43333333333333346 0.315625 0.43333333333333346 0.315625 0.47962962962962963 0.3416666666666667 0.47962962962962963
10 0.5401041666666667 0.540740740740741 0.5067708333333333 0.540740740740741 0.5067708333333333 0.602777777777778 0.5401041666666667 0.602777777777778
2 0.46770833333333334 0.5518518518518518 0.44114583333333335 0.5518518518518518 0.44114583333333335 0.600925925925926 0.46770833333333334 0.600925925925926
2 0.428125 0.6083333333333333 0.4005208333333333 0.6083333333333333 0.4005208333333333 0.6574074074074074 0.428125 0.6574074074074074
2 0.5479166666666667 0.42777777777777787 0.5213541666666667 0.42777777777777787 0.5213541666666667 0.47592592592592614 0.5479166666666667 0.47592592592592614
11 0.4348958333333333 0.0962962962962964 0.40260416666666665 0.09629629629629638 0.40260416666666665 0.15092592592592602 0.4348958333333333 0.15092592592592602
7 0.3536458333333333 0.31296296296296305 0.32135416666666666 0.31296296296296305 0.32135416666666666 0.3712962962962964 0.3536458333333333 0.3712962962962964
11 0.4296875 0.2000000000000001 0.396875 0.2000000000000001 0.396875 0.25740740740740753 0.4296875 0.25740740740740753
3 0.3770833333333333 0.3750000000000001 0.35052083333333334 0.3750000000000001 0.35052083333333334 0.42222222222222233 0.3770833333333333 0.42222222222222233
0 0.46770833333333334 0.6592592592592592 0.4328125 0.6592592592592592 0.4328125 0.7212962962962963 0.46770833333333334 0.7212962962962963
8 0.5302083333333333 0.6722222222222224 0.5041666666666667 0.6722222222222224 0.5041666666666667 0.7212962962962965 0.5302083333333333 0.7212962962962965
2 0.58125 0.3675925925925927 0.5546875 0.3675925925925927 0.5546875 0.4166666666666668 0.58125 0.4166666666666668
4 0.496875 0.7250000000000001 0.4630208333333333 0.725 0.4630208333333333 0.7870370370370371 0.496875 0.7870370370370372
2 0.50625 0.4861111111111112 0.4796875 0.4861111111111111 0.4796875 0.5342592592592593 0.50625 0.5342592592592594
9 0.3229166666666667 0.26481481481481495 0.29739583333333336 0.26481481481481495 0.29739583333333336 0.3101851851851853 0.3229166666666667 0.3101851851851853
1 0.4640625 0.15185185185185196 0.43125 0.15185185185185196 0.43125 0.20833333333333343 0.4640625 0.20833333333333343
3 0.4140625 0.31481481481481494 0.3880208333333333 0.31481481481481494 0.3880208333333333 0.3592592592592594 0.4140625 0.3592592592592594
3 0.453125 0.26481481481481495 0.4270833333333333 0.26481481481481495 0.4270833333333333 0.3111111111111112 0.453125 0.3111111111111112
9 0.39791666666666664 0.15555555555555567 0.371875 0.15555555555555567 0.371875 0.20092592592592604 0.39791666666666664 0.20092592592592604
10 0.5791666666666667 0.4851851851851854 0.5458333333333333 0.4851851851851854 0.5458333333333333 0.5453703703703706 0.5791666666666667 0.5453703703703706