12 0.5458333333333333 0.7000000000000002 0.49322916666666666 0.7000000000000002 0.49322916666666666 0.7925925925925928 0.5458333333333333 0.7925925925925928
10 0.5588541666666667 0.5425925925925928 0.5166666666666667 0.5425925925925928 0.5166666666666667 0.6166666666666669 0.5588541666666667 0.6166666666666669
3 0.65625 0.49537037037037057 0.6223958333333334 0.49537037037037057 0.6223958333333334 0.5537037037037039 0.65625 0.5537037037037039
13 0.6578125 0.1731481481481483 0.609375 0.1731481481481483 0.609375 0.2564814814814816 0.6578125 0.2564814814814816
3 0.5505208333333333 0.23611111111111122 0.5171875 0.23611111111111122 0.5171875 0.2935185185185186 0.5505208333333333 0.2935185185185186
3 0.7901041666666667 0.6129629629629632 0.7567708333333333 0.6129629629629632 0.7567708333333333 0.6703703703703706 0.7901041666666667 0.6703703703703706
6 0.6291666666666667 0.40185185185185196 0.5880208333333333 0.40185185185185196 0.5880208333333333 0.47407407407407426 0.6291666666666667 0.47407407407407426
3 0.4713541666666667 0.45370370370370383 0.43697916666666664 0.45370370370370383 0.43697916666666664 0.512962962962963 0.4713541666666667 0.512962962962963
9 0.696875 0.2009259259259261 0.6645833333333333 0.2009259259259261 0.6645833333333333 0.2564814814814816 0.696875 0.2564814814814816
7 0.5364583333333334 0.38055555555555565 0.4942708333333333 0.38055555555555565 0.4942708333333333 0.45370370370370383 0.5364583333333334 0.45370370370370383
8 0.6286458333333333 0.7268518518518521 0.5947916666666667 0.7268518518518521 0.5947916666666667 0.7870370370370372 0.6286458333333333 0.7870370370370372
0 0.5880208333333333 0.31666666666666676 0.5458333333333333 0.31666666666666676 0.5458333333333333 0.38981481481481495 0.5880208333333333 0.38981481481481495
2 0.5625 0.4750000000000002 0.5286458333333334 0.4750000000000002 0.5286458333333334 0.5333333333333335 0.5625 0.5333333333333335
2 0.4479166666666667 0.2916666666666668 0.41510416666666666 0.2916666666666668 0.41510416666666666 0.3472222222222223 0.4479166666666667 0.3472222222222223
2 0.7140625 0.4324074074074075 0.68125 0.4324074074074075 0.68125 0.48796296296296315 0.7140625 0.48796296296296315
10 0.7942708333333334 0.20925925925925942 0.7546875 0.20925925925925942 0.7546875 0.2787037037037039 0.7942708333333334 0.2787037037037039
1 0.6807291666666667 0.7324074074074076 0.6375 0.7324074074074076 0.6375 0.8064814814814817 0.6807291666666667 0.8064814814814817
2 0.8130208333333333 0.3833333333333335 0.7807291666666667 0.3833333333333335 0.7807291666666667 0.43981481481481505 0.8130208333333333 0.43981481481481505
3 0.7609375 0.44814814814814835 0.7291666666666666 0.44814814814814835 0.7291666666666666 0.502777777777778 0.7609375 0.502777777777778
7 0.665625 0.11296296296296311 0.6255208333333333 0.1129629629629631 0.6255208333333333 0.18055555555555572 0.665625 0.18055555555555572
6 0.7380208333333333 0.27777777777777796 0.6973958333333333 0.2777777777777779 0.6973958333333333 0.3481481481481483 0.7380208333333333 0.3481481481481484
0 0.6859375 0.33240740740740754 0.6442708333333333 0.33240740740740754 0.6442708333333333 0.4037037037037038 0.6859375 0.4037037037037038
2 0.6104166666666667 0.4888888888888891 0.5765625 0.4888888888888891 0.5765625 0.5481481481481484 0.6104166666666667 0.5481481481481484
8 0.64375 0.6564814814814817 0.609375 0.6564814814814817 0.609375 0.714814814814815 0.64375 0.714814814814815
5 0.7744791666666667 0.36666666666666686 0.7333333333333333 0.36666666666666686 0.7333333333333333 0.4388888888888891 0.7744791666666667 0.4388888888888891
9 0.6432291666666666 0.25555555555555565 0.6114583333333333 0.25555555555555565 0.6114583333333333 0.3111111111111112 0.6432291666666666 0.3111111111111112
11 0.7005208333333334 0.5814814814814817 0.6578125 0.5814814814814817 0.6578125 0.6564814814814817 0.7005208333333334 0.6564814814814817
4 0.740625 0.6694444444444446 0.6984375 0.6694444444444446 0.6984375 0.7435185185185187 0.740625 0.7435185185185187
1 0.4046875 0.5879629629629629 0.3619791666666667 0.5879629629629629 0.3619791666666667 0.662962962962963 0.4046875 0.662962962962963
5 0.7286458333333333 0.7453703703703706 0.6859375 0.7453703703703706 0.6859375 0.8194444444444446 0.7286458333333333 0.8194444444444446
11 0.5208333333333334 0.1462962962962964 0.47760416666666666 0.1462962962962964 0.47760416666666666 0.21944444444444455 0.5208333333333334 0.21944444444444455
4 0.6541666666666667 0.5740740740740743 0.6140625 0.5740740740740743 0.6140625 0.6444444444444447 0.6541666666666667 0.6444444444444447