4 0.5442708333333334 0.5083333333333335 0.49947916666666664 0.5083333333333335 0.49947916666666664 0.5981481481481483 0.5442708333333334 0.5981481481481483
6 0.7036458333333333 0.5324074074074077 0.6604166666666667 0.5324074074074077 0.6604166666666667 0.614814814814815 0.7036458333333333 0.614814814814815
12 0.784375 0.38611111111111135 0.7322916666666667 0.38611111111111135 0.7322916666666667 0.4851851851851854 0.784375 0.4851851851851854
4 0.7166666666666667 0.6240740740740743 0.6734375 0.6240740740740743 0.6734375 0.7129629629629631 0.7166666666666667 0.7129629629629631
10 0.7208333333333333 0.3277777777777779 0.6786458333333333 0.3277777777777779 0.6786458333333333 0.4074074074074075 0.7208333333333333 0.4074074074074075
3 0.5 0.23703703703703713 0.46197916666666666 0.23703703703703713 0.46197916666666666 0.30555555555555564 0.5 0.30555555555555564
8 0.6848958333333334 0.44351851851851865 0.6510416666666666 0.44351851851851865 0.6510416666666666 0.5074074074074076 0.6848958333333334 0.5074074074074076
0 0.6588541666666666 0.25092592592592605 0.615625 0.25092592592592605 0.615625 0.3361111111111112 0.6588541666666666 0.3361111111111112
5 0.4864583333333333 0.4351851851851853 0.4390625 0.4351851851851853 0.4390625 0.5212962962962964 0.4864583333333333 0.5212962962962965
11 0.6317708333333333 0.0703703703703705 0.584375 0.0703703703703705 0.584375 0.15833333333333346 0.6317708333333333 0.1583333333333335
5 0.41770833333333335 0.6861111111111111 0.375 0.6861111111111111 0.375 0.7685185185185185 0.41770833333333335 0.7685185185185185
3 0.49635416666666665 0.539814814814815 0.46145833333333336 0.5398148148148149 0.46145833333333336 0.6111111111111113 0.49635416666666665 0.6111111111111113
3 0.5114583333333333 0.33055555555555566 0.475 0.33055555555555566 0.475 0.400925925925926 0.5114583333333333 0.400925925925926
11 0.6755208333333333 0.3472222222222223 0.6291666666666667 0.3472222222222223 0.6291666666666667 0.4324074074074075 0.6755208333333333 0.4324074074074075
0 0.4515625 0.5555555555555556 0.4078125 0.5555555555555556 0.4078125 0.6361111111111111 0.4515625 0.6361111111111111
2 0.3875 0.1935185185185186 0.35 0.19351851851851856 0.35 0.2666666666666668 0.3875 0.2666666666666668
7 0.7942708333333334 0.4861111111111113 0.7494791666666667 0.4861111111111113 0.7494791666666667 0.564814814814815 0.7942708333333334 0.564814814814815
8 0.7625 0.30833333333333357 0.7296875 0.30833333333333357 0.7296875 0.36944444444444463 0.7625 0.36944444444444463
2 0.5635416666666667 0.30555555555555564 0.5239583333333333 0.30555555555555564 0.5239583333333333 0.3787037037037038 0.5635416666666667 0.3787037037037038
6 0.471875 0.04259259259259269 0.42552083333333335 0.04259259259259268 0.42552083333333335 0.12962962962962973 0.471875 0.12962962962962973
3 0.5791666666666667 0.3972222222222223 0.5432291666666667 0.3972222222222223 0.5432291666666667 0.4629629629629631 0.5791666666666667 0.4629629629629631
2 0.6213541666666667 0.6851851851851853 0.5833333333333334 0.6851851851851853 0.5833333333333334 0.7574074074074076 0.6213541666666667 0.7574074074074076
3 0.5776041666666667 0.702777777777778 0.5369791666666667 0.702777777777778 0.5369791666666667 0.7722222222222225 0.5776041666666667 0.7722222222222225
2 0.4786458333333333 0.7555555555555555 0.44114583333333335 0.7555555555555555 0.44114583333333335 0.8212962962962963 0.4786458333333333 0.8212962962962963
9 0.39739583333333334 0.5935185185185186 0.3619791666666667 0.5935185185185186 0.3619791666666667 0.6620370370370371 0.39739583333333334 0.6620370370370371
9 0.3890625 0.5009259259259259 0.3541666666666667 0.5009259259259259 0.3541666666666667 0.5657407407407408 0.3890625 0.5657407407407408
10 0.346875 0.5027777777777778 0.3 0.5027777777777778 0.3 0.5898148148148148 0.346875 0.5898148148148148
7 0.5432291666666667 0.8092592592592595 0.49322916666666666 0.8092592592592595 0.4932291666666667 0.8916666666666668 0.5432291666666667 0.8916666666666668
2 0.4041666666666667 0.29074074074074086 0.36770833333333336 0.29074074074074086 0.36770833333333336 0.3555555555555557 0.4041666666666667 0.3555555555555557
1 0.4239583333333333 0.37314814814814823 0.3802083333333333 0.37314814814814823 0.3802083333333333 0.45555555555555566 0.4239583333333333 0.45555555555555566
13 0.3807291666666667 0.38796296296296306 0.3255208333333333 0.38796296296296306 0.3255208333333333 0.49074074074074076 0.3807291666666667 0.49074074074074076
1 0.7473958333333334 0.22129629629629646 0.7046875 0.22129629629629646 0.7046875 0.30370370370370386 0.7473958333333334 0.3037037037037039