4 0.4635416666666667 0.31944444444444453 0.42552083333333335 0.31944444444444453 0.42552083333333335 0.3777777777777779 0.4635416666666667 0.3777777777777779
2 0.4114583333333333 0.14722222222222234 0.3802083333333333 0.14722222222222234 0.3802083333333333 0.19351851851851862 0.4114583333333333 0.19351851851851862
7 0.39479166666666665 0.6546296296296297 0.3546875 0.6546296296296297 0.3546875 0.7157407407407408 0.39479166666666665 0.7157407407407408
3 0.6140625 0.7703703703703706 0.5802083333333333 0.7703703703703706 0.5802083333333333 0.8166666666666669 0.6140625 0.8166666666666669
7 0.6140625 0.6814814814814817 0.575 0.6814814814814817 0.575 0.7416666666666669 0.6140625 0.7416666666666669
12 0.5083333333333333 0.6620370370370371 0.46197916666666666 0.6620370370370371 0.46197916666666666 0.7342592592592594 0.5083333333333333 0.7342592592592595
11 0.44843750000000004 0.8361111111111111 0.4078125 0.8361111111111111 0.4078125000000001 0.8962962962962963 0.4484375000000001 0.8962962962962963
4 0.5677083333333334 0.32314814814814824 0.5276041666666667 0.32314814814814824 0.5276041666666667 0.3851851851851853 0.5677083333333334 0.3851851851851853
6 0.6276041666666666 0.23796296296296307 0.5880208333333333 0.23796296296296307 0.5880208333333333 0.2981481481481483 0.6276041666666666 0.2981481481481483
5 0.4505208333333333 0.5796296296296296 0.41041666666666665 0.5796296296296296 0.41041666666666665 0.6416666666666667 0.4505208333333333 0.6416666666666667
0 0.5786458333333333 0.07129629629629641 0.5395833333333333 0.0712962962962964 0.5395833333333333 0.12962962962962973 0.5786458333333333 0.12962962962962973
3 0.3932291666666667 0.7546296296296297 0.35989583333333336 0.7546296296296297 0.35989583333333336 0.8018518518518518 0.3932291666666667 0.8018518518518518
2 0.45625 0.23333333333333345 0.4239583333333333 0.23333333333333345 0.4239583333333333 0.2814814814814816 0.45625 0.2814814814814816
8 0.4453125 0.7574074074074074 0.41354166666666664 0.7574074074074074 0.41354166666666664 0.8046296296296296 0.4453125 0.8046296296296296
0 0.4713541666666667 0.06018518518518529 0.4317708333333333 0.06018518518518529 0.4317708333333333 0.11666666666666677 0.4713541666666667 0.11666666666666677
1 0.5052083333333334 0.837962962962963 0.4640625 0.8379629629629629 0.46406250000000004 0.9000000000000001 0.5052083333333335 0.9000000000000002
11 0.55625 0.8407407407407409 0.5151041666666667 0.8407407407407409 0.5151041666666667 0.9000000000000002 0.55625 0.9000000000000002
3 0.509375 0.5842592592592594 0.47552083333333334 0.5842592592592593 0.47552083333333334 0.6333333333333334 0.509375 0.6333333333333335
2 0.6234375 0.15833333333333346 0.5916666666666667 0.15833333333333344 0.5916666666666667 0.20462962962962977 0.6234375 0.2046296296296298
8 0.5546875 0.7666666666666668 0.521875 0.7666666666666668 0.521875 0.814814814814815 0.5546875 0.814814814814815
9 0.4625 0.15833333333333344 0.43072916666666666 0.15833333333333344 0.43072916666666666 0.20555555555555566 0.4625 0.20555555555555566
6 0.409375 0.22592592592592603 0.3697916666666667 0.22592592592592603 0.3697916666666667 0.28703703703703715 0.409375 0.28703703703703715
13 0.5244791666666667 0.2212962962962964 0.475 0.2212962962962964 0.475 0.3000000000000001 0.5244791666666667 0.3000000000000001
3 0.4453125 0.6675925925925926 0.415625 0.6675925925925926 0.415625 0.7138888888888889 0.4453125 0.7138888888888889
2 0.5651041666666666 0.24074074074074084 0.5322916666666667 0.24074074074074084 0.5322916666666667 0.2879629629629631 0.5651041666666666 0.2879629629629631
5 0.5640625 0.5907407407407409 0.5239583333333333 0.5907407407407409 0.5239583333333333 0.651851851851852 0.5640625 0.651851851851852
10 0.5244791666666667 0.14537037037037048 0.48385416666666664 0.14537037037037048 0.48385416666666664 0.20555555555555566 0.5244791666666667 0.20555555555555566
9 0.5744791666666667 0.16203703703703715 0.5411458333333333 0.16203703703703715 0.5411458333333333 0.20925925925925937 0.5744791666666667 0.20925925925925937
10 0.5197916666666667 0.0675925925925927 0.48020833333333335 0.0675925925925927 0.48020833333333335 0.1250000000000001 0.5197916666666667 0.1250000000000001
3 0.5572916666666666 0.677777777777778 0.5296875 0.677777777777778 0.5296875 0.7324074074074076 0.5572916666666666 0.7324074074074076
2 0.5114583333333333 0.31851851851851865 0.48020833333333335 0.31851851851851865 0.48020833333333335 0.3750000000000001 0.5114583333333333 0.3750000000000001
1 0.50625 0.750925925925926 0.46510416666666665 0.7509259259259259 0.46510416666666665 0.8064814814814816 0.50625 0.8064814814814817