10 0.5125 0.14444444444444454 0.46875 0.14444444444444454 0.46875 0.21666666666666679 0.5125 0.21666666666666679
5 0.61875 0.589814814814815 0.5776041666666667 0.589814814814815 0.5776041666666667 0.6583333333333335 0.61875 0.6583333333333335
3 0.3140625 0.4074074074074075 0.2786458333333333 0.4074074074074075 0.2786458333333333 0.46759259259259267 0.3140625 0.46759259259259267
0 0.3796875 0.43425925925925934 0.33541666666666664 0.43425925925925934 0.33541666666666664 0.5083333333333333 0.3796875 0.5083333333333333
7 0.35833333333333334 0.5296296296296297 0.3145833333333333 0.5296296296296297 0.3145833333333333 0.6046296296296296 0.35833333333333334 0.6046296296296296
0 0.4630208333333333 0.3500000000000001 0.4192708333333333 0.3500000000000001 0.4192708333333333 0.4231481481481483 0.4630208333333333 0.4231481481481483
3 0.6260416666666667 0.44537037037037047 0.5921875 0.44537037037037047 0.5921875 0.5018518518518521 0.6260416666666667 0.5018518518518521
7 0.371875 0.19629629629629639 0.32708333333333334 0.19629629629629636 0.32708333333333334 0.2703703703703705 0.371875 0.2703703703703705
6 0.48854166666666665 0.25185185185185194 0.44479166666666664 0.25185185185185194 0.44479166666666664 0.325925925925926 0.48854166666666665 0.325925925925926
2 0.5140625 0.3916666666666668 0.48020833333333335 0.3916666666666668 0.48020833333333335 0.4490740740740742 0.5140625 0.4490740740740742
4 0.6052083333333333 0.5296296296296299 0.5630208333333333 0.5296296296296299 0.5630208333333333 0.6000000000000002 0.6052083333333333 0.6000000000000002
3 0.48802083333333335 0.4925925925925927 0.45364583333333336 0.4925925925925926 0.45364583333333336 0.5500000000000002 0.48802083333333335 0.5500000000000002
3 0.33125 0.6398148148148148 0.296875 0.6398148148148148 0.296875 0.6990740740740741 0.33125 0.6990740740740741
6 0.440625 0.4527777777777779 0.3963541666666667 0.4527777777777779 0.3963541666666667 0.5287037037037037 0.440625 0.5287037037037037
2 0.2567708333333334 0.55 0.22187500000000007 0.55 0.22187500000000007 0.6083333333333333 0.2567708333333334 0.6083333333333333
13 0.3921875 0.25185185185185194 0.3380208333333333 0.25185185185185194 0.3380208333333333 0.3435185185185186 0.3921875 0.3435185185185186
4 0.5130208333333334 0.5462962962962964 0.46927083333333336 0.5462962962962963 0.46927083333333336 0.6194444444444446 0.5130208333333334 0.6194444444444447
11 0.5526041666666667 0.5064814814814816 0.509375 0.5064814814814816 0.509375 0.5787037037037039 0.5526041666666667 0.5787037037037039
3 0.553125 0.3592592592592594 0.5197916666666667 0.3592592592592594 0.5197916666666667 0.4166666666666668 0.553125 0.4166666666666668
2 0.40677083333333336 0.5648148148148148 0.371875 0.5648148148148148 0.371875 0.6240740740740741 0.40677083333333336 0.6240740740740741
9 0.425 0.2324074074074075 0.3880208333333333 0.2324074074074075 0.3880208333333333 0.29537037037037045 0.425 0.29537037037037045
12 0.4708333333333333 0.7277777777777777 0.41875 0.7277777777777777 0.41875 0.8148148148148148 0.4708333333333333 0.8148148148148148
2 0.44895833333333335 0.5305555555555556 0.4161458333333333 0.5305555555555556 0.4161458333333333 0.5879629629629629 0.44895833333333335 0.5879629629629629
9 0.4010416666666667 0.3296296296296297 0.3640625 0.3296296296296297 0.3640625 0.38981481481481495 0.4010416666666667 0.38981481481481495
8 0.5260416666666666 0.6101851851851854 0.4921875 0.6101851851851854 0.4921875 0.6685185185185187 0.5260416666666666 0.6685185185185187
5 0.5453125 0.2861111111111112 0.5015625 0.2861111111111112 0.5015625 0.3601851851851853 0.5453125 0.3601851851851853
1 0.32916666666666666 0.7824074074074074 0.2869791666666667 0.7824074074074074 0.2869791666666667 0.8546296296296296 0.32916666666666666 0.8546296296296296
10 0.4296875 0.6166666666666667 0.3859375 0.6166666666666667 0.3859375 0.6907407407407408 0.4296875 0.6907407407407408
1 0.578125 0.6231481481481483 0.5359375 0.6231481481481483 0.5359375 0.6944444444444446 0.578125 0.6944444444444446
2 0.5770833333333333 0.25925925925925936 0.5421875 0.25925925925925936 0.5421875 0.3175925925925927 0.5770833333333333 0.3175925925925927
8 0.5354166666666667 0.6648148148148151 0.5010416666666667 0.6648148148148151 0.5010416666666667 0.7212962962962965 0.5354166666666667 0.7212962962962965
11 0.26302083333333337 0.3731481481481482 0.21875 0.3731481481481482 0.21875000000000003 0.4481481481481482 0.26302083333333337 0.44814814814814824