3 0.4546875 0.6666666666666666 0.42291666666666666 0.6666666666666666 0.42291666666666666 0.7212962962962963 0.4546875 0.7212962962962963
13 0.4473958333333334 0.7935185185185185 0.4 0.7935185185185185 0.4000000000000001 0.875 0.44739583333333344 0.875
7 0.30052083333333335 0.6564814814814814 0.26250000000000007 0.6564814814814814 0.26250000000000007 0.7222222222222222 0.30052083333333335 0.7222222222222222
3 0.6458333333333334 0.7500000000000002 0.6130208333333333 0.7500000000000002 0.6130208333333333 0.801851851851852 0.6458333333333334 0.801851851851852
2 0.4869791666666667 0.42037037037037045 0.45364583333333336 0.42037037037037045 0.45364583333333336 0.47777777777777786 0.4869791666666667 0.47777777777777797
3 0.55 0.7055555555555557 0.5171875 0.7055555555555557 0.5171875 0.7574074074074076 0.55 0.7574074074074076
2 0.5859375 0.4712962962962964 0.553125 0.4712962962962964 0.553125 0.526851851851852 0.5859375 0.526851851851852
0 0.3302083333333333 0.08981481481481488 0.28854166666666664 0.08981481481481486 0.28854166666666664 0.1666666666666667 0.3302083333333333 0.1666666666666667
7 0.5911458333333334 0.776851851851852 0.5505208333333333 0.776851851851852 0.5505208333333333 0.8453703703703705 0.5911458333333334 0.8453703703703705
2 0.6854166666666667 0.5157407407407409 0.6515625 0.5157407407407409 0.6515625 0.5731481481481484 0.6854166666666667 0.5731481481481484
9 0.37500000000000006 0.8462962962962963 0.34322916666666664 0.8462962962962963 0.34322916666666675 0.8981481481481481 0.3750000000000001 0.8981481481481481
5 0.5713541666666667 0.9185185185185187 0.5317708333333334 0.9185185185185187 0.5317708333333334 0.9851851851851852 0.5713541666666667 0.9851851851851852
9 0.4713541666666668 0.8870370370370371 0.4406250000000001 0.8870370370370371 0.4406250000000001 0.937037037037037 0.4713541666666668 0.937037037037037
2 0.3848958333333333 0.38425925925925936 0.35260416666666666 0.38425925925925936 0.35260416666666666 0.4407407407407408 0.3848958333333333 0.4407407407407408
3 0.359375 0.612037037037037 0.32864583333333336 0.612037037037037 0.32864583333333336 0.6657407407407407 0.359375 0.6657407407407407
2 0.29010416666666666 0.3361111111111112 0.259375 0.3361111111111112 0.259375 0.3916666666666668 0.29010416666666666 0.3916666666666668
12 0.5114583333333333 0.2500000000000001 0.46041666666666664 0.2500000000000001 0.46041666666666664 0.338888888888889 0.5114583333333333 0.338888888888889
3 0.2682291666666667 0.5648148148148148 0.2369791666666667 0.5648148148148148 0.2369791666666667 0.6157407407407407 0.2682291666666667 0.6157407407407407
11 0.5255208333333334 0.902777777777778 0.48645833333333344 0.902777777777778 0.48645833333333344 0.9685185185185186 0.5255208333333334 0.9685185185185186
4 0.6734375 0.25092592592592605 0.6322916666666667 0.25092592592592605 0.6322916666666667 0.3277777777777779 0.6734375 0.3277777777777779
4 0.42604166666666665 0.15277777777777787 0.3848958333333333 0.15277777777777787 0.3848958333333333 0.22222222222222232 0.42604166666666665 0.22222222222222232
5 0.29687500000000006 0.7972222222222223 0.25781250000000006 0.7972222222222223 0.25781250000000006 0.8601851851851852 0.2968750000000001 0.8601851851851852
6 0.6557291666666667 0.4148148148148149 0.6151041666666667 0.4148148148148149 0.6151041666666667 0.4851851851851854 0.6557291666666667 0.4851851851851854
1 0.24843750000000006 0.7620370370370371 0.20937500000000006 0.7620370370370371 0.20937500000000006 0.8268518518518518 0.24843750000000006 0.8268518518518518
8 0.4703125 0.15740740740740752 0.43697916666666664 0.15740740740740752 0.43697916666666664 0.21481481481481493 0.4703125 0.21481481481481493
6 0.3463541666666667 0.2685185185185186 0.3067708333333333 0.2685185185185186 0.3067708333333333 0.338888888888889 0.3463541666666667 0.338888888888889
11 0.3364583333333334 0.8194444444444444 0.29739583333333336 0.8194444444444444 0.2973958333333334 0.8851851851851852 0.33645833333333347 0.8851851851851852
8 0.5640625 0.20833333333333343 0.5296875 0.20833333333333343 0.5296875 0.2666666666666668 0.5640625 0.2666666666666668
10 0.378125 0.11851851851851859 0.33229166666666665 0.11851851851851856 0.33229166666666665 0.20185185185185192 0.378125 0.20185185185185195
10 0.6229166666666667 0.2231481481481483 0.5822916666666667 0.22314814814814826 0.5822916666666667 0.30555555555555564 0.6229166666666667 0.30555555555555564
0 0.721875 0.27314814814814825 0.6776041666666667 0.27314814814814825 0.6776041666666667 0.35648148148148157 0.721875 0.35648148148148157
1 0.6119791666666666 0.9435185185185188 0.5708333333333333 0.9435185185185188 0.5708333333333333 1 0.6119791666666666 1