2 0.5427083333333333 0.41944444444444456 0.515625 0.41944444444444456 0.515625 0.4666666666666668 0.5427083333333333 0.4666666666666668
2 0.45 0.49722222222222223 0.42291666666666666 0.49722222222222223 0.42291666666666666 0.5453703703703704 0.45 0.5453703703703704
4 0.5989583333333334 0.6287037037037039 0.565625 0.6287037037037039 0.565625 0.6879629629629632 0.5989583333333334 0.6879629629629632
2 0.3625 0.562962962962963 0.33541666666666664 0.562962962962963 0.33541666666666664 0.6138888888888889 0.3625 0.6138888888888889
7 0.2671875 0.3268518518518519 0.23541666666666666 0.32685185185185184 0.23541666666666666 0.38518518518518524 0.2671875 0.3851851851851853
10 0.64375 0.5796296296296298 0.6104166666666667 0.5796296296296298 0.6104166666666667 0.6398148148148151 0.64375 0.6398148148148151
7 0.5145833333333333 0.10277777777777788 0.4828125 0.10277777777777788 0.4828125 0.15740740740740752 0.5145833333333333 0.15740740740740752
0 0.3286458333333334 0.8379629629629629 0.29322916666666665 0.8379629629629629 0.2932291666666667 0.9 0.32864583333333347 0.9
13 0.37083333333333335 0.13333333333333341 0.33229166666666665 0.1333333333333334 0.33229166666666665 0.200925925925926 0.37083333333333335 0.20092592592592604
8 0.5505208333333333 0.6629629629629632 0.5234375 0.6629629629629632 0.5234375 0.7111111111111114 0.5505208333333333 0.7111111111111114
3 0.484375 0.21111111111111122 0.4578125 0.21111111111111122 0.4578125 0.2564814814814816 0.484375 0.2564814814814816
2 0.6223958333333334 0.34074074074074084 0.5963541666666666 0.34074074074074084 0.5963541666666666 0.38981481481481495 0.6223958333333334 0.38981481481481495
3 0.3963541666666667 0.2824074074074075 0.3703125 0.2824074074074075 0.3703125 0.32870370370370383 0.3963541666666667 0.32870370370370383
4 0.37239583333333337 0.812037037037037 0.3380208333333333 0.812037037037037 0.3380208333333334 0.8731481481481481 0.3723958333333334 0.8731481481481481
8 0.4557291666666667 0.7398148148148148 0.42916666666666664 0.7398148148148148 0.42916666666666664 0.7888888888888889 0.4557291666666667 0.7888888888888889
3 0.3078125 0.35462962962962974 0.28229166666666666 0.35462962962962974 0.28229166666666666 0.4000000000000001 0.3078125 0.4000000000000001
1 0.19479166666666667 0.22222222222222227 0.165625 0.22222222222222227 0.165625 0.2759259259259259 0.19479166666666667 0.2759259259259259
3 0.23177083333333337 0.42407407407407405 0.20520833333333333 0.42407407407407405 0.20520833333333335 0.4703703703703704 0.2317708333333334 0.4703703703703704
5 0.23177083333333334 0.18888888888888894 0.2 0.18888888888888894 0.2 0.24537037037037038 0.23177083333333334 0.24537037037037038
11 0.26979166666666665 0.15277777777777782 0.23958333333333334 0.15277777777777782 0.23958333333333334 0.2092592592592593 0.26979166666666665 0.2092592592592593
11 0.4390625 0.004629629629629721 0.4078125 0.004629629629629719 0.4078125 0.06018518518518528 0.4390625 0.06018518518518529
2 0.2760416666666667 0.637962962962963 0.24791666666666673 0.637962962962963 0.24791666666666673 0.687962962962963 0.2760416666666667 0.687962962962963
10 0.41875 0.7722222222222223 0.3848958333333333 0.7722222222222223 0.3848958333333333 0.8333333333333334 0.41875 0.8333333333333334
9 0.30885416666666665 0.11759259259259267 0.28072916666666664 0.11759259259259265 0.28072916666666664 0.16388888888888895 0.30885416666666665 0.16388888888888895
3 0.5713541666666667 0.1324074074074075 0.5453125 0.1324074074074075 0.5453125 0.17592592592592604 0.5713541666666667 0.17592592592592604
9 0.3880208333333333 0.05370370370370378 0.36302083333333335 0.05370370370370378 0.36302083333333335 0.09722222222222231 0.3880208333333333 0.09722222222222231
12 0.4984375 0.6157407407407408 0.45729166666666665 0.6157407407407407 0.45729166666666665 0.6907407407407409 0.4984375 0.690740740740741
0 0.6838541666666667 0.5296296296296299 0.6494791666666667 0.5296296296296299 0.6494791666666667 0.5907407407407409 0.6838541666666667 0.5907407407407409
6 0.6052083333333333 0.43796296296296305 0.571875 0.43796296296296305 0.571875 0.49722222222222245 0.6052083333333333 0.49722222222222245
6 0.33541666666666664 0.6712962962962963 0.3020833333333333 0.6712962962962963 0.3020833333333333 0.7314814814814815 0.33541666666666664 0.7314814814814815