2 0.43802083333333336 0.45925925925925937 0.4114583333333333 0.45925925925925937 0.4114583333333333 0.5074074074074074 0.43802083333333336 0.5074074074074074
6 0.38385416666666666 0.38981481481481495 0.35052083333333334 0.38981481481481495 0.35052083333333334 0.44814814814814824 0.38385416666666666 0.44814814814814824
0 0.33489583333333334 0.31481481481481494 0.30104166666666665 0.31481481481481494 0.30104166666666665 0.37314814814814823 0.33489583333333334 0.37314814814814823
12 0.4505208333333333 0.6953703703703704 0.4088541666666667 0.6953703703703704 0.4088541666666667 0.7685185185185185 0.4505208333333333 0.7685185185185185
7 0.4822916666666667 0.37314814814814823 0.4484375 0.37314814814814823 0.4484375 0.43055555555555564 0.4822916666666667 0.43055555555555564
0 0.43645833333333334 0.3074074074074075 0.40260416666666665 0.3074074074074075 0.40260416666666665 0.36666666666666675 0.43645833333333334 0.36666666666666675
10 0.4432291666666667 0.5361111111111111 0.4088541666666667 0.5361111111111111 0.4088541666666667 0.5962962962962963 0.4432291666666667 0.5962962962962963
13 0.3854166666666667 0.15648148148148155 0.3463541666666667 0.15648148148148153 0.3463541666666667 0.22314814814814823 0.3854166666666667 0.22314814814814826
3 0.5369791666666667 0.45185185185185195 0.5098958333333333 0.45185185185185195 0.5098958333333333 0.5000000000000002 0.5369791666666667 0.5000000000000002
3 0.47552083333333334 0.22500000000000012 0.44895833333333335 0.22500000000000012 0.44895833333333335 0.2703703703703705 0.47552083333333334 0.2703703703703705
3 0.3421875 0.48055555555555557 0.315625 0.48055555555555557 0.315625 0.5277777777777778 0.3421875 0.5277777777777778
3 0.19218750000000007 0.5879629629629629 0.16614583333333338 0.5879629629629629 0.16614583333333338 0.6361111111111111 0.19218750000000007 0.6361111111111111
8 0.33958333333333335 0.6425925925925926 0.3125 0.6425925925925926 0.3125 0.6907407407407408 0.33958333333333335 0.6907407407407408
9 0.3296875 0.17777777777777784 0.30364583333333334 0.17777777777777784 0.30364583333333334 0.2231481481481482 0.3296875 0.2231481481481482
5 0.24687500000000007 0.7287037037037037 0.2135416666666667 0.7287037037037037 0.2135416666666667 0.787962962962963 0.24687500000000007 0.787962962962963
8 0.3453125 0.7138888888888889 0.31927083333333334 0.7138888888888889 0.31927083333333334 0.7620370370370371 0.3453125 0.7620370370370371
2 0.5734375 0.288888888888889 0.546875 0.288888888888889 0.546875 0.3351851851851853 0.5734375 0.3351851851851853
10 0.2359375 0.18611111111111117 0.20416666666666666 0.18611111111111117 0.20416666666666666 0.24166666666666667 0.2359375 0.24166666666666667
5 0.2390625 0.34074074074074073 0.20729166666666668 0.34074074074074073 0.20729166666666668 0.4 0.2390625 0.4
2 0.2869791666666667 0.4129629629629631 0.2604166666666667 0.4129629629629631 0.2604166666666667 0.4583333333333334 0.2869791666666667 0.4583333333333334
4 0.34375 0.5555555555555556 0.3098958333333333 0.5555555555555556 0.3098958333333333 0.6166666666666667 0.34375 0.6166666666666667
4 0.24375000000000005 0.6472222222222223 0.21041666666666672 0.6472222222222223 0.21041666666666672 0.7046296296296296 0.24375000000000005 0.7046296296296296
1 0.5979166666666667 0.589814814814815 0.5635416666666667 0.589814814814815 0.5635416666666667 0.651851851851852 0.5979166666666667 0.651851851851852
2 0.3880208333333333 0.4759259259259259 0.3609375 0.4759259259259259 0.3609375 0.5231481481481481 0.3880208333333333 0.5231481481481481
9 0.3765625 0.23703703703703713 0.35 0.23703703703703713 0.35 0.28333333333333344 0.3765625 0.28333333333333344
3 0.2401041666666667 0.4212962962962963 0.2140625 0.4212962962962963 0.21406250000000002 0.4666666666666667 0.24010416666666673 0.4666666666666667
7 0.3770833333333333 0.09629629629629638 0.3458333333333333 0.09629629629629638 0.3458333333333333 0.150925925925926 0.3770833333333333 0.15092592592592602
1 0.2994791666666667 0.7129629629629629 0.26562500000000006 0.7129629629629629 0.26562500000000006 0.7722222222222223 0.2994791666666667 0.7722222222222223
11 0.5213541666666667 0.14444444444444454 0.48802083333333335 0.14444444444444454 0.48802083333333335 0.20185185185185195 0.5213541666666667 0.20185185185185195
2 0.19270833333333334 0.35555555555555557 0.1671875 0.35555555555555557 0.1671875 0.4009259259259259 0.19270833333333334 0.4009259259259259
11 0.2942708333333333 0.562037037037037 0.2598958333333334 0.562037037037037 0.2598958333333334 0.6222222222222222 0.2942708333333333 0.6222222222222222
6 0.28541666666666665 0.2527777777777779 0.2520833333333333 0.2527777777777779 0.2520833333333333 0.3111111111111112 0.28541666666666665 0.3111111111111112