7 0.5020833333333333 0.3314814814814816 0.4510416666666667 0.3314814814814816 0.4510416666666667 0.41944444444444456 0.5020833333333333 0.41944444444444456
3 0.509375 0.8111111111111112 0.4661458333333333 0.8111111111111111 0.46614583333333337 0.8851851851851853 0.5093750000000001 0.8851851851851854
2 0.35625 0.2824074074074075 0.31614583333333335 0.2824074074074075 0.31614583333333335 0.3537037037037038 0.35625 0.3537037037037038
9 0.45625 0.1777777777777779 0.415625 0.1777777777777779 0.415625 0.24814814814814826 0.45625 0.24814814814814826
0 0.6109375 0.7092592592592595 0.5588541666666667 0.7092592592592595 0.5588541666666667 0.7990740740740743 0.6109375 0.7990740740740743
7 0.409375 0.22129629629629638 0.35885416666666664 0.22129629629629635 0.35885416666666664 0.3101851851851853 0.409375 0.3101851851851853
3 0.5307291666666668 0.8851851851851854 0.4921875000000001 0.8851851851851854 0.4921875000000001 0.9527777777777777 0.5307291666666668 0.9527777777777777
1 0.4890625 0.05462962962962973 0.4359375 0.05462962962962972 0.4359375 0.14722222222222234 0.4890625 0.14722222222222234
11 0.43802083333333336 0.10092592592592602 0.3859375 0.100925925925926 0.3859375 0.1925925925925927 0.43802083333333336 0.1925925925925927
3 0.7666666666666667 0.6509259259259261 0.7234375 0.6509259259259261 0.7234375 0.7259259259259261 0.7666666666666667 0.7259259259259261
5 0.43385416666666665 0.28703703703703715 0.38125 0.28703703703703715 0.38125 0.3787037037037038 0.43385416666666665 0.3787037037037038
4 0.6791666666666667 0.7435185185185187 0.6291666666666667 0.7435185185185187 0.6291666666666667 0.8296296296296298 0.6791666666666667 0.8296296296296298
5 0.39166666666666666 0.1398148148148149 0.340625 0.13981481481481486 0.340625 0.23148148148148157 0.39166666666666666 0.2314814814814816
3 0.7036458333333333 0.627777777777778 0.6614583333333334 0.627777777777778 0.6614583333333334 0.7018518518518521 0.7036458333333333 0.7018518518518521
13 0.515625 0.11944444444444455 0.4515625 0.11944444444444455 0.4515625 0.23055555555555565 0.515625 0.23055555555555565
4 0.5921875 0.6379629629629632 0.5411458333333333 0.6379629629629632 0.5411458333333333 0.728703703703704 0.5921875 0.728703703703704
11 0.4817708333333333 0.24814814814814826 0.4296875 0.24814814814814826 0.4296875 0.338888888888889 0.4817708333333333 0.338888888888889
1 0.5291666666666667 0.2027777777777779 0.47604166666666664 0.2027777777777779 0.47604166666666664 0.29444444444444456 0.5291666666666667 0.29444444444444456
6 0.5880208333333333 0.8250000000000002 0.5369791666666667 0.8250000000000002 0.5369791666666667 0.9166666666666669 0.5880208333333333 0.9166666666666669
10 0.6588541666666666 0.6694444444444446 0.60625 0.6694444444444446 0.60625 0.7657407407407409 0.6588541666666666 0.7657407407407409
10 0.6338541666666667 0.7870370370370372 0.5848958333333333 0.7870370370370372 0.5848958333333333 0.8731481481481483 0.6338541666666667 0.8731481481481483
3 0.7239583333333334 0.7000000000000002 0.6807291666666667 0.7000000000000002 0.6807291666666667 0.7759259259259261 0.7239583333333334 0.7759259259259261
6 0.571875 0.565740740740741 0.5213541666666667 0.565740740740741 0.5213541666666667 0.6592592592592594 0.571875 0.6592592592592594
0 0.5463541666666667 0.6796296296296298 0.49583333333333335 0.6796296296296298 0.49583333333333335 0.7731481481481484 0.5463541666666667 0.7731481481481484
8 0.6348958333333333 0.6101851851851854 0.5947916666666667 0.6101851851851854 0.5947916666666667 0.6805555555555558 0.6348958333333333 0.6805555555555558
12 0.5661458333333333 0.7518518518518521 0.5067708333333333 0.7518518518518521 0.5067708333333333 0.8555555555555557 0.5661458333333333 0.8555555555555557
2 0.5359375 0.012962962962963075 0.49375 0.012962962962963072 0.49375 0.08888888888888899 0.5359375 0.08888888888888899
2 0.3328125 0.1981481481481482 0.28958333333333336 0.1981481481481482 0.28958333333333336 0.2777777777777779 0.3328125 0.2777777777777779
2 0.5520833333333334 0.088888888888889 0.5098958333333333 0.08888888888888899 0.5098958333333333 0.163888888888889 0.5520833333333334 0.163888888888889
2 0.5828125 1.2212450024830549e-16 0.5390625 1.1736198491828802e-16 0.5390625 0.04444444444444457 0.5828125 0.04444444444444458