12 0.6145833333333334 0.7138888888888891 0.55625 0.7138888888888891 0.55625 0.8166666666666669 0.6145833333333334 0.8166666666666669
0 0.6984375 0.5379629629629632 0.6510416666666666 0.5379629629629632 0.6510416666666666 0.6222222222222225 0.6984375 0.6222222222222225
10 0.5489583333333333 0.8638888888888892 0.5005208333333334 0.8638888888888892 0.5005208333333334 0.9481481481481482 0.5489583333333333 0.9481481481481482
13 0.3875 0.3787037037037038 0.334375 0.3787037037037038 0.334375 0.47314814814814826 0.3875 0.47314814814814826
1 0.25520833333333337 0.5888888888888889 0.21302083333333338 0.5888888888888889 0.21302083333333338 0.662962962962963 0.25520833333333337 0.662962962962963
3 0.5 0.36296296296296304 0.4635416666666667 0.36296296296296304 0.4635416666666667 0.426851851851852 0.5 0.426851851851852
5 0.44375 0.37685185185185194 0.4 0.37685185185185194 0.4 0.4546296296296297 0.44375 0.4546296296296297
7 0.3359375 0.6101851851851852 0.2921875 0.6101851851851852 0.2921875 0.6861111111111111 0.3359375 0.6861111111111111
7 0.41302083333333334 0.43425925925925934 0.36875 0.43425925925925934 0.36875 0.512962962962963 0.41302083333333334 0.512962962962963
6 0.6416666666666667 0.6629629629629632 0.59375 0.6629629629629632 0.59375 0.7472222222222225 0.6416666666666667 0.7472222222222225
4 0.5479166666666667 0.7472222222222225 0.5 0.7472222222222225 0.5 0.8305555555555557 0.5479166666666667 0.8305555555555557
11 0.44635416666666666 0.4777777777777778 0.4005208333333333 0.4777777777777778 0.4005208333333333 0.5574074074074075 0.44635416666666666 0.5574074074074075
11 0.41510416666666666 0.5361111111111111 0.37083333333333335 0.5361111111111111 0.37083333333333335 0.6138888888888889 0.41510416666666666 0.6138888888888889
6 0.5765625 0.677777777777778 0.5286458333333334 0.677777777777778 0.5286458333333334 0.7620370370370373 0.5765625 0.7620370370370373
4 0.5697916666666667 0.5638888888888891 0.5234375 0.5638888888888891 0.5234375 0.6444444444444447 0.5697916666666667 0.6444444444444447