12 0.5255208333333333 0.7101851851851854 0.484375 0.7101851851851854 0.484375 0.7851851851851854 0.5255208333333333 0.7851851851851854
4 0.6296875 0.7101851851851854 0.5963541666666666 0.7101851851851854 0.5963541666666666 0.7703703703703706 0.6296875 0.7703703703703706
10 0.575 0.6351851851851854 0.5411458333333333 0.6351851851851854 0.5411458333333333 0.6972222222222224 0.575 0.6972222222222224
6 0.628125 0.6268518518518521 0.5947916666666667 0.6268518518518521 0.5947916666666667 0.6870370370370372 0.628125 0.6870370370370372
11 0.5651041666666666 0.24351851851851863 0.5322916666666667 0.24351851851851863 0.5322916666666667 0.301851851851852 0.5651041666666666 0.301851851851852
1 0.5135416666666667 0.2453703703703705 0.4817708333333333 0.2453703703703705 0.4817708333333333 0.3037037037037038 0.5135416666666667 0.3037037037037038
7 0.6604166666666667 0.23796296296296307 0.628125 0.23796296296296307 0.628125 0.29444444444444456 0.6604166666666667 0.29444444444444456
3 0.46041666666666664 0.32685185185185195 0.434375 0.32685185185185195 0.434375 0.3750000000000001 0.46041666666666664 0.3750000000000001
11 0.6088541666666667 0.16574074074074088 0.5760416666666667 0.16574074074074086 0.5760416666666667 0.22222222222222235 0.6088541666666667 0.22222222222222238
2 0.4661458333333333 0.5657407407407408 0.4395833333333333 0.5657407407407408 0.4395833333333333 0.6148148148148148 0.4661458333333333 0.6148148148148148
4 0.42239583333333336 0.725925925925926 0.38958333333333334 0.725925925925926 0.38958333333333334 0.7870370370370371 0.42239583333333336 0.7870370370370371
6 0.4739583333333333 0.637962962962963 0.4401041666666667 0.637962962962963 0.4401041666666667 0.6990740740740741 0.4739583333333333 0.6990740740740741
7 0.46510416666666665 0.24814814814814826 0.4317708333333333 0.24814814814814826 0.4317708333333333 0.3064814814814816 0.46510416666666665 0.3064814814814816
3 0.5598958333333334 0.325925925925926 0.5338541666666666 0.325925925925926 0.5338541666666666 0.37222222222222234 0.5598958333333334 0.37222222222222234
10 0.5244791666666667 0.6342592592592595 0.4901041666666667 0.6342592592592595 0.4901041666666667 0.6962962962962965 0.5244791666666667 0.6962962962962965
8 0.46927083333333336 0.7305555555555555 0.4427083333333333 0.7305555555555555 0.4427083333333333 0.7796296296296297 0.46927083333333336 0.7796296296296297
13 0.5171875 0.16296296296296306 0.47760416666666666 0.16296296296296306 0.47760416666666666 0.23333333333333345 0.5171875 0.23333333333333345
3 0.6135416666666667 0.3157407407407408 0.5869791666666667 0.3157407407407408 0.5869791666666667 0.36296296296296304 0.6135416666666667 0.36296296296296304
2 0.621875 0.552777777777778 0.5953125 0.552777777777778 0.5953125 0.6009259259259261 0.621875 0.6009259259259261
2 0.5729166666666666 0.5611111111111113 0.5463541666666667 0.5611111111111113 0.5463541666666667 0.6092592592592595 0.5729166666666666 0.6092592592592595
9 0.46145833333333336 0.17962962962962972 0.4348958333333333 0.17962962962962972 0.4348958333333333 0.22685185185185194 0.46145833333333336 0.22685185185185194
2 0.5197916666666667 0.5592592592592595 0.49375 0.5592592592592595 0.49375 0.6074074074074076 0.5197916666666667 0.6074074074074076
2 0.41458333333333336 0.5638888888888889 0.3875 0.5638888888888889 0.3875 0.6129629629629629 0.41458333333333336 0.6129629629629629
5 0.41302083333333334 0.18055555555555566 0.38125 0.18055555555555566 0.38125 0.23888888888888898 0.41302083333333334 0.23888888888888898
3 0.5119791666666667 0.32037037037037047 0.4859375 0.32037037037037047 0.4859375 0.3675925925925927 0.5119791666666667 0.3675925925925927
3 0.4125 0.33240740740740754 0.38645833333333335 0.33240740740740754 0.38645833333333335 0.3787037037037038 0.4125 0.3787037037037038
5 0.6572916666666667 0.1620370370370372 0.6244791666666667 0.1620370370370372 0.6244791666666667 0.22037037037037052 0.6572916666666667 0.22037037037037052
8 0.5708333333333333 0.7175925925925928 0.5442708333333334 0.7175925925925928 0.5442708333333334 0.7657407407407409 0.5708333333333333 0.7657407407407409
0 0.4239583333333333 0.6425925925925926 0.38958333333333334 0.6425925925925926 0.38958333333333334 0.7027777777777777 0.4239583333333333 0.7027777777777777
0 0.6807291666666667 0.7018518518518521 0.6463541666666667 0.7018518518518521 0.6463541666666667 0.7629629629629632 0.6807291666666667 0.7629629629629632
9 0.5583333333333333 0.17685185185185195 0.5322916666666667 0.17685185185185195 0.5322916666666667 0.22314814814814826 0.5583333333333333 0.22314814814814826
1 0.6098958333333333 0.24166666666666678 0.5776041666666667 0.24166666666666678 0.5776041666666667 0.3000000000000001 0.6098958333333333 0.3000000000000001