12 0.4630208333333333 0.7305555555555555 0.42239583333333336 0.7305555555555555 0.42239583333333336 0.8027777777777778 0.4630208333333333 0.8027777777777778
10 0.3572916666666667 0.7453703703703703 0.32447916666666665 0.7453703703703703 0.32447916666666665 0.8027777777777778 0.3572916666666667 0.8027777777777778
3 0.5484375 0.37407407407407417 0.5234375 0.37407407407407417 0.5234375 0.4166666666666668 0.5484375 0.4166666666666668
0 0.6020833333333333 0.7388888888888892 0.5697916666666667 0.7388888888888892 0.5697916666666667 0.7972222222222224 0.6020833333333333 0.7972222222222224
7 0.45677083333333335 0.29907407407407416 0.42552083333333335 0.29907407407407416 0.42552083333333335 0.35185185185185197 0.45677083333333335 0.35185185185185197
7 0.328125 0.30462962962962975 0.29739583333333336 0.30462962962962975 0.29739583333333336 0.3574074074074075 0.328125 0.3574074074074075
5 0.5010416666666667 0.3000000000000001 0.46979166666666666 0.3000000000000001 0.46979166666666666 0.3537037037037038 0.5010416666666667 0.3537037037037038
13 0.4588541666666667 0.22222222222222232 0.421875 0.22222222222222232 0.421875 0.2861111111111112 0.4588541666666667 0.2861111111111112
6 0.5072916666666667 0.738888888888889 0.4744791666666667 0.7388888888888889 0.4744791666666667 0.7981481481481483 0.5072916666666667 0.7981481481481484
4 0.40677083333333336 0.6722222222222223 0.37395833333333334 0.6722222222222223 0.37395833333333334 0.7305555555555555 0.40677083333333336 0.7305555555555555
11 0.41354166666666664 0.3675925925925927 0.38229166666666664 0.3675925925925927 0.38229166666666664 0.4212962962962964 0.41354166666666664 0.4212962962962964
4 0.5041666666666667 0.5833333333333335 0.4713541666666667 0.5833333333333334 0.4713541666666667 0.6407407407407408 0.5041666666666667 0.6407407407407409
1 0.284375 0.18425925925925932 0.2546875 0.18425925925925932 0.2546875 0.2342592592592593 0.284375 0.2342592592592593
6 0.45729166666666665 0.6657407407407407 0.4239583333333333 0.6657407407407407 0.4239583333333333 0.7240740740740741 0.45729166666666665 0.7240740740740741
11 0.459375 0.36666666666666675 0.4270833333333333 0.36666666666666675 0.4270833333333333 0.42407407407407416 0.459375 0.42407407407407416