0 0.3322916666666667 0.8083333333333333 0.2989583333333333 0.8083333333333333 0.2989583333333334 0.8675925925925926 0.33229166666666676 0.8675925925925926
4 0.6307291666666667 0.7898148148148151 0.596875 0.7898148148148151 0.596875 0.8500000000000002 0.6307291666666667 0.8500000000000002
0 0.7296875 0.7583333333333335 0.6963541666666667 0.7583333333333335 0.6963541666666667 0.815740740740741 0.7296875 0.815740740740741
2 0.5192708333333333 0.5722222222222224 0.49322916666666666 0.5722222222222224 0.49322916666666666 0.6175925925925928 0.5192708333333333 0.6175925925925928
10 0.4312500000000001 0.8083333333333333 0.39739583333333334 0.8083333333333333 0.3973958333333334 0.8675925925925926 0.43125000000000013 0.8675925925925926
4 0.38125000000000003 0.812037037037037 0.346875 0.812037037037037 0.34687500000000004 0.8703703703703703 0.38125000000000014 0.8703703703703703
7 0.6609375 0.24722222222222232 0.6291666666666667 0.24722222222222232 0.6291666666666667 0.30277777777777787 0.6609375 0.30277777777777787
12 0.5380208333333333 0.7129629629629631 0.4979166666666667 0.7129629629629631 0.4979166666666667 0.7870370370370372 0.5380208333333333 0.7870370370370372
2 0.421875 0.5787037037037037 0.3963541666666667 0.5787037037037037 0.3963541666666667 0.6277777777777778 0.421875 0.6277777777777778
10 0.6833333333333333 0.7796296296296299 0.6489583333333333 0.7796296296296299 0.6489583333333333 0.8407407407407409 0.6833333333333333 0.8407407407407409
2 0.6192708333333333 0.5592592592592595 0.5932291666666667 0.5592592592592595 0.5932291666666667 0.6074074074074076 0.6192708333333333 0.6074074074074076
7 0.38177083333333334 0.2916666666666668 0.3484375 0.2916666666666668 0.3484375 0.3462962962962964 0.38177083333333334 0.3462962962962964
3 0.4161458333333333 0.3462962962962964 0.390625 0.3462962962962964 0.390625 0.39074074074074083 0.4161458333333333 0.39074074074074083
2 0.3260416666666667 0.5861111111111111 0.3 0.5861111111111111 0.3 0.6333333333333333 0.3260416666666667 0.6333333333333333
3 0.609375 0.3296296296296297 0.5828125 0.3296296296296297 0.5828125 0.37407407407407417 0.609375 0.37407407407407417
11 0.4197916666666667 0.1324074074074075 0.3885416666666667 0.1324074074074075 0.3885416666666667 0.18425925925925937 0.4197916666666667 0.18425925925925937
9 0.5546875 0.12037037037037047 0.5296875 0.12037037037037047 0.5296875 0.16203703703703715 0.5546875 0.16203703703703715
3 0.5151041666666667 0.3379629629629631 0.4895833333333333 0.3379629629629631 0.4895833333333333 0.38240740740740753 0.5151041666666667 0.38240740740740753
3 0.32864583333333336 0.35648148148148157 0.3020833333333333 0.35648148148148157 0.3020833333333333 0.400925925925926 0.32864583333333336 0.400925925925926
6 0.375 0.6555555555555556 0.34270833333333334 0.6555555555555556 0.34270833333333334 0.7157407407407408 0.375 0.7157407407407408
1 0.334375 0.14166666666666672 0.303125 0.14166666666666672 0.303125 0.1944444444444445 0.334375 0.1944444444444445
11 0.6072916666666667 0.10740740740740753 0.5760416666666667 0.10740740740740753 0.5760416666666667 0.1629629629629631 0.6072916666666667 0.16296296296296311
3 0.7057291666666666 0.31481481481481494 0.6807291666666667 0.31481481481481494 0.6807291666666667 0.3592592592592594 0.7057291666666666 0.3592592592592594
13 0.5182291666666666 0.1787037037037038 0.4796875 0.1787037037037038 0.4796875 0.2453703703703705 0.5182291666666666 0.2453703703703705
9 0.46145833333333336 0.1250000000000001 0.43645833333333334 0.1250000000000001 0.43645833333333334 0.16851851851851862 0.46145833333333336 0.16851851851851862
2 0.7135416666666666 0.5444444444444446 0.6880208333333333 0.5444444444444446 0.6880208333333333 0.589814814814815 0.7135416666666666 0.589814814814815
6 0.6760416666666667 0.6185185185185187 0.64375 0.6185185185185187 0.64375 0.676851851851852 0.6760416666666667 0.676851851851852
8 0.578125 0.7953703703703706 0.5510416666666667 0.7953703703703706 0.5510416666666667 0.8435185185185188 0.578125 0.8435185185185188
1 0.6927083333333334 0.11018518518518533 0.6625 0.11018518518518532 0.6625 0.1620370370370372 0.6927083333333334 0.1620370370370372
5 0.6510416666666666 0.10740740740740753 0.6182291666666667 0.10740740740740753 0.6182291666666667 0.1620370370370372 0.6510416666666666 0.1620370370370372
5 0.37395833333333334 0.13611111111111118 0.3421875 0.13611111111111115 0.3421875 0.19074074074074082 0.37395833333333334 0.19074074074074085
8 0.4734375 0.8018518518518518 0.446875 0.8018518518518518 0.446875 0.85 0.4734375 0.85