3 0.28854166666666664 0.32222222222222235 0.24895833333333334 0.32222222222222235 0.24895833333333334 0.3953703703703705 0.28854166666666664 0.3953703703703705
2 0.43854166666666666 0.1490740740740742 0.39791666666666664 0.1490740740740742 0.39791666666666664 0.22407407407407418 0.43854166666666666 0.22407407407407418
7 0.31354166666666666 0.42962962962962975 0.26510416666666664 0.42962962962962975 0.2651041666666667 0.5175925925925926 0.31354166666666666 0.5175925925925926
7 0.6260416666666667 0.6472222222222225 0.5744791666666667 0.6472222222222225 0.5744791666666667 0.7407407407407409 0.6260416666666667 0.7407407407407409
2 0.3385416666666667 0.07777777777777785 0.3 0.07777777777777783 0.3 0.14722222222222228 0.3385416666666667 0.14722222222222228
5 0.2921875 0.5879629629629629 0.24427083333333338 0.5879629629629629 0.24427083333333338 0.6768518518518518 0.2921875 0.6768518518518518
2 0.6526041666666667 0.2879629629629631 0.609375 0.2879629629629631 0.609375 0.3648148148148149 0.6526041666666667 0.3648148148148149
13 0.45989583333333334 0.6231481481481481 0.3984375 0.6231481481481481 0.3984375 0.7342592592592593 0.45989583333333334 0.7342592592592593
11 0.5348958333333333 0.7787037037037039 0.484375 0.7787037037037039 0.48437500000000006 0.8712962962962965 0.5348958333333333 0.8712962962962965
3 0.484375 0.48148148148148157 0.4432291666666667 0.48148148148148145 0.4432291666666667 0.5546296296296297 0.484375 0.5546296296296298
3 0.3807291666666667 0.3962962962962964 0.3411458333333333 0.3962962962962964 0.3411458333333333 0.4703703703703705 0.3807291666666667 0.4703703703703705
2 0.7614583333333333 0.3666666666666668 0.7182291666666667 0.36666666666666675 0.7182291666666667 0.44629629629629647 0.7614583333333333 0.4462962962962965
3 0.5838541666666667 0.5509259259259262 0.5442708333333334 0.5509259259259262 0.5442708333333334 0.6240740740740743 0.5838541666666667 0.6240740740740743
12 0.5885416666666666 0.01574074074074086 0.5244791666666667 0.015740740740740854 0.5244791666666667 0.1314814814814816 0.5885416666666666 0.1314814814814816
8 0.6520833333333333 1.3748928184871905e-16 0.6109375 1.3301024957405975e-16 0.6109375 0.06111111111111124 0.6520833333333333 0.06111111111111124
2 0.5442708333333334 0.2074074074074075 0.5041666666666667 0.2074074074074075 0.5041666666666667 0.28333333333333344 0.5442708333333334 0.28333333333333344
3 0.6921875 0.6268518518518521 0.6505208333333333 0.6268518518518521 0.6505208333333333 0.702777777777778 0.6921875 0.702777777777778
6 0.4083333333333333 0.008333333333333416 0.35520833333333335 0.008333333333333413 0.35520833333333335 0.10277777777777786 0.4083333333333333 0.10277777777777786
10 0.7151041666666667 0.0231481481481483 0.6619791666666667 0.023148148148148293 0.6619791666666667 0.11574074074074088 0.7151041666666667 0.1157407407407409
4 0.7708333333333334 0.062037037037037196 0.7197916666666667 0.062037037037037196 0.7197916666666667 0.15462962962962978 0.7708333333333334 0.15462962962962978
0 0.8244791666666667 0.09537037037037054 0.7661458333333333 0.09537037037037052 0.7661458333333333 0.20370370370370386 0.8244791666666667 0.20370370370370386
6 0.7390625 0.23518518518518533 0.6817708333333333 0.23518518518518533 0.6817708333333333 0.33796296296296313 0.7390625 0.3379629629629632
1 0.24531250000000007 0.5388888888888889 0.1942708333333334 0.5388888888888889 0.1942708333333334 0.6287037037037037 0.24531250000000007 0.6287037037037037
11 0.33229166666666665 0.6287037037037037 0.28177083333333336 0.6287037037037037 0.28177083333333336 0.7166666666666667 0.33229166666666665 0.7166666666666667
9 0.37135416666666665 0.6712962962962963 0.33177083333333335 0.6712962962962963 0.33177083333333335 0.7416666666666667 0.37135416666666665 0.7416666666666667
9 0.47604166666666664 0.7472222222222222 0.43645833333333334 0.7472222222222222 0.43645833333333334 0.8194444444444444 0.47604166666666664 0.8194444444444444
5 0.5880208333333333 0.814814814814815 0.5364583333333334 0.814814814814815 0.5364583333333334 0.9055555555555558 0.5880208333333333 0.9055555555555558
1 0.6286458333333333 0.8564814814814817 0.5776041666666667 0.8564814814814817 0.5776041666666667 0.9481481481481482 0.6286458333333333 0.9481481481481482