1 0.7291666666666666 0.15370370370370387 0.6755208333333333 0.15370370370370387 0.6755208333333333 0.2509259259259261 0.7291666666666666 0.25092592592592616
10 0.6609375 0.1592592592592594 0.6078125 0.1592592592592594 0.6078125 0.25555555555555565 0.6609375 0.25555555555555565
1 0.5046875 0.6166666666666668 0.4510416666666667 0.6166666666666667 0.4510416666666667 0.712962962962963 0.5046875 0.7129629629629631
9 0.4276041666666667 0.6231481481481481 0.38229166666666664 0.6231481481481481 0.38229166666666664 0.7055555555555556 0.4276041666666667 0.7055555555555556
2 0.3390625 0.37685185185185194 0.29583333333333334 0.37685185185185194 0.29583333333333334 0.4546296296296297 0.3390625 0.4546296296296297
3 0.5630208333333333 0.363888888888889 0.51875 0.363888888888889 0.51875 0.44351851851851865 0.5630208333333333 0.44351851851851865
5 0.4984375 0.49166666666666675 0.44479166666666664 0.49166666666666664 0.44479166666666664 0.587962962962963 0.4984375 0.5879629629629631
6 0.6921875 0.6851851851851853 0.6369791666666667 0.6851851851851853 0.6369791666666667 0.7851851851851854 0.6921875 0.7851851851851854
3 0.5645833333333333 0.502777777777778 0.5213541666666667 0.502777777777778 0.5213541666666667 0.5805555555555557 0.5645833333333333 0.5805555555555557
7 0.3375 0.24074074074074084 0.2838541666666667 0.24074074074074084 0.2838541666666667 0.3379629629629631 0.3375 0.3379629629629631
2 0.4348958333333333 0.17222222222222233 0.39010416666666664 0.17222222222222233 0.39010416666666664 0.25092592592592605 0.4348958333333333 0.25092592592592605
2 0.5984375 0.42962962962962975 0.5541666666666667 0.42962962962962975 0.5541666666666667 0.5083333333333335 0.5984375 0.5083333333333335
8 0.5875 0.16944444444444454 0.5442708333333334 0.16944444444444454 0.5442708333333334 0.24814814814814826 0.5875 0.24814814814814826
11 0.7479166666666667 0.41296296296296314 0.6942708333333333 0.4129629629629631 0.6942708333333333 0.5101851851851854 0.7479166666666667 0.5101851851851854
7 0.6145833333333334 1.278508579665408e-16 0.5598958333333334 1.2189771380401894e-16 0.5598958333333334 0.0666666666666668 0.6145833333333334 0.0666666666666668
3 0.4510416666666667 0.4351851851851853 0.4078125 0.4351851851851853 0.4078125 0.512962962962963 0.4510416666666667 0.512962962962963
12 0.659375 0.021296296296296435 0.5958333333333333 0.021296296296296428 0.5958333333333333 0.13611111111111124 0.659375 0.13611111111111127
3 0.6057291666666667 0.5620370370370372 0.5619791666666667 0.5620370370370372 0.5619791666666667 0.6407407407407409 0.6057291666666667 0.6407407407407409
8 0.6921875 0.09907407407407422 0.6479166666666667 0.0990740740740742 0.6479166666666667 0.17870370370370386 0.6921875 0.17870370370370386
4 0.5046875 0.0324074074074075 0.45 0.0324074074074075 0.45 0.13055555555555567 0.5046875 0.13055555555555567
6 0.546875 0.0953703703703705 0.49322916666666666 0.09537037037037048 0.49322916666666666 0.1925925925925927 0.546875 0.1925925925925927
5 0.3484375 0.4935185185185185 0.2942708333333333 0.4935185185185185 0.2942708333333333 0.5907407407407408 0.3484375 0.5907407407407408
4 0.4875 0.3648148148148149 0.43333333333333335 0.3648148148148149 0.43333333333333335 0.46203703703703713 0.4875 0.46203703703703713
3 0.4046875 0.2425925925925927 0.3619791666666667 0.2425925925925927 0.3619791666666667 0.31944444444444453 0.4046875 0.31944444444444453
2 0.5390625 0.6916666666666669 0.49583333333333335 0.6916666666666669 0.49583333333333335 0.7685185185185187 0.5390625 0.7685185185185187
11 0.6270833333333333 0.22500000000000014 0.5734375 0.22500000000000012 0.5734375 0.32222222222222235 0.6270833333333333 0.32222222222222235
0 0.4239583333333333 0.49907407407407406 0.37135416666666665 0.49907407407407406 0.37135416666666665 0.5925925925925926 0.4239583333333333 0.5925925925925926
2 0.5791666666666667 0.7564814814814816 0.5348958333333333 0.7564814814814816 0.5348958333333333 0.8351851851851854 0.5791666666666667 0.8351851851851854
0 0.6692708333333334 0.29444444444444456 0.615625 0.29444444444444456 0.615625 0.39074074074074083 0.6692708333333334 0.39074074074074083
9 0.3848958333333333 0.5722222222222222 0.3416666666666667 0.5722222222222222 0.3416666666666667 0.649074074074074 0.3848958333333333 0.649074074074074
10 0.4015625 0.6898148148148148 0.353125 0.6898148148148148 0.353125 0.7768518518518519 0.4015625 0.7768518518518519
13 0.4734375 0.6805555555555556 0.415625 0.6805555555555556 0.415625 0.7842592592592592 0.4734375 0.7842592592592592