10 0.48854166666666665 0.1740740740740742 0.44375 0.1740740740740742 0.44375 0.2583333333333334 0.48854166666666665 0.2583333333333334
13 0.6270833333333333 0.2981481481481483 0.571875 0.2981481481481483 0.571875 0.40185185185185196 0.6270833333333333 0.40185185185185196
5 0.36666666666666664 0.6296296296296297 0.321875 0.6296296296296297 0.321875 0.7148148148148148 0.36666666666666664 0.7148148148148148
7 0.6453125 0.5796296296296298 0.5989583333333334 0.5796296296296298 0.5989583333333334 0.6666666666666669 0.6453125 0.6666666666666669
1 0.4109375 0.6694444444444444 0.36770833333333336 0.6694444444444444 0.36770833333333336 0.7509259259259259 0.4109375 0.7509259259259259
3 0.6609375 0.690740740740741 0.6244791666666667 0.690740740740741 0.6244791666666667 0.7592592592592595 0.6609375 0.7592592592592595
6 0.5635416666666667 0.49444444444444463 0.5151041666666667 0.49444444444444463 0.5151041666666667 0.5851851851851854 0.5635416666666667 0.5851851851851854
12 0.5322916666666667 0.7777777777777779 0.478125 0.7777777777777778 0.4781250000000001 0.8787037037037038 0.5322916666666668 0.8787037037037039
0 0.540625 0.388888888888889 0.4942708333333333 0.388888888888889 0.4942708333333333 0.4768518518518521 0.540625 0.4768518518518521
1 0.6692708333333334 0.8342592592592595 0.6255208333333333 0.8342592592592595 0.6255208333333333 0.9166666666666669 0.6692708333333334 0.9166666666666669
3 0.5036458333333333 0.5370370370370371 0.4666666666666667 0.5370370370370371 0.4666666666666667 0.6055555555555556 0.5036458333333333 0.6055555555555557
2 0.7390625 0.6018518518518521 0.703125 0.6018518518518521 0.703125 0.6694444444444446 0.7390625 0.6694444444444446
7 0.6354166666666666 0.23703703703703713 0.5890625 0.23703703703703713 0.5890625 0.3240740740740742 0.6354166666666666 0.3240740740740742
2 0.5838541666666667 0.6120370370370373 0.5479166666666667 0.6120370370370373 0.5479166666666667 0.6805555555555558 0.5838541666666667 0.6805555555555558
8 0.459375 0.6564814814814814 0.42239583333333336 0.6564814814814814 0.42239583333333336 0.725 0.459375 0.725
3 0.6817708333333333 0.4583333333333334 0.6453125 0.4583333333333334 0.6453125 0.526851851851852 0.6817708333333333 0.526851851851852
3 0.3515625 0.4787037037037037 0.31666666666666665 0.4787037037037037 0.31666666666666665 0.5453703703703704 0.3515625 0.5453703703703704
5 0.45416666666666666 0.3175925925925927 0.4083333333333333 0.3175925925925927 0.4083333333333333 0.40462962962962973 0.45416666666666666 0.40462962962962973
11 0.7421875 0.426851851851852 0.6979166666666666 0.426851851851852 0.6979166666666666 0.5111111111111113 0.7421875 0.5111111111111113
2 0.5421875 0.5787037037037039 0.50625 0.5787037037037039 0.50625 0.6462962962962965 0.5421875 0.6462962962962965
2 0.47760416666666666 0.42962962962962975 0.440625 0.42962962962962975 0.440625 0.4981481481481482 0.47760416666666666 0.4981481481481482
8 0.4473958333333333 0.712037037037037 0.4119791666666667 0.712037037037037 0.4119791666666667 0.7787037037037037 0.4473958333333333 0.7787037037037037
11 0.4432291666666667 0.549074074074074 0.39739583333333334 0.549074074074074 0.39739583333333334 0.6351851851851852 0.4432291666666667 0.6351851851851852
0 0.6260416666666667 0.47962962962962985 0.5802083333333333 0.47962962962962985 0.5802083333333333 0.5666666666666669 0.6260416666666667 0.5666666666666669
10 0.5677083333333334 0.6620370370370372 0.5213541666666667 0.6620370370370372 0.5213541666666667 0.7490740740740743 0.5677083333333334 0.7490740740740743
9 0.5958333333333333 0.3750000000000001 0.5598958333333334 0.3750000000000001 0.5598958333333334 0.4425925925925927 0.5958333333333333 0.4425925925925927
9 0.5713541666666667 0.2722222222222223 0.534375 0.2722222222222223 0.534375 0.34259259259259267 0.5713541666666667 0.34259259259259267
4 0.38125 0.5657407407407408 0.33697916666666666 0.5657407407407408 0.33697916666666666 0.6509259259259259 0.38125 0.6509259259259259
2 0.4088541666666667 0.288888888888889 0.371875 0.288888888888889 0.371875 0.3592592592592594 0.4088541666666667 0.3592592592592594
4 0.48385416666666664 0.5907407407407409 0.43802083333333336 0.5907407407407408 0.43802083333333336 0.6777777777777779 0.48385416666666664 0.677777777777778
3 0.4328125 0.3916666666666668 0.39375 0.3916666666666668 0.39375 0.4648148148148149 0.4328125 0.4648148148148149
6 0.5140625 0.288888888888889 0.46927083333333336 0.288888888888889 0.46927083333333336 0.37407407407407417 0.5140625 0.37407407407407417