5 0.4833333333333334 0.8 0.43020833333333336 0.8 0.4302083333333334 0.8981481481481481 0.48333333333333345 0.8981481481481481
9 0.40572916666666664 0.662962962962963 0.3619791666666667 0.662962962962963 0.3619791666666667 0.7444444444444445 0.40572916666666664 0.7444444444444445
1 0.6609375 0.11574074074074087 0.6072916666666667 0.11574074074074087 0.6072916666666667 0.21388888888888904 0.6609375 0.21388888888888904
2 0.659375 0.6370370370370373 0.6171875 0.6370370370370373 0.6171875 0.7166666666666669 0.659375 0.7166666666666669
6 0.6994791666666667 0.4324074074074075 0.6453125 0.4324074074074075 0.6453125 0.5324074074074077 0.6994791666666667 0.5324074074074077
10 0.6604166666666667 0.23148148148148165 0.6072916666666667 0.23148148148148165 0.6072916666666667 0.32870370370370383 0.6604166666666667 0.32870370370370383
2 0.36302083333333335 0.46574074074074084 0.31927083333333334 0.46574074074074084 0.31927083333333334 0.5444444444444444 0.36302083333333335 0.5444444444444444
2 0.5479166666666667 0.8138888888888891 0.5057291666666667 0.8138888888888891 0.5057291666666667 0.8907407407407409 0.5479166666666667 0.8907407407407409
7 0.6244791666666667 0.8138888888888891 0.5703125 0.8138888888888891 0.5703125 0.9129629629629632 0.6244791666666667 0.9129629629629632
0 0.47708333333333336 0.6611111111111111 0.421875 0.6611111111111111 0.421875 0.7620370370370371 0.47708333333333336 0.7620370370370371
3 0.5473958333333333 0.4129629629629631 0.5046875 0.4129629629629631 0.5046875 0.49166666666666686 0.5473958333333333 0.49166666666666686
3 0.621875 0.6916666666666669 0.5796875 0.6916666666666669 0.5796875 0.7703703703703706 0.621875 0.7703703703703706
3 0.4359375 0.3435185185185186 0.3927083333333333 0.3435185185185186 0.3927083333333333 0.42222222222222233 0.4359375 0.42222222222222233
4 0.734375 0.5046296296296299 0.6817708333333333 0.5046296296296299 0.6817708333333333 0.6009259259259261 0.734375 0.6009259259259261
8 0.6572916666666667 0.363888888888889 0.6140625 0.363888888888889 0.6140625 0.44351851851851865 0.6572916666666667 0.44351851851851865
6 0.36041666666666666 0.19351851851851856 0.30625 0.19351851851851856 0.30625 0.2925925925925927 0.36041666666666666 0.2925925925925927
3 0.46979166666666666 0.41203703703703715 0.42604166666666665 0.41203703703703715 0.42604166666666665 0.49166666666666664 0.46979166666666666 0.49166666666666664
8 0.690625 0.17870370370370386 0.6489583333333333 0.17870370370370386 0.6489583333333333 0.25555555555555565 0.690625 0.25555555555555565
3 0.5098958333333333 0.6120370370370372 0.4671875 0.612037037037037 0.4671875 0.6907407407407409 0.5098958333333333 0.690740740740741
4 0.5510416666666667 0.5462962962962965 0.496875 0.5462962962962965 0.496875 0.6453703703703706 0.5510416666666667 0.6453703703703706
13 0.37447916666666664 0.5740740740740741 0.3104166666666667 0.5740740740740741 0.3104166666666667 0.6916666666666667 0.37447916666666664 0.6916666666666667
7 0.7677083333333333 0.3129629629629631 0.7135416666666666 0.31296296296296305 0.7135416666666666 0.4120370370370372 0.7677083333333333 0.41203703703703726
10 0.37083333333333335 0.7055555555555556 0.3177083333333333 0.7055555555555556 0.3177083333333333 0.8037037037037037 0.37083333333333335 0.8037037037037037
9 0.4354166666666667 0.737037037037037 0.3927083333333333 0.737037037037037 0.3927083333333333 0.8157407407407408 0.4354166666666667 0.8157407407407408
11 0.515625 0.08425925925925937 0.45729166666666665 0.08425925925925937 0.45729166666666665 0.18796296296296308 0.515625 0.18796296296296308
2 0.5109375 0.3500000000000001 0.4671875 0.3500000000000001 0.4671875 0.4287037037037038 0.5109375 0.4287037037037038
0 0.5864583333333333 0.2185185185185186 0.53125 0.2185185185185186 0.53125 0.31666666666666676 0.5864583333333333 0.31666666666666676
11 0.6255208333333333 0.2916666666666668 0.56875 0.2916666666666668 0.56875 0.3935185185185186 0.6255208333333333 0.3935185185185186
12 0.7385416666666667 0.23148148148148165 0.6697916666666667 0.23148148148148165 0.6697916666666667 0.3546296296296298 0.7385416666666667 0.35462962962962985
1 0.409375 0.5203703703703704 0.35104166666666664 0.5203703703703704 0.35104166666666664 0.6240740740740741 0.409375 0.6240740740740741
5 0.48020833333333335 0.5287037037037037 0.42083333333333334 0.5287037037037037 0.42083333333333334 0.6342592592592593 0.48020833333333335 0.6342592592592593
2 0.3255208333333333 0.3953703703703705 0.2828125 0.3953703703703705 0.2828125 0.4722222222222223 0.3255208333333333 0.4722222222222223