3 0.43385416666666665 0.6361111111111111 0.40572916666666664 0.6361111111111111 0.40572916666666664 0.6805555555555556 0.43385416666666665 0.6805555555555556
3 0.7229166666666667 0.5842592592592595 0.6947916666666667 0.5842592592592595 0.6947916666666667 0.627777777777778 0.7229166666666667 0.627777777777778
2 0.4197916666666667 0.39814814814814825 0.3927083333333333 0.39814814814814825 0.3927083333333333 0.44166666666666676 0.4197916666666667 0.44166666666666676
12 0.525 0.22314814814814826 0.48333333333333334 0.22314814814814826 0.48333333333333334 0.2898148148148149 0.525 0.2898148148148149
4 0.3697916666666667 0.18055555555555564 0.3359375 0.1805555555555556 0.3359375 0.23425925925925933 0.3697916666666667 0.23425925925925936
8 0.4666666666666667 0.17037037037037048 0.4390625 0.17037037037037048 0.4390625 0.21203703703703713 0.4666666666666667 0.21203703703703713
2 0.6151041666666667 0.37592592592592605 0.5875 0.37592592592592605 0.5875 0.42037037037037045 0.6151041666666667 0.42037037037037045
3 0.525 0.6268518518518521 0.496875 0.6268518518518521 0.496875 0.6722222222222224 0.525 0.6722222222222224
2 0.5177083333333333 0.3777777777777779 0.4895833333333333 0.3777777777777779 0.4895833333333333 0.42222222222222233 0.5177083333333333 0.42222222222222233
0 0.69375 0.1333333333333335 0.6598958333333333 0.1333333333333335 0.6598958333333333 0.18611111111111128 0.69375 0.18611111111111128
8 0.5557291666666667 0.1490740740740742 0.5286458333333334 0.1490740740740742 0.5286458333333334 0.1898148148148149 0.5557291666666667 0.1898148148148149
3 0.33645833333333336 0.6472222222222223 0.30885416666666665 0.6472222222222223 0.30885416666666665 0.6907407407407408 0.33645833333333336 0.6907407407407408
3 0.6265625 0.6018518518518521 0.5994791666666667 0.6018518518518521 0.5994791666666667 0.6462962962962965 0.6265625 0.6462962962962965
6 0.6661458333333333 0.2824074074074075 0.6322916666666667 0.2824074074074075 0.6322916666666667 0.33703703703703713 0.6661458333333333 0.33703703703703713
2 0.7135416666666666 0.3592592592592594 0.6859375 0.3592592592592594 0.6859375 0.40185185185185196 0.7135416666666666 0.40185185185185196
10 0.4192708333333333 0.17314814814814825 0.384375 0.17314814814814825 0.384375 0.22685185185185194 0.4192708333333333 0.22685185185185194
6 0.3692708333333333 0.32685185185185195 0.3359375 0.32685185185185195 0.3359375 0.3814814814814816 0.3692708333333333 0.3814814814814816
7 0.6864583333333333 0.6703703703703706 0.6520833333333333 0.6703703703703706 0.6520833333333333 0.7268518518518521 0.6864583333333333 0.7268518518518521
7 0.3875 0.6962962962962963 0.3541666666666667 0.6962962962962963 0.3541666666666667 0.7527777777777778 0.3875 0.7527777777777778
4 0.5994791666666667 0.15740740740740752 0.565625 0.15740740740740752 0.565625 0.20925925925925937 0.5994791666666667 0.20925925925925937
5 0.39531250000000007 0.8555555555555555 0.3609375 0.8555555555555555 0.3609375000000001 0.912962962962963 0.3953125000000001 0.912962962962963
2 0.3234375 0.4092592592592594 0.29635416666666664 0.4092592592592594 0.29635416666666664 0.4527777777777779 0.3234375 0.4527777777777779
9 0.48958333333333337 0.8546296296296297 0.4625 0.8546296296296296 0.4625000000000001 0.9000000000000001 0.4895833333333334 0.9000000000000002
1 0.3515625000000001 0.8740740740740741 0.3177083333333334 0.8740740740740741 0.3177083333333334 0.9268518518518518 0.3515625000000001 0.9268518518518518
13 0.5369791666666667 0.7675925925925928 0.49583333333333335 0.7675925925925928 0.49583333333333335 0.8379629629629631 0.5369791666666667 0.8379629629629631
1 0.7390625 0.8037037037037039 0.7052083333333333 0.8037037037037039 0.7052083333333333 0.8592592592592595 0.7390625 0.8592592592592595
11 0.44375000000000003 0.8564814814814815 0.41041666666666665 0.8564814814814815 0.4104166666666667 0.9148148148148149 0.44375000000000014 0.9148148148148149
9 0.59375 0.8490740740740743 0.5651041666666666 0.8490740740740743 0.5651041666666666 0.8935185185185187 0.59375 0.8935185185185187
0 0.3265625 0.18240740740740746 0.29322916666666665 0.18240740740740746 0.29322916666666665 0.24444444444444455 0.3265625 0.24444444444444455
10 0.6489583333333333 0.14907407407407422 0.6161458333333333 0.14907407407407422 0.6161458333333333 0.20277777777777795 0.6489583333333333 0.20277777777777795
11 0.6463541666666667 0.8296296296296298 0.6078125 0.8296296296296298 0.6078125 0.8879629629629632 0.6463541666666667 0.8879629629629632
5 0.6859375 0.8175925925925928 0.6515625 0.8175925925925928 0.6515625 0.8759259259259261 0.6859375 0.8759259259259261