2 0.396875 0.8074074074074075 0.36666666666666664 0.8074074074074075 0.36666666666666664 0.8583333333333333 0.396875 0.8583333333333333
4 0.44895833333333335 0.6148148148148148 0.4109375 0.6148148148148148 0.4109375 0.6768518518518518 0.44895833333333335 0.6768518518518518
1 0.4859375 0.18796296296296308 0.4479166666666667 0.18796296296296308 0.4479166666666667 0.24722222222222232 0.4859375 0.24722222222222232
6 0.3963541666666667 0.7129629629629629 0.3572916666666667 0.7129629629629629 0.3572916666666667 0.775 0.3963541666666667 0.775
11 0.5421875 0.09444444444444455 0.503125 0.09444444444444455 0.503125 0.15277777777777787 0.5421875 0.15277777777777787
7 0.3854166666666667 0.2712962962962964 0.34739583333333335 0.2712962962962964 0.34739583333333335 0.3314814814814816 0.3854166666666667 0.3314814814814816
7 0.6015625 0.25925925925925936 0.5640625 0.25925925925925936 0.5640625 0.3175925925925927 0.6015625 0.3175925925925927
3 0.48802083333333335 0.3592592592592594 0.4578125 0.3592592592592594 0.4578125 0.4092592592592594 0.48802083333333335 0.4092592592592594
6 0.6171875 0.690740740740741 0.5786458333333333 0.690740740740741 0.5786458333333333 0.7509259259259261 0.6171875 0.7509259259259261
3 0.5916666666666667 0.1750000000000001 0.5614583333333333 0.1750000000000001 0.5614583333333333 0.2212962962962964 0.5916666666666667 0.2212962962962964
2 0.4505208333333333 0.7083333333333334 0.42083333333333334 0.7083333333333334 0.42083333333333334 0.7592592592592593 0.4505208333333333 0.7592592592592593
13 0.5119791666666667 0.6990740740740742 0.4630208333333333 0.6990740740740741 0.4630208333333333 0.7712962962962964 0.5119791666666667 0.7712962962962965
3 0.43385416666666665 0.2777777777777779 0.4036458333333333 0.2777777777777779 0.4036458333333333 0.325925925925926 0.43385416666666665 0.325925925925926
5 0.553125 0.34074074074074084 0.515625 0.34074074074074084 0.515625 0.40185185185185196 0.553125 0.40185185185185196
3 0.378125 0.19814814814814824 0.34791666666666665 0.1981481481481482 0.34791666666666665 0.24722222222222232 0.378125 0.24722222222222232
2 0.5005208333333333 0.6194444444444446 0.46927083333333336 0.6194444444444445 0.46927083333333336 0.6712962962962964 0.5005208333333333 0.6712962962962965
9 0.4479166666666667 0.7916666666666666 0.4166666666666667 0.7916666666666666 0.4166666666666667 0.8425925925925926 0.4479166666666667 0.8425925925925926
3 0.5442708333333334 0.26481481481481495 0.5125 0.26481481481481495 0.5125 0.31851851851851865 0.5442708333333334 0.31851851851851865
8 0.5395833333333333 0.1777777777777779 0.509375 0.1777777777777779 0.509375 0.22685185185185194 0.5395833333333333 0.22685185185185194
9 0.5598958333333334 0.7787037037037039 0.5286458333333334 0.7787037037037039 0.5286458333333334 0.8268518518518521 0.5598958333333334 0.8268518518518521
5 0.4401041666666667 0.35092592592592603 0.40260416666666665 0.35092592592592603 0.40260416666666665 0.41203703703703715 0.4401041666666667 0.41203703703703715
2 0.6125 0.7870370370370372 0.5822916666666667 0.7870370370370372 0.5822916666666667 0.8361111111111114 0.6125 0.8361111111111114
4 0.5567708333333333 0.6000000000000002 0.5182291666666666 0.6000000000000002 0.5182291666666666 0.6620370370370372 0.5567708333333333 0.6620370370370372
11 0.4375 0.1111111111111112 0.4005208333333333 0.11111111111111119 0.4005208333333333 0.1712962962962964 0.4375 0.1712962962962964
10 0.5119791666666668 0.8712962962962963 0.4734375000000001 0.8712962962962963 0.4734375000000001 0.9333333333333335 0.5119791666666668 0.9333333333333336
12 0.49947916666666664 0.25555555555555565 0.453125 0.25555555555555565 0.453125 0.33240740740740754 0.49947916666666664 0.33240740740740754
2 0.5614583333333333 0.7000000000000002 0.5307291666666667 0.7000000000000002 0.5307291666666667 0.7500000000000002 0.5614583333333333 0.7500000000000002
10 0.5057291666666667 0.7861111111111112 0.4671875 0.7861111111111111 0.4671875 0.8509259259259261 0.5057291666666667 0.8509259259259261
1 0.4864583333333333 0.09629629629629641 0.44635416666666666 0.09629629629629641 0.44635416666666666 0.1601851851851853 0.4864583333333333 0.1601851851851853
8 0.434375 0.18611111111111123 0.403125 0.18611111111111123 0.403125 0.24166666666666678 0.434375 0.24166666666666678
0 0.5635416666666667 0.8657407407407409 0.5239583333333334 0.8657407407407409 0.5239583333333334 0.9333333333333336 0.5635416666666667 0.9333333333333336
0 0.45468750000000013 0.8759259259259259 0.41458333333333347 0.8759259259259259 0.41458333333333347 0.9407407407407408 0.45468750000000013 0.9407407407407408