4 0.6614583333333334 0.7925925925925928 0.6234375 0.7925925925925928 0.6234375 0.852777777777778 0.6614583333333334 0.852777777777778
13 0.5098958333333333 0.15740740740740752 0.46822916666666664 0.15740740740740752 0.46822916666666664 0.22037037037037047 0.5098958333333333 0.22037037037037047
6 0.6614583333333334 0.6314814814814816 0.625 0.6314814814814816 0.625 0.6861111111111113 0.6614583333333334 0.6861111111111113
11 0.5973958333333333 0.09722222222222235 0.5609375 0.09722222222222235 0.5609375 0.1490740740740742 0.5973958333333333 0.1490740740740742
3 0.5953125 0.3175925925925927 0.5661458333333333 0.3175925925925927 0.5661458333333333 0.3592592592592594 0.5953125 0.3592592592592594
9 0.5427083333333333 0.1064814814814816 0.5140625 0.1064814814814816 0.5140625 0.14537037037037048 0.5427083333333333 0.14537037037037048
3 0.4 0.32222222222222235 0.3703125 0.32222222222222235 0.3703125 0.3648148148148149 0.4 0.3648148148148149
2 0.39739583333333334 0.5518518518518518 0.36770833333333336 0.5518518518518518 0.36770833333333336 0.5944444444444444 0.39739583333333334 0.5944444444444444
7 0.3494791666666667 0.24351851851851863 0.3140625 0.24351851851851863 0.3140625 0.29444444444444456 0.3494791666666667 0.29444444444444456
5 0.6447916666666667 0.10370370370370384 0.6083333333333333 0.10370370370370384 0.6083333333333333 0.15555555555555572 0.6447916666666667 0.15555555555555572
3 0.6942708333333333 0.31666666666666676 0.6651041666666667 0.31666666666666676 0.6651041666666667 0.35833333333333345 0.6942708333333333 0.35833333333333345
7 0.6484375 0.25185185185185194 0.6119791666666666 0.25185185185185194 0.6119791666666666 0.3037037037037038 0.6484375 0.3037037037037038
2 0.6026041666666667 0.5574074074074076 0.5729166666666666 0.5574074074074076 0.5729166666666666 0.6018518518518521 0.6026041666666667 0.6018518518518521
2 0.4979166666666667 0.5629629629629631 0.46770833333333334 0.562962962962963 0.46770833333333334 0.6074074074074075 0.4979166666666667 0.6074074074074076
12 0.5005208333333333 0.712962962962963 0.45677083333333335 0.7129629629629629 0.45677083333333335 0.7814814814814816 0.5005208333333333 0.7814814814814817
3 0.5 0.31296296296296305 0.4713541666666667 0.31296296296296305 0.4713541666666667 0.3555555555555557 0.5 0.3555555555555557
1 0.6864583333333333 0.09351851851851867 0.65 0.09351851851851865 0.65 0.14629629629629645 0.6864583333333333 0.14629629629629645
2 0.29635416666666664 0.5592592592592592 0.26666666666666666 0.5592592592592592 0.26666666666666666 0.6018518518518519 0.29635416666666664 0.6018518518518519
3 0.30416666666666664 0.32870370370370383 0.275 0.32870370370370383 0.275 0.37037037037037046 0.30416666666666664 0.37037037037037046
2 0.7052083333333333 0.5574074074074076 0.6729166666666667 0.5574074074074076 0.6729166666666667 0.6009259259259261 0.7052083333333333 0.6009259259259261
9 0.4453125 0.10092592592592602 0.4166666666666667 0.100925925925926 0.4166666666666667 0.14074074074074083 0.4453125 0.14074074074074083
1 0.30833333333333335 0.11481481481481488 0.2734375 0.11481481481481487 0.2734375 0.1666666666666667 0.30833333333333335 0.1666666666666667
0 0.3052083333333334 0.8027777777777778 0.26875 0.8027777777777778 0.26875000000000004 0.8601851851851852 0.30520833333333347 0.8601851851851852
5 0.3619791666666667 0.10185185185185193 0.3255208333333333 0.10185185185185193 0.3255208333333333 0.15740740740740747 0.3619791666666667 0.15740740740740747
11 0.40260416666666665 0.09629629629629638 0.36770833333333336 0.09629629629629638 0.36770833333333336 0.1490740740740742 0.40260416666666665 0.1490740740740742
6 0.34322916666666664 0.6370370370370371 0.3078125 0.6370370370370371 0.3078125 0.6916666666666667 0.34322916666666664 0.6916666666666667
4 0.4088541666666667 0.7898148148148149 0.371875 0.7898148148148149 0.371875 0.8481481481481481 0.4088541666666667 0.8481481481481481
10 0.3541666666666667 0.7870370370370371 0.31979166666666664 0.7870370370370371 0.31979166666666664 0.8462962962962963 0.3541666666666667 0.8462962962962963
10 0.6078125 0.7925925925925928 0.5697916666666667 0.7925925925925928 0.5697916666666667 0.8555555555555557 0.6078125 0.8555555555555557
8 0.5484375 0.8046296296296298 0.515625 0.8046296296296298 0.515625 0.8509259259259261 0.5484375 0.8509259259259261
8 0.4484375 0.8092592592592592 0.41822916666666665 0.8092592592592592 0.41822916666666665 0.8555555555555555 0.4484375 0.8555555555555555
0 0.7067708333333333 0.7842592592592594 0.6713541666666667 0.7842592592592594 0.6713541666666667 0.8490740740740743 0.7067708333333333 0.8490740740740743