6 0.5708333333333333 0.27685185185185196 0.5380208333333333 0.27685185185185196 0.5380208333333333 0.3379629629629631 0.5708333333333333 0.3379629629629631
7 0.4427083333333333 0.6 0.4078125 0.6 0.4078125 0.6611111111111111 0.4427083333333333 0.6611111111111111
5 0.25625000000000003 0.462962962962963 0.22343750000000007 0.46296296296296297 0.22343750000000007 0.524074074074074 0.25625000000000003 0.524074074074074
9 0.3302083333333333 0.5657407407407408 0.30416666666666664 0.5657407407407408 0.30416666666666664 0.6148148148148148 0.3302083333333333 0.6148148148148148
0 0.6119791666666666 0.3240740740740742 0.578125 0.3240740740740742 0.578125 0.3833333333333334 0.6119791666666666 0.3833333333333334
0 0.4375 0.04166666666666676 0.40572916666666664 0.04166666666666676 0.40572916666666664 0.09537037037037047 0.4375 0.09537037037037048
1 0.32395833333333335 0.44722222222222235 0.2916666666666667 0.44722222222222235 0.2916666666666667 0.5064814814814815 0.32395833333333335 0.5064814814814815
3 0.3421875 0.38981481481481495 0.3151041666666667 0.38981481481481495 0.3151041666666667 0.43796296296296305 0.3421875 0.43796296296296305
7 0.2838541666666667 0.3972222222222223 0.25104166666666666 0.3972222222222223 0.2510416666666667 0.45740740740740754 0.2838541666666667 0.45740740740740754
13 0.3765625 0.6064814814814815 0.334375 0.6064814814814815 0.334375 0.6833333333333333 0.3765625 0.6833333333333333
3 0.4661458333333333 0.5444444444444444 0.4390625 0.5444444444444444 0.4390625 0.5916666666666667 0.4661458333333333 0.5916666666666667
9 0.4114583333333333 0.6731481481481482 0.38385416666666666 0.6731481481481482 0.38385416666666666 0.7222222222222222 0.4114583333333333 0.7222222222222222
10 0.5317708333333333 0.2314814814814816 0.4984375 0.2314814814814816 0.4984375 0.29074074074074086 0.5317708333333333 0.29074074074074086
11 0.359375 0.49444444444444446 0.3260416666666667 0.49444444444444446 0.3260416666666667 0.5537037037037037 0.359375 0.5537037037037037
4 0.6375 0.263888888888889 0.6041666666666666 0.263888888888889 0.6041666666666666 0.32222222222222235 0.6375 0.32222222222222235
3 0.4234375 0.4925925925925926 0.3958333333333333 0.4925925925925926 0.3958333333333333 0.5407407407407407 0.4234375 0.5407407407407407
2 0.5458333333333333 0.3472222222222223 0.5192708333333333 0.3472222222222223 0.5192708333333333 0.39444444444444454 0.5458333333333333 0.39444444444444454
4 0.47604166666666664 0.08333333333333344 0.44375 0.08333333333333344 0.44375 0.13703703703703715 0.47604166666666664 0.13703703703703715
6 0.45 0.14074074074074083 0.41770833333333335 0.14074074074074083 0.41770833333333335 0.1962962962962964 0.45 0.1962962962962964
2 0.421875 0.2037037037037038 0.3958333333333333 0.2037037037037038 0.3958333333333333 0.24907407407407417 0.421875 0.24907407407407417
3 0.5072916666666667 0.5916666666666668 0.4796875 0.5916666666666667 0.4796875 0.6407407407407408 0.5072916666666667 0.6407407407407409
2 0.5020833333333333 0.29907407407407416 0.475 0.29907407407407416 0.475 0.3453703703703705 0.5020833333333333 0.3453703703703705
12 0.5630208333333333 0.16851851851851862 0.5229166666666667 0.16851851851851862 0.5229166666666667 0.23981481481481493 0.5630208333333333 0.23981481481481493
5 0.46041666666666664 0.7185185185185186 0.425 0.7185185185185186 0.425 0.7824074074074074 0.46041666666666664 0.7824074074074074
3 0.38697916666666665 0.438888888888889 0.359375 0.438888888888889 0.359375 0.48703703703703705 0.38697916666666665 0.48703703703703705
8 0.5953125 0.22407407407407418 0.56875 0.22407407407407418 0.56875 0.26944444444444454 0.5953125 0.26944444444444454
2 0.4609375 0.2453703703703705 0.4348958333333333 0.2453703703703705 0.4348958333333333 0.2898148148148149 0.4609375 0.2898148148148149
1 0.4010416666666667 0.5472222222222223 0.36770833333333336 0.5472222222222223 0.36770833333333336 0.6092592592592593 0.4010416666666667 0.6092592592592593
11 0.2947916666666667 0.5120370370370371 0.2614583333333334 0.5120370370370371 0.2614583333333334 0.575 0.2947916666666667 0.575
10 0.49322916666666666 0.18333333333333343 0.46041666666666664 0.18333333333333343 0.46041666666666664 0.24074074074074084 0.49322916666666666 0.24074074074074084
2 0.5854166666666667 0.4000000000000001 0.5588541666666667 0.4000000000000001 0.5588541666666667 0.44722222222222235 0.5854166666666667 0.44722222222222235
8 0.5140625 0.13796296296296306 0.4890625 0.13796296296296306 0.4890625 0.18240740740740752 0.5140625 0.18240740740740752