7 0.6765625 0.6175925925925928 0.640625 0.6175925925925928 0.640625 0.6712962962962965 0.6765625 0.6712962962962965
4 0.42291666666666666 0.07129629629629637 0.3859375 0.07129629629629637 0.3859375 0.12314814814814826 0.42291666666666666 0.12314814814814826
3 0.71875 0.5296296296296299 0.6880208333333333 0.5296296296296299 0.6880208333333333 0.5740740740740743 0.71875 0.5740740740740743
2 0.5171875 0.30277777777777787 0.4864583333333333 0.30277777777777787 0.4864583333333333 0.3500000000000001 0.5171875 0.3500000000000001
13 0.5322916666666667 0.6916666666666669 0.4864583333333333 0.6916666666666669 0.4864583333333333 0.7583333333333335 0.5322916666666667 0.7583333333333335
7 0.36770833333333336 0.6361111111111111 0.3296875 0.6361111111111111 0.3296875 0.6916666666666667 0.36770833333333336 0.6916666666666667
12 0.5223958333333333 0.13333333333333344 0.48020833333333335 0.13333333333333344 0.48020833333333335 0.2000000000000001 0.5223958333333333 0.2000000000000001
2 0.7125 0.2879629629629631 0.6828125 0.2879629629629631 0.6828125 0.33425925925925937 0.7125 0.33425925925925937
3 0.31875 0.5537037037037037 0.2875 0.5537037037037037 0.2875 0.5972222222222222 0.31875 0.5972222222222222
1 0.7276041666666667 0.7685185185185187 0.690625 0.7685185185185187 0.690625 0.8259259259259262 0.7276041666666667 0.8259259259259262
3 0.415625 0.55 0.3848958333333333 0.55 0.3848958333333333 0.5944444444444444 0.415625 0.5944444444444444
3 0.5182291666666666 0.5509259259259262 0.4869791666666667 0.5509259259259262 0.4869791666666667 0.5953703703703705 0.5182291666666666 0.5953703703703705
6 0.6567708333333333 0.21388888888888904 0.621875 0.21388888888888904 0.621875 0.2675925925925927 0.6567708333333333 0.2675925925925927
2 0.41354166666666664 0.30462962962962975 0.38385416666666666 0.30462962962962975 0.38385416666666666 0.3490740740740742 0.41354166666666664 0.3490740740740742
8 0.5604166666666667 0.0814814814814816 0.5317708333333333 0.08148148148148159 0.5317708333333333 0.12314814814814826 0.5604166666666667 0.12314814814814826
5 0.38333333333333336 0.7907407407407407 0.34427083333333336 0.7907407407407407 0.34427083333333336 0.85 0.38333333333333336 0.85
2 0.6125 0.29537037037037045 0.5828125 0.29537037037037045 0.5828125 0.3398148148148149 0.6125 0.3398148148148149
10 0.6583333333333333 0.07407407407407421 0.6229166666666667 0.07407407407407421 0.6229166666666667 0.12777777777777793 0.6583333333333333 0.12777777777777793
8 0.4708333333333333 0.08055555555555566 0.4421875 0.08055555555555566 0.4421875 0.12222222222222233 0.4708333333333333 0.12222222222222233
6 0.36770833333333336 0.23148148148148157 0.33177083333333335 0.23148148148148154 0.33177083333333335 0.2861111111111112 0.36770833333333336 0.2861111111111112
2 0.32395833333333335 0.31851851851851865 0.2947916666666667 0.31851851851851865 0.2947916666666667 0.3611111111111112 0.32395833333333335 0.3611111111111112
4 0.6145833333333334 0.07222222222222235 0.5802083333333333 0.07222222222222235 0.5802083333333333 0.12407407407407421 0.6145833333333334 0.12407407407407423
10 0.37447916666666664 0.08888888888888896 0.3385416666666667 0.08888888888888896 0.3385416666666667 0.14166666666666675 0.37447916666666664 0.14166666666666677
9 0.47552083333333334 0.7916666666666666 0.44427083333333334 0.7916666666666666 0.44427083333333334 0.8379629629629629 0.47552083333333334 0.8379629629629629
1 0.3296875 0.7925925925925926 0.290625 0.7925925925925926 0.290625 0.850925925925926 0.3296875 0.850925925925926
3 0.6234375 0.5398148148148151 0.59375 0.5398148148148151 0.59375 0.5824074074074076 0.6234375 0.5824074074074076
5 0.63125 0.7703703703703706 0.5927083333333333 0.7703703703703706 0.5927083333333333 0.8268518518518521 0.63125 0.8268518518518521
9 0.5729166666666666 0.790740740740741 0.5411458333333333 0.790740740740741 0.5411458333333333 0.8416666666666669 0.5729166666666666 0.8416666666666669
11 0.6838541666666667 0.7731481481481484 0.6458333333333334 0.7731481481481484 0.6458333333333334 0.8342592592592595 0.6838541666666667 0.8342592592592595
0 0.3223958333333333 0.07407407407407414 0.28854166666666664 0.07407407407407413 0.28854166666666664 0.13518518518518524 0.3223958333333333 0.13518518518518524
0 0.7088541666666667 0.07129629629629645 0.6744791666666666 0.07129629629629645 0.6744791666666666 0.1333333333333335 0.7088541666666667 0.1333333333333335
11 0.42552083333333335 0.787962962962963 0.3890625 0.787962962962963 0.3890625 0.8527777777777777 0.42552083333333335 0.8527777777777777