1 0.5869791666666667 0.8861111111111113 0.5479166666666667 0.8861111111111113 0.5479166666666667 0.9472222222222224 0.5869791666666667 0.9472222222222224
11 0.690625 0.6981481481481484 0.6505208333333333 0.6981481481481484 0.6505208333333333 0.7592592592592595 0.690625 0.7592592592592595
7 0.43385416666666676 0.912962962962963 0.39427083333333346 0.912962962962963 0.39427083333333346 0.9722222222222222 0.43385416666666676 0.9722222222222222
1 0.5625 0.27962962962962973 0.5244791666666667 0.27962962962962973 0.5244791666666667 0.3416666666666668 0.5625 0.3416666666666668
7 0.30104166666666665 0.400925925925926 0.2625 0.400925925925926 0.2625 0.4629629629629631 0.30104166666666665 0.4629629629629631
3 0.5223958333333333 0.5638888888888891 0.48854166666666665 0.5638888888888891 0.48854166666666665 0.6111111111111113 0.5223958333333333 0.6111111111111113
10 0.5046875 0.11944444444444455 0.46770833333333334 0.11944444444444455 0.46770833333333334 0.1777777777777779 0.5046875 0.1777777777777779
9 0.5010416666666667 0.21018518518518528 0.46875 0.21018518518518528 0.46875 0.25925925925925936 0.5010416666666667 0.25925925925925936
5 0.39427083333333335 0.2111111111111112 0.35572916666666665 0.21111111111111117 0.35572916666666665 0.28055555555555567 0.39427083333333335 0.28055555555555567
2 0.665625 0.263888888888889 0.634375 0.263888888888889 0.634375 0.32037037037037047 0.665625 0.32037037037037047
2 0.35260416666666666 0.5824074074074074 0.32083333333333336 0.5824074074074074 0.32083333333333336 0.6305555555555555 0.35260416666666666 0.6305555555555555
6 0.7364583333333333 0.4194444444444446 0.6973958333333333 0.41944444444444456 0.6973958333333333 0.4805555555555558 0.7364583333333333 0.4805555555555558
3 0.6213541666666667 0.4500000000000001 0.5895833333333333 0.4500000000000001 0.5895833333333333 0.4990740740740743 0.6213541666666667 0.4990740740740743
10 0.534375 0.8129629629629632 0.4947916666666667 0.8129629629629632 0.49479166666666674 0.8731481481481483 0.534375 0.8731481481481483
4 0.4635416666666667 0.4601851851851853 0.4244791666666667 0.4601851851851853 0.4244791666666667 0.525 0.4635416666666667 0.525
3 0.5692708333333333 0.45925925925925937 0.5375 0.45925925925925937 0.5375 0.5064814814814816 0.5692708333333333 0.5064814814814816
8 0.4744791666666667 0.7453703703703703 0.4427083333333333 0.7453703703703703 0.4427083333333333 0.7925925925925926 0.4744791666666667 0.7925925925925926
3 0.35260416666666666 0.49444444444444446 0.32135416666666666 0.49444444444444446 0.32135416666666666 0.5425925925925926 0.35260416666666666 0.5425925925925926
6 0.42291666666666666 0.7398148148148148 0.3807291666666667 0.7398148148148148 0.3807291666666667 0.8037037037037037 0.42291666666666666 0.8037037037037037
3 0.4578125 0.3925925925925927 0.42604166666666665 0.3925925925925927 0.42604166666666665 0.4407407407407408 0.4578125 0.4407407407407408
12 0.4895833333333334 0.8981481481481483 0.4406250000000001 0.8981481481481481 0.4406250000000001 0.9731481481481481 0.4895833333333334 0.9731481481481481
13 0.5645833333333333 0.188888888888889 0.51875 0.188888888888889 0.51875 0.2620370370370371 0.5645833333333333 0.2620370370370371
8 0.5390625 0.9120370370370372 0.5062500000000001 0.9120370370370372 0.5062500000000001 0.9592592592592593 0.5390625 0.9592592592592593
2 0.34479166666666666 0.3157407407407408 0.3145833333333333 0.3157407407407408 0.3145833333333333 0.36203703703703716 0.34479166666666666 0.36203703703703716
0 0.45625 0.29444444444444456 0.41822916666666665 0.29444444444444456 0.41822916666666665 0.35185185185185197 0.45625 0.35185185185185197
11 0.5286458333333334 0.7268518518518521 0.4895833333333333 0.7268518518518521 0.4895833333333333 0.7888888888888891 0.5286458333333334 0.7888888888888891
4 0.365625 0.7462962962962963 0.3260416666666667 0.7462962962962963 0.3260416666666667 0.8074074074074075 0.365625 0.8074074074074075
0 0.584375 0.7166666666666669 0.5463541666666667 0.7166666666666669 0.5463541666666667 0.776851851851852 0.584375 0.776851851851852
2 0.5697916666666667 0.5472222222222224 0.5411458333333333 0.5472222222222224 0.5411458333333333 0.6055555555555557 0.5697916666666667 0.6055555555555557
5 0.5161458333333333 0.3694444444444446 0.4734375 0.3694444444444446 0.4734375 0.44166666666666676 0.5161458333333333 0.44166666666666676
9 0.4479166666666667 0.20925925925925937 0.4161458333333333 0.20925925925925937 0.4161458333333333 0.25925925925925936 0.4479166666666667 0.25925925925925936
2 0.6125 0.2750000000000001 0.5833333333333334 0.2750000000000001 0.5833333333333334 0.33055555555555566 0.6125 0.33055555555555566