5 0.6927083333333334 0.1981481481481483 0.640625 0.1981481481481483 0.640625 0.2861111111111112 0.6927083333333334 0.2861111111111112
7 0.7296875 0.4296296296296298 0.6765625 0.42962962962962975 0.6765625 0.5203703703703706 0.7296875 0.5203703703703706
1 0.35572916666666665 0.7212962962962963 0.3026041666666667 0.7212962962962963 0.3026041666666667 0.8101851851851852 0.35572916666666665 0.8101851851851852
6 0.5375 0.6787037037037039 0.48489583333333336 0.6787037037037039 0.48489583333333336 0.7675925925925928 0.5375 0.7675925925925928
9 0.5916666666666667 0.13055555555555567 0.5463541666666667 0.13055555555555567 0.5463541666666667 0.20925925925925937 0.5916666666666667 0.20925925925925937
3 0.5854166666666667 0.3333333333333334 0.5411458333333333 0.3333333333333334 0.5411458333333333 0.4064814814814816 0.5854166666666667 0.4064814814814816
2 0.6322916666666667 0.5694444444444446 0.5890625 0.5694444444444446 0.5890625 0.6407407407407409 0.6322916666666667 0.6407407407407409
4 0.5682291666666667 0.3972222222222223 0.5135416666666667 0.3972222222222223 0.5135416666666667 0.48981481481481504 0.5682291666666667 0.48981481481481504
8 0.4817708333333333 0.6546296296296297 0.43802083333333336 0.6546296296296297 0.43802083333333336 0.7277777777777777 0.4817708333333333 0.7277777777777777
1 0.5208333333333334 0.16481481481481491 0.46822916666666664 0.16481481481481491 0.46822916666666664 0.2564814814814816 0.5208333333333334 0.2564814814814816
2 0.7052083333333333 0.3250000000000001 0.6625 0.3250000000000001 0.6625 0.3962962962962964 0.7052083333333333 0.3962962962962964
12 0.44322916666666673 0.7935185185185185 0.38697916666666665 0.7935185185185185 0.3869791666666667 0.8907407407407407 0.4432291666666668 0.8907407407407407
3 0.4666666666666667 0.3314814814814816 0.42291666666666666 0.3314814814814816 0.42291666666666666 0.4037037037037038 0.4666666666666667 0.4037037037037038
10 0.41770833333333335 0.687037037037037 0.3697916666666667 0.687037037037037 0.3697916666666667 0.7694444444444445 0.41770833333333335 0.7694444444444445
3 0.4197916666666667 0.2962962962962964 0.37604166666666666 0.2962962962962964 0.37604166666666666 0.3694444444444446 0.4197916666666667 0.3694444444444446
13 0.55 0.07592592592592605 0.490625 0.07592592592592604 0.490625 0.17962962962962972 0.55 0.17962962962962972
7 0.4854166666666667 0.8333333333333335 0.4359375 0.8333333333333334 0.43593750000000003 0.9194444444444445 0.4854166666666668 0.9194444444444446
3 0.6515625 0.4888888888888891 0.6078125 0.4888888888888891 0.6078125 0.5620370370370372 0.6515625 0.5620370370370372
9 0.6375 0.1629629629629631 0.5942708333333333 0.16296296296296306 0.5942708333333333 0.23611111111111124 0.6375 0.23611111111111127
3 0.4822916666666667 0.4601851851851853 0.43854166666666666 0.4601851851851853 0.43854166666666666 0.5333333333333333 0.4822916666666667 0.5333333333333333
0 0.3963541666666667 0.5648148148148148 0.34375 0.5648148148148148 0.34375 0.6555555555555556 0.3963541666666667 0.6555555555555556
2 0.4239583333333333 0.09537037037037047 0.3802083333333333 0.09537037037037045 0.3802083333333333 0.1675925925925927 0.4239583333333333 0.1675925925925927
11 0.446875 0.6046296296296296 0.39375 0.6046296296296296 0.39375 0.6962962962962963 0.446875 0.6962962962962963
6 0.3307291666666667 0.20370370370370375 0.278125 0.20370370370370375 0.278125 0.2925925925925927 0.3307291666666667 0.2925925925925927
4 0.5854166666666667 0.7194444444444447 0.5333333333333333 0.7194444444444447 0.5333333333333333 0.8092592592592595 0.5854166666666667 0.8092592592592595
8 0.38645833333333335 0.7787037037037037 0.3458333333333333 0.7787037037037037 0.3458333333333333 0.8481481481481481 0.38645833333333335 0.8481481481481481
2 0.471875 0.13425925925925936 0.428125 0.13425925925925936 0.428125 0.20833333333333343 0.471875 0.20833333333333343
10 0.6114583333333333 0.047222222222222346 0.565625 0.04722222222222234 0.565625 0.12870370370370385 0.6114583333333333 0.12870370370370385
0 0.6135416666666667 0.23333333333333348 0.5598958333333334 0.23333333333333345 0.5598958333333334 0.32685185185185195 0.6135416666666667 0.32685185185185195
2 0.44114583333333335 0.41574074074074086 0.39895833333333336 0.41574074074074086 0.39895833333333336 0.4888888888888889 0.44114583333333335 0.4888888888888889
11 0.3046875 0.49537037037037035 0.25520833333333337 0.49537037037037035 0.25520833333333337 0.5796296296296296 0.3046875 0.5796296296296296
5 0.5395833333333333 0.2842592592592594 0.4895833333333333 0.2842592592592594 0.4895833333333333 0.3712962962962964 0.5395833333333333 0.3712962962962964