4 0.5270833333333333 0.32870370370370383 0.48802083333333335 0.32870370370370383 0.48802083333333335 0.4092592592592594 0.5270833333333333 0.4092592592592594
6 0.3802083333333333 0.22870370370370377 0.34322916666666664 0.22870370370370377 0.34322916666666664 0.3074074074074075 0.3802083333333333 0.3074074074074075
7 0.5875 0.047222222222222346 0.5484375 0.04722222222222234 0.5484375 0.12407407407407418 0.5875 0.12407407407407418
12 0.2864583333333333 0.312962962962963 0.24114583333333334 0.31296296296296294 0.24114583333333334 0.4092592592592593 0.2864583333333333 0.4092592592592594
4 0.3854166666666667 0.13055555555555565 0.3484375 0.13055555555555562 0.3484375 0.21018518518518525 0.3854166666666667 0.21018518518518528
10 0.32447916666666665 0.42037037037037045 0.2875 0.42037037037037045 0.2875 0.4935185185185185 0.32447916666666665 0.4935185185185185
8 0.371875 0.338888888888889 0.3421875 0.338888888888889 0.3421875 0.3972222222222223 0.371875 0.3972222222222223
3 0.5083333333333333 0.6240740740740742 0.47760416666666666 0.6240740740740741 0.47760416666666666 0.6907407407407409 0.5083333333333333 0.690740740740741
0 0.3703125 0.5212962962962963 0.33177083333333335 0.5212962962962963 0.33177083333333335 0.5935185185185186 0.3703125 0.5935185185185186
5 0.5692708333333333 0.43425925925925934 0.5270833333333333 0.43425925925925934 0.5270833333333333 0.5111111111111113 0.5692708333333333 0.5111111111111113
3 0.5140625 0.5314814814814816 0.4828125 0.5314814814814814 0.4828125 0.5981481481481482 0.5140625 0.5981481481481483
3 0.5677083333333334 0.3361111111111112 0.5380208333333333 0.3361111111111112 0.5380208333333333 0.400925925925926 0.5677083333333334 0.400925925925926
11 0.3640625 0.7018518518518518 0.3223958333333333 0.7018518518518518 0.3223958333333333 0.7796296296296297 0.3640625 0.7796296296296297
1 0.6130208333333333 0.5212962962962965 0.5755208333333334 0.5212962962962965 0.5755208333333334 0.602777777777778 0.6130208333333333 0.602777777777778
5 0.678125 0.226851851851852 0.6364583333333333 0.226851851851852 0.6364583333333333 0.30833333333333346 0.678125 0.30833333333333346
3 0.46197916666666666 0.4407407407407408 0.43072916666666666 0.4407407407407408 0.43072916666666666 0.4962962962962963 0.46197916666666666 0.4962962962962963
2 0.6276041666666666 0.15000000000000013 0.5958333333333333 0.1500000000000001 0.5958333333333333 0.20833333333333345 0.6276041666666666 0.20833333333333348
6 0.509375 0.8148148148148149 0.4713541666666667 0.8148148148148148 0.47135416666666674 0.8944444444444446 0.5093750000000001 0.8944444444444447
7 0.2875 0.23240740740740745 0.24895833333333334 0.23240740740740745 0.24895833333333334 0.301851851851852 0.2875 0.301851851851852
2 0.6046875 0.7250000000000002 0.5708333333333333 0.7250000000000002 0.5708333333333333 0.7898148148148151 0.6046875 0.7898148148148151
8 0.27239583333333334 0.4296296296296297 0.24166666666666667 0.42962962962962964 0.2416666666666667 0.4824074074074074 0.27239583333333334 0.4824074074074074
1 0.28072916666666664 0.5074074074074074 0.2411458333333334 0.5074074074074074 0.2411458333333334 0.575925925925926 0.28072916666666664 0.575925925925926
2 0.6078125 0.6324074074074076 0.5739583333333333 0.6324074074074076 0.5739583333333333 0.690740740740741 0.6078125 0.690740740740741
13 0.6671875 0.5203703703703706 0.6197916666666666 0.5203703703703706 0.6197916666666666 0.6101851851851854 0.6671875 0.6101851851851854
9 0.6640625 0.4351851851851853 0.6302083333333334 0.4351851851851853 0.6302083333333334 0.4990740740740743 0.6640625 0.4990740740740743
10 0.7135416666666666 0.43796296296296305 0.6729166666666667 0.43796296296296305 0.6729166666666667 0.5111111111111113 0.7135416666666666 0.5111111111111113
9 0.6739583333333333 0.338888888888889 0.6380208333333334 0.338888888888889 0.6380208333333334 0.400925925925926 0.6739583333333333 0.400925925925926
0 0.6239583333333333 0.33703703703703713 0.5838541666666667 0.33703703703703713 0.5838541666666667 0.41203703703703715 0.6239583333333333 0.41203703703703715
11 0.37395833333333334 0.4166666666666668 0.334375 0.4166666666666668 0.334375 0.49166666666666664 0.37395833333333334 0.49166666666666664
3 0.5276041666666667 0.14537037037037048 0.49270833333333336 0.14537037037037048 0.49270833333333336 0.20555555555555566 0.5276041666666667 0.20555555555555566
2 0.47708333333333336 0.1351851851851853 0.44635416666666666 0.1351851851851853 0.44635416666666666 0.1962962962962964 0.47708333333333336 0.1962962962962964
2 0.46197916666666666 0.5305555555555556 0.4296875 0.5305555555555556 0.4296875 0.5916666666666667 0.46197916666666666 0.5916666666666667