1 0.6552083333333333 0.6638888888888891 0.6072916666666667 0.6638888888888891 0.6072916666666667 0.7564814814814816 0.6552083333333333 0.7564814814814816
5 0.6036458333333333 0.4962962962962965 0.553125 0.4962962962962965 0.553125 0.5925925925925928 0.6036458333333333 0.5925925925925928
1 0.6989583333333333 0.7018518518518521 0.6505208333333333 0.7018518518518521 0.6505208333333333 0.7944444444444446 0.6989583333333333 0.7944444444444446
10 0.3098958333333333 0.3398148148148149 0.2604166666666667 0.3398148148148149 0.2604166666666667 0.43333333333333346 0.3098958333333333 0.43333333333333346
7 0.571875 0.790740740740741 0.5234375 0.790740740740741 0.5234375000000001 0.8833333333333335 0.571875 0.8833333333333335
7 0.6635416666666667 0.4490740740740742 0.6135416666666667 0.4490740740740742 0.6135416666666667 0.5435185185185187 0.6635416666666667 0.5435185185185187
4 0.4192708333333333 0.5462962962962963 0.3692708333333333 0.5462962962962963 0.3692708333333333 0.6425925925925926 0.4192708333333333 0.6425925925925926
9 0.3776041666666667 0.3037037037037038 0.3380208333333333 0.3037037037037038 0.3380208333333333 0.3814814814814816 0.3776041666666667 0.3814814814814816
11 0.7239583333333334 0.6175925925925928 0.6765625 0.6175925925925928 0.6765625 0.7120370370370372 0.7239583333333334 0.7120370370370372
11 0.6760416666666667 0.7796296296296299 0.6286458333333333 0.7796296296296299 0.6286458333333333 0.8731481481481483 0.6760416666666667 0.8731481481481483
3 0.6057291666666667 0.8416666666666669 0.565625 0.8416666666666669 0.565625 0.9194444444444446 0.6057291666666667 0.9194444444444446
12 0.625 0.6092592592592595 0.5651041666666666 0.6092592592592595 0.5651041666666666 0.7231481481481483 0.625 0.7231481481481483
4 0.46875 0.37962962962962976 0.4197916666666667 0.37962962962962976 0.4197916666666667 0.4740740740740741 0.46875 0.4740740740740741
3 0.5880208333333333 0.7194444444444447 0.5484375 0.7194444444444447 0.5484375 0.7972222222222224 0.5880208333333333 0.7972222222222224
0 0.28489583333333335 0.43240740740740746 0.23645833333333338 0.4324074074074074 0.23645833333333338 0.5268518518518519 0.28489583333333335 0.5268518518518519
2 0.3692708333333333 0.5092592592592593 0.32916666666666666 0.5092592592592593 0.32916666666666666 0.5879629629629629 0.3692708333333333 0.5879629629629629
6 0.44635416666666666 0.2462962962962964 0.39739583333333334 0.2462962962962964 0.39739583333333334 0.34074074074074084 0.44635416666666666 0.34074074074074084
2 0.39375 0.21851851851851858 0.3546875 0.21851851851851858 0.3546875 0.2935185185185186 0.39375 0.2935185185185186
3 0.7041666666666667 0.5064814814814816 0.6651041666666667 0.5064814814814816 0.6651041666666667 0.5824074074074076 0.7041666666666667 0.5824074074074076
2 0.43697916666666664 0.4685185185185186 0.396875 0.4685185185185186 0.396875 0.5462962962962963 0.43697916666666664 0.5462962962962963
3 0.565625 0.5972222222222224 0.5260416666666666 0.5972222222222224 0.5260416666666666 0.6759259259259262 0.565625 0.6759259259259262
10 0.35260416666666666 0.37962962962962976 0.3 0.37962962962962976 0.3 0.4787037037037037 0.35260416666666666 0.4787037037037037
8 0.6317708333333333 0.7546296296296299 0.59375 0.7546296296296299 0.59375 0.8296296296296298 0.6317708333333333 0.8296296296296298
8 0.6796875 0.589814814814815 0.640625 0.589814814814815 0.640625 0.6648148148148151 0.6796875 0.6648148148148151
9 0.325 0.48055555555555557 0.28541666666666665 0.48055555555555557 0.28541666666666665 0.5601851851851852 0.325 0.5601851851851852
13 0.40260416666666665 0.4092592592592594 0.34010416666666665 0.4092592592592594 0.34010416666666665 0.5268518518518519 0.40260416666666665 0.5268518518518519
5 0.5510416666666667 0.6722222222222224 0.5015625 0.6722222222222224 0.5015625 0.7666666666666668 0.5510416666666667 0.7666666666666668
0 0.33125 0.25462962962962976 0.28177083333333336 0.25462962962962976 0.28177083333333336 0.3500000000000001 0.33125 0.3500000000000001
2 0.41875 0.3351851851851853 0.3770833333333333 0.3351851851851853 0.3770833333333333 0.41018518518518526 0.41875 0.41018518518518526
6 0.346875 0.5944444444444444 0.29270833333333335 0.5944444444444444 0.29270833333333335 0.6888888888888889 0.346875 0.6888888888888889
3 0.6380208333333334 0.5444444444444446 0.596875 0.5444444444444446 0.596875 0.6212962962962965 0.6380208333333334 0.6212962962962965
2 0.2989583333333333 0.5592592592592592 0.2588541666666667 0.5592592592592592 0.2588541666666667 0.6305555555555555 0.2989583333333333 0.6305555555555555