11 0.3984375 0.2564814814814816 0.35520833333333335 0.2564814814814816 0.35520833333333335 0.338888888888889 0.3984375 0.338888888888889
12 0.61875 0.5101851851851854 0.5614583333333333 0.5101851851851854 0.5614583333333333 0.6175925925925928 0.61875 0.6175925925925928
11 0.3807291666666667 0.1537037037037038 0.3380208333333333 0.15370370370370376 0.3380208333333333 0.23518518518518527 0.3807291666666667 0.2351851851851853
6 0.5515625 0.565740740740741 0.5057291666666667 0.565740740740741 0.5057291666666667 0.651851851851852 0.5515625 0.651851851851852
4 0.5723958333333333 0.6833333333333336 0.5270833333333333 0.6833333333333336 0.5270833333333333 0.7685185185185187 0.5723958333333333 0.7685185185185187
7 0.35572916666666665 0.41944444444444456 0.3109375 0.41944444444444456 0.3109375 0.5046296296296297 0.35572916666666665 0.5046296296296297
10 0.5739583333333333 0.4824074074074076 0.5276041666666667 0.4824074074074076 0.5276041666666667 0.5703703703703705 0.5739583333333333 0.5703703703703705
7 0.4401041666666667 0.09907407407407416 0.396875 0.09907407407407415 0.396875 0.18055555555555566 0.4401041666666667 0.18055555555555566
1 0.3765625 0.34074074074074084 0.3328125 0.34074074074074084 0.3328125 0.4231481481481483 0.3765625 0.4231481481481483
5 0.4015625 0.07407407407407415 0.35885416666666664 0.07407407407407415 0.35885416666666664 0.15555555555555564 0.4015625 0.15555555555555567
4 0.659375 0.34259259259259267 0.6145833333333334 0.34259259259259267 0.6145833333333334 0.426851851851852 0.659375 0.426851851851852
0 0.53125 0.6481481481481484 0.48489583333333336 0.6481481481481484 0.48489583333333336 0.7342592592592595 0.53125 0.7342592592592595
9 0.3572916666666667 0.23981481481481493 0.3229166666666667 0.23981481481481493 0.3229166666666667 0.3064814814814816 0.3572916666666667 0.3064814814814816
8 0.5890625 0.6111111111111113 0.5526041666666667 0.6111111111111113 0.5526041666666667 0.6796296296296298 0.5890625 0.6796296296296298
10 0.5973958333333333 0.4000000000000001 0.5510416666666667 0.4000000000000001 0.5510416666666667 0.4861111111111113 0.5973958333333333 0.4861111111111113
8 0.6302083333333334 0.4407407407407408 0.59375 0.4407407407407408 0.59375 0.5101851851851854 0.6302083333333334 0.5101851851851854
2 0.4822916666666667 0.6324074074074074 0.44583333333333336 0.6324074074074074 0.44583333333333336 0.7 0.4822916666666667 0.7
6 0.6171875 0.3111111111111112 0.571875 0.3111111111111112 0.571875 0.3962962962962964 0.6171875 0.3962962962962964
3 0.43125 0.29722222222222233 0.3963541666666667 0.29722222222222233 0.3963541666666667 0.3648148148148149 0.43125 0.3648148148148149
3 0.36666666666666664 0.5407407407407407 0.33229166666666665 0.5407407407407407 0.33229166666666665 0.6055555555555555 0.36666666666666664 0.6055555555555555
2 0.5541666666666667 0.37314814814814823 0.5177083333333333 0.37314814814814823 0.5177083333333333 0.4407407407407408 0.5541666666666667 0.4407407407407408
2 0.528125 0.4611111111111112 0.4921875 0.4611111111111112 0.4921875 0.5287037037037039 0.528125 0.5287037037037039
9 0.3151041666666667 0.39814814814814825 0.28020833333333334 0.39814814814814825 0.28020833333333334 0.46574074074074084 0.3151041666666667 0.46574074074074084
13 0.34322916666666664 0.30092592592592604 0.2911458333333333 0.30092592592592604 0.2911458333333333 0.39814814814814825 0.34322916666666664 0.39814814814814825
3 0.4515625 0.2074074074074075 0.415625 0.2074074074074075 0.415625 0.275925925925926 0.4515625 0.275925925925926
2 0.5723958333333333 0.288888888888889 0.5359375 0.288888888888889 0.5359375 0.3574074074074075 0.5723958333333333 0.3574074074074075
0 0.6791666666666667 0.25740740740740753 0.634375 0.25740740740740753 0.634375 0.34074074074074084 0.6791666666666667 0.34074074074074084
1 0.41875 0.18333333333333343 0.37552083333333336 0.18333333333333343 0.37552083333333336 0.26574074074074083 0.41875 0.26574074074074083
3 0.3859375 0.4611111111111112 0.3515625 0.4611111111111112 0.3515625 0.5259259259259259 0.3859375 0.5259259259259259
2 0.50625 0.5500000000000002 0.46979166666666666 0.55 0.46979166666666666 0.6185185185185186 0.50625 0.6185185185185187
3 0.40677083333333336 0.3750000000000001 0.371875 0.3750000000000001 0.371875 0.4407407407407408 0.40677083333333336 0.4407407407407408
5 0.2989583333333333 0.4777777777777778 0.25625000000000003 0.4777777777777778 0.25625000000000003 0.5592592592592592 0.2989583333333333 0.5592592592592592