12 0.496875 0.6305555555555556 0.43333333333333335 0.6305555555555555 0.43333333333333335 0.7435185185185186 0.496875 0.7435185185185187
2 0.678125 0.6814814814814817 0.6364583333333333 0.6814814814814817 0.6364583333333333 0.7546296296296299 0.678125 0.7546296296296299
7 0.36302083333333335 0.7129629629629629 0.31197916666666664 0.7129629629629629 0.31197916666666664 0.8037037037037037 0.36302083333333335 0.8037037037037037
11 0.3411458333333333 0.25555555555555565 0.2890625 0.25555555555555565 0.2890625 0.3462962962962964 0.3411458333333333 0.3462962962962964
7 0.6875 0.5416666666666669 0.6338541666666667 0.5416666666666669 0.6338541666666667 0.6351851851851854 0.6875 0.6351851851851854
4 0.5546875 0.7324074074074076 0.5005208333333333 0.7324074074074076 0.5005208333333333 0.8287037037037039 0.5546875 0.8287037037037039
5 0.753125 0.4851851851851854 0.7 0.4851851851851854 0.7 0.5805555555555557 0.753125 0.5805555555555557
3 0.26406250000000003 0.4453703703703704 0.22083333333333338 0.44537037037037036 0.22083333333333338 0.5231481481481481 0.26406250000000003 0.5231481481481481
6 0.3359375 0.5740740740740741 0.2833333333333333 0.5740740740740741 0.2833333333333333 0.6675925925925926 0.3359375 0.6675925925925926
9 0.415625 0.575925925925926 0.3729166666666667 0.575925925925926 0.3729166666666667 0.6527777777777778 0.415625 0.6527777777777778
4 0.5333333333333333 0.08611111111111122 0.4796875 0.08611111111111122 0.4796875 0.18055555555555566 0.5333333333333333 0.18055555555555566
5 0.6052083333333333 0.5287037037037039 0.5510416666666667 0.5287037037037039 0.5510416666666667 0.6259259259259261 0.6052083333333333 0.6259259259259261
2 0.46145833333333347 0.8638888888888889 0.4187500000000001 0.8638888888888889 0.4187500000000001 0.9398148148148148 0.46145833333333347 0.9398148148148148
8 0.45625 0.562037037037037 0.4125 0.562037037037037 0.4125 0.6398148148148148 0.45625 0.6398148148148148
3 0.6838541666666667 0.40833333333333344 0.6416666666666667 0.40833333333333344 0.6416666666666667 0.48425925925925944 0.6838541666666667 0.48425925925925944
3 0.6229166666666667 0.6407407407407409 0.5807291666666666 0.6407407407407409 0.5807291666666666 0.7138888888888891 0.6229166666666667 0.7138888888888891
10 0.40520833333333334 0.4703703703703705 0.353125 0.4703703703703705 0.353125 0.562037037037037 0.40520833333333334 0.562037037037037
2 0.5588541666666667 0.19537037037037047 0.5151041666666667 0.19537037037037047 0.5151041666666667 0.27314814814814825 0.5588541666666667 0.27314814814814825
6 0.5109375 0.2824074074074075 0.45729166666666665 0.2824074074074075 0.45729166666666665 0.3777777777777779 0.5109375 0.3777777777777779
11 0.5489583333333333 0.877777777777778 0.49843750000000014 0.877777777777778 0.49843750000000014 0.9666666666666667 0.5489583333333333 0.9666666666666667
0 0.6338541666666667 0.43796296296296305 0.5817708333333333 0.43796296296296305 0.5817708333333333 0.5305555555555558 0.6338541666666667 0.5305555555555558
8 0.6296875 0.23703703703703713 0.5869791666666667 0.23703703703703713 0.5869791666666667 0.31296296296296305 0.6296875 0.31296296296296305
0 0.571875 0.6055555555555557 0.515625 0.6055555555555557 0.515625 0.7037037037037039 0.571875 0.7037037037037039
3 0.4552083333333333 0.4601851851851853 0.4125 0.4601851851851853 0.4125 0.5370370370370371 0.4552083333333333 0.5370370370370371
3 0.6197916666666666 0.7805555555555558 0.578125 0.7805555555555558 0.578125 0.852777777777778 0.6197916666666666 0.852777777777778
9 0.340625 0.46944444444444455 0.2989583333333333 0.46944444444444455 0.2989583333333333 0.5435185185185185 0.340625 0.5435185185185185
10 0.45416666666666666 0.7398148148148148 0.39947916666666666 0.7398148148148148 0.39947916666666666 0.8361111111111111 0.45416666666666666 0.8361111111111111
13 0.42291666666666666 0.29907407407407416 0.35885416666666664 0.29907407407407416 0.35885416666666664 0.4111111111111112 0.42291666666666666 0.4111111111111112
2 0.5359375 0.4611111111111112 0.490625 0.4611111111111112 0.490625 0.5388888888888891 0.5359375 0.5388888888888891
1 0.5807291666666666 0.3453703703703705 0.5270833333333333 0.3453703703703705 0.5270833333333333 0.438888888888889 0.5807291666666666 0.438888888888889
1 0.45260416666666664 0.1712962962962964 0.39791666666666664 0.1712962962962964 0.39791666666666664 0.2666666666666668 0.45260416666666664 0.2666666666666668
2 0.4703125 0.37222222222222234 0.43072916666666666 0.37222222222222234 0.43072916666666666 0.44166666666666676 0.4703125 0.44166666666666676