5 0.6348958333333333 0.7268518518518521 0.5947916666666667 0.7268518518518521 0.5947916666666667 0.7870370370370372 0.6348958333333333 0.7870370370370372
1 0.46041666666666664 0.0462962962962964 0.42135416666666664 0.04629629629629639 0.42135416666666664 0.1037037037037038 0.46041666666666664 0.10370370370370381
7 0.7328125 0.5481481481481484 0.6921875 0.5481481481481484 0.6921875 0.6055555555555557 0.7328125 0.6055555555555557
11 0.35208333333333336 0.21481481481481488 0.31302083333333336 0.21481481481481488 0.31302083333333336 0.27314814814814825 0.35208333333333336 0.27314814814814825
6 0.6208333333333333 0.19351851851851865 0.5807291666666666 0.19351851851851862 0.5807291666666666 0.26481481481481495 0.6208333333333333 0.26481481481481495
2 0.4088541666666667 0.6564814814814814 0.37552083333333336 0.6564814814814814 0.37552083333333336 0.7027777777777777 0.4088541666666667 0.7027777777777777
9 0.5197916666666667 0.727777777777778 0.4859375 0.727777777777778 0.4859375 0.7851851851851854 0.5197916666666667 0.7851851851851854
7 0.6145833333333334 0.03240740740740754 0.5744791666666667 0.03240740740740754 0.5744791666666667 0.08888888888888902 0.6145833333333334 0.08888888888888902
4 0.675 0.19907407407407424 0.6359375 0.19907407407407424 0.6359375 0.2583333333333334 0.675 0.2583333333333334
4 0.5713541666666667 0.4666666666666668 0.5296875 0.4666666666666668 0.5296875 0.5250000000000002 0.5713541666666667 0.5250000000000002
13 0.46979166666666666 0.725925925925926 0.42083333333333334 0.725925925925926 0.42083333333333334 0.8009259259259259 0.46979166666666666 0.8009259259259259
3 0.4046875 0.47685185185185186 0.37083333333333335 0.47685185185185186 0.37083333333333335 0.524074074074074 0.4046875 0.524074074074074
3 0.45729166666666665 0.4777777777777778 0.4239583333333333 0.4777777777777778 0.4239583333333333 0.525 0.45729166666666665 0.525
3 0.5072916666666667 0.3712962962962964 0.4739583333333333 0.3712962962962964 0.4739583333333333 0.41944444444444456 0.5072916666666667 0.41944444444444456
2 0.6791666666666667 0.6425925925925928 0.646875 0.6425925925925928 0.646875 0.6888888888888891 0.6791666666666667 0.6888888888888891
12 0.5651041666666666 0.02962962962962975 0.5171875 0.02962962962962975 0.5171875 0.10092592592592604 0.5651041666666666 0.10092592592592606
8 0.559375 0.20555555555555566 0.5265625 0.20555555555555566 0.5265625 0.25185185185185194 0.559375 0.25185185185185194
2 0.6760416666666667 0.37407407407407417 0.6432291666666666 0.37407407407407417 0.6432291666666666 0.4212962962962964 0.6760416666666667 0.4212962962962964
3 0.5666666666666667 0.552777777777778 0.5338541666666666 0.552777777777778 0.5338541666666666 0.6009259259259261 0.5666666666666667 0.6009259259259261
9 0.5739583333333333 0.7342592592592595 0.5395833333333333 0.7342592592592595 0.5395833333333333 0.7879629629629632 0.5739583333333333 0.7879629629629632
3 0.675 0.4611111111111112 0.6416666666666667 0.4611111111111112 0.6416666666666667 0.5074074074074076 0.675 0.5074074074074076
10 0.5114583333333333 0.12222222222222233 0.47239583333333335 0.12222222222222233 0.47239583333333335 0.18055555555555566 0.5114583333333333 0.18055555555555566
0 0.45729166666666665 0.2074074074074075 0.4166666666666667 0.2074074074074075 0.4166666666666667 0.2675925925925927 0.45729166666666665 0.2675925925925927
2 0.3541666666666667 0.6583333333333333 0.32135416666666666 0.6583333333333333 0.32135416666666666 0.7055555555555556 0.3541666666666667 0.7055555555555556
6 0.29739583333333336 0.4842592592592593 0.25625000000000003 0.4842592592592593 0.25625000000000003 0.5453703703703704 0.29739583333333336 0.5453703703703704
2 0.45677083333333335 0.3814814814814816 0.4239583333333333 0.3814814814814816 0.4239583333333333 0.42962962962962975 0.45677083333333335 0.42962962962962975
0 0.571875 0.6398148148148151 0.5322916666666667 0.6398148148148151 0.5322916666666667 0.6990740740740743 0.571875 0.6990740740740743
1 0.46510416666666665 0.6388888888888888 0.42552083333333335 0.6388888888888888 0.42552083333333335 0.7027777777777777 0.46510416666666665 0.7027777777777777
10 0.5203125000000001 0.8120370370370371 0.4791666666666667 0.812037037037037 0.47916666666666674 0.8722222222222223 0.5203125000000001 0.8722222222222225
5 0.5140625 0.5462962962962964 0.47552083333333334 0.5462962962962963 0.47552083333333334 0.6175925925925927 0.5140625 0.6175925925925928
11 0.5130208333333334 0.2027777777777779 0.4734375 0.2027777777777779 0.4734375 0.263888888888889 0.5130208333333334 0.263888888888889
8 0.503125 0.03703703703703714 0.4734375 0.03703703703703714 0.4734375 0.08240740740740751 0.503125 0.08240740740740751