4 0.4979166666666668 0.8712962962962963 0.4583333333333334 0.8712962962962963 0.4583333333333334 0.9324074074074075 0.4979166666666668 0.9324074074074076
6 0.6020833333333333 0.8564814814814817 0.5640625 0.8564814814814817 0.5640625 0.9166666666666669 0.6020833333333333 0.9166666666666669
2 0.39895833333333336 0.11388888888888897 0.3703125 0.11388888888888897 0.3703125 0.15925925925925938 0.39895833333333336 0.15925925925925938
2 0.6229166666666667 0.16851851851851865 0.5927083333333333 0.16851851851851862 0.5927083333333333 0.21574074074074087 0.6229166666666667 0.2157407407407409
7 0.5270833333333333 0.34444444444444455 0.48854166666666665 0.34444444444444455 0.48854166666666665 0.4037037037037038 0.5270833333333333 0.4037037037037038
2 0.3489583333333333 0.1231481481481482 0.31979166666666664 0.1231481481481482 0.31979166666666664 0.1694444444444445 0.3489583333333333 0.1694444444444445
2 0.40572916666666664 0.19166666666666676 0.37604166666666666 0.19166666666666676 0.37604166666666666 0.23888888888888898 0.40572916666666664 0.23888888888888898
3 0.6552083333333333 0.7666666666666668 0.6239583333333333 0.7666666666666668 0.6239583333333333 0.8138888888888891 0.6552083333333333 0.8138888888888891
11 0.5171875 0.0925925925925927 0.4791666666666667 0.0925925925925927 0.4791666666666667 0.15277777777777787 0.5171875 0.15277777777777787
7 0.575 0.163888888888889 0.5369791666666667 0.163888888888889 0.5369791666666667 0.22222222222222232 0.575 0.22222222222222232
9 0.5109375 0.1740740740740742 0.48072916666666665 0.1740740740740742 0.48072916666666665 0.21944444444444455 0.5109375 0.21944444444444455
5 0.5619791666666667 0.08611111111111124 0.5244791666666667 0.08611111111111122 0.5244791666666667 0.14444444444444454 0.5619791666666667 0.14444444444444454
0 0.5494791666666666 0.777777777777778 0.5104166666666666 0.777777777777778 0.5104166666666666 0.8388888888888891 0.5494791666666666 0.8388888888888891
3 0.38645833333333346 0.8814814814814815 0.35520833333333346 0.8814814814814815 0.35520833333333346 0.9296296296296296 0.38645833333333346 0.9296296296296296
4 0.5411458333333333 0.6916666666666669 0.503125 0.6916666666666669 0.503125 0.752777777777778 0.5411458333333333 0.752777777777778
2 0.6213541666666667 0.08240740740740754 0.5916666666666667 0.08240740740740754 0.5916666666666667 0.13055555555555567 0.6213541666666667 0.1305555555555557
5 0.5755208333333334 0.24444444444444455 0.5375 0.24444444444444455 0.5375 0.3064814814814816 0.5755208333333334 0.3064814814814816
1 0.46875 0.26296296296296306 0.43125 0.26296296296296306 0.43125 0.3212962962962964 0.46875 0.3212962962962964
1 0.46197916666666666 0.10555555555555567 0.425 0.10555555555555567 0.425 0.163888888888889 0.46197916666666666 0.163888888888889
13 0.46822916666666664 0.1787037037037038 0.42239583333333336 0.1787037037037038 0.42239583333333336 0.2500000000000001 0.46822916666666664 0.2500000000000001
10 0.5505208333333333 0.8694444444444447 0.5114583333333335 0.8694444444444447 0.5114583333333335 0.9305555555555558 0.5505208333333333 0.9305555555555558
11 0.5229166666666667 0.25092592592592605 0.484375 0.25092592592592605 0.484375 0.3157407407407408 0.5229166666666667 0.3157407407407408
6 0.5369791666666667 0.6018518518518521 0.4979166666666667 0.6018518518518521 0.4979166666666667 0.6722222222222224 0.5369791666666667 0.6722222222222224
8 0.48489583333333336 0.7064814814814816 0.45 0.7064814814814815 0.45 0.7583333333333334 0.48489583333333336 0.7583333333333335
0 0.5958333333333333 0.6787037037037039 0.5541666666666667 0.6787037037037039 0.5541666666666667 0.7444444444444447 0.5958333333333333 0.7444444444444447
3 0.6567708333333333 0.8583333333333335 0.628125 0.8583333333333335 0.628125 0.9064814814814817 0.6567708333333333 0.9064814814814817
10 0.49322916666666666 0.7870370370370371 0.453125 0.7870370370370371 0.453125 0.8546296296296297 0.49322916666666666 0.8546296296296299
3 0.43385416666666665 0.7935185185185185 0.39791666666666664 0.7935185185185185 0.39791666666666664 0.8462962962962963 0.43385416666666665 0.8462962962962963
3 0.4343750000000001 0.8805555555555555 0.40468750000000014 0.8805555555555555 0.40468750000000014 0.9314814814814815 0.4343750000000001 0.9314814814814815
12 0.6078125 0.7592592592592595 0.5619791666666667 0.7592592592592595 0.5619791666666667 0.8333333333333336 0.6078125 0.8333333333333336