0 0.3927083333333333 0.5314814814814814 0.35052083333333334 0.5314814814814814 0.35052083333333334 0.6064814814814815 0.3927083333333333 0.6064814814814815
7 0.6671875 0.24166666666666678 0.6234375 0.24166666666666678 0.6234375 0.31851851851851865 0.6671875 0.31851851851851865
5 0.7151041666666667 0.2675925925925927 0.6703125 0.2675925925925927 0.6703125 0.3453703703703705 0.7151041666666667 0.3453703703703705
7 0.61875 0.5842592592592595 0.5744791666666667 0.5842592592592595 0.5744791666666667 0.6629629629629632 0.61875 0.6629629629629632
4 0.35104166666666664 0.5092592592592593 0.3098958333333333 0.5092592592592593 0.3098958333333333 0.5824074074074074 0.35104166666666664 0.5824074074074074
0 0.4119791666666667 0.10740740740740749 0.37135416666666665 0.10740740740740749 0.37135416666666665 0.1787037037037038 0.4119791666666667 0.1787037037037038
9 0.659375 0.6203703703703706 0.6239583333333333 0.6203703703703706 0.6239583333333333 0.6814814814814817 0.659375 0.6814814814814817
12 0.378125 0.3462962962962964 0.32760416666666664 0.3462962962962964 0.32760416666666664 0.43796296296296305 0.378125 0.43796296296296305
1 0.6302083333333334 0.49814814814814834 0.5859375 0.49814814814814834 0.5859375 0.5750000000000002 0.6302083333333334 0.5750000000000002
11 0.7026041666666667 0.35462962962962974 0.6572916666666667 0.35462962962962974 0.6572916666666667 0.4324074074074075 0.7026041666666667 0.4324074074074075
3 0.609375 0.30462962962962975 0.5739583333333333 0.30462962962962975 0.5739583333333333 0.36574074074074087 0.609375 0.36574074074074087
8 0.38333333333333336 0.27962962962962973 0.35052083333333334 0.27962962962962973 0.35052083333333334 0.338888888888889 0.38333333333333336 0.338888888888889
13 0.6822916666666666 0.5157407407407409 0.628125 0.5157407407407409 0.628125 0.6092592592592595 0.6822916666666666 0.6092592592592595
9 0.6833333333333333 0.44537037037037047 0.6484375 0.44537037037037047 0.6484375 0.5064814814814816 0.6833333333333333 0.5064814814814816
11 0.6427083333333333 0.4074074074074075 0.5989583333333334 0.4074074074074075 0.5989583333333334 0.4851851851851854 0.6427083333333333 0.4851851851851854
3 0.5927083333333333 0.39444444444444454 0.5578125 0.39444444444444454 0.5578125 0.4564814814814816 0.5927083333333333 0.4564814814814816
5 0.646875 0.702777777777778 0.603125 0.702777777777778 0.603125 0.7805555555555558 0.646875 0.7805555555555558
4 0.39895833333333336 0.18425925925925934 0.3578125 0.18425925925925932 0.3578125 0.25740740740740753 0.39895833333333336 0.25740740740740753
3 0.5848958333333333 0.4805555555555558 0.5494791666666666 0.4805555555555558 0.5494791666666666 0.5416666666666669 0.5848958333333333 0.5416666666666669
10 0.4161458333333333 0.37037037037037046 0.3729166666666667 0.37037037037037046 0.3729166666666667 0.4462962962962964 0.4161458333333333 0.4462962962962964
6 0.44114583333333335 0.20462962962962974 0.39895833333333336 0.20462962962962974 0.39895833333333336 0.2777777777777779 0.44114583333333335 0.2777777777777779
2 0.45364583333333336 0.400925925925926 0.4192708333333333 0.400925925925926 0.4192708333333333 0.4601851851851853 0.45364583333333336 0.4601851851851853
10 0.425 0.2879629629629631 0.38333333333333336 0.2879629629629631 0.38333333333333336 0.3611111111111112 0.425 0.3611111111111112
2 0.46197916666666666 0.31203703703703717 0.43020833333333336 0.31203703703703717 0.43020833333333336 0.36851851851851863 0.46197916666666666 0.36851851851851863
2 0.4395833333333333 0.487962962962963 0.40520833333333334 0.487962962962963 0.40520833333333334 0.5481481481481482 0.4395833333333333 0.5481481481481482
1 0.6536458333333334 0.32870370370370383 0.6098958333333333 0.32870370370370383 0.6098958333333333 0.4064814814814816 0.6536458333333334 0.4064814814814816
2 0.42864583333333334 0.5731481481481482 0.3953125 0.5731481481481482 0.3953125 0.6324074074074074 0.42864583333333334 0.6324074074074074
3 0.5697916666666667 0.5675925925925928 0.5348958333333333 0.5675925925925928 0.5348958333333333 0.6287037037037039 0.5697916666666667 0.6287037037037039
2 0.47760416666666666 0.23333333333333345 0.44427083333333334 0.23333333333333345 0.44427083333333334 0.29074074074074086 0.47760416666666666 0.29074074074074086
8 0.35833333333333334 0.43703703703703717 0.32447916666666665 0.43703703703703717 0.32447916666666665 0.49722222222222223 0.35833333333333334 0.49722222222222223
6 0.4046875 0.45185185185185195 0.3625 0.45185185185185195 0.3625 0.5259259259259259 0.4046875 0.5259259259259259
3 0.55625 0.6500000000000002 0.521875 0.6500000000000002 0.521875 0.7111111111111114 0.55625 0.7111111111111114