12 0.5338541666666666 0.7046296296296298 0.490625 0.7046296296296298 0.490625 0.7796296296296299 0.5338541666666666 0.7796296296296299
7 0.446875 0.2537037037037038 0.41354166666666664 0.2537037037037038 0.41354166666666664 0.31203703703703717 0.446875 0.31203703703703717
10 0.5776041666666667 0.6203703703703706 0.54375 0.6203703703703706 0.54375 0.6824074074074076 0.5776041666666667 0.6824074074074076
11 0.5463541666666667 0.23333333333333345 0.5135416666666667 0.23333333333333345 0.5135416666666667 0.29074074074074086 0.5463541666666667 0.29074074074074086
6 0.6291666666666667 0.602777777777778 0.5963541666666666 0.602777777777778 0.5963541666666666 0.6648148148148151 0.6291666666666667 0.6648148148148151
6 0.47708333333333336 0.6398148148148148 0.4432291666666667 0.6398148148148148 0.4432291666666667 0.7027777777777777 0.47708333333333336 0.7027777777777777
1 0.49583333333333335 0.24351851851851863 0.4630208333333333 0.24351851851851863 0.4630208333333333 0.301851851851852 0.49583333333333335 0.301851851851852
11 0.5854166666666667 0.1490740740740742 0.553125 0.1490740740740742 0.553125 0.20555555555555566 0.5854166666666667 0.20555555555555566
7 0.640625 0.2120370370370372 0.6088541666666667 0.2120370370370372 0.6088541666666667 0.2685185185185186 0.640625 0.2685185185185186
10 0.5265625 0.6287037037037039 0.49322916666666666 0.6287037037037039 0.49322916666666666 0.690740740740741 0.5265625 0.690740740740741
2 0.5171875 0.5546296296296298 0.49166666666666664 0.5546296296296298 0.49166666666666664 0.602777777777778 0.5171875 0.602777777777778
4 0.6348958333333333 0.6870370370370372 0.6020833333333333 0.6870370370370372 0.6020833333333333 0.7462962962962965 0.6348958333333333 0.7462962962962965
2 0.4640625 0.5703703703703704 0.43802083333333336 0.5703703703703704 0.43802083333333336 0.6185185185185185 0.4640625 0.6185185185185185
3 0.5453125 0.31481481481481494 0.5203125 0.31481481481481494 0.5203125 0.3611111111111112 0.5453125 0.3611111111111112
5 0.6333333333333333 0.1379629629629631 0.6005208333333333 0.13796296296296306 0.6005208333333333 0.1953703703703705 0.6333333333333333 0.19537037037037053
0 0.6854166666666667 0.6703703703703706 0.6510416666666666 0.6703703703703706 0.6510416666666666 0.7314814814814817 0.6854166666666667 0.7314814814814817
3 0.44635416666666666 0.33240740740740754 0.42083333333333334 0.33240740740740754 0.42083333333333334 0.37962962962962976 0.44635416666666666 0.37962962962962976
9 0.4390625 0.18611111111111123 0.41302083333333334 0.18611111111111123 0.41302083333333334 0.23333333333333345 0.4390625 0.23333333333333345
8 0.47604166666666664 0.7324074074074074 0.4505208333333333 0.7324074074074074 0.4505208333333333 0.7814814814814814 0.47604166666666664 0.7814814814814814
3 0.39947916666666666 0.3462962962962964 0.3734375 0.3462962962962964 0.3734375 0.3916666666666668 0.39947916666666666 0.3916666666666668
3 0.5984375 0.29722222222222233 0.571875 0.29722222222222233 0.571875 0.34444444444444455 0.5984375 0.34444444444444455
4 0.43072916666666666 0.7379629629629629 0.396875 0.7379629629629629 0.396875 0.7972222222222223 0.43072916666666666 0.7972222222222223
2 0.41302083333333334 0.5768518518518518 0.38645833333333335 0.5768518518518518 0.38645833333333335 0.6259259259259259 0.41302083333333334 0.6259259259259259
3 0.4973958333333333 0.3175925925925927 0.4713541666666667 0.3175925925925927 0.4713541666666667 0.3648148148148149 0.4973958333333333 0.3648148148148149
1 0.590625 0.22407407407407418 0.5583333333333333 0.22407407407407418 0.5583333333333333 0.2814814814814816 0.590625 0.2814814814814816
8 0.5770833333333333 0.7037037037037039 0.5510416666666667 0.7037037037037039 0.5510416666666667 0.7518518518518521 0.5770833333333333 0.7518518518518521
2 0.5713541666666667 0.5472222222222224 0.5447916666666667 0.5472222222222224 0.5447916666666667 0.5953703703703705 0.5713541666666667 0.5953703703703705
2 0.6192708333333333 0.5305555555555558 0.5927083333333333 0.5305555555555558 0.5927083333333333 0.5787037037037039 0.6192708333333333 0.5787037037037039
0 0.4270833333333333 0.6537037037037037 0.39375 0.6537037037037037 0.39375 0.7148148148148148 0.4270833333333333 0.7148148148148148
13 0.4953125 0.16203703703703715 0.4557291666666667 0.16203703703703715 0.4557291666666667 0.23055555555555565 0.4953125 0.23055555555555565
5 0.39166666666666666 0.19537037037037044 0.35885416666666664 0.19537037037037042 0.35885416666666664 0.2537037037037038 0.39166666666666666 0.2537037037037038
9 0.5364583333333334 0.16666666666666677 0.5098958333333333 0.16666666666666677 0.5098958333333333 0.21296296296296308 0.5364583333333334 0.21296296296296308