0 0.5140625000000001 0.9351851851851853 0.48072916666666676 0.9351851851851852 0.48072916666666676 0.9944444444444445 0.5140625000000001 0.9944444444444445
5 0.5104166666666666 0.05740740740740751 0.4796875 0.05740740740740751 0.4796875 0.11296296296296307 0.5104166666666666 0.11296296296296307
10 0.7677083333333333 0.5333333333333335 0.7348958333333333 0.5333333333333335 0.7348958333333333 0.5925925925925928 0.7677083333333333 0.5925925925925928
7 0.5666666666666667 0.15462962962962973 0.534375 0.15462962962962973 0.534375 0.20925925925925937 0.5666666666666667 0.20925925925925937
7 0.3729166666666667 0.49722222222222223 0.3416666666666667 0.49722222222222223 0.3416666666666667 0.5527777777777778 0.3729166666666667 0.5527777777777778
3 0.48541666666666666 0.3870370370370371 0.459375 0.3870370370370371 0.459375 0.4314814814814816 0.48541666666666666 0.4314814814814816
3 0.41510416666666666 0.5009259259259259 0.39010416666666664 0.5009259259259259 0.39010416666666664 0.5453703703703704 0.41510416666666666 0.5453703703703704
2 0.6432291666666666 0.43703703703703717 0.6171875 0.43703703703703717 0.6171875 0.48333333333333356 0.6432291666666666 0.48333333333333356
8 0.6901041666666666 0.6601851851851854 0.6635416666666667 0.6601851851851854 0.6635416666666667 0.7064814814814817 0.6901041666666666 0.7064814814814817
2 0.5697916666666667 0.5546296296296298 0.5442708333333334 0.5546296296296298 0.5442708333333334 0.6009259259259261 0.5697916666666667 0.6009259259259261
9 0.37447916666666664 0.28055555555555567 0.35 0.28055555555555567 0.35 0.3240740740740742 0.37447916666666664 0.3240740740740742
1 0.5453125 0.008333333333333448 0.5140625 0.008333333333333446 0.5140625 0.06296296296296308 0.5453125 0.0629629629629631
3 0.5567708333333333 0.2712962962962964 0.5317708333333333 0.2712962962962964 0.5317708333333333 0.31481481481481494 0.5567708333333333 0.31481481481481494
3 0.353125 0.6055555555555555 0.32864583333333336 0.6055555555555555 0.32864583333333336 0.65 0.353125 0.65
11 0.3463541666666667 0.3314814814814816 0.31614583333333335 0.3314814814814816 0.31614583333333335 0.38611111111111124 0.3463541666666667 0.38611111111111124
2 0.4984375 0.6657407407407409 0.47239583333333335 0.6657407407407407 0.47239583333333335 0.7120370370370371 0.4984375 0.7120370370370372
4 0.7317708333333334 0.5990740740740743 0.6979166666666666 0.5990740740740743 0.6979166666666666 0.6583333333333335 0.7317708333333334 0.6583333333333335
13 0.43854166666666666 0.263888888888889 0.40260416666666665 0.263888888888889 0.40260416666666665 0.3296296296296297 0.43854166666666666 0.3296296296296297
1 0.28541666666666665 0.43425925925925934 0.2567708333333334 0.43425925925925934 0.2567708333333334 0.4888888888888889 0.28541666666666665 0.4888888888888889
4 0.5515625 0.8879629629629632 0.5182291666666667 0.8879629629629632 0.5182291666666667 0.9462962962962965 0.5515625 0.9462962962962965
2 0.4348958333333333 0.7777777777777778 0.4083333333333333 0.7777777777777778 0.4083333333333333 0.8240740740740741 0.4348958333333333 0.8240740740740741
10 0.5869791666666667 0.8305555555555557 0.5536458333333333 0.8305555555555557 0.5536458333333333 0.8898148148148151 0.5869791666666667 0.8898148148148151
12 0.6380208333333334 0.6462962962962965 0.5989583333333334 0.6462962962962965 0.5989583333333334 0.7185185185185188 0.6380208333333334 0.7185185185185188
8 0.6161458333333333 0.7796296296296299 0.590625 0.7796296296296299 0.590625 0.8268518518518521 0.6161458333333333 0.8268518518518521
3 0.621875 0.15462962962962976 0.5958333333333333 0.15462962962962973 0.5958333333333333 0.19814814814814827 0.621875 0.1981481481481483
11 0.4765625 0.10555555555555567 0.44479166666666664 0.10555555555555567 0.44479166666666664 0.1611111111111112 0.4765625 0.1611111111111112
0 0.7953125 0.46574074074074095 0.7630208333333334 0.46574074074074095 0.7630208333333334 0.5259259259259261 0.7953125 0.5259259259259261
9 0.43802083333333336 0.17314814814814825 0.41354166666666664 0.17314814814814825 0.41354166666666664 0.21574074074074084 0.43802083333333336 0.21574074074074084
6 0.7052083333333333 0.42407407407407416 0.6729166666666667 0.42407407407407416 0.6729166666666667 0.4805555555555558 0.7052083333333333 0.4805555555555558
5 0.31302083333333336 0.38981481481481495 0.2838541666666667 0.38981481481481495 0.2838541666666667 0.4425925925925927 0.31302083333333336 0.4425925925925927
2 0.7078125 0.32037037037037047 0.6828125 0.32037037037037047 0.6828125 0.36574074074074087 0.7078125 0.36574074074074087
6 0.4942708333333333 0.775925925925926 0.46145833333333336 0.7759259259259259 0.46145833333333336 0.8351851851851853 0.4942708333333333 0.8351851851851854