2 0.49270833333333336 0.538888888888889 0.4505208333333333 0.5388888888888889 0.4505208333333333 0.6111111111111113 0.49270833333333336 0.6111111111111113
2 0.3572916666666667 0.23796296296296307 0.315625 0.23796296296296307 0.315625 0.3111111111111112 0.3572916666666667 0.3111111111111112
3 0.5963541666666666 0.3750000000000001 0.5557291666666667 0.3750000000000001 0.5557291666666667 0.44537037037037047 0.5963541666666666 0.44537037037037047
3 0.3958333333333333 8.311723183101944e-17 0.36770833333333336 8.005561483315105e-17 0.36770833333333336 0.02592592592592601 0.3958333333333333 0.025925925925926012
5 0.7234375 0.29444444444444456 0.6729166666666667 0.29444444444444456 0.6729166666666667 0.3814814814814816 0.7234375 0.3814814814814816
6 0.2859375 0.21203703703703708 0.23645833333333333 0.21203703703703708 0.23645833333333333 0.2981481481481482 0.2859375 0.2981481481481483
3 0.5364583333333334 0.2351851851851853 0.49635416666666665 0.2351851851851853 0.49635416666666665 0.30555555555555564 0.5364583333333334 0.30555555555555564
2 0.42135416666666664 0.3962962962962964 0.37916666666666665 0.3962962962962964 0.37916666666666665 0.46944444444444455 0.42135416666666664 0.46944444444444455
2 0.5604166666666667 0.6842592592592595 0.5182291666666666 0.6842592592592595 0.5182291666666666 0.7574074074074076 0.5604166666666667 0.7574074074074076
11 0.5682291666666667 1.1838252391757748e-16 0.5192708333333333 1.1305304247684363e-16 0.5192708333333333 0.025925925925926043 0.5682291666666667 0.02592592592592605
12 0.35989583333333336 0.4712962962962964 0.29322916666666665 0.4712962962962964 0.29322916666666665 0.5861111111111111 0.35989583333333336 0.5861111111111111
7 0.6588541666666666 0.3962962962962964 0.609375 0.3962962962962964 0.609375 0.48333333333333356 0.6588541666666666 0.48333333333333356
9 0.5932291666666667 0.009259259259259384 0.553125 0.00925925925925938 0.553125 0.07962962962962976 0.5932291666666667 0.07962962962962976
3 0.4635416666666667 0.09259259259259268 0.421875 0.09259259259259267 0.421875 0.16481481481481491 0.4635416666666667 0.16481481481481491
13 0.6135416666666667 0.12500000000000014 0.5526041666666667 0.1250000000000001 0.5526041666666667 0.22962962962962977 0.6135416666666667 0.2296296296296298
4 0.428125 0.7685185185185185 0.37604166666666666 0.7685185185185185 0.37604166666666666 0.8592592592592593 0.428125 0.8592592592592593
7 0.46875 9.661102526606898e-17 0.41875 9.116815060319185e-17 0.41875 0.04259259259259269 0.46875 0.042592592592592696
6 0.5 0.6629629629629631 0.4484375 0.662962962962963 0.4484375 0.751851851851852 0.5 0.7518518518518521
9 0.6572916666666667 0.1620370370370372 0.6182291666666667 0.1620370370370372 0.6182291666666667 0.2296296296296298 0.6572916666666667 0.2296296296296298
8 0.2765625 0.487962962962963 0.23385416666666672 0.487962962962963 0.23385416666666672 0.562037037037037 0.2765625 0.562037037037037
3 0.6598958333333333 0.5166666666666668 0.6192708333333333 0.5166666666666668 0.6192708333333333 0.5870370370370372 0.6598958333333333 0.5870370370370372
10 0.22291666666666668 0.3296296296296296 0.17447916666666666 0.3296296296296296 0.17447916666666666 0.412962962962963 0.22291666666666668 0.412962962962963
1 0.7557291666666667 0.3481481481481483 0.7057291666666666 0.34814814814814826 0.7057291666666666 0.43518518518518534 0.7557291666666667 0.4351851851851854
11 0.6973958333333333 0.22500000000000014 0.6458333333333334 0.22500000000000014 0.6458333333333334 0.313888888888889 0.6973958333333333 0.313888888888889
4 0.26302083333333337 0.3944444444444445 0.20677083333333332 0.39444444444444443 0.20677083333333338 0.4925925925925926 0.26302083333333337 0.4925925925925926
8 0.35 0.6185185185185185 0.303125 0.6185185185185185 0.303125 0.7 0.35 0.7
10 0.3932291666666667 0.6888888888888889 0.33697916666666666 0.6888888888888889 0.33697916666666666 0.7861111111111111 0.3932291666666667 0.7861111111111111
0 0.4630208333333334 0.825925925925926 0.4078125 0.825925925925926 0.4078125000000001 0.9212962962962963 0.46302083333333344 0.9212962962962963