3 0.5770833333333333 0.5435185185185187 0.5494791666666666 0.5435185185185187 0.5494791666666666 0.5916666666666669 0.5770833333333333 0.5916666666666669
4 0.3880208333333333 0.15185185185185193 0.3546875 0.1518518518518519 0.3546875 0.20740740740740748 0.3880208333333333 0.2074074074074075
7 0.5291666666666667 0.6166666666666669 0.49375 0.6166666666666669 0.49375 0.6787037037037039 0.5291666666666667 0.6787037037037039
9 0.4203125 0.6990740740740741 0.3927083333333333 0.6990740740740741 0.3927083333333333 0.7472222222222222 0.4203125 0.7472222222222222
0 0.34010416666666665 0.15370370370370376 0.3078125 0.15370370370370376 0.3078125 0.2092592592592593 0.34010416666666665 0.2092592592592593
11 0.37395833333333334 0.6944444444444444 0.3385416666666667 0.6944444444444444 0.3385416666666667 0.7537037037037037 0.37395833333333334 0.7537037037037037
12 0.4921875 0.1462962962962964 0.4515625 0.1462962962962964 0.4515625 0.21574074074074084 0.4921875 0.21574074074074084
11 0.4239583333333333 0.6111111111111112 0.3890625 0.6111111111111112 0.3890625 0.6712962962962963 0.4239583333333333 0.6712962962962963
4 0.5807291666666666 0.15555555555555567 0.546875 0.15555555555555567 0.546875 0.21203703703703713 0.5807291666666666 0.21203703703703713
5 0.3234375 0.6898148148148148 0.2875 0.6898148148148148 0.2875 0.7527777777777778 0.3234375 0.7527777777777778
10 0.4348958333333333 0.22037037037037047 0.4005208333333333 0.22037037037037047 0.4005208333333333 0.2787037037037038 0.4348958333333333 0.2787037037037038
3 0.371875 0.5388888888888889 0.34375 0.5388888888888889 0.34375 0.587037037037037 0.371875 0.587037037037037
9 0.5234375 0.7055555555555557 0.49583333333333335 0.7055555555555557 0.49583333333333335 0.7555555555555558 0.5234375 0.7555555555555558
3 0.4744791666666667 0.5444444444444444 0.4473958333333333 0.5444444444444444 0.4473958333333333 0.5935185185185186 0.4744791666666667 0.5935185185185186
7 0.3255208333333333 0.6064814814814815 0.29010416666666666 0.6064814814814815 0.29010416666666666 0.6675925925925926 0.3255208333333333 0.6675925925925926
6 0.384375 0.22407407407407415 0.35052083333333334 0.22407407407407412 0.35052083333333334 0.2814814814814816 0.384375 0.2814814814814816
10 0.48385416666666664 0.22500000000000012 0.44895833333333335 0.22500000000000012 0.44895833333333335 0.2842592592592594 0.48385416666666664 0.2842592592592594
13 0.4786458333333333 0.6907407407407408 0.4359375 0.6907407407407408 0.4359375 0.7666666666666667 0.4786458333333333 0.7666666666666667
8 0.5307291666666667 0.15833333333333344 0.5036458333333333 0.15833333333333344 0.5036458333333333 0.20462962962962974 0.5307291666666667 0.20462962962962974
8 0.4359375 0.1611111111111112 0.4088541666666667 0.1611111111111112 0.4088541666666667 0.2064814814814816 0.4359375 0.2064814814814816
1 0.378125 0.6064814814814815 0.34322916666666664 0.6064814814814815 0.34322916666666664 0.6685185185185185 0.378125 0.6685185185185185
0 0.5796875 0.22777777777777788 0.5447916666666667 0.22777777777777788 0.5447916666666667 0.28703703703703715 0.5796875 0.28703703703703715
6 0.5317708333333333 0.22685185185185194 0.496875 0.22685185185185194 0.496875 0.2861111111111112 0.5317708333333333 0.2861111111111112
3 0.5276041666666667 0.5435185185185187 0.5 0.5435185185185187 0.5 0.5925925925925928 0.5276041666666667 0.5925925925925928
1 0.47760416666666666 0.6129629629629629 0.4421875 0.6129629629629629 0.4421875 0.675 0.47760416666666666 0.675
3 0.42552083333333335 0.5351851851851852 0.39791666666666664 0.5351851851851852 0.39791666666666664 0.5842592592592593 0.42552083333333335 0.5842592592592593
2 0.5791666666666667 0.31203703703703717 0.5526041666666667 0.31203703703703717 0.5526041666666667 0.3592592592592594 0.5791666666666667 0.3592592592592594
5 0.5822916666666667 0.6972222222222224 0.5473958333333333 0.6972222222222224 0.5473958333333333 0.7592592592592595 0.5822916666666667 0.7592592592592595
2 0.425 0.30092592592592604 0.39895833333333336 0.30092592592592604 0.39895833333333336 0.3462962962962964 0.425 0.3462962962962964
2 0.378125 0.30277777777777787 0.35052083333333334 0.30277777777777787 0.35052083333333334 0.3500000000000001 0.378125 0.3500000000000001
2 0.4765625 0.3064814814814816 0.4505208333333333 0.3064814814814816 0.4505208333333333 0.3537037037037038 0.4765625 0.3537037037037038
2 0.5296875 0.3064814814814816 0.5026041666666666 0.3064814814814816 0.5026041666666666 0.35277777777777786 0.5296875 0.35277777777777786