4 0.6260416666666667 0.6759259259259262 0.5890625 0.6759259259259262 0.5890625 0.7361111111111113 0.6260416666666667 0.7361111111111113
3 0.3729166666666667 0.29907407407407416 0.34270833333333334 0.29907407407407416 0.34270833333333334 0.34074074074074084 0.3729166666666667 0.34074074074074084
3 0.3442708333333334 0.8324074074074074 0.3140625 0.8324074074074074 0.3140625000000001 0.8777777777777778 0.34427083333333347 0.8777777777777778
3 0.35885416666666664 0.46759259259259267 0.32916666666666666 0.46759259259259267 0.32916666666666666 0.5101851851851852 0.35885416666666664 0.5101851851851852
2 0.4822916666666668 0.8648148148148148 0.45208333333333345 0.8648148148148148 0.45208333333333345 0.9101851851851852 0.4822916666666668 0.9101851851851852
2 0.5104166666666666 0.31851851851851865 0.48125 0.31851851851851865 0.48125 0.3611111111111112 0.5104166666666666 0.3611111111111112
13 0.2838541666666667 0.4342592592592593 0.23854166666666674 0.43425925925925923 0.23854166666666674 0.5018518518518519 0.2838541666666667 0.5018518518518519
2 0.521875 0.14814814814814825 0.49270833333333336 0.14814814814814825 0.49270833333333336 0.19074074074074085 0.521875 0.19074074074074085
7 0.3489583333333333 0.20370370370370375 0.31354166666666666 0.20370370370370375 0.31354166666666666 0.25555555555555565 0.3489583333333333 0.25555555555555565
1 0.2625 0.11481481481481487 0.2265625 0.11481481481481487 0.2265625 0.16759259259259265 0.2625 0.16759259259259265
7 0.3020833333333333 0.7407407407407407 0.26666666666666666 0.7407407407407407 0.26666666666666666 0.7981481481481482 0.3020833333333333 0.7981481481481482
3 0.3859375 0.125925925925926 0.3578125 0.12592592592592597 0.3578125 0.17407407407407416 0.3859375 0.1740740740740742
6 0.5619791666666667 0.22500000000000012 0.5265625 0.22500000000000012 0.5265625 0.2777777777777779 0.5619791666666667 0.2777777777777779
11 0.25 0.26851851851851855 0.2140625 0.26851851851851855 0.2140625 0.3231481481481482 0.25 0.32314814814814824
2 0.5052083333333334 0.4944444444444446 0.4744791666666667 0.49444444444444446 0.4744791666666667 0.5379629629629631 0.5052083333333334 0.5379629629629632
1 0.22031250000000005 0.8092592592592592 0.18541666666666673 0.8092592592592592 0.18541666666666673 0.8657407407407407 0.22031250000000005 0.8657407407407407
2 0.490625 0.6787037037037038 0.4609375 0.6787037037037037 0.4609375 0.7240740740740742 0.490625 0.7240740740740743
6 0.5375 0.7759259259259261 0.5 0.7759259259259261 0.5 0.839814814814815 0.5375 0.839814814814815
12 0.5994791666666667 0.5083333333333335 0.5552083333333333 0.5083333333333335 0.5552083333333333 0.5768518518518521 0.5994791666666667 0.5768518518518521
3 0.35208333333333336 0.6509259259259259 0.3229166666666667 0.6509259259259259 0.3229166666666667 0.6972222222222222 0.35208333333333336 0.6972222222222222
4 0.6520833333333333 0.24907407407407417 0.615625 0.24907407407407417 0.615625 0.3037037037037038 0.6520833333333333 0.3037037037037038
5 0.26197916666666665 0.1907407407407408 0.22708333333333333 0.1907407407407408 0.22708333333333333 0.24537037037037043 0.26197916666666665 0.2453703703703705
11 0.2223958333333334 0.6268518518518519 0.18541666666666673 0.6268518518518519 0.18541666666666673 0.6851851851851852 0.2223958333333334 0.6851851851851852
9 0.22447916666666673 0.5481481481481482 0.19479166666666672 0.5481481481481482 0.19479166666666672 0.5935185185185186 0.22447916666666673 0.5935185185185186
0 0.6526041666666667 0.17037037037037053 0.6166666666666667 0.17037037037037053 0.6166666666666667 0.22500000000000014 0.6526041666666667 0.22500000000000014
8 0.6421875 0.43796296296296305 0.6119791666666666 0.43796296296296305 0.6119791666666666 0.47962962962962985 0.6421875 0.47962962962962985
9 0.23958333333333334 0.35833333333333334 0.21302083333333333 0.35833333333333334 0.21302083333333333 0.4111111111111111 0.23958333333333334 0.4111111111111111
8 0.6375 0.6018518518518521 0.6088541666666667 0.6018518518518521 0.6088541666666667 0.6537037037037039 0.6375 0.6537037037037039
10 0.6463541666666667 0.33055555555555566 0.6109375 0.33055555555555566 0.6109375 0.3953703703703705 0.6463541666666667 0.3953703703703705
10 0.621875 0.7694444444444447 0.5880208333333333 0.7694444444444447 0.5880208333333333 0.8388888888888891 0.621875 0.8388888888888891
0 0.628125 0.8601851851851854 0.5916666666666667 0.8601851851851854 0.5916666666666667 0.926851851851852 0.628125 0.926851851851852
5 0.21875000000000006 0.7037037037037037 0.18385416666666674 0.7037037037037037 0.18385416666666674 0.7648148148148148 0.21875000000000006 0.7648148148148148