7 0.59375 0.3537037037037038 0.54375 0.3537037037037038 0.54375 0.44722222222222235 0.59375 0.44722222222222235
2 0.6010416666666667 0.11203703703703717 0.5619791666666667 0.11203703703703717 0.5619791666666667 0.18425925925925937 0.6010416666666667 0.18425925925925937
9 0.6713541666666667 0.2685185185185186 0.6328125 0.2685185185185186 0.6328125 0.34074074074074084 0.6713541666666667 0.34074074074074084
2 0.6390625 0.06111111111111124 0.6005208333333333 0.06111111111111124 0.6005208333333333 0.13148148148148162 0.6390625 0.13148148148148164
3 0.4546875 0.7833333333333333 0.41510416666666666 0.7833333333333333 0.41510416666666666 0.8574074074074074 0.4546875 0.8574074074074074
2 0.7661458333333333 0.37870370370370393 0.728125 0.37870370370370393 0.728125 0.4490740740740743 0.7661458333333333 0.4490740740740743
13 0.7072916666666667 0.32685185185185195 0.6489583333333333 0.32685185185185195 0.6489583333333333 0.4351851851851853 0.7072916666666667 0.4351851851851853
7 0.640625 0.1777777777777779 0.5921875 0.1777777777777779 0.5921875 0.2675925925925927 0.640625 0.2675925925925927
11 0.7067708333333333 0.2055555555555557 0.6567708333333333 0.2055555555555557 0.6567708333333333 0.2981481481481483 0.7067708333333333 0.2981481481481483
0 0.3953125 0.612037037037037 0.34479166666666666 0.612037037037037 0.34479166666666666 0.7055555555555556 0.3953125 0.7055555555555556
3 0.4500000000000001 0.899074074074074 0.40989583333333346 0.899074074074074 0.40989583333333346 0.9731481481481481 0.4500000000000001 0.9731481481481481
6 0.3260416666666667 0.5935185185185186 0.27447916666666666 0.5935185185185186 0.27447916666666666 0.687962962962963 0.3260416666666667 0.687962962962963
8 0.459375 0.6564814814814814 0.4192708333333333 0.6564814814814814 0.4192708333333333 0.7296296296296296 0.459375 0.7296296296296296
3 0.32395833333333335 0.4685185185185186 0.284375 0.4685185185185186 0.284375 0.5425925925925926 0.32395833333333335 0.5425925925925926
4 0.384375 0.7416666666666667 0.3338541666666667 0.7416666666666667 0.3338541666666667 0.8361111111111111 0.384375 0.8361111111111111
5 0.6807291666666667 0.1370370370370372 0.6317708333333333 0.1370370370370372 0.6317708333333333 0.22777777777777794 0.6807291666666667 0.22777777777777794
0 0.4036458333333333 0.49074074074074076 0.353125 0.49074074074074076 0.353125 0.5842592592592593 0.4036458333333333 0.5842592592592593
11 0.6317708333333333 0.30462962962962975 0.5817708333333333 0.30462962962962975 0.5817708333333333 0.3962962962962964 0.6317708333333333 0.3962962962962964
2 0.73125 0.41759259259259274 0.6921875 0.4175925925925927 0.6921875 0.48981481481481504 0.73125 0.48981481481481504
1 0.6635416666666667 0.3814814814814816 0.6145833333333334 0.3814814814814816 0.6145833333333334 0.4722222222222223 0.6635416666666667 0.4722222222222223
1 0.740625 0.28240740740740755 0.6880208333333333 0.2824074074074075 0.6880208333333333 0.3787037037037039 0.740625 0.37870370370370393
5 0.6083333333333333 0.22500000000000014 0.5541666666666667 0.22500000000000012 0.5541666666666667 0.32222222222222235 0.6083333333333333 0.32222222222222235
2 0.7958333333333333 0.4490740740740743 0.7578125 0.4490740740740743 0.7578125 0.5166666666666668 0.7958333333333333 0.5166666666666668
6 0.4765625 0.5166666666666667 0.4244791666666667 0.5166666666666667 0.4244791666666667 0.6111111111111112 0.4765625 0.6111111111111112
10 0.4265625 0.6935185185185185 0.37552083333333336 0.6935185185185185 0.37552083333333336 0.7870370370370371 0.4265625 0.7870370370370371
4 0.4359375 0.5685185185185185 0.384375 0.5685185185185185 0.384375 0.662962962962963 0.4359375 0.662962962962963
10 0.35572916666666665 0.6759259259259259 0.3046875 0.6759259259259259 0.3046875 0.7675925925925926 0.35572916666666665 0.7675925925925926
3 0.4156250000000001 0.837037037037037 0.3770833333333333 0.837037037037037 0.3770833333333334 0.9092592592592592 0.41562500000000013 0.9092592592592592
3 0.2838541666666667 0.5203703703703704 0.2447916666666667 0.5203703703703704 0.2447916666666667 0.5935185185185186 0.2838541666666667 0.5935185185185186
12 0.37135416666666665 0.5222222222222223 0.30520833333333336 0.5222222222222223 0.30520833333333336 0.6425925925925926 0.37135416666666665 0.6425925925925926