7 0.6848958333333334 0.6231481481481483 0.6322916666666667 0.6231481481481483 0.6322916666666667 0.7166666666666669 0.6848958333333334 0.7166666666666669
7 0.3692708333333333 0.5296296296296297 0.3171875 0.5296296296296297 0.3171875 0.6231481481481481 0.3692708333333333 0.6231481481481481
1 0.37395833333333334 0.32685185185185195 0.32135416666666666 0.32685185185185195 0.32135416666666666 0.4212962962962964 0.37395833333333334 0.4212962962962964
2 0.5666666666666667 0.7898148148148151 0.5255208333333333 0.7898148148148151 0.5255208333333334 0.8629629629629632 0.5666666666666667 0.8629629629629632
2 0.2791666666666667 0.4157407407407408 0.2375 0.41574074074074074 0.23750000000000002 0.49166666666666664 0.2791666666666667 0.49166666666666664
9 0.69375 0.37037037037037046 0.6510416666666666 0.37037037037037046 0.6510416666666666 0.4462962962962964 0.69375 0.4462962962962964
4 0.4744791666666667 0.6611111111111111 0.42239583333333336 0.6611111111111111 0.42239583333333336 0.7555555555555555 0.4744791666666667 0.7555555555555555
12 0.559375 0.5574074074074076 0.49583333333333335 0.5574074074074076 0.49583333333333335 0.6722222222222224 0.559375 0.6722222222222224
3 0.5984375 0.1129629629629631 0.5583333333333333 0.1129629629629631 0.5583333333333333 0.18703703703703714 0.5984375 0.18703703703703714
6 0.5369791666666667 0.14722222222222234 0.48489583333333336 0.14722222222222234 0.48489583333333336 0.24166666666666678 0.5369791666666667 0.24166666666666678
0 0.44166666666666665 0.43981481481481494 0.3885416666666667 0.43981481481481494 0.3885416666666667 0.5361111111111111 0.44166666666666665 0.5361111111111111
10 0.49635416666666665 0.04907407407407417 0.446875 0.049074074074074166 0.446875 0.13981481481481492 0.49635416666666665 0.13981481481481492
10 0.5958333333333333 0.6648148148148151 0.5442708333333334 0.6648148148148151 0.5442708333333334 0.7583333333333335 0.5958333333333333 0.7583333333333335
5 0.4578125 0.32870370370370383 0.4041666666666667 0.32870370370370383 0.4041666666666667 0.42407407407407416 0.4578125 0.42407407407407416
6 0.7119791666666667 0.4768518518518521 0.6598958333333333 0.4768518518518521 0.6598958333333333 0.5712962962962965 0.7119791666666667 0.5712962962962965
2 0.4578125 0.2185185185185186 0.4161458333333333 0.2185185185185186 0.4161458333333333 0.29444444444444456 0.4578125 0.29444444444444456
8 0.29010416666666666 0.5453703703703704 0.24843750000000006 0.5453703703703704 0.24843750000000006 0.6203703703703703 0.29010416666666666 0.6203703703703703
1 0.5494791666666666 1.141302780872047e-16 0.49895833333333334 1.0863070681325597e-16 0.49895833333333334 0.07314814814814827 0.5494791666666666 0.07314814814814828
3 0.7697916666666667 0.3388888888888891 0.728125 0.3388888888888891 0.728125 0.4138888888888891 0.7697916666666667 0.4138888888888891
13 0.6260416666666667 0.2703703703703705 0.559375 0.2703703703703705 0.559375 0.388888888888889 0.6260416666666667 0.388888888888889
3 0.459375 0.5611111111111111 0.42135416666666664 0.5611111111111111 0.42135416666666664 0.6287037037037037 0.459375 0.6287037037037037
3 0.51875 0.313888888888889 0.47604166666666664 0.313888888888889 0.47604166666666664 0.38796296296296306 0.51875 0.38796296296296306
9 0.6208333333333333 0.4925925925925928 0.5791666666666667 0.4925925925925928 0.5791666666666667 0.5675925925925928 0.6208333333333333 0.5675925925925928
11 0.48229166666666673 0.7824074074074074 0.42916666666666664 0.7824074074074074 0.42916666666666675 0.8759259259259259 0.4822916666666668 0.8759259259259259
2 0.35625 0.4407407407407408 0.31666666666666665 0.4407407407407408 0.31666666666666665 0.5101851851851852 0.35625 0.5101851851851852
2 0.43020833333333336 0.05277777777777787 0.39427083333333335 0.05277777777777787 0.39427083333333335 0.11759259259259268 0.43020833333333336 0.11759259259259269
4 0.36354166666666665 0.65 0.31354166666666666 0.65 0.31354166666666666 0.737037037037037 0.36354166666666665 0.737037037037037
8 0.3489583333333333 0.23796296296296307 0.30885416666666665 0.23796296296296307 0.30885416666666665 0.30833333333333346 0.3489583333333333 0.30833333333333346
0 0.5260416666666666 0.4407407407407408 0.475 0.4407407407407408 0.475 0.5314814814814816 0.5260416666666666 0.5314814814814817
11 0.6932291666666667 0.16111111111111126 0.6432291666666666 0.16111111111111126 0.6432291666666666 0.25092592592592605 0.6932291666666667 0.25092592592592605
3 0.5734375 0.39074074074074083 0.5338541666666666 0.39074074074074083 0.5338541666666666 0.4611111111111112 0.5734375 0.4611111111111112
5 0.4192708333333333 0.18703703703703714 0.36875 0.18703703703703714 0.36875 0.2750000000000001 0.4192708333333333 0.2750000000000001