7 0.5505208333333333 0.38240740740740753 0.503125 0.38240740740740753 0.503125 0.463888888888889 0.5505208333333333 0.463888888888889
4 0.41354166666666675 0.8462962962962963 0.3671875 0.8462962962962963 0.36718750000000006 0.9268518518518518 0.4135416666666668 0.9268518518518518
6 0.5140625000000001 0.9055555555555557 0.46718750000000014 0.9055555555555556 0.46718750000000014 0.9851851851851852 0.5140625000000001 0.9851851851851852
2 0.6760416666666667 0.3000000000000001 0.6395833333333333 0.3000000000000001 0.6395833333333333 0.3611111111111112 0.6760416666666667 0.3611111111111112
9 0.5682291666666667 0.21944444444444455 0.5317708333333333 0.21944444444444455 0.5317708333333333 0.2814814814814816 0.5682291666666667 0.2814814814814816
0 0.4781250000000001 0.7944444444444444 0.43125 0.7944444444444444 0.4312500000000001 0.875 0.47812500000000013 0.875
0 0.5395833333333333 0.7416666666666669 0.49322916666666666 0.7416666666666669 0.49322916666666666 0.8231481481481484 0.5395833333333333 0.8231481481481484
7 0.6291666666666667 0.25555555555555565 0.5848958333333333 0.25555555555555565 0.5848958333333333 0.3314814814814816 0.6291666666666667 0.3314814814814816
5 0.6375 0.17314814814814827 0.5916666666666667 0.17314814814814825 0.5916666666666667 0.2500000000000001 0.6375 0.2500000000000001
2 0.6895833333333333 0.2157407407407409 0.6552083333333333 0.2157407407407409 0.6552083333333333 0.27685185185185196 0.6895833333333333 0.27685185185185196
3 0.3072916666666667 0.7796296296296297 0.2708333333333333 0.7796296296296297 0.2708333333333333 0.8425925925925926 0.3072916666666667 0.8425925925925926
3 0.36822916666666666 0.7342592592592593 0.3302083333333333 0.7342592592592593 0.3302083333333333 0.7981481481481482 0.36822916666666666 0.7981481481481482
11 0.590625 0.14444444444444454 0.5447916666666667 0.14444444444444454 0.5447916666666667 0.22592592592592603 0.590625 0.22592592592592603
6 0.5041666666666667 0.6333333333333334 0.4578125 0.6333333333333333 0.4578125 0.7148148148148149 0.5041666666666667 0.714814814814815
3 0.5796875 0.8685185185185187 0.5416666666666666 0.8685185185185187 0.5416666666666666 0.9314814814814817 0.5796875 0.9314814814814817
1 0.5140625 0.2685185185185186 0.46770833333333334 0.2685185185185186 0.46770833333333334 0.3462962962962964 0.5140625 0.3462962962962964
4 0.4901041666666667 0.7111111111111112 0.44375 0.7111111111111111 0.44375 0.7925925925925927 0.4901041666666667 0.7925925925925928
2 0.43125 0.058333333333333424 0.3953125 0.058333333333333424 0.3953125 0.11851851851851862 0.43125 0.11851851851851862
3 0.5645833333333333 0.950925925925926 0.5276041666666668 0.950925925925926 0.5276041666666668 1 0.5645833333333333 1
2 0.47760416666666666 0.08796296296296306 0.4427083333333333 0.08796296296296306 0.4427083333333333 0.14814814814814825 0.47760416666666666 0.14814814814814825
8 0.4328125 0.6907407407407408 0.3963541666666667 0.6907407407407408 0.3963541666666667 0.7555555555555555 0.4328125 0.7555555555555555
10 0.46145833333333347 0.8768518518518519 0.4140625000000001 0.8768518518518519 0.4140625000000001 0.9564814814814815 0.46145833333333347 0.9564814814814815
3 0.35104166666666675 0.8166666666666667 0.3140625 0.8166666666666667 0.3140625000000001 0.8805555555555555 0.3510416666666668 0.8805555555555555
13 0.5296875 0.1787037037037038 0.4734375 0.1787037037037038 0.4734375 0.2740740740740742 0.5296875 0.2740740740740742
2 0.4671875 0.16296296296296306 0.43125 0.16296296296296306 0.43125 0.22500000000000012 0.4671875 0.22500000000000012
1 0.5395833333333333 0.11203703703703714 0.4947916666666667 0.11203703703703714 0.4947916666666667 0.19444444444444456 0.5395833333333333 0.19444444444444456
11 0.5645833333333333 0.29907407407407416 0.5203125 0.29907407407407416 0.5203125 0.38240740740740753 0.5645833333333333 0.38240740740740753
5 0.6130208333333333 0.31944444444444453 0.5677083333333334 0.31944444444444453 0.5677083333333334 0.40555555555555567 0.6130208333333333 0.40555555555555567
10 0.42604166666666665 0.7611111111111111 0.3802083333333333 0.7611111111111111 0.3802083333333333 0.8472222222222222 0.42604166666666665 0.8472222222222222
12 0.5359375 0.813888888888889 0.48072916666666665 0.8138888888888889 0.4807291666666667 0.914814814814815 0.5359375 0.9148148148148151