4 0.5729166666666666 0.08333333333333345 0.5338541666666666 0.08333333333333344 0.5338541666666666 0.14074074074074083 0.5729166666666666 0.14074074074074083
7 0.5223958333333333 0.5962962962962964 0.48333333333333334 0.5962962962962963 0.48333333333333334 0.6564814814814816 0.5223958333333333 0.6564814814814817
9 0.5265625 0.7814814814814817 0.4953125 0.7814814814814817 0.4953125 0.8314814814814817 0.5265625 0.8314814814814817
3 0.6286458333333333 0.1703703703703705 0.5984375 0.17037037037037048 0.5984375 0.21759259259259273 0.6286458333333333 0.21759259259259275
7 0.46875 0.7768518518518519 0.43020833333333336 0.7768518518518519 0.43020833333333336 0.8351851851851851 0.46875 0.8351851851851851
0 0.5208333333333334 0.16574074074074086 0.4817708333333333 0.16574074074074086 0.4817708333333333 0.22500000000000012 0.5208333333333334 0.22500000000000012
10 0.5734375 0.16203703703703715 0.5359375 0.16203703703703715 0.5359375 0.22037037037037047 0.5734375 0.22037037037037047
3 0.6760416666666667 0.09629629629629644 0.6463541666666667 0.09629629629629642 0.6463541666666667 0.14537037037037054 0.6760416666666667 0.14537037037037054
2 0.4119791666666667 0.7703703703703704 0.3802083333333333 0.7703703703703704 0.3802083333333333 0.8185185185185185 0.4119791666666667 0.8185185185185185
3 0.41302083333333334 0.17314814814814825 0.37864583333333335 0.17314814814814825 0.37864583333333335 0.22407407407407418 0.41302083333333334 0.22407407407407418
4 0.5239583333333333 0.24722222222222232 0.4864583333333333 0.24722222222222232 0.4864583333333333 0.30925925925925934 0.5239583333333333 0.30925925925925934
2 0.6348958333333333 0.8629629629629632 0.6041666666666666 0.8629629629629632 0.6041666666666666 0.9111111111111113 0.6348958333333333 0.9111111111111113
6 0.4734375 0.08611111111111122 0.4354166666666667 0.08611111111111122 0.4354166666666667 0.14351851851851863 0.4734375 0.14351851851851863
13 0.5875 0.7638888888888891 0.5375 0.7638888888888891 0.5375 0.8370370370370372 0.5875 0.8370370370370372
10 0.5229166666666667 0.08148148148148159 0.48541666666666666 0.08148148148148159 0.48541666666666666 0.14074074074074083 0.5229166666666667 0.14074074074074083
11 0.5260416666666667 0.853703703703704 0.4859375 0.853703703703704 0.4859375000000001 0.9166666666666669 0.5260416666666667 0.9166666666666669
6 0.5270833333333333 0.3314814814814816 0.4890625 0.3314814814814816 0.4890625 0.3925925925925927 0.5270833333333333 0.3925925925925927
1 0.58125 0.6842592592592595 0.5401041666666667 0.6842592592592595 0.5401041666666667 0.7444444444444447 0.58125 0.7444444444444447
5 0.47291666666666665 0.6907407407407408 0.43385416666666665 0.6907407407407408 0.43385416666666665 0.7518518518518519 0.47291666666666665 0.7518518518518519
12 0.4713541666666667 0.15740740740740752 0.4244791666666667 0.15740740740740752 0.4244791666666667 0.2314814814814816 0.4713541666666667 0.2314814814814816
3 0.6255208333333333 0.08333333333333347 0.596875 0.08333333333333347 0.596875 0.13888888888888903 0.6255208333333333 0.13888888888888903
3 0.409375 0.0861111111111112 0.3807291666666667 0.0861111111111112 0.3807291666666667 0.1361111111111112 0.409375 0.1361111111111112
8 0.5734375 0.24166666666666678 0.5432291666666667 0.24166666666666678 0.5432291666666667 0.3000000000000001 0.5734375 0.3000000000000001
2 0.6317708333333333 0.7750000000000002 0.6020833333333333 0.7750000000000002 0.6020833333333333 0.8296296296296298 0.6317708333333333 0.8296296296296298
11 0.5213541666666667 0.6787037037037039 0.484375 0.6787037037037039 0.484375 0.7462962962962965 0.5213541666666667 0.7462962962962965
0 0.47239583333333335 0.24074074074074084 0.4354166666666667 0.24074074074074084 0.4354166666666667 0.3064814814814816 0.47239583333333335 0.3064814814814816
2 0.6869791666666667 0.8620370370370373 0.6557291666666667 0.8620370370370373 0.6557291666666667 0.9129629629629632 0.6869791666666667 0.9129629629629632
1 0.578125 0.8518518518518521 0.5416666666666666 0.8518518518518521 0.5416666666666666 0.9203703703703706 0.578125 0.9203703703703706
5 0.47447916666666673 0.8574074074074074 0.43697916666666664 0.8574074074074074 0.43697916666666675 0.925 0.4744791666666668 0.925
2 0.40989583333333346 0.8638888888888889 0.37552083333333347 0.8638888888888889 0.37552083333333347 0.912962962962963 0.40989583333333346 0.912962962962963