13 0.6635416666666667 0.6740740740740743 0.6083333333333333 0.6740740740740743 0.6083333333333333 0.7787037037037039 0.6635416666666667 0.7787037037037039
3 0.4953125000000001 0.9462962962962964 0.4588541666666668 0.9462962962962963 0.4588541666666668 1 0.4953125000000001 1
3 0.5296875 0.776851851851852 0.49375 0.776851851851852 0.49375 0.8462962962962965 0.5296875 0.8462962962962965
8 0.28958333333333336 0.4777777777777778 0.25572916666666673 0.4777777777777778 0.25572916666666673 0.5453703703703704 0.28958333333333336 0.5453703703703704
7 0.5526041666666667 0.8870370370370373 0.5067708333333335 0.8870370370370373 0.5067708333333335 0.975 0.5526041666666667 0.975
3 0.5671875 0.6222222222222225 0.5307291666666667 0.6222222222222225 0.5307291666666667 0.690740740740741 0.5671875 0.690740740740741
6 0.446875 0.21481481481481493 0.4046875 0.21481481481481493 0.4046875 0.29444444444444456 0.446875 0.29444444444444456
12 0.35572916666666665 0.41018518518518526 0.3026041666666667 0.41018518518518526 0.3026041666666667 0.5148148148148148 0.35572916666666665 0.5148148148148148
2 0.39375 0.6712962962962963 0.35885416666666664 0.6712962962962963 0.35885416666666664 0.7388888888888889 0.39375 0.7388888888888889
2 0.46822916666666664 0.34259259259259267 0.4328125 0.34259259259259267 0.4328125 0.4111111111111112 0.46822916666666664 0.4111111111111112
2 0.5010416666666667 0.17685185185185195 0.4661458333333333 0.17685185185185195 0.4661458333333333 0.24444444444444455 0.5010416666666667 0.24444444444444455
2 0.4276041666666667 0.5018518518518519 0.39166666666666666 0.5018518518518519 0.39166666666666666 0.5712962962962963 0.4276041666666667 0.5712962962962963
6 0.3385416666666667 0.725 0.2942708333333333 0.725 0.2942708333333333 0.8092592592592592 0.3385416666666667 0.8092592592592592
3 0.6302083333333334 0.2777777777777779 0.5942708333333333 0.2777777777777779 0.5942708333333333 0.3472222222222223 0.6302083333333334 0.3472222222222223
2 0.35885416666666675 0.8388888888888889 0.32395833333333335 0.8388888888888889 0.3239583333333334 0.9064814814814814 0.3588541666666668 0.9064814814814814
7 0.6708333333333333 0.37222222222222234 0.625 0.37222222222222234 0.625 0.45925925925925937 0.6708333333333333 0.45925925925925937
8 0.3182291666666667 0.32685185185185195 0.2838541666666667 0.32685185185185195 0.2838541666666667 0.3925925925925927 0.3182291666666667 0.3925925925925927
3 0.5989583333333334 0.438888888888889 0.5625 0.438888888888889 0.5625 0.5101851851851854 0.5989583333333334 0.5101851851851854
4 0.2583333333333334 0.6444444444444445 0.21718750000000006 0.6444444444444445 0.21718750000000006 0.725925925925926 0.2583333333333334 0.725925925925926
5 0.6432291666666666 0.9592592592592593 0.5973958333333333 0.9592592592592593 0.5973958333333333 1 0.6432291666666666 1
4 0.34791666666666665 0.25462962962962976 0.30520833333333336 0.25462962962962976 0.30520833333333336 0.33703703703703713 0.34791666666666665 0.33703703703703713
9 0.678125 0.7972222222222224 0.6411458333333333 0.7972222222222224 0.6411458333333333 0.8666666666666669 0.678125 0.8666666666666669
0 0.24531250000000007 0.7194444444444444 0.20000000000000007 0.7194444444444444 0.20000000000000007 0.8037037037037037 0.24531250000000007 0.8037037037037037
10 0.2755208333333333 0.5601851851851852 0.23125000000000007 0.5601851851851852 0.23125000000000007 0.6435185185185185 0.2755208333333333 0.6435185185185185
10 0.36614583333333334 0.1685185185185186 0.3234375 0.16851851851851857 0.3234375 0.25185185185185194 0.36614583333333334 0.25185185185185194
0 0.37864583333333335 0.08518518518518527 0.33229166666666665 0.08518518518518527 0.33229166666666665 0.17314814814814822 0.37864583333333335 0.17314814814814825
11 0.6677083333333333 0.8731481481481483 0.6177083333333333 0.8731481481481483 0.6177083333333333 0.9638888888888889 0.6677083333333333 0.9638888888888889
9 0.7192708333333333 0.6212962962962965 0.6828125 0.6212962962962965 0.6828125 0.6944444444444446 0.7192708333333333 0.6944444444444446
11 0.740625 0.5287037037037039 0.6916666666666667 0.5287037037037039 0.6916666666666667 0.6240740740740743 0.740625 0.6240740740740743
5 0.753125 0.45092592592592606 0.7046875 0.450925925925926 0.7046875 0.5435185185185187 0.753125 0.5435185185185187
1 0.7661458333333333 0.35925925925925944 0.7161458333333334 0.3592592592592594 0.7161458333333334 0.45092592592592606 0.7661458333333333 0.4509259259259261