3 0.490625 0.6472222222222224 0.4578125 0.6472222222222223 0.4578125 0.7000000000000001 0.490625 0.7000000000000002
2 0.6494791666666667 0.33055555555555566 0.6161458333333333 0.33055555555555566 0.6161458333333333 0.38611111111111124 0.6494791666666667 0.38611111111111124
7 0.45677083333333335 0.7231481481481481 0.4166666666666667 0.7231481481481481 0.4166666666666667 0.787962962962963 0.45677083333333335 0.787962962962963
13 0.6104166666666667 0.7351851851851854 0.5630208333333333 0.7351851851851854 0.5630208333333333 0.814814814814815 0.6104166666666667 0.814814814814815
2 0.5484375 0.3648148148148149 0.5145833333333333 0.3648148148148149 0.5145833333333333 0.41944444444444456 0.5484375 0.41944444444444456
2 0.7411458333333333 0.28425925925925943 0.7088541666666667 0.2842592592592594 0.7088541666666667 0.33796296296296313 0.7411458333333333 0.3379629629629632
3 0.5838541666666667 0.6101851851851854 0.5505208333333333 0.6101851851851854 0.5505208333333333 0.6629629629629632 0.5838541666666667 0.6629629629629632
7 0.7447916666666666 0.603703703703704 0.70625 0.603703703703704 0.70625 0.6694444444444446 0.7447916666666666 0.6694444444444446
6 0.69375 0.21388888888888904 0.6515625 0.21388888888888904 0.6515625 0.28333333333333344 0.69375 0.28333333333333344
0 0.7072916666666667 0.037962962962963115 0.6651041666666667 0.03796296296296311 0.6651041666666667 0.10833333333333349 0.7072916666666667 0.10833333333333349
5 0.48177083333333337 0.8583333333333333 0.44166666666666665 0.8583333333333333 0.4416666666666667 0.9231481481481482 0.4817708333333334 0.9231481481481482
3 0.7682291666666666 0.5111111111111113 0.7369791666666666 0.5111111111111113 0.7369791666666666 0.5629629629629632 0.7682291666666666 0.5629629629629632
6 0.3890625 0.35462962962962974 0.34739583333333335 0.35462962962962974 0.34739583333333335 0.42407407407407416 0.3890625 0.42407407407407416
2 0.3536458333333333 0.4601851851851853 0.31927083333333334 0.4601851851851853 0.31927083333333334 0.5157407407407407 0.3536458333333333 0.5157407407407407
9 0.5708333333333333 0.8314814814814817 0.5401041666666667 0.8314814814814817 0.5401041666666667 0.8805555555555558 0.5708333333333333 0.8805555555555558
4 0.36875 0.19074074074074082 0.3229166666666667 0.1907407407407408 0.3229166666666667 0.2675925925925927 0.36875 0.2675925925925927
12 0.5390625 0.1925925925925927 0.4875 0.1925925925925927 0.4875 0.27962962962962973 0.5390625 0.27962962962962973
2 0.4515625 0.41574074074074086 0.4171875 0.41574074074074086 0.4171875 0.4703703703703705 0.4515625 0.4703703703703705
9 0.6671875 0.7935185185185187 0.6348958333333333 0.7935185185185187 0.6348958333333333 0.8425925925925928 0.6671875 0.8425925925925928
5 0.7536458333333333 0.7425925925925928 0.7145833333333333 0.7425925925925928 0.7145833333333333 0.8055555555555558 0.7536458333333333 0.8055555555555558
11 0.7140625 0.7657407407407409 0.6739583333333333 0.7657407407407409 0.6739583333333333 0.8305555555555557 0.7140625 0.8305555555555557
3 0.396875 0.6888888888888889 0.3640625 0.6888888888888889 0.3640625 0.7416666666666667 0.396875 0.7416666666666667
0 0.3223958333333333 0.2194444444444445 0.27760416666666665 0.2194444444444445 0.27760416666666665 0.29074074074074086 0.3223958333333333 0.29074074074074086
3 0.6791666666666667 0.5564814814814817 0.646875 0.5564814814814817 0.646875 0.6083333333333335 0.6791666666666667 0.6083333333333335
1 0.4427083333333334 0.8907407407407407 0.4031250000000001 0.8907407407407407 0.4031250000000001 0.9527777777777777 0.4427083333333334 0.9527777777777777
8 0.4661458333333333 0.1500000000000001 0.4317708333333333 0.1500000000000001 0.4317708333333333 0.2074074074074075 0.4661458333333333 0.2074074074074075
4 0.6119791666666666 0.09537037037037051 0.5713541666666667 0.09537037037037051 0.5713541666666667 0.16574074074074088 0.6119791666666666 0.1657407407407409
1 0.8005208333333333 0.7074074074074076 0.7598958333333333 0.7074074074074076 0.7598958333333333 0.7750000000000002 0.8005208333333333 0.7750000000000002
11 0.5291666666666667 0.8453703703703705 0.48802083333333335 0.8453703703703705 0.4880208333333334 0.9138888888888891 0.5291666666666668 0.9138888888888891
10 0.6635416666666667 0.06388888888888902 0.6203125 0.06388888888888902 0.6203125 0.14259259259259274 0.6635416666666667 0.14259259259259274
10 0.4171875 0.16944444444444454 0.37552083333333336 0.16944444444444454 0.37552083333333336 0.24351851851851863 0.4171875 0.24351851851851863
8 0.5604166666666667 0.09722222222222233 0.5260416666666666 0.09722222222222232 0.5260416666666666 0.15740740740740752 0.5604166666666667 0.15740740740740752