12 0.5713541666666667 0.41574074074074086 0.5286458333333334 0.41574074074074086 0.5286458333333334 0.4925925925925928 0.5713541666666667 0.4925925925925928
2 0.5421875 0.6685185185185187 0.5140625 0.6685185185185187 0.5140625 0.7175925925925928 0.5421875 0.7175925925925928
5 0.2838541666666667 0.31203703703703717 0.25 0.31203703703703717 0.25 0.3777777777777779 0.2838541666666667 0.3777777777777779
7 0.59375 0.7388888888888892 0.559375 0.7388888888888892 0.559375 0.801851851851852 0.59375 0.801851851851852
5 0.3859375 0.7018518518518518 0.35208333333333336 0.7018518518518518 0.35208333333333336 0.7638888888888888 0.3859375 0.7638888888888888
7 0.6442708333333333 0.3037037037037038 0.6078125 0.3037037037037038 0.6078125 0.3694444444444446 0.6442708333333333 0.3694444444444446
0 0.6776041666666667 0.8046296296296298 0.6411458333333333 0.8046296296296298 0.6411458333333333 0.8694444444444447 0.6776041666666667 0.8694444444444447
2 0.4890625 0.5166666666666667 0.46041666666666664 0.5166666666666667 0.46041666666666664 0.5675925925925926 0.4890625 0.5675925925925928
10 0.31979166666666664 0.38240740740740753 0.2864583333333333 0.38240740740740753 0.2864583333333333 0.44444444444444453 0.31979166666666664 0.44444444444444453
0 0.6265625 0.14074074074074086 0.5911458333333334 0.14074074074074083 0.5911458333333334 0.20648148148148163 0.6265625 0.20648148148148163
9 0.2890625 0.475 0.26250000000000007 0.475 0.26250000000000007 0.5277777777777778 0.2890625 0.5277777777777778
3 0.4015625 0.37037037037037046 0.3729166666666667 0.37037037037037046 0.3729166666666667 0.42037037037037045 0.4015625 0.42037037037037045
3 0.40989583333333335 0.5277777777777778 0.38177083333333334 0.5277777777777778 0.38177083333333334 0.5768518518518518 0.40989583333333335 0.5768518518518518
2 0.5234375 0.3379629629629631 0.4953125 0.3379629629629631 0.4953125 0.388888888888889 0.5234375 0.388888888888889
3 0.4270833333333333 0.7824074074074074 0.4005208333333333 0.7824074074074074 0.4005208333333333 0.8296296296296296 0.4270833333333333 0.8296296296296296
8 0.6130208333333333 0.48981481481481504 0.5848958333333333 0.48981481481481504 0.5848958333333333 0.5416666666666669 0.6130208333333333 0.5416666666666669
3 0.3859375 0.20462962962962972 0.35885416666666664 0.2046296296296297 0.35885416666666664 0.2583333333333334 0.3859375 0.2583333333333334
9 0.2984375 0.6259259259259259 0.2708333333333333 0.6259259259259259 0.2708333333333333 0.6796296296296296 0.2984375 0.6796296296296296
3 0.4197916666666667 0.612037037037037 0.39166666666666666 0.612037037037037 0.39166666666666666 0.6601851851851852 0.4197916666666667 0.6601851851851852
4 0.5614583333333333 0.33240740740740754 0.5265625 0.33240740740740754 0.5265625 0.3935185185185186 0.5614583333333333 0.3935185185185186
6 0.55625 0.24074074074074084 0.5208333333333334 0.24074074074074084 0.5208333333333334 0.30277777777777787 0.55625 0.30277777777777787
13 0.38229166666666664 0.6064814814814815 0.3411458333333333 0.6064814814814815 0.3411458333333333 0.6796296296296296 0.38229166666666664 0.6796296296296296
11 0.30885416666666665 0.6990740740740741 0.2760416666666667 0.6990740740740741 0.2760416666666667 0.7620370370370371 0.30885416666666665 0.7620370370370371
8 0.61875 0.5768518518518521 0.5895833333333333 0.5768518518518521 0.5895833333333333 0.6268518518518521 0.61875 0.6268518518518521
1 0.353125 0.7768518518518519 0.31927083333333334 0.7768518518518519 0.31927083333333334 0.8379629629629629 0.353125 0.8379629629629629
2 0.5135416666666667 0.8388888888888891 0.48489583333333336 0.8388888888888891 0.4848958333333334 0.8898148148148151 0.5135416666666668 0.8898148148148151
2 0.5072916666666667 0.18148148148148158 0.4786458333333333 0.18148148148148158 0.4786458333333333 0.23425925925925936 0.5072916666666667 0.23425925925925936
11 0.4375 0.3472222222222223 0.40260416666666665 0.3472222222222223 0.40260416666666665 0.41018518518518526 0.4375 0.41018518518518526
10 0.4479166666666667 0.43796296296296305 0.41302083333333334 0.43796296296296305 0.41302083333333334 0.5 0.4479166666666667 0.5
6 0.4588541666666667 0.6833333333333333 0.4244791666666667 0.6833333333333333 0.4244791666666667 0.7444444444444445 0.4588541666666667 0.7444444444444445
1 0.35104166666666664 0.3037037037037038 0.31927083333333334 0.3037037037037038 0.31927083333333334 0.36574074074074087 0.35104166666666664 0.36574074074074087
4 0.6640625 0.5462962962962965 0.6302083333333334 0.5462962962962965 0.6302083333333334 0.6074074074074076 0.6640625 0.6074074074074076