4 0.5541666666666667 0.13333333333333344 0.515625 0.13333333333333344 0.515625 0.19166666666666676 0.5541666666666667 0.19166666666666676
7 0.5057291666666667 0.6472222222222224 0.465625 0.6472222222222223 0.465625 0.7074074074074075 0.5057291666666667 0.7074074074074076
2 0.39322916666666674 0.8268518518518518 0.3619791666666667 0.8268518518518518 0.36197916666666674 0.8740740740740741 0.3932291666666668 0.8740740740740741
3 0.6083333333333333 0.22129629629629644 0.5765625 0.2212962962962964 0.5765625 0.2675925925925927 0.6083333333333333 0.2675925925925927
7 0.45052083333333337 0.8277777777777777 0.4119791666666667 0.8277777777777777 0.41197916666666673 0.8870370370370371 0.4505208333333334 0.8870370370370371
13 0.56875 0.815740740740741 0.5197916666666667 0.815740740740741 0.5197916666666668 0.8898148148148151 0.56875 0.8898148148148151
9 0.5078125000000001 0.837962962962963 0.47552083333333334 0.8379629629629629 0.4755208333333334 0.8861111111111112 0.5078125000000001 0.8861111111111113
2 0.6171875 0.9138888888888891 0.5864583333333333 0.9138888888888891 0.5864583333333333 0.9611111111111111 0.6171875 0.9611111111111111
3 0.390625 0.14166666666666675 0.3614583333333333 0.14166666666666672 0.3614583333333333 0.18796296296296305 0.390625 0.18796296296296308
5 0.45937500000000014 0.9092592592592592 0.42031250000000014 0.9092592592592592 0.42031250000000014 0.9722222222222222 0.45937500000000014 0.9722222222222222
0 0.5020833333333333 0.2175925925925927 0.4625 0.2175925925925927 0.4625 0.2777777777777779 0.5020833333333333 0.2777777777777779
2 0.6151041666666667 0.8305555555555557 0.5838541666666667 0.8305555555555557 0.5838541666666667 0.8814814814814816 0.6151041666666667 0.8814814814814816
6 0.453125 0.1314814814814816 0.415625 0.1314814814814816 0.415625 0.1962962962962964 0.453125 0.1962962962962964
3 0.3885416666666667 0.22777777777777786 0.35885416666666664 0.22777777777777783 0.35885416666666664 0.2750000000000001 0.3885416666666667 0.2750000000000001
8 0.5552083333333333 0.30092592592592604 0.5244791666666667 0.30092592592592604 0.5244791666666667 0.3500000000000001 0.5552083333333333 0.3500000000000001
4 0.5067708333333333 0.301851851851852 0.46822916666666664 0.301851851851852 0.46822916666666664 0.36203703703703716 0.5067708333333333 0.36203703703703716
11 0.5088541666666668 0.9074074074074076 0.46927083333333347 0.9074074074074074 0.46927083333333347 0.9694444444444444 0.5088541666666668 0.9694444444444444
1 0.5604166666666667 0.7407407407407409 0.5208333333333334 0.7407407407407409 0.5208333333333334 0.802777777777778 0.5604166666666667 0.802777777777778
10 0.5052083333333334 0.13055555555555567 0.46927083333333336 0.13055555555555567 0.46927083333333336 0.188888888888889 0.5052083333333334 0.188888888888889
0 0.4510416666666667 0.3000000000000001 0.41354166666666664 0.3000000000000001 0.41354166666666664 0.36203703703703716 0.4510416666666667 0.36203703703703716
12 0.4510416666666667 0.20462962962962974 0.40625 0.20462962962962974 0.40625 0.2925925925925927 0.4510416666666667 0.2925925925925927
10 0.5552083333333333 0.21203703703703713 0.5192708333333333 0.21203703703703713 0.5192708333333333 0.2750000000000001 0.5552083333333333 0.2750000000000001
3 0.6072916666666667 0.1379629629629631 0.578125 0.13796296296296306 0.578125 0.18240740740740755 0.6072916666666667 0.18240740740740757
6 0.5046875 0.37962962962962976 0.46822916666666664 0.37962962962962976 0.46822916666666664 0.44537037037037047 0.5046875 0.44537037037037047
3 0.65625 0.1472222222222224 0.625 0.1472222222222224 0.625 0.19722222222222238 0.65625 0.19722222222222238
11 0.5052083333333334 0.7351851851851853 0.46822916666666664 0.7351851851851852 0.46822916666666664 0.8000000000000002 0.5052083333333334 0.8000000000000002
1 0.5609375 0.9046296296296299 0.5255208333333334 0.9046296296296299 0.5255208333333334 0.9712962962962963 0.5609375 0.9712962962962963
2 0.6682291666666667 0.9083333333333335 0.6385416666666667 0.9083333333333335 0.6385416666666667 0.962037037037037 0.6682291666666667 0.962037037037037
2 0.39270833333333344 0.9157407407407407 0.3625000000000001 0.9157407407407407 0.3625000000000001 0.9657407407407408 0.39270833333333344 0.9657407407407408
5 0.453125 0.7435185185185185 0.41354166666666664 0.7435185185185185 0.41354166666666664 0.8092592592592592 0.453125 0.8092592592592592