13 0.39739583333333334 0.20555555555555563 0.3578125 0.2055555555555556 0.3578125 0.2722222222222223 0.39739583333333334 0.2722222222222223
5 0.2515625 0.18888888888888894 0.21770833333333334 0.18888888888888894 0.21770833333333334 0.24074074074074078 0.2515625 0.24074074074074084
7 0.5359375 0.2620370370370371 0.5020833333333333 0.2620370370370371 0.5020833333333333 0.313888888888889 0.5359375 0.313888888888889
6 0.27760416666666665 0.7092592592592593 0.2447916666666667 0.7092592592592593 0.2447916666666667 0.7666666666666667 0.27760416666666665 0.7666666666666667
7 0.25052083333333336 0.3268518518518519 0.21875 0.32685185185185184 0.21875 0.3805555555555556 0.25052083333333336 0.38055555555555565
0 0.2541666666666667 0.8768518518518519 0.22031250000000005 0.8768518518518519 0.22031250000000005 0.9324074074074075 0.2541666666666667 0.9324074074074075
2 0.5145833333333333 0.5731481481481484 0.4864583333333333 0.5731481481481484 0.4864583333333333 0.6185185185185187 0.5145833333333333 0.6185185185185187
2 0.41770833333333335 0.6018518518518519 0.3890625 0.6018518518518519 0.3890625 0.6462962962962963 0.41770833333333335 0.6462962962962963
11 0.47708333333333336 0.12222222222222233 0.44427083333333334 0.12222222222222233 0.44427083333333334 0.17314814814814825 0.47708333333333336 0.17314814814814825
3 0.4005208333333333 0.3611111111111112 0.3734375 0.3611111111111112 0.3734375 0.40462962962962973 0.4005208333333333 0.40462962962962973
12 0.434375 0.7435185185185185 0.3921875 0.7435185185185185 0.3921875 0.812962962962963 0.434375 0.812962962962963
3 0.49114583333333334 0.33703703703703713 0.4630208333333333 0.33703703703703713 0.4630208333333333 0.38055555555555565 0.49114583333333334 0.38055555555555565
3 0.5848958333333333 0.313888888888889 0.5578125 0.313888888888889 0.5578125 0.35648148148148157 0.5848958333333333 0.35648148148148157
8 0.48229166666666673 0.8194444444444444 0.4546875 0.8194444444444444 0.4546875000000001 0.8629629629629629 0.4822916666666668 0.8629629629629629
2 0.31927083333333334 0.6203703703703703 0.2916666666666667 0.6203703703703703 0.2916666666666667 0.6648148148148149 0.31927083333333334 0.6648148148148149
6 0.5770833333333333 0.6250000000000002 0.5432291666666667 0.6250000000000002 0.5432291666666667 0.6796296296296298 0.5770833333333333 0.6796296296296298
5 0.5234375 0.11481481481481493 0.48854166666666665 0.11481481481481493 0.48854166666666665 0.16851851851851862 0.5234375 0.16851851851851862
11 0.290625 0.17129629629629634 0.25729166666666664 0.17129629629629634 0.25729166666666664 0.22407407407407412 0.290625 0.22407407407407412
2 0.6104166666666667 0.5453703703703706 0.5807291666666666 0.5453703703703706 0.5807291666666666 0.5888888888888891 0.6104166666666667 0.5888888888888891
4 0.5869791666666667 0.7833333333333335 0.5536458333333333 0.7833333333333335 0.5536458333333333 0.8388888888888891 0.5869791666666667 0.8388888888888891
9 0.42604166666666665 0.14351851851851863 0.3984375 0.14351851851851863 0.3984375 0.18518518518518529 0.42604166666666665 0.18518518518518529
3 0.21406250000000002 0.425 0.1875 0.425 0.18750000000000003 0.4685185185185185 0.21406250000000007 0.4685185185185185
1 0.565625 0.09629629629629642 0.5296875 0.09629629629629641 0.5296875 0.15185185185185196 0.565625 0.15185185185185196
9 0.33177083333333335 0.16111111111111118 0.303125 0.16111111111111118 0.303125 0.2046296296296297 0.33177083333333335 0.2046296296296297
3 0.3046875 0.3935185185185186 0.27708333333333335 0.3935185185185186 0.27708333333333335 0.43703703703703717 0.3046875 0.43703703703703717
2 0.22760416666666672 0.649074074074074 0.2005208333333334 0.649074074074074 0.2005208333333334 0.6944444444444444 0.22760416666666672 0.6944444444444444
8 0.38906250000000003 0.8527777777777777 0.36354166666666665 0.8527777777777777 0.3635416666666667 0.8953703703703704 0.38906250000000014 0.8953703703703704
1 0.20364583333333333 0.21018518518518522 0.17239583333333333 0.21018518518518522 0.17239583333333333 0.26296296296296295 0.20364583333333333 0.26296296296296295
10 0.2984375000000001 0.8537037037037037 0.2661458333333334 0.8537037037037037 0.2661458333333334 0.9101851851851852 0.29843750000000013 0.9101851851851852
4 0.34843750000000007 0.837037037037037 0.3140625 0.837037037037037 0.3140625000000001 0.8972222222222223 0.3484375000000001 0.8972222222222223
0 0.6317708333333333 0.7638888888888891 0.5979166666666667 0.7638888888888891 0.5979166666666667 0.827777777777778 0.6317708333333333 0.827777777777778
10 0.5385416666666667 0.7935185185185187 0.5026041666666666 0.7935185185185187 0.5026041666666666 0.853703703703704 0.5385416666666667 0.853703703703704