1 0.46510416666666665 0.057407407407407504 0.425 0.0574074074074075 0.425 0.11574074074074085 0.46510416666666665 0.11574074074074085
5 0.6385416666666667 0.7388888888888892 0.5984375 0.7388888888888892 0.5984375 0.7962962962962965 0.6385416666666667 0.7962962962962965
11 0.35520833333333335 0.22685185185185192 0.31614583333333335 0.22685185185185192 0.31614583333333335 0.28703703703703715 0.35520833333333335 0.28703703703703715
9 0.5223958333333333 0.7407407407407409 0.48802083333333335 0.7407407407407409 0.48802083333333335 0.8000000000000002 0.5223958333333333 0.8000000000000002
7 0.7354166666666667 0.5592592592592595 0.6953125 0.5592592592592595 0.6953125 0.6185185185185187 0.7354166666666667 0.6185185185185187
6 0.6244791666666667 0.21111111111111125 0.5848958333333333 0.21111111111111122 0.5848958333333333 0.2685185185185186 0.6244791666666667 0.2685185185185186
9 0.5744791666666667 0.7481481481481483 0.5427083333333333 0.7481481481481483 0.5427083333333333 0.8009259259259262 0.5744791666666667 0.8009259259259262
12 0.5708333333333333 0.04166666666666678 0.5223958333333333 0.04166666666666678 0.5223958333333333 0.11111111111111123 0.5708333333333333 0.11111111111111124
2 0.6807291666666667 0.39074074074074083 0.6473958333333333 0.39074074074074083 0.6473958333333333 0.43703703703703717 0.6807291666666667 0.43703703703703717
3 0.5729166666666666 0.5675925925925928 0.5390625 0.5675925925925928 0.5390625 0.614814814814815 0.5729166666666666 0.614814814814815
8 0.5088541666666667 0.04814814814814825 0.47604166666666664 0.04814814814814825 0.47604166666666664 0.09907407407407418 0.5088541666666667 0.09907407407407418
8 0.5630208333333333 0.21666666666666679 0.5307291666666667 0.21666666666666679 0.5307291666666667 0.263888888888889 0.5630208333333333 0.263888888888889
13 0.4744791666666667 0.7398148148148148 0.42552083333333335 0.7398148148148148 0.42552083333333335 0.812037037037037 0.4744791666666667 0.812037037037037
11 0.5151041666666667 0.2175925925925927 0.47552083333333334 0.2175925925925927 0.47552083333333334 0.27685185185185196 0.5151041666666667 0.27685185185185196
1 0.46979166666666666 0.6555555555555556 0.428125 0.6555555555555556 0.428125 0.7138888888888889 0.46979166666666666 0.7138888888888889
3 0.40677083333333336 0.4888888888888889 0.3729166666666667 0.4888888888888889 0.3729166666666667 0.5361111111111111 0.40677083333333336 0.5361111111111111
3 0.5125 0.38611111111111124 0.47760416666666666 0.38611111111111124 0.47760416666666666 0.4361111111111112 0.5125 0.4361111111111112
3 0.46145833333333336 0.4898148148148148 0.4270833333333333 0.4898148148148148 0.4270833333333333 0.5351851851851852 0.46145833333333336 0.5351851851851852
2 0.45989583333333334 0.3935185185185186 0.4270833333333333 0.3935185185185186 0.4270833333333333 0.44722222222222235 0.45989583333333334 0.44722222222222235
4 0.6786458333333333 0.21018518518518534 0.6395833333333333 0.21018518518518534 0.6395833333333333 0.26944444444444454 0.6786458333333333 0.26944444444444454
7 0.6197916666666666 0.046296296296296426 0.578125 0.046296296296296426 0.578125 0.10370370370370384 0.6197916666666666 0.10370370370370384
2 0.6833333333333333 0.6555555555555558 0.6505208333333333 0.6555555555555558 0.6505208333333333 0.7000000000000002 0.6833333333333333 0.7000000000000002
6 0.3 0.5 0.2598958333333334 0.5 0.2598958333333334 0.5611111111111111 0.3 0.5611111111111111
3 0.6786458333333333 0.4722222222222223 0.646875 0.4722222222222223 0.646875 0.5175925925925928 0.6786458333333333 0.5175925925925928
0 0.4625 0.22314814814814826 0.42239583333333336 0.22314814814814826 0.42239583333333336 0.28333333333333344 0.4625 0.28333333333333344
10 0.5208333333333334 0.8212962962962965 0.48489583333333336 0.8212962962962965 0.4848958333333334 0.8916666666666668 0.5208333333333335 0.8916666666666668
5 0.5177083333333333 0.5611111111111112 0.4791666666666667 0.5611111111111111 0.4791666666666667 0.6296296296296298 0.5177083333333333 0.6296296296296299
4 0.5729166666666666 0.48425925925925944 0.5359375 0.48425925925925944 0.5359375 0.5379629629629632 0.5729166666666666 0.5379629629629632
2 0.35572916666666665 0.6666666666666666 0.3260416666666667 0.6666666666666666 0.3260416666666667 0.7166666666666667 0.35572916666666665 0.7166666666666667
2 0.4109375 0.6657407407407407 0.3802083333333333 0.6657407407407407 0.3802083333333333 0.7212962962962963 0.4109375 0.7212962962962963
10 0.5125 0.12962962962962973 0.47604166666666664 0.12962962962962973 0.47604166666666664 0.19444444444444456 0.5125 0.19444444444444456
0 0.5760416666666667 0.6546296296296299 0.5364583333333334 0.6546296296296299 0.5364583333333334 0.7129629629629631 0.5760416666666667 0.7129629629629631