12 0.38333333333333336 0.44814814814814824 0.32760416666666664 0.44814814814814824 0.32760416666666664 0.5462962962962963 0.38333333333333336 0.5462962962962963
11 0.7192708333333333 0.47407407407407426 0.6791666666666667 0.47407407407407426 0.6791666666666667 0.5462962962962965 0.7192708333333333 0.5462962962962965
0 0.4 0.09074074074074082 0.35520833333333335 0.09074074074074082 0.35520833333333335 0.17129629629629636 0.4 0.1712962962962964
10 0.29635416666666664 0.6796296296296296 0.25000000000000006 0.6796296296296296 0.25000000000000006 0.7601851851851852 0.29635416666666664 0.7601851851851852
2 0.515625 0.1777777777777779 0.48072916666666665 0.1777777777777779 0.48072916666666665 0.23888888888888898 0.515625 0.23888888888888898
3 0.5520833333333334 0.7296296296296299 0.5177083333333333 0.7296296296296299 0.5177083333333333 0.790740740740741 0.5520833333333334 0.790740740740741
7 0.5807291666666666 0.8287037037037039 0.5375 0.8287037037037039 0.5375 0.9046296296296299 0.5807291666666666 0.9046296296296299
4 0.309375 0.5842592592592593 0.26406250000000003 0.5842592592592593 0.26406250000000003 0.6648148148148149 0.309375 0.6648148148148149
0 0.2911458333333333 0.762962962962963 0.24531250000000007 0.762962962962963 0.24531250000000007 0.8425925925925926 0.2911458333333333 0.8425925925925926
2 0.4869791666666667 0.3351851851851853 0.4505208333333333 0.3351851851851853 0.4505208333333333 0.3972222222222223 0.4869791666666667 0.3972222222222223
3 0.6291666666666667 0.25925925925925936 0.5958333333333333 0.25925925925925936 0.5958333333333333 0.31851851851851865 0.6291666666666667 0.31851851851851865
2 0.42916666666666664 0.6648148148148149 0.3932291666666667 0.6648148148148149 0.3932291666666667 0.7277777777777777 0.42916666666666664 0.7277777777777777
11 0.671875 0.7814814814814817 0.6296875 0.7814814814814817 0.6296875 0.8574074074074076 0.671875 0.8574074074074076
7 0.6520833333333333 0.35092592592592603 0.609375 0.35092592592592603 0.609375 0.42592592592592604 0.6520833333333333 0.42592592592592604
4 0.3828125 0.1685185185185186 0.3380208333333333 0.16851851851851857 0.3380208333333333 0.24722222222222232 0.3828125 0.24722222222222232
3 0.6083333333333333 0.40462962962962973 0.5739583333333333 0.40462962962962973 0.5739583333333333 0.4648148148148149 0.6083333333333333 0.4648148148148149
2 0.45729166666666665 0.49907407407407406 0.42083333333333334 0.49907407407407406 0.42083333333333334 0.562037037037037 0.45729166666666665 0.562037037037037
3 0.5786458333333333 0.5712962962962965 0.54375 0.5712962962962965 0.54375 0.6324074074074076 0.5786458333333333 0.6324074074074076
3 0.5281250000000001 0.8925925925925928 0.49375000000000013 0.8925925925925928 0.49375000000000013 0.9546296296296296 0.5281250000000001 0.9546296296296296
13 0.6651041666666667 0.602777777777778 0.6145833333333334 0.602777777777778 0.6145833333333334 0.6916666666666669 0.6651041666666667 0.6916666666666669
10 0.36666666666666664 0.2564814814814816 0.32135416666666666 0.2564814814814816 0.32135416666666666 0.3351851851851853 0.36666666666666664 0.3351851851851853
8 0.321875 0.5120370370370371 0.28541666666666665 0.5120370370370371 0.28541666666666665 0.5740740740740741 0.321875 0.5740740740740741
2 0.4072916666666667 0.8240740740740741 0.37135416666666665 0.8240740740740741 0.3713541666666667 0.8870370370370371 0.4072916666666668 0.8870370370370371
8 0.35104166666666664 0.3435185185185186 0.3145833333333333 0.3435185185185186 0.3145833333333333 0.4064814814814816 0.35104166666666664 0.4064814814814816
1 0.7432291666666667 0.32777777777777795 0.703125 0.3277777777777779 0.703125 0.39907407407407425 0.7432291666666667 0.3990740740740743
6 0.3828125 0.7240740740740741 0.3385416666666667 0.7240740740740741 0.3385416666666667 0.8009259259259259 0.3828125 0.8009259259259259
1 0.6427083333333333 0.9296296296296298 0.6010416666666667 0.9296296296296298 0.6010416666666667 1 0.6427083333333333 1
5 0.7328125 0.39351851851851866 0.6916666666666667 0.3935185185185186 0.6916666666666667 0.46666666666666684 0.7328125 0.4666666666666669
9 0.7072916666666667 0.5564814814814817 0.6734375 0.5564814814814817 0.6734375 0.6157407407407409 0.7072916666666667 0.6157407407407409
6 0.465625 0.21481481481481493 0.42083333333333334 0.21481481481481493 0.42083333333333334 0.2925925925925927 0.465625 0.2925925925925927
5 0.65625 0.8574074074074076 0.6145833333333334 0.8574074074074076 0.6145833333333334 0.9324074074074076 0.65625 0.9324074074074076
9 0.6802083333333333 0.7074074074074076 0.6463541666666667 0.7074074074074076 0.6463541666666667 0.7675925925925928 0.6802083333333333 0.7675925925925928