8 0.38125 0.018518518518518597 0.3453125 0.01851851851851859 0.3453125 0.0648148148148149 0.38125 0.0648148148148149
3 0.46041666666666664 0.5472222222222223 0.42239583333333336 0.5472222222222223 0.42239583333333336 0.6111111111111112 0.46041666666666664 0.6111111111111112
2 0.3927083333333333 0.24444444444444455 0.35520833333333335 0.24444444444444455 0.35520833333333335 0.30833333333333346 0.3927083333333333 0.30833333333333346
2 0.5932291666666667 0.36666666666666675 0.55625 0.36666666666666675 0.55625 0.4287037037037038 0.5932291666666667 0.4287037037037038
12 0.43020833333333336 0.08888888888888898 0.37395833333333334 0.08888888888888896 0.37395833333333334 0.18240740740740752 0.43020833333333336 0.18240740740740752
2 0.19166666666666668 0.1407407407407408 0.15364583333333334 0.1407407407407408 0.15364583333333334 0.2046296296296297 0.19166666666666668 0.2046296296296297
2 0.2921875 0.19259259259259265 0.25416666666666665 0.19259259259259265 0.25416666666666665 0.25555555555555565 0.2921875 0.25555555555555565
8 0.4739583333333333 0.05185185185185195 0.4390625 0.05185185185185194 0.4390625 0.10925925925925936 0.4739583333333333 0.10925925925925936
2 0.4921875 0.31296296296296305 0.4546875 0.31296296296296305 0.4546875 0.37592592592592605 0.4921875 0.37592592592592605
7 0.20260416666666672 0.46944444444444444 0.15468750000000006 0.46944444444444444 0.15468750000000006 0.5509259259259259 0.20260416666666672 0.5509259259259259
3 0.2567708333333334 0.4370370370370371 0.21822916666666672 0.43703703703703706 0.21822916666666672 0.5027777777777778 0.2567708333333334 0.5027777777777778
7 0.5088541666666667 0.6481481481481483 0.46145833333333336 0.6481481481481481 0.46145833333333336 0.7287037037037039 0.5088541666666667 0.728703703703704
6 0.5630208333333333 0.25555555555555565 0.5166666666666667 0.25555555555555565 0.5166666666666667 0.3333333333333334 0.5630208333333333 0.3333333333333334
6 0.253125 0.08240740740740746 0.20833333333333334 0.08240740740740746 0.20833333333333334 0.16018518518518524 0.253125 0.16018518518518524
3 0.3541666666666667 0.49537037037037035 0.315625 0.49537037037037035 0.315625 0.5611111111111111 0.3541666666666667 0.5611111111111111
10 0.3333333333333333 0.014814814814814883 0.28854166666666664 0.014814814814814881 0.28854166666666664 0.04351851851851859 0.3333333333333333 0.043518518518518595
3 0.1572916666666667 0.3851851851851852 0.11927083333333337 0.3851851851851852 0.11927083333333337 0.45 0.15729166666666672 0.45
4 0.5171875 0.08425925925925937 0.47239583333333335 0.08425925925925937 0.47239583333333335 0.15925925925925938 0.5171875 0.15925925925925938
13 0.3416666666666667 0.6351851851851852 0.2838541666666667 0.6351851851851852 0.2838541666666667 0.7342592592592593 0.3416666666666667 0.7342592592592593
9 0.2760416666666667 0.6972222222222222 0.2380208333333334 0.6972222222222222 0.2380208333333334 0.7620370370370371 0.2760416666666667 0.7620370370370371
5 0.18177083333333338 0.6333333333333333 0.13385416666666672 0.6333333333333333 0.13385416666666672 0.7148148148148148 0.18177083333333338 0.7148148148148148
10 0.5692708333333333 0.10833333333333345 0.5229166666666667 0.10833333333333343 0.5229166666666667 0.188888888888889 0.5692708333333333 0.188888888888889
0 0.6161458333333333 0.12870370370370385 0.5713541666666667 0.12870370370370382 0.5713541666666667 0.20740740740740754 0.6161458333333333 0.20740740740740757
1 0.13750000000000007 0.6138888888888889 0.08697916666666669 0.6138888888888889 0.0869791666666667 0.7037037037037037 0.13750000000000007 0.7037037037037037
11 0.22864583333333338 0.6648148148148149 0.18125000000000005 0.6648148148148149 0.18125000000000005 0.7527777777777778 0.22864583333333338 0.7527777777777778
9 0.38177083333333334 0.7583333333333333 0.34270833333333334 0.7583333333333333 0.34270833333333334 0.8296296296296296 0.38177083333333334 0.8296296296296296
11 0.43697916666666675 0.7777777777777778 0.3859375 0.7777777777777778 0.38593750000000004 0.8638888888888889 0.4369791666666668 0.8638888888888889
5 0.48281250000000003 0.7972222222222223 0.4328125 0.7972222222222223 0.43281250000000004 0.8787037037037037 0.48281250000000014 0.8787037037037037
1 0.540625 0.8138888888888891 0.4901041666666667 0.8138888888888891 0.49010416666666673 0.9037037037037039 0.540625 0.9037037037037039
3 0.5604166666666667 0.5870370370370372 0.5223958333333333 0.5870370370370372 0.5223958333333333 0.6546296296296299 0.5604166666666667 0.6546296296296299