7 0.3875 0.10462962962962971 0.35572916666666665 0.10462962962962971 0.35572916666666665 0.16018518518518526 0.3875 0.1601851851851853
10 0.409375 0.562962962962963 0.37552083333333336 0.562962962962963 0.37552083333333336 0.6240740740740741 0.409375 0.6240740740740741
7 0.46458333333333335 0.41203703703703715 0.4317708333333333 0.41203703703703715 0.4317708333333333 0.46944444444444455 0.46458333333333335 0.46944444444444455
12 0.4005208333333333 0.7222222222222222 0.359375 0.7222222222222222 0.359375 0.7953703703703704 0.4005208333333333 0.7953703703703704
13 0.38958333333333334 0.16759259259259268 0.35104166666666664 0.16759259259259265 0.35104166666666664 0.2361111111111112 0.38958333333333334 0.23611111111111122
0 0.4244791666666667 0.33240740740740754 0.39166666666666666 0.33240740740740754 0.39166666666666666 0.38981481481481495 0.4244791666666667 0.38981481481481495
2 0.4125 0.4888888888888889 0.3859375 0.4888888888888889 0.3859375 0.5361111111111111 0.4125 0.5361111111111111
3 0.471875 0.2703703703703705 0.44635416666666666 0.2703703703703705 0.44635416666666666 0.3157407407407408 0.471875 0.3157407407407408
3 0.3182291666666667 0.4712962962962964 0.2911458333333333 0.4712962962962964 0.2911458333333333 0.5175925925925926 0.3182291666666667 0.5175925925925926
1 0.55625 0.6629629629629632 0.521875 0.6629629629629632 0.521875 0.7240740740740743 0.55625 0.7240740740740743
3 0.5083333333333333 0.5092592592592594 0.4817708333333333 0.5092592592592593 0.4817708333333333 0.5555555555555557 0.5083333333333333 0.5555555555555558
0 0.325 0.30925925925925934 0.29270833333333335 0.30925925925925934 0.29270833333333335 0.36666666666666675 0.325 0.36666666666666675
10 0.240625 0.1481481481481482 0.20885416666666667 0.1481481481481482 0.20885416666666667 0.20370370370370375 0.240625 0.20370370370370375
6 0.3651041666666667 0.3962962962962964 0.33229166666666665 0.3962962962962964 0.33229166666666665 0.4546296296296297 0.3651041666666667 0.4546296296296297
3 0.16093750000000007 0.5305555555555556 0.13489583333333338 0.5305555555555556 0.13489583333333338 0.5787037037037037 0.16093750000000007 0.5787037037037037
9 0.33177083333333335 0.17222222222222228 0.30625 0.17222222222222228 0.30625 0.21851851851851858 0.33177083333333335 0.21851851851851858
8 0.296875 0.7037037037037037 0.2703125 0.7037037037037037 0.2703125 0.7527777777777778 0.296875 0.7527777777777778
8 0.296875 0.6333333333333333 0.2703125 0.6333333333333333 0.2703125 0.6805555555555556 0.296875 0.6805555555555556
2 0.26875 0.38796296296296306 0.24322916666666666 0.38796296296296306 0.2432291666666667 0.43425925925925934 0.26875 0.43425925925925934
2 0.36041666666666666 0.48518518518518516 0.334375 0.48518518518518516 0.334375 0.5314814814814814 0.36041666666666666 0.5314814814814814
5 0.20000000000000007 0.687962962962963 0.1677083333333334 0.687962962962963 0.1677083333333334 0.7472222222222222 0.20000000000000007 0.7472222222222222
4 0.30833333333333335 0.549074074074074 0.275 0.549074074074074 0.275 0.6092592592592593 0.30833333333333335 0.6092592592592593
9 0.37604166666666666 0.2500000000000001 0.3494791666666667 0.2500000000000001 0.3494791666666667 0.29537037037037045 0.37604166666666666 0.29537037037037045
2 0.5640625 0.36296296296296304 0.5380208333333333 0.36296296296296304 0.5380208333333333 0.4074074074074075 0.5640625 0.4074074074074075
5 0.23020833333333332 0.3037037037037037 0.19739583333333333 0.3037037037037037 0.19739583333333333 0.3648148148148148 0.23020833333333332 0.3648148148148148
1 0.2510416666666667 0.6907407407407408 0.2177083333333334 0.6907407407407408 0.2177083333333334 0.7518518518518519 0.2510416666666667 0.7518518518518519
11 0.5244791666666667 0.20092592592592604 0.49270833333333336 0.20092592592592604 0.49270833333333336 0.2583333333333334 0.5244791666666667 0.2583333333333334
2 0.18333333333333332 0.30462962962962964 0.15833333333333333 0.30462962962962964 0.15833333333333333 0.3509259259259259 0.18333333333333332 0.3509259259259259
6 0.28229166666666666 0.23148148148148154 0.24895833333333334 0.23148148148148154 0.24895833333333334 0.288888888888889 0.28229166666666666 0.288888888888889
11 0.26041666666666674 0.5388888888888889 0.2270833333333334 0.5388888888888889 0.2270833333333334 0.5990740740740741 0.26041666666666674 0.5990740740740741
4 0.2036458333333334 0.6037037037037037 0.17031250000000006 0.6037037037037037 0.17031250000000006 0.6657407407407407 0.2036458333333334 0.6657407407407407
3 0.22239583333333332 0.38333333333333336 0.19583333333333333 0.38333333333333336 0.19583333333333333 0.4287037037037037 0.22239583333333332 0.4287037037037037