1 0.5005208333333333 0.1787037037037038 0.45989583333333334 0.1787037037037038 0.45989583333333334 0.23611111111111122 0.5005208333333333 0.23611111111111122
5 0.5609375 0.3314814814814816 0.5197916666666667 0.3314814814814816 0.5197916666666667 0.3935185185185186 0.5609375 0.3935185185185186
1 0.5005208333333333 0.0925925925925927 0.4609375 0.0925925925925927 0.4609375 0.15185185185185196 0.5005208333333333 0.15185185185185196
10 0.5072916666666668 0.8657407407407408 0.46718750000000014 0.8657407407407407 0.46718750000000014 0.9268518518518519 0.5072916666666668 0.926851851851852
7 0.39791666666666664 0.25555555555555565 0.35833333333333334 0.25555555555555565 0.35833333333333334 0.31481481481481494 0.39791666666666664 0.31481481481481494
7 0.6119791666666666 0.2583333333333334 0.5713541666666667 0.2583333333333334 0.5713541666666667 0.31944444444444453 0.6119791666666666 0.31944444444444453
4 0.45208333333333334 0.6037037037037037 0.4109375 0.6037037037037037 0.4109375 0.6638888888888889 0.45208333333333334 0.6638888888888889
9 0.559375 0.776851851851852 0.5255208333333333 0.776851851851852 0.5255208333333333 0.8240740740740743 0.559375 0.8240740740740743
11 0.5552083333333333 0.08981481481481493 0.5135416666666667 0.08981481481481492 0.5135416666666667 0.14537037037037048 0.5552083333333333 0.14537037037037048
11 0.4510416666666667 0.09537037037037047 0.41041666666666665 0.09537037037037045 0.41041666666666665 0.15277777777777787 0.4510416666666667 0.15277777777777787
3 0.39010416666666664 0.1824074074074075 0.3567708333333333 0.18240740740740746 0.3567708333333333 0.2296296296296297 0.39010416666666664 0.22962962962962974
12 0.5098958333333333 0.24722222222222232 0.46197916666666666 0.24722222222222232 0.46197916666666666 0.3212962962962964 0.5098958333333333 0.3212962962962964
4 0.5588541666666667 0.5972222222222224 0.51875 0.5972222222222224 0.51875 0.6564814814814817 0.5588541666666667 0.6564814814814817
3 0.44375 0.263888888888889 0.40989583333333335 0.263888888888889 0.40989583333333335 0.30925925925925934 0.44375 0.30925925925925934
0 0.44947916666666676 0.8657407407407407 0.4088541666666668 0.8657407407407407 0.4088541666666668 0.925 0.44947916666666676 0.925
2 0.4510416666666667 0.700925925925926 0.41770833333333335 0.700925925925926 0.41770833333333335 0.7490740740740741 0.4510416666666667 0.7490740740740741
6 0.6166666666666667 0.690740740740741 0.5760416666666667 0.690740740740741 0.5760416666666667 0.7500000000000002 0.6166666666666667 0.7500000000000002
2 0.6098958333333333 0.7879629629629632 0.5770833333333333 0.7879629629629632 0.5770833333333333 0.8351851851851854 0.6098958333333333 0.8351851851851854
3 0.6046875 0.17222222222222236 0.571875 0.17222222222222233 0.571875 0.21851851851851864 0.6046875 0.21851851851851867
2 0.5026041666666666 0.6101851851851853 0.46875 0.6101851851851852 0.46875 0.6601851851851853 0.5026041666666666 0.6601851851851854
3 0.49583333333333335 0.35185185185185197 0.46145833333333336 0.35185185185185197 0.46145833333333336 0.39814814814814825 0.49583333333333335 0.39814814814814825
10 0.5052083333333334 0.7805555555555557 0.4630208333333333 0.7805555555555556 0.4630208333333333 0.8453703703703704 0.5052083333333334 0.8453703703703705
8 0.446875 0.1787037037037038 0.4140625 0.1787037037037038 0.4140625 0.22500000000000012 0.446875 0.22500000000000012
8 0.5510416666666667 0.1740740740740742 0.5192708333333333 0.1740740740740742 0.5192708333333333 0.22222222222222232 0.5510416666666667 0.22222222222222232
9 0.44583333333333336 0.7833333333333333 0.4114583333333333 0.7833333333333333 0.4114583333333333 0.8296296296296296 0.44583333333333336 0.8296296296296296
13 0.5098958333333333 0.6851851851851853 0.46041666666666664 0.6851851851851852 0.46041666666666664 0.7629629629629631 0.5098958333333333 0.7629629629629632
5 0.4479166666666667 0.3398148148148149 0.4078125 0.3398148148148149 0.4078125 0.400925925925926 0.4479166666666667 0.400925925925926
0 0.5598958333333334 0.8685185185185187 0.5192708333333335 0.8685185185185187 0.5192708333333335 0.9287037037037039 0.5598958333333334 0.9287037037037039
2 0.5604166666666667 0.6972222222222224 0.5302083333333333 0.6972222222222224 0.5302083333333333 0.7509259259259261 0.5604166666666667 0.7509259259259261
6 0.3921875 0.6944444444444444 0.35520833333333335 0.6944444444444444 0.35520833333333335 0.7666666666666667 0.3921875 0.7666666666666667
3 0.5541666666666667 0.25925925925925936 0.5223958333333333 0.25925925925925936 0.5223958333333333 0.3111111111111112 0.5541666666666667 0.3111111111111112
2 0.3932291666666667 0.7898148148148149 0.3645833333333333 0.7898148148148149 0.3645833333333333 0.8416666666666667 0.3932291666666667 0.8416666666666667