7 0.6109375 0.6009259259259261 0.5760416666666667 0.6009259259259261 0.5760416666666667 0.6638888888888891 0.6109375 0.6638888888888891
3 0.690625 0.6675925925925928 0.6635416666666667 0.6675925925925928 0.6635416666666667 0.7138888888888891 0.690625 0.7138888888888891
13 0.7671875 0.5157407407407409 0.7276041666666667 0.5157407407407409 0.7276041666666667 0.5888888888888891 0.7671875 0.5888888888888891
3 0.5427083333333333 0.665740740740741 0.515625 0.665740740740741 0.515625 0.714814814814815 0.5427083333333333 0.714814814814815
2 0.5921875 0.4175925925925927 0.5651041666666666 0.4175925925925927 0.5651041666666666 0.463888888888889 0.5921875 0.463888888888889
2 0.578125 0.5055555555555558 0.5515625 0.5055555555555558 0.5515625 0.5537037037037039 0.578125 0.5537037037037039
3 0.609375 0.34444444444444455 0.5828125 0.34444444444444455 0.5828125 0.3916666666666668 0.609375 0.3916666666666668
10 0.8098958333333334 0.27685185185185207 0.778125 0.27685185185185207 0.778125 0.33333333333333354 0.8098958333333334 0.33333333333333354
6 0.7494791666666667 0.3296296296296298 0.7177083333333333 0.3296296296296297 0.7177083333333333 0.38888888888888906 0.7494791666666667 0.3888888888888891
7 0.8046875 0.5435185185185187 0.7713541666666667 0.5435185185185187 0.7713541666666667 0.6009259259259261 0.8046875 0.6009259259259261
10 0.5390625 0.4685185185185186 0.5057291666666667 0.4685185185185186 0.5057291666666667 0.5287037037037039 0.5390625 0.5287037037037039
3 0.6109375 0.07500000000000014 0.5848958333333333 0.07500000000000014 0.5848958333333333 0.11944444444444458 0.6109375 0.1194444444444446
2 0.6661458333333333 0.28703703703703715 0.6401041666666667 0.28703703703703715 0.6401041666666667 0.33425925925925937 0.6661458333333333 0.33425925925925937
6 0.6416666666666667 0.43333333333333346 0.6083333333333333 0.43333333333333346 0.6083333333333333 0.49351851851851875 0.6416666666666667 0.49351851851851875
5 0.5197916666666667 0.09629629629629641 0.4869791666666667 0.09629629629629641 0.4869791666666667 0.15185185185185196 0.5197916666666667 0.15185185185185196
12 0.4578125 0.3962962962962964 0.4171875 0.3962962962962964 0.4171875 0.4712962962962964 0.4578125 0.4712962962962964
0 0.6994791666666667 0.38425925925925936 0.6661458333333333 0.38425925925925936 0.6661458333333333 0.44444444444444453 0.6994791666666667 0.44444444444444453
9 0.7239583333333334 0.4990740740740743 0.6979166666666666 0.4990740740740743 0.6979166666666666 0.5462962962962965 0.7239583333333334 0.5462962962962965
1 0.4473958333333333 0.6944444444444444 0.41354166666666664 0.6944444444444444 0.41354166666666664 0.7555555555555555 0.4473958333333333 0.7555555555555555
0 0.665625 0.5490740740740743 0.6317708333333333 0.5490740740740743 0.6317708333333333 0.6111111111111113 0.665625 0.6111111111111113
2 0.615625 0.8101851851851853 0.5880208333333333 0.8101851851851853 0.5880208333333333 0.8574074074074076 0.615625 0.8574074074074076
1 0.5083333333333333 0.1777777777777779 0.475 0.1777777777777779 0.475 0.23611111111111122 0.5083333333333333 0.23611111111111122
9 0.775 0.4425925925925928 0.7489583333333333 0.4425925925925928 0.7489583333333333 0.490740740740741 0.775 0.490740740740741
3 0.678125 0.20740740740740757 0.6526041666666667 0.20740740740740757 0.6526041666666667 0.2527777777777779 0.678125 0.2527777777777779
8 0.5260416666666666 0.275925925925926 0.5005208333333333 0.275925925925926 0.5005208333333333 0.3212962962962964 0.5260416666666666 0.3212962962962964
2 0.7307291666666667 0.1583333333333335 0.7052083333333333 0.1583333333333335 0.7052083333333333 0.20370370370370386 0.7307291666666667 0.20370370370370386
5 0.721875 0.22407407407407423 0.6890625 0.22407407407407423 0.6890625 0.2814814814814816 0.721875 0.2814814814814816
11 0.7213541666666666 0.7740740740740742 0.6880208333333333 0.7740740740740742 0.6880208333333333 0.8324074074074076 0.7213541666666666 0.8324074074074076
8 0.48802083333333335 0.26481481481481495 0.46145833333333336 0.26481481481481495 0.46145833333333336 0.3111111111111112 0.48802083333333335 0.3111111111111112
11 0.584375 0.22407407407407418 0.5510416666666667 0.22407407407407418 0.5510416666666667 0.2824074074074075 0.584375 0.2824074074074075
4 0.5614583333333333 0.11851851851851862 0.5291666666666667 0.11851851851851862 0.5291666666666667 0.1740740740740742 0.5614583333333333 0.1740740740740742
4 0.5682291666666667 0.30092592592592604 0.5348958333333333 0.30092592592592604 0.5348958333333333 0.3592592592592594 0.5682291666666667 0.3592592592592594