4 0.475 0.3453703703703705 0.4354166666666667 0.3453703703703705 0.4354166666666667 0.4064814814814816 0.475 0.4064814814814816
4 0.6369791666666667 0.6972222222222224 0.5979166666666667 0.6972222222222224 0.5979166666666667 0.7583333333333335 0.6369791666666667 0.7583333333333335
12 0.5348958333333333 0.7814814814814817 0.4869791666666667 0.7814814814814817 0.4869791666666667 0.8509259259259261 0.5348958333333333 0.8509259259259261
8 0.4713541666666668 0.8814814814814815 0.43802083333333347 0.8814814814814815 0.43802083333333347 0.9259259259259259 0.4713541666666668 0.9259259259259259
11 0.5885416666666666 0.34444444444444455 0.5489583333333333 0.34444444444444455 0.5489583333333333 0.4074074074074075 0.5885416666666666 0.4074074074074075
2 0.53125 0.6018518518518521 0.4979166666666667 0.6018518518518521 0.4979166666666667 0.6490740740740742 0.53125 0.6490740740740742
6 0.5307291666666667 0.3490740740740742 0.49166666666666664 0.3490740740740742 0.49166666666666664 0.4074074074074075 0.5307291666666667 0.4074074074074075
2 0.3109375 0.6166666666666667 0.2791666666666667 0.6166666666666667 0.2791666666666667 0.6620370370370371 0.3109375 0.6620370370370371
2 0.3619791666666667 0.625 0.32916666666666666 0.625 0.32916666666666666 0.6703703703703704 0.3619791666666667 0.6703703703703704
8 0.5869791666666667 0.8768518518518521 0.5546875 0.8768518518518521 0.5546875 0.9212962962962965 0.5869791666666667 0.9212962962962965
2 0.6380208333333334 0.6175925925925928 0.6057291666666667 0.6175925925925928 0.6057291666666667 0.6648148148148151 0.6380208333333334 0.6648148148148151
3 0.6921875 0.3500000000000001 0.6598958333333333 0.3500000000000001 0.6598958333333333 0.3972222222222223 0.6921875 0.3972222222222223
13 0.5354166666666667 0.08055555555555566 0.4875 0.08055555555555566 0.4875 0.1500000000000001 0.5354166666666667 0.1500000000000001
5 0.6427083333333333 0.08333333333333347 0.6026041666666667 0.08333333333333347 0.6026041666666667 0.14259259259259272 0.6427083333333333 0.14259259259259274
10 0.6421875 0.8629629629629632 0.6015625 0.8629629629629632 0.6015625 0.9231481481481484 0.6421875 0.9231481481481484
0 0.5328125 0.1712962962962964 0.4942708333333333 0.1712962962962964 0.4942708333333333 0.22962962962962974 0.5328125 0.22962962962962974
3 0.65 0.3537037037037038 0.6203125 0.3537037037037038 0.6203125 0.40462962962962973 0.65 0.40462962962962973