13 0.6416666666666667 0.42592592592592604 0.6005208333333333 0.42592592592592604 0.6005208333333333 0.5000000000000002 0.6416666666666667 0.5000000000000002
1 0.590625 0.4185185185185186 0.5572916666666666 0.4185185185185186 0.5572916666666666 0.4805555555555558 0.590625 0.4805555555555558
7 0.5708333333333333 0.6851851851851853 0.5348958333333333 0.6851851851851853 0.5348958333333333 0.7462962962962965 0.5708333333333333 0.7462962962962965
6 0.37864583333333335 0.2814814814814816 0.3463541666666667 0.2814814814814816 0.3463541666666667 0.3398148148148149 0.37864583333333335 0.3398148148148149
5 0.646875 0.26111111111111124 0.6135416666666667 0.26111111111111124 0.6135416666666667 0.31944444444444453 0.646875 0.31944444444444453
12 0.33177083333333335 0.3361111111111112 0.2916666666666667 0.3361111111111112 0.2916666666666667 0.40833333333333344 0.33177083333333335 0.40833333333333344
11 0.5838541666666667 0.5083333333333335 0.5494791666666666 0.5083333333333335 0.5494791666666666 0.5703703703703705 0.5838541666666667 0.5703703703703705
7 0.5979166666666667 0.3361111111111112 0.5645833333333333 0.3361111111111112 0.5645833333333333 0.39444444444444454 0.5979166666666667 0.39444444444444454
5 0.61875 0.6962962962962965 0.5828125 0.6962962962962965 0.5828125 0.7592592592592595 0.61875 0.7592592592592595
9 0.6255208333333333 0.5250000000000002 0.5979166666666667 0.5250000000000002 0.5979166666666667 0.5740740740740743 0.6255208333333333 0.5740740740740743
2 0.4171875 0.2935185185185186 0.3921875 0.2935185185185186 0.3921875 0.3379629629629631 0.4171875 0.3379629629629631
2 0.3984375 0.4703703703703705 0.371875 0.4703703703703705 0.371875 0.5175925925925926 0.3984375 0.5175925925925926
10 0.3692708333333333 0.36203703703703716 0.33645833333333336 0.36203703703703716 0.33645833333333336 0.42037037037037045 0.3692708333333333 0.42037037037037045
1 0.5765625 0.589814814814815 0.5421875 0.589814814814815 0.5421875 0.6509259259259261 0.5765625 0.6509259259259261
11 0.6255208333333333 0.6055555555555557 0.590625 0.6055555555555557 0.590625 0.6666666666666669 0.6255208333333333 0.6666666666666669
0 0.3015625 0.6111111111111112 0.2682291666666667 0.6111111111111112 0.2682291666666667 0.6712962962962963 0.3015625 0.6712962962962963
3 0.5515625 0.32685185185185195 0.525 0.32685185185185195 0.525 0.37314814814814823 0.5515625 0.37314814814814823
3 0.5458333333333333 0.413888888888889 0.5192708333333333 0.413888888888889 0.5192708333333333 0.46203703703703713 0.5458333333333333 0.46203703703703713
4 0.34479166666666666 0.18981481481481488 0.3125 0.18981481481481488 0.3125 0.24722222222222232 0.34479166666666666 0.24722222222222232
0 0.38697916666666665 0.20185185185185192 0.35520833333333335 0.2018518518518519 0.35520833333333335 0.2601851851851853 0.38697916666666665 0.2601851851851853
6 0.3515625 0.5370370370370371 0.31927083333333334 0.5370370370370371 0.31927083333333334 0.5972222222222222 0.3515625 0.5972222222222222
3 0.5302083333333333 0.5925925925925928 0.5026041666666666 0.5925925925925928 0.5026041666666666 0.6416666666666668 0.5302083333333333 0.6416666666666668
2 0.40989583333333335 0.3814814814814816 0.38385416666666666 0.3814814814814816 0.38385416666666666 0.42777777777777787 0.40989583333333335 0.42777777777777787
8 0.33229166666666665 0.27314814814814825 0.3067708333333333 0.27314814814814825 0.3067708333333333 0.31944444444444453 0.33229166666666665 0.31944444444444453
3 0.5567708333333333 0.24722222222222232 0.53125 0.24722222222222232 0.53125 0.2935185185185186 0.5567708333333333 0.2935185185185186
4 0.30885416666666665 0.5231481481481481 0.275 0.5231481481481481 0.275 0.5842592592592593 0.30885416666666665 0.5842592592592593
8 0.31614583333333335 0.43703703703703717 0.290625 0.43703703703703717 0.290625 0.4842592592592593 0.31614583333333335 0.4842592592592593
2 0.3932291666666667 0.5555555555555556 0.36614583333333334 0.5555555555555556 0.36614583333333334 0.6037037037037037 0.3932291666666667 0.6037037037037037
9 0.6390625 0.35462962962962974 0.6119791666666666 0.35462962962962974 0.6119791666666666 0.40185185185185196 0.6390625 0.40185185185185196
2 0.42864583333333334 0.21111111111111122 0.403125 0.21111111111111122 0.403125 0.2564814814814816 0.42864583333333334 0.2564814814814816
3 0.534375 0.4962962962962965 0.5078125 0.4962962962962965 0.5078125 0.5444444444444446 0.534375 0.5444444444444446
10 0.35833333333333334 0.44537037037037047 0.3255208333333333 0.44537037037037047 0.3255208333333333 0.5055555555555555 0.35833333333333334 0.5055555555555555