1 0.6453125 0.7555555555555558 0.5927083333333333 0.7555555555555558 0.5927083333333333 0.8472222222222224 0.6453125 0.8472222222222224
5 0.4661458333333333 0.08055555555555564 0.41510416666666666 0.08055555555555563 0.41510416666666666 0.1712962962962964 0.4661458333333333 0.1712962962962964
6 0.6817708333333333 0.438888888888889 0.6307291666666667 0.438888888888889 0.6307291666666667 0.5287037037037039 0.6817708333333333 0.5287037037037039
10 0.6453125 0.6370370370370373 0.5927083333333333 0.6370370370370373 0.5927083333333333 0.728703703703704 0.6453125 0.728703703703704
9 0.39114583333333336 0.23703703703703713 0.34479166666666666 0.23703703703703713 0.34479166666666666 0.31851851851851865 0.39114583333333336 0.31851851851851865
12 0.7208333333333333 0.6138888888888892 0.6578125 0.6138888888888892 0.6578125 0.7250000000000002 0.7208333333333333 0.7250000000000002
7 0.6057291666666667 0.05833333333333346 0.553125 0.05833333333333345 0.553125 0.151851851851852 0.6057291666666667 0.15185185185185202
2 0.6447916666666667 0.2564814814814816 0.6026041666666667 0.2564814814814816 0.6026041666666667 0.3314814814814816 0.6447916666666667 0.3314814814814816
3 0.4942708333333333 0.28333333333333344 0.45260416666666664 0.28333333333333344 0.45260416666666664 0.35648148148148157 0.4942708333333333 0.35648148148148157
8 0.64375 0.5222222222222225 0.5973958333333333 0.5222222222222225 0.5973958333333333 0.602777777777778 0.64375 0.602777777777778
2 0.5317708333333333 0.08055555555555566 0.4901041666666667 0.08055555555555566 0.4901041666666667 0.15462962962962973 0.5317708333333333 0.15462962962962973
3 0.42291666666666666 0.5583333333333333 0.3796875 0.5583333333333333 0.3796875 0.6342592592592593 0.42291666666666666 0.6342592592592593
4 0.5354166666666667 0.32685185185185195 0.48072916666666665 0.32685185185185195 0.48072916666666665 0.4231481481481483 0.5354166666666667 0.4231481481481483
11 0.4989583333333334 0.7944444444444445 0.446875 0.7944444444444444 0.4468750000000001 0.8861111111111112 0.49895833333333345 0.8861111111111113
3 0.45729166666666665 0.4861111111111111 0.41510416666666666 0.4861111111111111 0.41510416666666666 0.5601851851851852 0.45729166666666665 0.5601851851851852
3 0.60625 0.20092592592592606 0.5640625 0.20092592592592604 0.5640625 0.2750000000000001 0.60625 0.2750000000000001
3 0.5333333333333333 0.4851851851851854 0.49166666666666664 0.4851851851851854 0.49166666666666664 0.5592592592592595 0.5333333333333333 0.5592592592592595
2 0.34791666666666665 0.4407407407407408 0.30572916666666666 0.4407407407407408 0.30572916666666666 0.5157407407407407 0.34791666666666665 0.5157407407407407
2 0.31145833333333334 0.5120370370370371 0.26927083333333335 0.5120370370370371 0.26927083333333335 0.5861111111111111 0.31145833333333334 0.5861111111111111
7 0.7494791666666667 0.5555555555555558 0.6979166666666666 0.5555555555555558 0.6979166666666666 0.6472222222222225 0.7494791666666667 0.6472222222222225
13 0.36041666666666666 0.2935185185185186 0.29739583333333336 0.2935185185185186 0.29739583333333336 0.40555555555555567 0.36041666666666666 0.40555555555555567
0 0.5734375 0.652777777777778 0.5203125 0.652777777777778 0.5203125 0.7462962962962965 0.5734375 0.7462962962962965
1 0.39427083333333335 0.3592592592592594 0.340625 0.3592592592592594 0.340625 0.4546296296296297 0.39427083333333335 0.4546296296296297
0 0.4640625 0.2175925925925927 0.4109375 0.2175925925925927 0.4109375 0.3111111111111112 0.4640625 0.3111111111111112
10 0.3536458333333333 0.18333333333333338 0.303125 0.18333333333333338 0.303125 0.2722222222222223 0.3536458333333333 0.2722222222222223
9 0.4192708333333333 0.163888888888889 0.3770833333333333 0.163888888888889 0.3770833333333333 0.23888888888888898 0.4192708333333333 0.23888888888888898
5 0.46510416666666665 0.3462962962962964 0.40729166666666666 0.3462962962962964 0.40729166666666666 0.44722222222222235 0.46510416666666665 0.44722222222222235
8 0.678125 0.7111111111111114 0.6375 0.7111111111111114 0.6375 0.7814814814814817 0.678125 0.7814814814814817
6 0.3489583333333333 0.6898148148148148 0.29583333333333334 0.6898148148148148 0.29583333333333334 0.7814814814814814 0.3489583333333333 0.7814814814814814
11 0.6109375 0.577777777777778 0.5567708333333333 0.577777777777778 0.5567708333333333 0.6712962962962965 0.6109375 0.6712962962962965
4 0.7203125 0.3592592592592594 0.6651041666666667 0.3592592592592594 0.6651041666666667 0.4546296296296297 0.7203125 0.4546296296296297
2 0.496875 0.5462962962962964 0.453125 0.5462962962962963 0.453125 0.6231481481481482 0.496875 0.6231481481481483