11 0.6213541666666667 0.16388888888888903 0.5755208333333334 0.163888888888889 0.5755208333333334 0.23888888888888898 0.6213541666666667 0.23888888888888898
7 0.6604166666666667 0.35833333333333345 0.6197916666666666 0.35833333333333345 0.6197916666666666 0.42962962962962975 0.6604166666666667 0.42962962962962975
2 0.6104166666666667 0.8722222222222225 0.5765625 0.8722222222222225 0.5765625 0.9296296296296298 0.6104166666666667 0.9296296296296298
3 0.44635416666666666 0.2000000000000001 0.409375 0.2000000000000001 0.409375 0.25740740740740753 0.44635416666666666 0.25740740740740753
12 0.5588541666666667 0.3037037037037038 0.5036458333333333 0.3037037037037038 0.5036458333333333 0.400925925925926 0.5588541666666667 0.400925925925926
4 0.5791666666666667 0.6694444444444446 0.534375 0.6694444444444446 0.534375 0.7453703703703706 0.5791666666666667 0.7453703703703706
7 0.44375 0.2777777777777779 0.4036458333333333 0.2777777777777779 0.4036458333333333 0.3500000000000001 0.44375 0.3500000000000001
3 0.6619791666666667 0.2722222222222223 0.6244791666666667 0.2722222222222223 0.6244791666666667 0.3314814814814816 0.6619791666666667 0.3314814814814816
0 0.45208333333333345 0.887962962962963 0.4072916666666668 0.887962962962963 0.4072916666666668 0.9592592592592593 0.45208333333333345 0.9592592592592593
0 0.5572916666666666 0.9314814814814817 0.5125000000000001 0.9314814814814817 0.5125000000000001 1 0.5572916666666666 1
2 0.40364583333333337 0.8046296296296296 0.36822916666666666 0.8046296296296296 0.3682291666666667 0.8638888888888889 0.4036458333333334 0.8638888888888889
9 0.4520833333333334 0.8157407407407408 0.415625 0.8157407407407408 0.4156250000000001 0.8740740740740741 0.45208333333333345 0.8740740740740741
4 0.475 0.6425925925925926 0.42916666666666664 0.6425925925925926 0.42916666666666664 0.7175925925925926 0.475 0.7175925925925926
10 0.5119791666666668 0.8305555555555557 0.4661458333333333 0.8305555555555556 0.46614583333333337 0.9037037037037038 0.5119791666666668 0.9037037037037039
6 0.409375 0.7101851851851851 0.365625 0.7101851851851851 0.365625 0.7851851851851852 0.409375 0.7851851851851852
10 0.5067708333333335 0.9064814814814816 0.4635416666666668 0.9064814814814814 0.4635416666666668 0.9796296296296296 0.5067708333333335 0.9796296296296296
1 0.559375 0.23425925925925936 0.5140625 0.23425925925925936 0.5140625 0.3074074074074075 0.559375 0.3074074074074075
3 0.6052083333333333 0.3435185185185186 0.5671875 0.3435185185185186 0.5671875 0.4037037037037038 0.6052083333333333 0.4037037037037038
6 0.6260416666666667 0.7787037037037039 0.5828125 0.7787037037037039 0.5828125 0.853703703703704 0.6260416666666667 0.853703703703704
3 0.4942708333333333 0.30092592592592604 0.45729166666666665 0.30092592592592604 0.45729166666666665 0.3601851851851853 0.4942708333333333 0.3601851851851853
5 0.60625 0.4148148148148149 0.5598958333333334 0.4148148148148149 0.5598958333333334 0.49166666666666686 0.60625 0.49166666666666686
11 0.5177083333333333 0.1324074074074075 0.471875 0.1324074074074075 0.471875 0.2074074074074075 0.5177083333333333 0.2074074074074075
8 0.6098958333333333 0.2527777777777779 0.5723958333333333 0.2527777777777779 0.5723958333333333 0.31296296296296305 0.6098958333333333 0.31296296296296305
13 0.525 0.7333333333333334 0.4703125 0.7333333333333333 0.4703125 0.8277777777777778 0.525 0.827777777777778
2 0.5255208333333333 0.6712962962962965 0.4875 0.6712962962962965 0.4875 0.7324074074074076 0.5255208333333333 0.7324074074074076
8 0.503125 0.2185185185185186 0.4671875 0.2185185185185186 0.4671875 0.27685185185185196 0.503125 0.27685185185185196
1 0.5651041666666666 0.14537037037037048 0.5192708333333333 0.14537037037037048 0.5192708333333333 0.22037037037037047 0.5651041666666666 0.22037037037037047
2 0.5723958333333333 0.7740740740740742 0.5364583333333334 0.7740740740740742 0.5364583333333334 0.8324074074074076 0.5723958333333333 0.8324074074074076
3 0.5380208333333333 0.40555555555555567 0.503125 0.40555555555555567 0.503125 0.4703703703703705 0.5380208333333333 0.4703703703703705
5 0.49322916666666666 0.37314814814814823 0.4484375 0.37314814814814823 0.4484375 0.4564814814814816 0.49322916666666666 0.4564814814814816
9 0.5630208333333333 0.8425925925925928 0.5270833333333333 0.8425925925925928 0.5270833333333333 0.9055555555555558 0.5630208333333333 0.9055555555555558
2 0.4625 0.7351851851851852 0.428125 0.7351851851851852 0.428125 0.7953703703703704 0.4625 0.7953703703703704