2 0.4515625 0.4425925925925927 0.4166666666666667 0.4425925925925927 0.4166666666666667 0.5046296296296297 0.4515625 0.5046296296296297
8 0.4859375 0.7824074074074076 0.4515625 0.7824074074074074 0.4515625 0.8435185185185187 0.4859375 0.8435185185185188
12 0.43593750000000003 0.7861111111111111 0.38229166666666664 0.7861111111111111 0.38229166666666675 0.8796296296296297 0.43593750000000014 0.8796296296296297
10 0.5390625 0.8342592592592595 0.4947916666666667 0.8342592592592595 0.49479166666666674 0.9111111111111113 0.5390625 0.9111111111111113
3 0.5973958333333333 0.8222222222222224 0.5640625 0.8222222222222224 0.5640625 0.8814814814814816 0.5973958333333333 0.8814814814814816
3 0.584375 0.7055555555555557 0.5494791666666666 0.7055555555555557 0.5494791666666666 0.7657407407407409 0.584375 0.7657407407407409
1 0.5833333333333334 0.9814814814814815 0.5401041666666667 0.9814814814814815 0.5401041666666667 1 0.5833333333333334 1
7 0.7192708333333333 0.48981481481481504 0.6760416666666667 0.48981481481481504 0.6760416666666667 0.5629629629629632 0.7192708333333333 0.5629629629629632
7 0.6119791666666666 0.3500000000000001 0.5692708333333333 0.3500000000000001 0.5692708333333333 0.4231481481481483 0.6119791666666666 0.4231481481481483
0 0.34322916666666664 0.5814814814814815 0.2989583333333333 0.5814814814814815 0.2989583333333333 0.6583333333333333 0.34322916666666664 0.6583333333333333
6 0.4171875 0.6777777777777778 0.37395833333333334 0.6777777777777778 0.37395833333333334 0.7537037037037037 0.4171875 0.7537037037037037
11 0.3776041666666667 0.33240740740740754 0.3333333333333333 0.33240740740740754 0.3333333333333333 0.40833333333333344 0.3776041666666667 0.40833333333333344
9 0.6895833333333333 0.275925925925926 0.6541666666666667 0.275925925925926 0.6541666666666667 0.33703703703703713 0.6895833333333333 0.33703703703703713
9 0.6713541666666667 0.3453703703703705 0.6369791666666667 0.3453703703703705 0.6369791666666667 0.4027777777777779 0.6713541666666667 0.4027777777777779
3 0.5005208333333333 0.31944444444444453 0.465625 0.31944444444444453 0.465625 0.3777777777777779 0.5005208333333333 0.3777777777777779
0 0.28020833333333334 0.587037037037037 0.23437500000000006 0.587037037037037 0.23437500000000006 0.6657407407407407 0.28020833333333334 0.6657407407407407
10 0.5083333333333333 0.04907407407407418 0.46458333333333335 0.04907407407407418 0.46458333333333335 0.12314814814814826 0.5083333333333333 0.12314814814814826
3 0.5682291666666667 0.5824074074074076 0.5328125 0.5824074074074076 0.5328125 0.6435185185185187 0.5682291666666667 0.6435185185185187
3 0.4921875 0.2037037037037038 0.4578125 0.2037037037037038 0.4578125 0.26296296296296306 0.4921875 0.26296296296296306
2 0.5203125 0.4425925925925927 0.4864583333333333 0.4425925925925927 0.4864583333333333 0.5018518518518521 0.5203125 0.5018518518518521
4 0.5223958333333333 0.7175925925925927 0.478125 0.7175925925925926 0.478125 0.7935185185185186 0.5223958333333333 0.7935185185185187
2 0.6369791666666667 0.5842592592592595 0.603125 0.5842592592592595 0.603125 0.6444444444444447 0.6369791666666667 0.6444444444444447
4 0.4713541666666667 0.55 0.4270833333333333 0.55 0.4270833333333333 0.6268518518518519 0.4713541666666667 0.6268518518518519
2 0.3885416666666667 0.4611111111111112 0.3536458333333333 0.4611111111111112 0.3536458333333333 0.5222222222222223 0.3885416666666667 0.5222222222222223
11 0.715625 0.6685185185185187 0.6729166666666667 0.6685185185185187 0.6729166666666667 0.7435185185185187 0.715625 0.7435185185185187
6 0.4828125 0.6601851851851852 0.43802083333333336 0.6601851851851852 0.43802083333333336 0.7379629629629629 0.4828125 0.7379629629629629
13 0.6286458333333333 0.1805555555555557 0.5776041666666667 0.18055555555555566 0.5776041666666667 0.2675925925925927 0.6286458333333333 0.2675925925925927
5 0.5828125 0.1324074074074075 0.5395833333333333 0.1324074074074075 0.5395833333333333 0.2064814814814816 0.5828125 0.2064814814814816
5 0.5739583333333333 0.3074074074074075 0.5307291666666667 0.3074074074074075 0.5307291666666667 0.38055555555555565 0.5739583333333333 0.38055555555555565
8 0.6791666666666667 0.44444444444444453 0.6447916666666667 0.44444444444444453 0.6447916666666667 0.5064814814814816 0.6791666666666667 0.5064814814814816
2 0.5286458333333334 0.2564814814814816 0.4947916666666667 0.2564814814814816 0.4947916666666667 0.31296296296296305 0.5286458333333334 0.31296296296296305
1 0.7973958333333333 0.4287037037037039 0.75625 0.4287037037037039 0.75625 0.5009259259259261 0.7973958333333333 0.5009259259259261