13 0.5598958333333334 0.7444444444444447 0.5052083333333334 0.7444444444444447 0.5052083333333334 0.8342592592592595 0.5598958333333334 0.8342592592592595
2 0.46145833333333336 0.3972222222222223 0.4234375 0.3972222222222223 0.4234375 0.46203703703703713 0.46145833333333336 0.46203703703703713
3 0.5177083333333333 0.625925925925926 0.48125 0.6259259259259259 0.48125 0.6879629629629631 0.5177083333333333 0.6879629629629632
0 0.23125 0.31203703703703706 0.184375 0.31203703703703706 0.184375 0.3925925925925926 0.23125 0.3925925925925926
3 0.3328125 0.7555555555555555 0.29635416666666664 0.7555555555555555 0.29635416666666664 0.8166666666666667 0.3328125 0.8166666666666667
6 0.5942708333333333 0.21296296296296308 0.5484375 0.21296296296296308 0.5484375 0.29074074074074086 0.5942708333333333 0.29074074074074086
2 0.6484375 0.2583333333333334 0.6098958333333333 0.2583333333333334 0.6098958333333333 0.32314814814814824 0.6484375 0.32314814814814824
2 0.2760416666666667 0.5462962962962963 0.23906250000000007 0.5462962962962963 0.23906250000000007 0.6092592592592593 0.2760416666666667 0.6092592592592593
1 0.3875000000000001 0.937037037037037 0.3432291666666668 0.937037037037037 0.3432291666666668 1 0.3875000000000001 1
2 0.5546875 0.33055555555555566 0.5171875 0.33055555555555566 0.5171875 0.3935185185185186 0.5546875 0.3935185185185186
3 0.6036458333333333 0.5574074074074076 0.5661458333333333 0.5574074074074076 0.5661458333333333 0.6194444444444447 0.6036458333333333 0.6194444444444447
6 0.3015625 0.4324074074074075 0.2541666666666667 0.4324074074074075 0.2541666666666667 0.512962962962963 0.3015625 0.512962962962963
3 0.6927083333333334 0.4851851851851854 0.6557291666666667 0.4851851851851854 0.6557291666666667 0.5462962962962965 0.6927083333333334 0.5462962962962965
2 0.3703125 0.47962962962962963 0.33229166666666665 0.47962962962962963 0.33229166666666665 0.5425925925925926 0.3703125 0.5425925925925926
12 0.43072916666666666 0.24074074074074084 0.3734375 0.24074074074074084 0.3734375 0.338888888888889 0.43072916666666666 0.338888888888889
5 0.6942708333333333 0.7046296296296298 0.6494791666666667 0.7046296296296298 0.6494791666666667 0.7796296296296299 0.6942708333333333 0.7796296296296299
3 0.42135416666666664 0.6935185185185185 0.3848958333333333 0.6935185185185185 0.3848958333333333 0.7546296296296297 0.42135416666666664 0.7546296296296297
7 0.6651041666666667 0.5685185185185188 0.6192708333333333 0.5685185185185188 0.6192708333333333 0.6453703703703706 0.6651041666666667 0.6453703703703706
4 0.5578125 0.06111111111111123 0.5104166666666666 0.06111111111111121 0.5104166666666666 0.14166666666666677 0.5578125 0.14166666666666677
7 0.39583333333333337 0.7916666666666666 0.35 0.7916666666666666 0.35000000000000003 0.8685185185185185 0.3958333333333334 0.8685185185185185
9 0.5135416666666668 0.8611111111111113 0.4776041666666668 0.8611111111111112 0.4776041666666668 0.9203703703703705 0.5135416666666668 0.9203703703703706
8 0.35885416666666664 0.20648148148148154 0.32135416666666666 0.20648148148148154 0.32135416666666666 0.26944444444444454 0.35885416666666664 0.26944444444444454
10 0.28020833333333334 0.28611111111111115 0.23229166666666667 0.2861111111111111 0.23229166666666667 0.3685185185185186 0.28020833333333334 0.36851851851851863
9 0.6010416666666667 0.7888888888888891 0.565625 0.7888888888888891 0.565625 0.8481481481481483 0.6010416666666667 0.8481481481481483
5 0.4369791666666668 0.9064814814814814 0.3901041666666668 0.9064814814814814 0.3901041666666668 0.987037037037037 0.4369791666666668 0.987037037037037
11 0.4765625000000001 0.8805555555555555 0.43125000000000013 0.8805555555555555 0.43125000000000013 0.962037037037037 0.4765625000000001 0.962037037037037
11 0.6526041666666667 0.7425925925925928 0.6072916666666667 0.7425925925925928 0.6072916666666667 0.8203703703703705 0.6526041666666667 0.8203703703703705
1 0.7354166666666667 0.6833333333333336 0.6901041666666666 0.6833333333333336 0.6901041666666666 0.7601851851851854 0.7354166666666667 0.7601851851851854
4 0.32864583333333336 0.24907407407407417 0.28072916666666664 0.24907407407407417 0.28072916666666664 0.3351851851851853 0.32864583333333336 0.3351851851851853
10 0.509375 0.09722222222222232 0.4630208333333333 0.09722222222222232 0.4630208333333333 0.1787037037037038 0.509375 0.1787037037037038
0 0.6036458333333333 0.026851851851851977 0.5546875 0.02685185185185197 0.5546875 0.11574074074074087 0.6036458333333333 0.11574074074074087
8 0.45416666666666666 0.13981481481481492 0.41354166666666664 0.13981481481481492 0.41354166666666664 0.21018518518518528 0.45416666666666666 0.21018518518518528