4 0.621875 0.8444444444444447 0.5828125 0.8444444444444447 0.5828125 0.9055555555555558 0.621875 0.9055555555555558
5 0.42916666666666664 0.06481481481481491 0.3890625 0.0648148148148149 0.3890625 0.11944444444444455 0.42916666666666664 0.11944444444444455
11 0.325 0.06481481481481488 0.28489583333333335 0.06481481481481487 0.28489583333333335 0.11944444444444449 0.325 0.11944444444444449
4 0.4005208333333334 0.8194444444444444 0.3614583333333333 0.8194444444444444 0.3614583333333334 0.8796296296296297 0.40052083333333344 0.8796296296296297
5 0.6380208333333334 0.0777777777777779 0.5979166666666667 0.0777777777777779 0.5979166666666667 0.13333333333333347 0.6380208333333334 0.1333333333333335
0 0.3505208333333334 0.8175925925925925 0.31145833333333334 0.8175925925925925 0.3114583333333334 0.8777777777777778 0.35052083333333345 0.8777777777777778
10 0.7255208333333333 0.8453703703703705 0.6864583333333333 0.8453703703703705 0.6864583333333333 0.9064814814814817 0.7255208333333333 0.9064814814814817
7 0.5765625 0.07870370370370382 0.5375 0.0787037037037038 0.5375 0.1361111111111112 0.5765625 0.1361111111111112
1 0.6885416666666667 0.08888888888888903 0.6484375 0.08888888888888902 0.6484375 0.14537037037037054 0.6885416666666667 0.14537037037037054
13 0.5317708333333333 0.21296296296296308 0.48333333333333334 0.21296296296296308 0.48333333333333334 0.2814814814814816 0.5317708333333333 0.2814814814814816
2 0.35 0.5564814814814815 0.3171875 0.5564814814814815 0.3171875 0.6037037037037037 0.35 0.6037037037037037
2 0.675 0.5888888888888891 0.6427083333333333 0.5888888888888891 0.6427083333333333 0.6342592592592595 0.675 0.6342592592592595
7 0.4822916666666667 0.06481481481481492 0.4421875 0.06481481481481492 0.4421875 0.12037037037037047 0.4822916666666667 0.12037037037037047
12 0.521875 0.6481481481481483 0.4734375 0.6481481481481481 0.4734375 0.7259259259259261 0.521875 0.7259259259259261
2 0.30416666666666664 0.5555555555555556 0.2713541666666667 0.5555555555555556 0.2713541666666667 0.6018518518518519 0.30416666666666664 0.6018518518518519
3 0.5713541666666667 0.4092592592592594 0.5375 0.4092592592592594 0.5375 0.4611111111111112 0.5713541666666667 0.4611111111111112
1 0.375 0.06296296296296304 0.33489583333333334 0.06296296296296304 0.33489583333333334 0.11759259259259267 0.375 0.11759259259259267
11 0.734375 0.09907407407407423 0.6953125 0.09907407407407423 0.6953125 0.15370370370370387 0.734375 0.15370370370370387
2 0.728125 0.5981481481481483 0.6958333333333333 0.5981481481481483 0.6958333333333333 0.6444444444444447 0.728125 0.6444444444444447
3 0.35572916666666665 0.30555555555555564 0.3234375 0.30555555555555564 0.3234375 0.3500000000000001 0.35572916666666665 0.3500000000000001
3 0.3020833333333333 0.3000000000000001 0.2708333333333333 0.3000000000000001 0.2708333333333333 0.34444444444444455 0.3020833333333333 0.34444444444444455
3 0.6838541666666667 0.33425925925925937 0.65 0.33425925925925937 0.65 0.3833333333333334 0.6838541666666667 0.3833333333333334
10 0.2973958333333334 0.8037037037037037 0.2588541666666667 0.8037037037037037 0.2588541666666667 0.8638888888888889 0.29739583333333347 0.8638888888888889
2 0.459375 0.48518518518518516 0.42552083333333335 0.48518518518518516 0.42552083333333335 0.5324074074074074 0.459375 0.5324074074074074
9 0.5776041666666667 0.22777777777777788 0.5442708333333334 0.22777777777777788 0.5442708333333334 0.27314814814814825 0.5776041666666667 0.27314814814814825
0 0.6734375 0.8388888888888891 0.6348958333333333 0.8388888888888891 0.6348958333333333 0.9037037037037039 0.6734375 0.9037037037037039
9 0.46875 0.22962962962962974 0.43645833333333334 0.22962962962962974 0.43645833333333334 0.2740740740740742 0.46875 0.2740740740740742
6 0.5645833333333333 0.8388888888888891 0.525 0.8388888888888891 0.525 0.9009259259259261 0.5645833333333333 0.9009259259259261
8 0.45677083333333335 0.6574074074074074 0.4270833333333333 0.6574074074074074 0.4270833333333333 0.712037037037037 0.45677083333333335 0.712037037037037
6 0.4546875000000001 0.8268518518518518 0.41875 0.8268518518518518 0.41875000000000007 0.8888888888888888 0.45468750000000013 0.8888888888888888
8 0.5677083333333334 0.6694444444444446 0.5385416666666667 0.6694444444444446 0.5385416666666667 0.7212962962962965 0.5677083333333334 0.7212962962962965
3 0.7291666666666666 0.3342592592592594 0.7 0.33425925925925937 0.7 0.3879629629629631 0.7291666666666666 0.3879629629629632