1 0.24270833333333333 0.3194444444444445 0.1921875 0.3194444444444444 0.1921875 0.4138888888888889 0.24270833333333333 0.413888888888889
4 0.734375 0.2935185185185187 0.6869791666666667 0.2935185185185186 0.6869791666666667 0.38148148148148164 0.734375 0.3814814814814817
7 0.34010416666666665 0.29444444444444456 0.2916666666666667 0.29444444444444456 0.2916666666666667 0.3851851851851853 0.34010416666666665 0.3851851851851853
3 0.5666666666666667 0.7425925925925928 0.5276041666666667 0.7425925925925928 0.5276041666666667 0.8166666666666669 0.5666666666666667 0.8166666666666669
3 0.3536458333333333 0.1805555555555556 0.31354166666666666 0.1805555555555556 0.31354166666666666 0.25555555555555565 0.3536458333333333 0.25555555555555565
13 0.3927083333333333 0.5416666666666666 0.3333333333333333 0.5416666666666666 0.3333333333333333 0.6537037037037037 0.3927083333333333 0.6537037037037037
2 0.571875 0.31203703703703717 0.5328125 0.31203703703703717 0.5328125 0.3851851851851853 0.571875 0.3851851851851853
3 0.515625 0.6074074074074075 0.47604166666666664 0.6074074074074074 0.47604166666666664 0.6814814814814816 0.515625 0.6814814814814817
2 0.5203125 0.1777777777777779 0.48333333333333334 0.1777777777777779 0.48333333333333334 0.24814814814814826 0.5203125 0.24814814814814826
6 0.5375 0.06296296296296307 0.49114583333333334 0.06296296296296307 0.49114583333333334 0.15092592592592602 0.5375 0.15092592592592602
7 0.5052083333333334 0.7277777777777779 0.4557291666666667 0.7277777777777777 0.4557291666666667 0.8203703703703705 0.5052083333333334 0.8203703703703705
8 0.7005208333333334 0.23240740740740756 0.6635416666666667 0.23240740740740756 0.6635416666666667 0.30092592592592604 0.7005208333333334 0.30092592592592604
10 0.7546875 0.36759259259259275 0.7072916666666667 0.3675925925925927 0.7072916666666667 0.45648148148148165 0.7546875 0.4564814814814817
2 0.628125 0.45185185185185195 0.5901041666666667 0.45185185185185195 0.5901041666666667 0.5231481481481484 0.628125 0.5231481481481484
5 0.42812500000000003 0.8083333333333333 0.3776041666666667 0.8083333333333333 0.37760416666666674 0.9037037037037037 0.42812500000000014 0.9037037037037037
6 0.69375 0.46759259259259267 0.646875 0.46759259259259267 0.646875 0.5555555555555558 0.69375 0.5555555555555558
4 0.6286458333333333 0.030555555555555686 0.5828125 0.030555555555555686 0.5828125 0.11574074074074087 0.6286458333333333 0.11574074074074087
8 0.6510416666666666 0.10740740740740753 0.6130208333333333 0.10740740740740753 0.6130208333333333 0.17777777777777792 0.6510416666666666 0.17777777777777792
3 0.4557291666666667 0.4666666666666668 0.41510416666666666 0.4666666666666668 0.41510416666666666 0.5435185185185185 0.4557291666666667 0.5435185185185185
3 0.403125 0.31851851851851865 0.36354166666666665 0.31851851851851865 0.36354166666666665 0.3925925925925927 0.403125 0.3925925925925927
2 0.46822916666666664 0.035185185185185285 0.43020833333333336 0.03518518518518528 0.43020833333333336 0.1074074074074075 0.46822916666666664 0.1074074074074075
2 0.6723958333333333 0.5787037037037039 0.634375 0.5787037037037039 0.634375 0.6500000000000002 0.6723958333333333 0.6500000000000002
12 0.6552083333333333 0.1944444444444446 0.5979166666666667 0.19444444444444456 0.5979166666666667 0.30277777777777787 0.6552083333333333 0.30277777777777787
9 0.3145833333333333 0.5481481481481482 0.27447916666666666 0.5481481481481482 0.27447916666666666 0.6231481481481481 0.3145833333333333 0.6231481481481481
9 0.365625 0.6833333333333333 0.3255208333333333 0.6833333333333333 0.3255208333333333 0.7592592592592593 0.365625 0.7592592592592593
5 0.296875 0.4500000000000001 0.2447916666666667 0.4500000000000001 0.2447916666666667 0.5472222222222223 0.296875 0.5472222222222223
0 0.7864583333333334 0.43425925925925946 0.7401041666666667 0.43425925925925946 0.7401041666666667 0.5212962962962965 0.7864583333333334 0.5212962962962965
1 0.4531250000000001 0.8814814814814815 0.4031250000000001 0.8814814814814815 0.4031250000000001 0.95 0.4531250000000001 0.95
11 0.4 0.7472222222222222 0.3484375 0.7472222222222222 0.3484375 0.8435185185185186 0.4 0.8435185185185186
10 0.60625 1.2671692574510807e-16 0.5578125 1.2144414091544584e-16 0.5578125 0.060185185185185314 0.60625 0.060185185185185314
11 0.2671875 0.38333333333333336 0.21666666666666667 0.38333333333333336 0.2166666666666667 0.4759259259259259 0.2671875 0.4759259259259259