6 0.6494791666666667 0.603703703703704 0.5989583333333334 0.603703703703704 0.5989583333333334 0.6935185185185188 0.6494791666666667 0.6935185185185188
10 0.6333333333333333 0.5203703703703706 0.5828125 0.5203703703703706 0.5828125 0.6111111111111113 0.6333333333333333 0.6111111111111113
11 0.3463541666666667 0.5092592592592593 0.29739583333333336 0.5092592592592593 0.29739583333333336 0.5962962962962963 0.3463541666666667 0.5962962962962963
7 0.4401041666666667 0.7277777777777777 0.3921875 0.7277777777777777 0.3921875 0.812962962962963 0.4401041666666667 0.812962962962963
8 0.6890625 0.5916666666666669 0.6505208333333333 0.5916666666666669 0.6505208333333333 0.6601851851851854 0.6890625 0.6601851851851854
3 0.475 0.7175925925925926 0.43645833333333334 0.7175925925925926 0.43645833333333334 0.7851851851851852 0.475 0.7851851851851852
7 0.3697916666666667 0.3962962962962964 0.31927083333333334 0.3962962962962964 0.31927083333333334 0.4861111111111111 0.3697916666666667 0.4861111111111111
6 0.5979166666666667 0.3453703703703705 0.546875 0.3453703703703705 0.546875 0.43796296296296305 0.5979166666666667 0.43796296296296305
4 0.709375 0.6629629629629632 0.6609375 0.6629629629629632 0.6609375 0.7490740740740743 0.709375 0.7490740740740743
1 0.42291666666666666 0.6472222222222223 0.37447916666666664 0.6472222222222223 0.37447916666666664 0.7333333333333333 0.42291666666666666 0.7333333333333333
3 0.4203125 0.4629629629629631 0.38125 0.4629629629629631 0.38125 0.5324074074074074 0.4203125 0.5324074074074074
5 0.32760416666666664 0.42407407407407416 0.278125 0.42407407407407416 0.278125 0.5120370370370371 0.32760416666666664 0.5120370370370371
8 0.6546875 0.42592592592592604 0.6151041666666667 0.42592592592592604 0.6151041666666667 0.49537037037037057 0.6546875 0.49537037037037057
10 0.6192708333333333 0.43425925925925934 0.5677083333333334 0.43425925925925934 0.5677083333333334 0.5259259259259261 0.6192708333333333 0.5259259259259261
3 0.4552083333333333 0.6342592592592593 0.4171875 0.6342592592592593 0.4171875 0.7018518518518518 0.4552083333333333 0.7018518518518518
9 0.39479166666666665 0.7592592592592593 0.35625 0.7592592592592593 0.35625 0.8277777777777777 0.39479166666666665 0.8277777777777777
3 0.4427083333333333 0.5518518518518518 0.403125 0.5518518518518518 0.403125 0.6222222222222222 0.4427083333333333 0.6222222222222222
5 0.41979166666666673 0.8333333333333334 0.371875 0.8333333333333334 0.37187500000000007 0.9175925925925926 0.4197916666666668 0.9175925925925926
0 0.6234375 0.23240740740740753 0.5723958333333333 0.2324074074074075 0.5723958333333333 0.3240740740740742 0.6234375 0.3240740740740742
13 0.3854166666666667 0.6611111111111111 0.32708333333333334 0.6611111111111111 0.32708333333333334 0.7648148148148148 0.3854166666666667 0.7648148148148148
0 0.665625 0.6842592592592595 0.6166666666666667 0.6842592592592595 0.6166666666666667 0.7712962962962965 0.665625 0.7712962962962965
11 0.4041666666666667 0.562037037037037 0.35625 0.562037037037037 0.35625 0.6481481481481481 0.4041666666666667 0.6481481481481481
2 0.5494791666666666 0.38240740740740753 0.5098958333333333 0.38240740740740753 0.5098958333333333 0.4527777777777779 0.5494791666666666 0.4527777777777779
2 0.5828125 0.5555555555555558 0.5442708333333334 0.5555555555555558 0.5442708333333334 0.6240740740740743 0.5828125 0.6240740740740743
2 0.56875 0.4629629629629631 0.5291666666666667 0.4629629629629631 0.5291666666666667 0.5333333333333335 0.56875 0.5333333333333335
4 0.6421875 0.32037037037037047 0.5927083333333333 0.32037037037037047 0.5927083333333333 0.40833333333333344 0.6421875 0.40833333333333344
3 0.4927083333333334 0.7953703703703705 0.4552083333333333 0.7953703703703704 0.4552083333333334 0.8620370370370372 0.49270833333333347 0.8620370370370373
2 0.603125 0.6416666666666668 0.5635416666666667 0.6416666666666668 0.5635416666666667 0.7120370370370372 0.603125 0.7120370370370372
9 0.359375 0.5972222222222222 0.32135416666666666 0.5972222222222222 0.32135416666666666 0.6657407407407407 0.359375 0.6657407407407407
2 0.6177083333333333 0.7259259259259261 0.578125 0.7259259259259261 0.578125 0.7962962962962965 0.6177083333333333 0.7962962962962965
1 0.3890625 0.48518518518518516 0.340625 0.48518518518518516 0.340625 0.5722222222222222 0.3890625 0.5722222222222222
12 0.6828125 0.49444444444444463 0.6229166666666667 0.49444444444444463 0.6229166666666667 0.6018518518518521 0.6828125 0.6018518518518521