7 0.415625 0.15648148148148158 0.3645833333333333 0.15648148148148158 0.3645833333333333 0.23611111111111122 0.415625 0.23611111111111122
2 0.4432291666666667 0.5805555555555556 0.4015625 0.5805555555555556 0.4015625 0.6453703703703704 0.4432291666666667 0.6453703703703704
1 0.42083333333333334 8.583866916245799e-17 0.36770833333333336 8.005561483315105e-17 0.36770833333333336 0.06759259259259268 0.42083333333333334 0.06759259259259268
3 0.42864583333333334 0.2787037037037038 0.3854166666666667 0.2787037037037038 0.3854166666666667 0.34814814814814826 0.42864583333333334 0.34814814814814826
3 0.6864583333333333 0.5351851851851854 0.64375 0.5351851851851854 0.64375 0.6018518518518521 0.6864583333333333 0.6018518518518521
3 0.3453125 0.20648148148148154 0.303125 0.20648148148148154 0.303125 0.2722222222222223 0.3453125 0.2722222222222223
2 0.27291666666666664 0.4240740740740741 0.23229166666666667 0.42407407407407405 0.2322916666666667 0.487962962962963 0.27291666666666664 0.487962962962963
2 0.6078125 0.7379629629629632 0.5682291666666667 0.7379629629629632 0.5682291666666667 0.8009259259259262 0.6078125 0.8009259259259262
10 0.5026041666666667 0.8842592592592594 0.4526041666666668 0.8842592592592593 0.4526041666666668 0.9629629629629629 0.5026041666666667 0.9629629629629629
13 0.5697916666666667 0.21111111111111122 0.5088541666666667 0.21111111111111122 0.5088541666666667 0.30833333333333346 0.5697916666666667 0.30833333333333346
8 0.33489583333333334 0.7407407407407407 0.29583333333333334 0.7407407407407407 0.29583333333333334 0.8027777777777778 0.33489583333333334 0.8027777777777778
3 0.6046875 0.4564814814814816 0.5630208333333333 0.4564814814814816 0.5630208333333333 0.5222222222222225 0.6046875 0.5222222222222225
2 0.35833333333333334 0.5027777777777778 0.3182291666666667 0.5027777777777778 0.3182291666666667 0.5666666666666667 0.35833333333333334 0.5666666666666667
2 0.5286458333333334 0.6712962962962965 0.4864583333333333 0.6712962962962965 0.4864583333333333 0.7361111111111113 0.5286458333333334 0.7361111111111113
7 0.6802083333333333 0.41018518518518526 0.6286458333333333 0.41018518518518526 0.6286458333333333 0.49166666666666686 0.6802083333333333 0.49166666666666686
6 0.30416666666666664 0.5314814814814814 0.25520833333333337 0.5314814814814814 0.25520833333333337 0.6092592592592593 0.30416666666666664 0.6092592592592593
4 0.45781250000000007 0.8564814814814815 0.4078125 0.8564814814814815 0.4078125000000001 0.9342592592592592 0.4578125000000001 0.9342592592592592
12 0.4010416666666667 0.7064814814814815 0.34322916666666664 0.7064814814814815 0.34322916666666664 0.799074074074074 0.4010416666666667 0.799074074074074
3 0.5192708333333333 0.3648148148148149 0.47708333333333336 0.3648148148148149 0.47708333333333336 0.43055555555555564 0.5192708333333333 0.43055555555555564
8 0.4083333333333334 0.8212962962962963 0.3697916666666667 0.8212962962962963 0.36979166666666674 0.8814814814814815 0.40833333333333344 0.8814814814814815
1 0.7630208333333334 0.3046296296296298 0.7098958333333333 0.30462962962962975 0.7098958333333333 0.3907407407407409 0.7630208333333334 0.39074074074074094
6 0.5505208333333333 0.7666666666666668 0.5005208333333333 0.7666666666666668 0.5005208333333333 0.8444444444444447 0.5505208333333333 0.8444444444444447
5 0.7192708333333333 0.26111111111111124 0.6661458333333333 0.26111111111111124 0.6661458333333333 0.3462962962962964 0.7192708333333333 0.3462962962962964
9 0.5505208333333333 0.10185185185185197 0.5072916666666667 0.10185185185185196 0.5072916666666667 0.16944444444444454 0.5505208333333333 0.16944444444444454
5 0.5046875 0.063888888888889 0.45208333333333334 0.063888888888889 0.45208333333333334 0.1490740740740742 0.5046875 0.1490740740740742
4 0.2947916666666667 0.6898148148148148 0.2458333333333334 0.6898148148148148 0.2458333333333334 0.7675925925925926 0.2947916666666667 0.7675925925925926
0 0.5421875 0.9351851851851853 0.4932291666666668 0.9351851851851853 0.4932291666666668 0.9925925925925926 0.5421875 0.9925925925925926
10 0.26041666666666674 0.6537037037037037 0.2114583333333334 0.6537037037037037 0.2114583333333334 0.7333333333333333 0.26041666666666674 0.7333333333333333
0 0.21875000000000006 0.6018518518518519 0.16822916666666674 0.6018518518518519 0.16822916666666674 0.687037037037037 0.21875000000000006 0.687037037037037
11 0.6807291666666667 0.2194444444444446 0.6286458333333333 0.2194444444444446 0.6286458333333333 0.30833333333333346 0.6807291666666667 0.30833333333333346
9 0.6322916666666667 0.1851851851851853 0.5885416666666666 0.18518518518518529 0.5885416666666666 0.25925925925925936 0.6322916666666667 0.25925925925925936
11 0.4609375 0.014814814814814907 0.4078125 0.0148148148148149 0.4078125 0.10185185185185194 0.4609375 0.10185185185185196