9 0.4765625 0.17685185185185195 0.44427083333333334 0.17685185185185195 0.44427083333333334 0.22500000000000012 0.4765625 0.22500000000000012
2 0.42552083333333335 0.15740740740740752 0.39479166666666665 0.15740740740740752 0.39479166666666665 0.20555555555555566 0.42552083333333335 0.20555555555555566
1 0.49947916666666675 0.8574074074074075 0.459375 0.8574074074074074 0.45937500000000003 0.9212962962962964 0.4994791666666668 0.9212962962962965
6 0.4197916666666667 0.23981481481481493 0.38125 0.23981481481481493 0.38125 0.29907407407407416 0.4197916666666667 0.29907407407407416
6 0.6375 0.26944444444444454 0.5984375 0.26944444444444454 0.5984375 0.3314814814814816 0.6375 0.3314814814814816
7 0.3958333333333333 0.6685185185185185 0.3567708333333333 0.6685185185185185 0.3567708333333333 0.7305555555555555 0.3958333333333333 0.7305555555555555
12 0.5052083333333334 0.6833333333333335 0.4578125 0.6833333333333333 0.4578125 0.7583333333333334 0.5052083333333334 0.7583333333333335
2 0.6364583333333333 0.19444444444444461 0.6052083333333333 0.19444444444444461 0.6052083333333333 0.24166666666666678 0.6364583333333333 0.24166666666666678
11 0.5473958333333333 0.864814814814815 0.5088541666666668 0.864814814814815 0.5088541666666668 0.926851851851852 0.5473958333333333 0.926851851851852
3 0.3875 0.762962962962963 0.35833333333333334 0.762962962962963 0.35833333333333334 0.812962962962963 0.3875 0.812962962962963
9 0.5880208333333333 0.18796296296296308 0.5557291666666667 0.18796296296296308 0.5557291666666667 0.24166666666666678 0.5880208333333333 0.24166666666666678
7 0.6109375 0.7157407407407409 0.5723958333333333 0.7157407407407409 0.5723958333333333 0.777777777777778 0.6109375 0.777777777777778
0 0.5947916666666667 0.10277777777777791 0.5546875 0.10277777777777791 0.5546875 0.16203703703703715 0.5947916666666667 0.16203703703703715
5 0.4505208333333333 0.5953703703703703 0.40989583333333335 0.5953703703703703 0.40989583333333335 0.6583333333333333 0.4505208333333333 0.6583333333333333
4 0.5765625 0.3537037037037038 0.5369791666666667 0.3537037037037038 0.5369791666666667 0.41574074074074086 0.5765625 0.41574074074074086
3 0.6057291666666667 0.8037037037037039 0.5729166666666666 0.8037037037037039 0.5729166666666666 0.852777777777778 0.6057291666666667 0.852777777777778
8 0.4427083333333333 0.774074074074074 0.4114583333333333 0.774074074074074 0.4114583333333333 0.8194444444444444 0.4427083333333333 0.8194444444444444
0 0.48854166666666665 0.08148148148148159 0.4505208333333333 0.08148148148148159 0.4505208333333333 0.13981481481481492 0.48854166666666665 0.13981481481481492
11 0.4411458333333334 0.85 0.4 0.85 0.4000000000000001 0.9120370370370371 0.44114583333333346 0.9120370370370371
4 0.4713541666666667 0.338888888888889 0.4328125 0.338888888888889 0.4328125 0.3972222222222223 0.4713541666666667 0.3972222222222223
8 0.5473958333333333 0.7925925925925928 0.5151041666666667 0.7925925925925928 0.5151041666666667 0.839814814814815 0.5473958333333333 0.839814814814815
10 0.5369791666666667 0.17222222222222233 0.4973958333333333 0.17222222222222233 0.4973958333333333 0.2324074074074075 0.5369791666666667 0.2324074074074075
2 0.465625 0.24814814814814826 0.43385416666666665 0.24814814814814826 0.43385416666666665 0.2925925925925927 0.465625 0.2925925925925927
3 0.509375 0.6064814814814816 0.47552083333333334 0.6064814814814815 0.47552083333333334 0.6555555555555557 0.509375 0.6555555555555558
3 0.44479166666666664 0.6833333333333333 0.4109375 0.6833333333333333 0.4109375 0.7324074074074074 0.44479166666666664 0.7324074074074074
1 0.5026041666666666 0.7712962962962964 0.4625 0.7712962962962963 0.4625 0.8314814814814816 0.5026041666666666 0.8314814814814817
2 0.5208333333333334 0.3453703703703705 0.48802083333333335 0.3453703703703705 0.48802083333333335 0.3925925925925927 0.5208333333333334 0.3925925925925927
5 0.5640625 0.6157407407407409 0.5244791666666667 0.6157407407407409 0.5244791666666667 0.6759259259259262 0.5640625 0.6759259259259262
13 0.5348958333333333 0.24722222222222232 0.4859375 0.24722222222222232 0.4859375 0.31666666666666676 0.5348958333333333 0.31666666666666676
2 0.5734375 0.2685185185185186 0.5458333333333333 0.2685185185185186 0.5458333333333333 0.31944444444444453 0.5734375 0.31944444444444453
3 0.5536458333333333 0.702777777777778 0.5255208333333333 0.702777777777778 0.5255208333333333 0.7537037037037039 0.5536458333333333 0.7537037037037039
10 0.5364583333333334 0.0851851851851853 0.49947916666666664 0.0851851851851853 0.49947916666666664 0.15277777777777787 0.5364583333333334 0.15277777777777787