7 0.3182291666666667 0.18425925925925932 0.28229166666666666 0.18425925925925932 0.28229166666666666 0.23888888888888898 0.3182291666666667 0.23888888888888898
6 0.5328125 0.17592592592592604 0.4979166666666667 0.17592592592592604 0.4979166666666667 0.23425925925925936 0.5328125 0.23425925925925936
3 0.33906250000000004 0.8157407407407408 0.30885416666666665 0.8157407407407408 0.3088541666666667 0.862037037037037 0.3390625000000001 0.862037037037037
2 0.48385416666666664 0.27685185185185196 0.4546875 0.27685185185185196 0.4546875 0.3212962962962964 0.48385416666666664 0.3212962962962964
11 0.22395833333333334 0.2657407407407407 0.18854166666666666 0.2657407407407407 0.18854166666666666 0.32037037037037036 0.22395833333333334 0.32037037037037036
3 0.34010416666666665 0.44444444444444453 0.3109375 0.44444444444444453 0.3109375 0.487962962962963 0.34010416666666665 0.487962962962963
3 0.34739583333333335 0.2750000000000001 0.3182291666666667 0.2750000000000001 0.3182291666666667 0.3175925925925927 0.34739583333333335 0.3175925925925927
7 0.29270833333333335 0.7277777777777777 0.25625000000000003 0.7277777777777777 0.25625000000000003 0.7851851851851852 0.29270833333333335 0.7851851851851852
2 0.47604166666666675 0.8277777777777777 0.44583333333333336 0.8277777777777777 0.4458333333333334 0.8731481481481481 0.4760416666666668 0.8731481481481481
2 0.4822916666666667 0.45555555555555566 0.453125 0.45555555555555566 0.453125 0.5009259259259259 0.4822916666666667 0.5009259259259259
12 0.5807291666666666 0.4500000000000001 0.5348958333333333 0.4500000000000001 0.5348958333333333 0.527777777777778 0.5807291666666666 0.527777777777778
3 0.3536458333333333 0.10740740740740749 0.32447916666666665 0.10740740740740749 0.32447916666666665 0.1481481481481482 0.3536458333333333 0.1481481481481482
3 0.3390625 0.6324074074074074 0.3098958333333333 0.6324074074074074 0.3098958333333333 0.6787037037037037 0.3390625 0.6787037037037037
1 0.21302083333333338 0.8092592592592592 0.1770833333333334 0.8092592592592592 0.1770833333333334 0.8657407407407407 0.21302083333333338 0.8657407407407407
2 0.47604166666666664 0.6398148148148148 0.4453125 0.6398148148148148 0.4453125 0.6861111111111111 0.47604166666666664 0.6861111111111111
2 0.4901041666666667 0.1064814814814816 0.46145833333333336 0.1064814814814816 0.46145833333333336 0.1490740740740742 0.4901041666666667 0.1490740740740742
4 0.6229166666666667 0.1916666666666668 0.5875 0.19166666666666676 0.5875 0.2462962962962964 0.6229166666666667 0.2462962962962964
6 0.5302083333333333 0.7324074074074076 0.490625 0.7324074074074076 0.490625 0.7972222222222224 0.5302083333333333 0.7972222222222224
4 0.6161458333333333 0.6212962962962965 0.5765625 0.6212962962962965 0.5765625 0.6833333333333336 0.6161458333333333 0.6833333333333336
11 0.20729166666666674 0.625 0.17135416666666672 0.625 0.17135416666666672 0.6814814814814815 0.20729166666666674 0.6814814814814815
8 0.6192708333333333 0.38055555555555565 0.5890625 0.38055555555555565 0.5890625 0.42777777777777787 0.6192708333333333 0.42777777777777787
5 0.20781250000000007 0.7083333333333334 0.17343750000000005 0.7083333333333334 0.17343750000000005 0.7648148148148148 0.20781250000000007 0.7648148148148148
0 0.6203125 0.11759259259259272 0.584375 0.11759259259259272 0.584375 0.17129629629629642 0.6203125 0.17129629629629645
10 0.6151041666666667 0.7203703703703705 0.578125 0.7203703703703705 0.578125 0.7833333333333335 0.6151041666666667 0.7833333333333335
8 0.6244791666666667 0.5472222222222224 0.59375 0.5472222222222224 0.59375 0.6000000000000002 0.6244791666666667 0.6000000000000002
9 0.21927083333333333 0.36203703703703705 0.19010416666666666 0.36203703703703705 0.19010416666666666 0.40555555555555556 0.21927083333333333 0.40555555555555556
5 0.2328125 0.18611111111111117 0.19739583333333333 0.18611111111111117 0.19739583333333333 0.2388888888888889 0.2328125 0.2388888888888889
9 0.20625000000000007 0.5462962962962963 0.17656250000000007 0.5462962962962963 0.17656250000000007 0.5916666666666667 0.20625000000000007 0.5916666666666667
1 0.22864583333333333 0.10833333333333339 0.19479166666666667 0.10833333333333339 0.19479166666666667 0.16759259259259265 0.22864583333333333 0.16759259259259265
10 0.6197916666666666 0.2740740740740742 0.5864583333333333 0.2740740740740742 0.5864583333333333 0.338888888888889 0.6197916666666666 0.338888888888889
0 0.6213541666666667 0.8111111111111113 0.5864583333333333 0.8111111111111113 0.5864583333333333 0.8712962962962965 0.6213541666666667 0.8712962962962965
13 0.2604166666666667 0.4175925925925926 0.21666666666666667 0.41759259259259257 0.2166666666666667 0.49907407407407406 0.26041666666666674 0.49907407407407406