7 0.5755208333333334 0.263888888888889 0.540625 0.263888888888889 0.540625 0.32685185185185195 0.5755208333333334 0.32685185185185195
0 0.6041666666666666 0.6611111111111113 0.5677083333333334 0.6611111111111113 0.5677083333333334 0.7259259259259261 0.6041666666666666 0.7259259259259261
6 0.5546875 0.6500000000000002 0.5177083333333333 0.6500000000000002 0.5177083333333333 0.7166666666666669 0.5546875 0.7166666666666669
4 0.3958333333333333 0.7055555555555556 0.35989583333333336 0.7055555555555556 0.35989583333333336 0.7722222222222223 0.3958333333333333 0.7722222222222223
4 0.6020833333333333 0.7453703703703706 0.5651041666666666 0.7453703703703706 0.5651041666666666 0.8092592592592595 0.6020833333333333 0.8092592592592595
11 0.434375 0.16574074074074086 0.39947916666666666 0.16574074074074086 0.39947916666666666 0.22685185185185194 0.434375 0.22685185185185194
10 0.45364583333333336 0.6370370370370371 0.4171875 0.6370370370370371 0.4171875 0.7037037037037037 0.45364583333333336 0.7037037037037037
13 0.5322916666666667 0.17222222222222233 0.49114583333333334 0.17222222222222233 0.49114583333333334 0.24722222222222232 0.5322916666666667 0.24722222222222232
11 0.47552083333333334 0.24722222222222232 0.44114583333333335 0.24722222222222232 0.44114583333333335 0.3101851851851853 0.47552083333333334 0.3101851851851853
12 0.5083333333333333 0.7166666666666668 0.4625 0.7166666666666667 0.4625 0.7981481481481483 0.5083333333333333 0.7981481481481484
6 0.4010416666666667 0.6222222222222222 0.3645833333333333 0.6222222222222222 0.3645833333333333 0.687962962962963 0.4010416666666667 0.687962962962963
10 0.5052083333333334 0.6416666666666667 0.4671875 0.6416666666666667 0.4671875 0.7083333333333335 0.5052083333333334 0.7083333333333336
3 0.6182291666666667 0.3537037037037038 0.5890625 0.3537037037037038 0.5890625 0.40462962962962973 0.6182291666666667 0.40462962962962973
1 0.5265625 0.2564814814814816 0.49166666666666664 0.2564814814814816 0.49166666666666664 0.31851851851851865 0.5265625 0.31851851851851865
7 0.3807291666666667 0.23148148148148157 0.34479166666666666 0.23148148148148154 0.34479166666666666 0.2935185185185186 0.3807291666666667 0.2935185185185186
9 0.5755208333333334 0.1962962962962964 0.5458333333333333 0.1962962962962964 0.5458333333333333 0.2462962962962964 0.5755208333333334 0.2462962962962964
3 0.5192708333333333 0.3314814814814816 0.49114583333333334 0.3314814814814816 0.49114583333333334 0.3814814814814816 0.5192708333333333 0.3814814814814816
1 0.43020833333333336 0.2425925925925927 0.3958333333333333 0.2425925925925927 0.3958333333333333 0.3037037037037038 0.43020833333333336 0.3037037037037038
2 0.4505208333333333 0.562037037037037 0.421875 0.562037037037037 0.421875 0.6157407407407407 0.4505208333333333 0.6157407407407407
3 0.5703125 0.34259259259259267 0.5416666666666666 0.34259259259259267 0.5416666666666666 0.3935185185185186 0.5703125 0.3935185185185186
2 0.40260416666666665 0.55 0.3729166666666667 0.55 0.3729166666666667 0.600925925925926 0.40260416666666665 0.600925925925926
9 0.4786458333333333 0.18148148148148158 0.4484375 0.18148148148148158 0.4484375 0.2314814814814816 0.4786458333333333 0.2314814814814816
3 0.4703125 0.33055555555555566 0.4421875 0.33055555555555566 0.4421875 0.37962962962962976 0.4703125 0.37962962962962976
5 0.38645833333333335 0.1574074074074075 0.35104166666666664 0.15740740740740747 0.35104166666666664 0.21944444444444453 0.38645833333333335 0.21944444444444455
3 0.41822916666666665 0.3157407407407408 0.3890625 0.3157407407407408 0.3890625 0.36574074074074087 0.41822916666666665 0.36574074074074087
8 0.5489583333333333 0.7435185185185187 0.5192708333333333 0.7435185185185187 0.5192708333333333 0.7962962962962965 0.5489583333333333 0.7962962962962965
2 0.6088541666666667 0.5842592592592595 0.5802083333333333 0.5842592592592595 0.5802083333333333 0.6370370370370373 0.6088541666666667 0.6370370370370373
2 0.5052083333333334 0.5685185185185186 0.47604166666666664 0.5685185185185185 0.47604166666666664 0.6194444444444446 0.5052083333333334 0.6194444444444447
8 0.4479166666666667 0.7194444444444444 0.4192708333333333 0.7194444444444444 0.4192708333333333 0.7712962962962963 0.4479166666666667 0.7712962962962963
2 0.5583333333333333 0.5787037037037039 0.5286458333333334 0.5787037037037039 0.5286458333333334 0.6333333333333335 0.5583333333333333 0.6333333333333335
0 0.3458333333333333 0.6935185185185185 0.3098958333333333 0.6935185185185185 0.3098958333333333 0.7583333333333333 0.3458333333333333 0.7583333333333333
5 0.6291666666666667 0.20370370370370383 0.5942708333333333 0.2037037037037038 0.5942708333333333 0.263888888888889 0.6291666666666667 0.263888888888889