1 0.38125000000000003 0.8574074074074074 0.3385416666666667 0.8574074074074074 0.33854166666666674 0.9194444444444444 0.38125000000000014 0.9194444444444444
7 0.596875 0.8296296296296298 0.5557291666666667 0.8296296296296298 0.5557291666666667 0.8898148148148151 0.596875 0.8898148148148151
5 0.6520833333333333 0.814814814814815 0.6109375 0.814814814814815 0.6109375 0.8731481481481483 0.6520833333333333 0.8731481481481483
0 0.6526041666666667 0.049074074074074214 0.6151041666666667 0.04907407407407421 0.6151041666666667 0.10370370370370384 0.6526041666666667 0.10370370370370384
4 0.6067708333333334 0.06111111111111124 0.5666666666666667 0.06111111111111124 0.5666666666666667 0.11388888888888903 0.6067708333333334 0.11388888888888903
7 0.4937500000000001 0.838888888888889 0.45364583333333336 0.8388888888888889 0.4536458333333334 0.8962962962962964 0.49375000000000013 0.8962962962962965
5 0.4333333333333334 0.8537037037037037 0.39114583333333336 0.8537037037037037 0.3911458333333334 0.9148148148148149 0.43333333333333346 0.9148148148148149
0 0.3489583333333333 0.10370370370370378 0.309375 0.10370370370370378 0.309375 0.16018518518518524 0.3489583333333333 0.16018518518518524
6 0.5505208333333333 0.06481481481481494 0.5135416666666667 0.06481481481481492 0.5135416666666667 0.11944444444444455 0.5505208333333333 0.11944444444444455
4 0.3963541666666667 0.09074074074074082 0.35625 0.09074074074074082 0.35625 0.14537037037037046 0.3963541666666667 0.14537037037037048
13 0.540625 0.665740740740741 0.4921875 0.665740740740741 0.4921875 0.7361111111111113 0.540625 0.7361111111111113
11 0.7640625 0.7851851851851854 0.7223958333333333 0.7851851851851854 0.7223958333333333 0.8444444444444447 0.7640625 0.8444444444444447
10 0.7041666666666667 0.0444444444444446 0.6666666666666666 0.04444444444444459 0.6666666666666666 0.10000000000000016 0.7041666666666667 0.10000000000000016
2 0.6744791666666666 0.29907407407407416 0.6411458333333333 0.29907407407407416 0.6411458333333333 0.3435185185185186 0.6744791666666666 0.3435185185185186
3 0.46927083333333336 0.4925925925925926 0.4348958333333333 0.4925925925925926 0.4348958333333333 0.5462962962962963 0.46927083333333336 0.5462962962962963
9 0.47604166666666664 0.6898148148148148 0.4421875 0.6898148148148148 0.4421875 0.7388888888888889 0.47604166666666664 0.7388888888888889
9 0.5854166666666667 0.6601851851851854 0.5515625 0.6601851851851854 0.5515625 0.7120370370370372 0.5854166666666667 0.7120370370370372
1 0.7088541666666667 0.8046296296296298 0.6682291666666667 0.8046296296296298 0.6682291666666667 0.8638888888888892 0.7088541666666667 0.8638888888888892
10 0.296875 0.11759259259259265 0.25833333333333336 0.11759259259259265 0.25833333333333336 0.17592592592592599 0.296875 0.17592592592592599
3 0.6958333333333333 0.551851851851852 0.6614583333333334 0.551851851851852 0.6614583333333334 0.5962962962962965 0.6958333333333333 0.5962962962962965
2 0.575 0.3962962962962964 0.5411458333333333 0.3962962962962964 0.5411458333333333 0.4407407407407408 0.575 0.4407407407407408
2 0.3546875 0.3555555555555557 0.3223958333333333 0.3555555555555557 0.3223958333333333 0.400925925925926 0.3546875 0.400925925925926
12 0.5130208333333334 0.22592592592592603 0.4661458333333333 0.22592592592592603 0.4661458333333333 0.30277777777777787 0.5130208333333334 0.30277777777777787
2 0.3020833333333333 0.3592592592592594 0.2703125 0.3592592592592594 0.2703125 0.40462962962962973 0.3020833333333333 0.40462962962962973
3 0.36041666666666666 0.6064814814814815 0.3265625 0.6064814814814815 0.3265625 0.6518518518518519 0.36041666666666666 0.6518518518518519
6 0.44895833333333335 0.08518518518518528 0.41302083333333334 0.08518518518518527 0.41302083333333334 0.13981481481481492 0.44895833333333335 0.13981481481481492
2 0.7229166666666667 0.28518518518518526 0.6895833333333333 0.28518518518518526 0.6895833333333333 0.3361111111111112 0.7229166666666667 0.3361111111111112
8 0.5583333333333333 0.2324074074074075 0.5255208333333333 0.2324074074074075 0.5255208333333333 0.275925925925926 0.5583333333333333 0.275925925925926
3 0.31145833333333334 0.6203703703703703 0.2791666666666667 0.6203703703703703 0.2791666666666667 0.6666666666666666 0.31145833333333334 0.6666666666666666
11 0.3312500000000001 0.8629629629629629 0.28958333333333347 0.8629629629629629 0.28958333333333347 0.9231481481481482 0.3312500000000001 0.9231481481481482
3 0.7479166666666667 0.5444444444444446 0.7145833333333333 0.5444444444444446 0.7145833333333333 0.589814814814815 0.7479166666666667 0.589814814814815
8 0.45260416666666664 0.25092592592592605 0.41875 0.25092592592592605 0.41875 0.2962962962962964 0.45260416666666664 0.2962962962962964