4 0.5859375 0.5314814814814817 0.528125 0.5314814814814817 0.528125 0.6259259259259261 0.5859375 0.6259259259259261
4 0.753125 0.41759259259259274 0.696875 0.4175925925925927 0.696875 0.5083333333333335 0.753125 0.5083333333333335
6 0.7057291666666666 0.36203703703703716 0.65 0.36203703703703716 0.65 0.45370370370370383 0.7057291666666666 0.45370370370370383
10 0.6364583333333333 0.18611111111111125 0.5817708333333333 0.18611111111111123 0.5817708333333333 0.2777777777777779 0.6364583333333333 0.2777777777777779
3 0.4401041666666667 0.3787037037037038 0.39375 0.3787037037037038 0.39375 0.4546296296296297 0.4401041666666667 0.4546296296296297
8 0.6541666666666667 0.3101851851851853 0.6072916666666667 0.3101851851851853 0.6072916666666667 0.3870370370370371 0.6541666666666667 0.3870370370370371
12 0.7119791666666667 0.1592592592592594 0.6432291666666666 0.1592592592592594 0.6432291666666666 0.2712962962962964 0.7119791666666667 0.2712962962962964
0 0.5640625 0.2064814814814816 0.5109375 0.2064814814814816 0.5109375 0.2935185185185186 0.5640625 0.2935185185185186
5 0.5125 0.5453703703703705 0.45729166666666665 0.5453703703703704 0.45729166666666665 0.639814814814815 0.5125 0.6398148148148151
3 0.5578125 0.6101851851851854 0.5125 0.6101851851851854 0.5125 0.6851851851851853 0.5578125 0.6851851851851853
3 0.484375 0.43425925925925934 0.4395833333333333 0.43425925925925934 0.4395833333333333 0.5083333333333334 0.484375 0.5083333333333335
11 0.47552083333333334 0.10092592592592602 0.4171875 0.100925925925926 0.4171875 0.19722222222222233 0.47552083333333334 0.19722222222222233
7 0.7510416666666667 0.22314814814814832 0.6947916666666667 0.22314814814814832 0.6947916666666667 0.31388888888888905 0.7510416666666667 0.3138888888888891
8 0.6541666666666667 0.12037037037037053 0.6098958333333333 0.12037037037037053 0.6098958333333333 0.19166666666666682 0.6541666666666667 0.19166666666666682
2 0.6260416666666667 0.7925925925925928 0.5833333333333334 0.7925925925925928 0.5833333333333334 0.8629629629629632 0.6260416666666667 0.8629629629629632
0 0.5359375 0.6750000000000002 0.4828125 0.675 0.4828125 0.7657407407407408 0.5359375 0.7657407407407409
6 0.34479166666666666 0.27314814814814825 0.2921875 0.27314814814814825 0.2921875 0.36203703703703716 0.34479166666666666 0.36203703703703716
1 0.44479166666666664 0.5675925925925925 0.3890625 0.5675925925925925 0.3890625 0.6583333333333333 0.44479166666666664 0.6583333333333333
2 0.390625 0.5296296296296297 0.34739583333333335 0.5296296296296297 0.34739583333333335 0.6027777777777777 0.390625 0.6027777777777777
13 0.4265625 0.6314814814814815 0.3578125 0.6314814814814815 0.3578125 0.7481481481481481 0.4265625 0.7481481481481481
2 0.34427083333333336 0.475 0.29791666666666666 0.475 0.29791666666666666 0.5527777777777778 0.34427083333333336 0.5527777777777778
9 0.4661458333333333 0.7037037037037037 0.41875 0.7037037037037037 0.41875 0.7824074074074074 0.4661458333333333 0.7824074074074074
10 0.44166666666666665 0.7592592592592593 0.384375 0.7592592592592593 0.384375 0.8574074074074074 0.44166666666666665 0.8574074074074074
9 0.5052083333333334 0.764814814814815 0.4630208333333333 0.7648148148148148 0.4630208333333333 0.8351851851851853 0.5052083333333334 0.8351851851851854
2 0.5119791666666667 0.3574074074074075 0.46875 0.3574074074074075 0.46875 0.42777777777777787 0.5119791666666667 0.42777777777777787
3 0.5583333333333333 0.4027777777777779 0.5151041666666667 0.4027777777777779 0.5151041666666667 0.4750000000000002 0.5583333333333333 0.4750000000000002
5 0.5640625 0.8074074074074076 0.5078125 0.8074074074074076 0.5078125000000001 0.9037037037037039 0.5640625 0.9037037037037039
2 0.7020833333333333 0.5722222222222224 0.6588541666666666 0.5722222222222224 0.6588541666666666 0.6453703703703706 0.7020833333333333 0.6453703703703706
11 0.6130208333333333 0.26296296296296306 0.559375 0.26296296296296306 0.559375 0.3537037037037038 0.6130208333333333 0.3537037037037038
1 0.6140625 0.0777777777777779 0.5625 0.0777777777777779 0.5625 0.16203703703703717 0.6140625 0.1620370370370372
3 0.6760416666666667 0.6388888888888891 0.6333333333333333 0.6388888888888891 0.6333333333333333 0.7101851851851854 0.6760416666666667 0.7101851851851854
7 0.7 0.7583333333333335 0.6458333333333334 0.7583333333333335 0.6458333333333334 0.8490740740740743 0.7 0.8490740740740743