5 0.4088541666666667 0.1601851851851853 0.3692708333333333 0.1601851851851853 0.3692708333333333 0.21944444444444455 0.4088541666666667 0.21944444444444455
1 0.5510416666666667 0.864814814814815 0.5125000000000001 0.864814814814815 0.5125000000000001 0.927777777777778 0.5510416666666667 0.927777777777778
1 0.5708333333333333 0.2666666666666668 0.53125 0.2666666666666668 0.53125 0.3250000000000001 0.5708333333333333 0.3250000000000001
9 0.5145833333333333 0.1787037037037038 0.48072916666666665 0.1787037037037038 0.48072916666666665 0.23055555555555565 0.5145833333333333 0.23055555555555565
4 0.3416666666666667 0.6777777777777778 0.3020833333333333 0.6777777777777778 0.3020833333333333 0.7379629629629629 0.3416666666666667 0.7379629629629629
12 0.45156250000000003 0.8555555555555555 0.40572916666666664 0.8555555555555555 0.40572916666666675 0.9305555555555556 0.45156250000000014 0.9305555555555556
2 0.35260416666666666 0.25185185185185194 0.32135416666666666 0.25185185185185194 0.32135416666666666 0.29907407407407416 0.35260416666666666 0.29907407407407416
4 0.46041666666666664 0.4212962962962964 0.42135416666666664 0.4212962962962964 0.42135416666666664 0.4787037037037037 0.46041666666666664 0.4787037037037037
2 0.3421875 0.512962962962963 0.3098958333333333 0.512962962962963 0.3098958333333333 0.5611111111111111 0.3421875 0.5611111111111111
7 0.303125 0.3250000000000001 0.2635416666666667 0.3250000000000001 0.2635416666666667 0.38425925925925936 0.303125 0.38425925925925936
11 0.665625 0.7055555555555557 0.6296875 0.7055555555555557 0.6296875 0.7666666666666668 0.665625 0.7666666666666668
8 0.4510416666666667 0.6990740740740741 0.41875 0.6990740740740741 0.41875 0.7490740740740741 0.4510416666666667 0.7490740740740741
6 0.396875 0.6851851851851852 0.35885416666666664 0.6851851851851852 0.35885416666666664 0.7462962962962963 0.396875 0.7462962962962963
3 0.5109375 0.5324074074074076 0.4786458333333333 0.5324074074074074 0.4786458333333333 0.5814814814814816 0.5109375 0.5814814814814817
3 0.346875 0.42777777777777787 0.315625 0.42777777777777787 0.315625 0.475 0.346875 0.475
3 0.46041666666666664 0.3453703703703705 0.4276041666666667 0.3453703703703705 0.4276041666666667 0.3935185185185186 0.46041666666666664 0.3935185185185186
2 0.6760416666666667 0.2722222222222223 0.6453125 0.2722222222222223 0.6453125 0.31944444444444453 0.6760416666666667 0.31944444444444453
0 0.4635416666666667 0.24907407407407417 0.4270833333333333 0.24907407407407417 0.4270833333333333 0.31296296296296305 0.4635416666666667 0.31296296296296305
3 0.5651041666666666 0.4351851851851853 0.5338541666666666 0.4351851851851853 0.5338541666666666 0.48333333333333356 0.5651041666666666 0.48333333333333356
3 0.6177083333333333 0.44351851851851865 0.5854166666666667 0.44351851851851865 0.5854166666666667 0.49166666666666686 0.6177083333333333 0.49166666666666686
6 0.7317708333333334 0.44259259259259276 0.6942708333333333 0.4425925925925927 0.6942708333333333 0.502777777777778 0.7317708333333334 0.502777777777778
7 0.39531250000000007 0.8555555555555555 0.3546875 0.8555555555555555 0.35468750000000004 0.9166666666666666 0.3953125000000001 0.9166666666666666
10 0.5020833333333333 0.7814814814814816 0.4661458333333333 0.7814814814814814 0.4661458333333333 0.8444444444444446 0.5020833333333333 0.8444444444444447
2 0.621875 0.2712962962962964 0.5901041666666667 0.2712962962962964 0.5901041666666667 0.31944444444444453 0.621875 0.31944444444444453
5 0.51875 0.3462962962962964 0.47760416666666666 0.3462962962962964 0.47760416666666666 0.40833333333333344 0.51875 0.40833333333333344
13 0.5755208333333334 0.16851851851851862 0.5317708333333333 0.16851851851851862 0.5317708333333333 0.2425925925925927 0.5755208333333334 0.2425925925925927
8 0.4979166666666668 0.8824074074074075 0.4687500000000001 0.8824074074074074 0.4687500000000001 0.9314814814814816 0.4979166666666668 0.9314814814814817
11 0.503125 0.6944444444444445 0.46822916666666664 0.6944444444444444 0.46822916666666664 0.7537037037037038 0.503125 0.7537037037037039
2 0.5583333333333333 0.5296296296296299 0.5302083333333333 0.5296296296296299 0.5302083333333333 0.5740740740740743 0.5583333333333333 0.5740740740740743
10 0.521875 0.0925925925925927 0.4864583333333333 0.0925925925925927 0.4864583333333333 0.15462962962962973 0.521875 0.15462962962962973
0 0.559375 0.6972222222222224 0.5260416666666666 0.6972222222222224 0.5260416666666666 0.7601851851851854 0.559375 0.7601851851851854
9 0.46041666666666664 0.16481481481481491 0.43020833333333336 0.16481481481481491 0.43020833333333336 0.2175925925925927 0.46041666666666664 0.2175925925925927