11 0.5838541666666667 0.7324074074074076 0.5442708333333334 0.7324074074074076 0.5442708333333334 0.8101851851851853 0.5838541666666667 0.8101851851851853
1 0.6973958333333333 0.5444444444444446 0.6572916666666667 0.5444444444444446 0.6572916666666667 0.6222222222222225 0.6973958333333333 0.6222222222222225
10 0.6640625 0.4527777777777779 0.625 0.4527777777777779 0.625 0.5296296296296299 0.6640625 0.5296296296296299
9 0.3223958333333333 0.4175925925925927 0.28854166666666664 0.4175925925925927 0.28854166666666664 0.4861111111111111 0.3223958333333333 0.4861111111111111
5 0.3458333333333333 0.21296296296296302 0.3046875 0.21296296296296302 0.3046875 0.2925925925925927 0.3458333333333333 0.2925925925925927
7 0.45989583333333334 0.04722222222222232 0.4203125 0.04722222222222231 0.4203125 0.1250000000000001 0.45989583333333334 0.1250000000000001
4 0.6463541666666667 0.15462962962962978 0.6067708333333334 0.15462962962962978 0.6067708333333334 0.23148148148148165 0.6463541666666667 0.23148148148148165
8 0.6255208333333333 0.36203703703703716 0.5901041666666667 0.36203703703703716 0.5901041666666667 0.4287037037037038 0.6255208333333333 0.4287037037037038
7 0.73125 0.27037037037037054 0.6911458333333333 0.2703703703703705 0.6911458333333333 0.3509259259259261 0.73125 0.35092592592592614
6 0.6369791666666667 0.2537037037037038 0.596875 0.2537037037037038 0.596875 0.33240740740740754 0.6369791666666667 0.33240740740740754
2 0.5489583333333333 0.1490740740740742 0.5166666666666667 0.1490740740740742 0.5166666666666667 0.213888888888889 0.5489583333333333 0.213888888888889
9 0.32760416666666664 0.325925925925926 0.2947916666666667 0.325925925925926 0.2947916666666667 0.38796296296296306 0.32760416666666664 0.38796296296296306
3 0.4473958333333333 0.6324074074074074 0.41041666666666665 0.6324074074074074 0.41041666666666665 0.700925925925926 0.4473958333333333 0.700925925925926
12 0.7239583333333334 0.3574074074074075 0.6744791666666666 0.3574074074074075 0.6744791666666666 0.4527777777777779 0.7239583333333334 0.4527777777777779
13 0.31979166666666664 0.5046296296296297 0.2671875 0.5046296296296297 0.2671875 0.6027777777777777 0.31979166666666664 0.6027777777777777
2 0.4010416666666667 0.1351851851851853 0.3697916666666667 0.1351851851851853 0.3697916666666667 0.19907407407407418 0.4010416666666667 0.19907407407407418
3 0.4557291666666667 0.5361111111111111 0.4192708333333333 0.5361111111111111 0.4192708333333333 0.6055555555555555 0.4557291666666667 0.6055555555555555
6 0.4239583333333334 0.8212962962962963 0.38385416666666666 0.8212962962962963 0.3838541666666667 0.8981481481481481 0.42395833333333344 0.8981481481481481
2 0.3385416666666667 0.7157407407407408 0.3026041666666667 0.7157407407407408 0.3026041666666667 0.7824074074074074 0.3385416666666667 0.7824074074074074
1 0.3640625 0.5185185185185185 0.32447916666666665 0.5185185185185185 0.32447916666666665 0.5962962962962963 0.3640625 0.5962962962962963
3 0.42864583333333334 0.33703703703703713 0.3953125 0.33703703703703713 0.3953125 0.4037037037037038 0.42864583333333334 0.4037037037037038
2 0.3494791666666667 0.6194444444444445 0.3140625 0.6194444444444445 0.3140625 0.687962962962963 0.3494791666666667 0.687962962962963
8 0.7114583333333333 0.46759259259259267 0.6755208333333333 0.46759259259259267 0.6755208333333333 0.5351851851851854 0.7114583333333333 0.5351851851851854
10 0.28020833333333334 0.41851851851851857 0.23958333333333334 0.4185185185185185 0.23958333333333337 0.4962962962962963 0.28020833333333334 0.4962962962962963
3 0.5015625 0.1500000000000001 0.465625 0.1500000000000001 0.465625 0.21666666666666679 0.5015625 0.21666666666666679
4 0.4786458333333333 0.3351851851851853 0.43645833333333334 0.3351851851851853 0.43645833333333334 0.41944444444444456 0.4786458333333333 0.41944444444444456
3 0.5192708333333333 0.450925925925926 0.4869791666666667 0.450925925925926 0.4869791666666667 0.5157407407407409 0.5192708333333333 0.5157407407407409
0 0.6067708333333334 0.5453703703703706 0.5635416666666667 0.5453703703703706 0.5635416666666667 0.6250000000000002 0.6067708333333334 0.6250000000000002
0 0.38385416666666666 0.33055555555555566 0.340625 0.33055555555555566 0.340625 0.4074074074074075 0.38385416666666666 0.4074074074074075
2 0.509375 0.5407407407407409 0.4708333333333333 0.5407407407407407 0.4708333333333333 0.6037037037037039 0.509375 0.603703703703704
11 0.6166666666666667 0.44722222222222235 0.5734375 0.44722222222222235 0.5734375 0.527777777777778 0.6166666666666667 0.527777777777778
5 0.4234375 0.4324074074074075 0.3807291666666667 0.4324074074074075 0.3807291666666667 0.5111111111111111 0.4234375 0.5111111111111111