7 0.7734375 0.5148148148148151 0.7307291666666667 0.5148148148148151 0.7307291666666667 0.5935185185185188 0.7734375 0.5935185185185188
7 0.5979166666666667 0.1361111111111112 0.5546875 0.1361111111111112 0.5546875 0.21481481481481493 0.5979166666666667 0.21481481481481493
8 0.4875 0.6805555555555557 0.4510416666666667 0.6805555555555556 0.4510416666666667 0.7462962962962963 0.4875 0.7462962962962965
13 0.7229166666666667 0.27314814814814825 0.6723958333333333 0.27314814814814825 0.6723958333333333 0.363888888888889 0.7229166666666667 0.363888888888889
2 0.5526041666666667 0.48333333333333356 0.5166666666666667 0.48333333333333356 0.5166666666666667 0.5490740740740743 0.5526041666666667 0.5490740740740743
5 0.8276041666666667 0.43055555555555575 0.7848958333333333 0.43055555555555575 0.7848958333333333 0.5083333333333335 0.8276041666666667 0.5083333333333335
0 0.5869791666666667 0.8750000000000002 0.5401041666666667 0.8750000000000002 0.5401041666666667 0.9601851851851851 0.5869791666666667 0.9601851851851851
0 0.34479166666666666 0.3212962962962964 0.2984375 0.3212962962962964 0.2984375 0.4064814814814816 0.34479166666666666 0.4064814814814816
3 0.7072916666666667 0.49814814814814834 0.671875 0.49814814814814834 0.671875 0.5611111111111113 0.7072916666666667 0.5611111111111113
2 0.6119791666666666 0.6231481481481483 0.5760416666666667 0.6231481481481483 0.5760416666666667 0.6888888888888891 0.6119791666666666 0.6888888888888891
3 0.6520833333333333 0.36296296296296304 0.6171875 0.36296296296296304 0.6171875 0.42592592592592604 0.6520833333333333 0.42592592592592604
3 0.5942708333333333 0.22314814814814826 0.5588541666666667 0.22314814814814826 0.5588541666666667 0.28703703703703715 0.5942708333333333 0.28703703703703715
3 0.76875 0.6240740740740743 0.734375 0.6240740740740743 0.734375 0.6879629629629632 0.76875 0.6879629629629632
3 0.5395833333333333 0.1000000000000001 0.5036458333333333 0.1000000000000001 0.5036458333333333 0.16666666666666677 0.5395833333333333 0.16666666666666677
2 0.4947916666666667 0.35277777777777786 0.4588541666666667 0.35277777777777786 0.4588541666666667 0.4185185185185186 0.4947916666666667 0.4185185185185186
10 0.5515625 0.8166666666666669 0.5057291666666667 0.8166666666666669 0.5057291666666667 0.9009259259259261 0.5515625 0.9009259259259261
2 0.6723958333333333 0.7490740740740743 0.6364583333333333 0.7490740740740743 0.6364583333333333 0.814814814814815 0.6723958333333333 0.814814814814815
6 0.4354166666666667 0.3101851851851853 0.39010416666666664 0.3101851851851853 0.39010416666666664 0.39444444444444454 0.4354166666666667 0.39444444444444454
4 0.37083333333333335 0.39444444444444454 0.32447916666666665 0.39444444444444454 0.32447916666666665 0.4787037037037037 0.37083333333333335 0.4787037037037037
9 0.7104166666666667 0.20000000000000015 0.6807291666666667 0.20000000000000015 0.6807291666666667 0.24722222222222232 0.7104166666666667 0.24722222222222232
9 0.7671875 0.3037037037037039 0.7328125 0.3037037037037039 0.7328125 0.36481481481481504 0.7671875 0.36481481481481504
6 0.6171875 0.7222222222222224 0.5713541666666667 0.7222222222222224 0.5713541666666667 0.8055555555555558 0.6171875 0.8055555555555558
8 0.42291666666666666 0.5370370370370371 0.38697916666666665 0.5370370370370371 0.38697916666666665 0.6027777777777777 0.42291666666666666 0.6027777777777777
4 0.5171875 0.7453703703703705 0.4713541666666667 0.7453703703703703 0.4713541666666667 0.8287037037037038 0.5171875 0.8287037037037039
10 0.4 0.46944444444444455 0.353125 0.46944444444444455 0.353125 0.5546296296296296 0.4 0.5546296296296296
11 0.8026041666666667 0.36851851851851875 0.759375 0.36851851851851875 0.759375 0.4472222222222224 0.8026041666666667 0.4472222222222224
12 0.5015625 0.5611111111111112 0.4453125 0.5611111111111111 0.4453125 0.6629629629629631 0.5015625 0.6629629629629632
2 0.43854166666666666 0.2175925925925927 0.4015625 0.2175925925925927 0.4015625 0.2842592592592594 0.43854166666666666 0.2842592592592594