2 0.753125 0.4722222222222224 0.7125 0.4722222222222223 0.7125 0.5444444444444446 0.753125 0.5444444444444446
7 0.396875 0.36296296296296304 0.3453125 0.36296296296296304 0.3453125 0.45555555555555566 0.396875 0.45555555555555566
0 0.715625 0.17129629629629645 0.6651041666666667 0.17129629629629645 0.6651041666666667 0.2601851851851853 0.715625 0.2601851851851853
7 0.5114583333333333 0.701851851851852 0.4583333333333333 0.7018518518518518 0.4583333333333333 0.7972222222222223 0.5114583333333333 0.7972222222222224
12 0.4583333333333333 0.5259259259259259 0.3963541666666667 0.5259259259259259 0.3963541666666667 0.6351851851851852 0.4583333333333333 0.6351851851851852
2 0.6494791666666667 0.13518518518518535 0.6083333333333333 0.13518518518518535 0.6083333333333333 0.20925925925925942 0.6494791666666667 0.20925925925925942
5 0.5255208333333333 0.5861111111111112 0.471875 0.5861111111111111 0.471875 0.6824074074074075 0.5255208333333333 0.6824074074074076
4 0.6458333333333334 0.4564814814814816 0.5953125 0.4564814814814816 0.5953125 0.5462962962962965 0.6458333333333334 0.5462962962962965
9 0.6692708333333334 0.2120370370370372 0.6276041666666666 0.2120370370370372 0.6276041666666666 0.28703703703703715 0.6692708333333334 0.28703703703703715
2 0.6895833333333333 0.43703703703703717 0.6489583333333333 0.43703703703703717 0.6489583333333333 0.5064814814814816 0.6895833333333333 0.5064814814814816
1 0.4119791666666667 0.5638888888888889 0.359375 0.5638888888888889 0.359375 0.6574074074074074 0.4119791666666667 0.6574074074074074
4 0.596875 0.2898148148148149 0.5432291666666667 0.2898148148148149 0.5432291666666667 0.38240740740740753 0.596875 0.38240740740740753
3 0.3484375 0.40185185185185196 0.30572916666666666 0.40185185185185196 0.30572916666666666 0.4777777777777778 0.3484375 0.4777777777777778
10 0.7057291666666666 0.288888888888889 0.6536458333333334 0.288888888888889 0.6536458333333334 0.3814814814814816 0.7057291666666666 0.3814814814814816
11 0.3958333333333333 0.6962962962962963 0.3421875 0.6962962962962963 0.3421875 0.787962962962963 0.3958333333333333 0.787962962962963
3 0.459375 0.7509259259259259 0.41822916666666665 0.7509259259259259 0.41822916666666665 0.8240740740740741 0.459375 0.8240740740740741
1 0.3697916666666667 0.6046296296296296 0.31666666666666665 0.6046296296296296 0.31666666666666665 0.6990740740740741 0.3697916666666667 0.6990740740740741
0 0.7713541666666667 0.33796296296296313 0.7208333333333333 0.3379629629629631 0.7208333333333333 0.4296296296296298 0.7713541666666667 0.42962962962962986
10 0.74375 0.25833333333333347 0.6932291666666667 0.2583333333333334 0.6932291666666667 0.35000000000000014 0.74375 0.3500000000000002
8 0.4328125 0.6666666666666666 0.39010416666666664 0.6666666666666666 0.39010416666666664 0.7425925925925926 0.4328125 0.7425925925925926
13 0.671875 0.31851851851851865 0.6067708333333334 0.31851851851851865 0.6067708333333334 0.4324074074074075 0.671875 0.4324074074074075
2 0.6192708333333333 0.38055555555555565 0.5765625 0.38055555555555565 0.5765625 0.4564814814814816 0.6192708333333333 0.4564814814814816
3 0.47760416666666666 0.6324074074074074 0.43854166666666666 0.6324074074074074 0.43854166666666666 0.6990740740740741 0.47760416666666666 0.6990740740740741
11 0.34322916666666664 0.5314814814814814 0.29375 0.5314814814814814 0.29375 0.6157407407407407 0.34322916666666664 0.6157407407407407
8 0.37916666666666665 0.49722222222222223 0.3375 0.49722222222222223 0.3375 0.5685185185185185 0.37916666666666665 0.5685185185185185
9 0.7255208333333333 0.39166666666666683 0.684375 0.3916666666666668 0.684375 0.4657407407407409 0.7255208333333333 0.46574074074074095
6 0.71875 0.5055555555555558 0.6661458333333333 0.5055555555555558 0.6661458333333333 0.5981481481481483 0.71875 0.5981481481481483
3 0.4203125 0.45370370370370383 0.3765625 0.45370370370370383 0.3765625 0.525 0.4203125 0.525
2 0.6354166666666666 0.26296296296296306 0.5942708333333333 0.26296296296296306 0.5942708333333333 0.3333333333333334 0.6354166666666666 0.3333333333333334
6 0.6130208333333333 0.16018518518518532 0.5583333333333333 0.1601851851851853 0.5583333333333333 0.24907407407407417 0.6130208333333333 0.24907407407407417
3 0.4901041666666667 0.4962962962962964 0.4473958333333333 0.4962962962962963 0.4473958333333333 0.5675925925925926 0.4901041666666667 0.5675925925925928
5 0.4661458333333333 0.4064814814814816 0.41041666666666665 0.4064814814814816 0.41041666666666665 0.49907407407407406 0.4661458333333333 0.49907407407407406