0 0.48802083333333335 0.48333333333333345 0.45625 0.48333333333333334 0.45625 0.539814814814815 0.48802083333333335 0.5398148148148151
12 0.4114583333333333 0.100925925925926 0.37447916666666664 0.100925925925926 0.37447916666666664 0.16666666666666677 0.4114583333333333 0.16666666666666677
10 0.5817708333333333 0.6435185185185187 0.5489583333333333 0.6435185185185187 0.5489583333333333 0.7000000000000002 0.5817708333333333 0.7000000000000002
3 0.6291666666666667 0.26944444444444454 0.6041666666666666 0.26944444444444454 0.6041666666666666 0.313888888888889 0.6291666666666667 0.313888888888889
7 0.35052083333333334 0.3953703703703705 0.31927083333333334 0.3953703703703705 0.31927083333333334 0.450925925925926 0.35052083333333334 0.450925925925926
3 0.3046875 0.32037037037037047 0.2791666666666667 0.32037037037037047 0.2791666666666667 0.363888888888889 0.3046875 0.363888888888889
3 0.3411458333333333 0.5509259259259259 0.315625 0.5509259259259259 0.315625 0.5972222222222222 0.3411458333333333 0.5972222222222222
6 0.44479166666666664 0.4027777777777779 0.41354166666666664 0.4027777777777779 0.41354166666666664 0.45925925925925937 0.44479166666666664 0.45925925925925937
1 0.54375 0.12685185185185197 0.5119791666666667 0.12685185185185197 0.5119791666666667 0.18055555555555566 0.54375 0.18055555555555566
2 0.3890625 0.3296296296296297 0.3645833333333333 0.3296296296296297 0.3645833333333333 0.37314814814814823 0.3890625 0.37314814814814823
4 0.5885416666666666 0.1962962962962964 0.5572916666666666 0.1962962962962964 0.5572916666666666 0.25092592592592605 0.5885416666666666 0.25092592592592605
8 0.4947916666666667 0.1898148148148149 0.46979166666666666 0.1898148148148149 0.46979166666666666 0.23333333333333345 0.4947916666666667 0.23333333333333345
7 0.43697916666666664 0.7037037037037037 0.40520833333333334 0.7037037037037037 0.40520833333333334 0.7601851851851852 0.43697916666666664 0.7601851851851852
0 0.3927083333333333 0.46944444444444455 0.35989583333333336 0.46944444444444455 0.35989583333333336 0.5259259259259259 0.3927083333333333 0.5259259259259259
13 0.43802083333333336 0.6240740740740741 0.39947916666666666 0.6240740740740741 0.39947916666666666 0.6925925925925925 0.43802083333333336 0.6925925925925925
3 0.48489583333333336 0.33703703703703713 0.45989583333333334 0.33703703703703713 0.45989583333333334 0.38055555555555565 0.48489583333333336 0.38055555555555565
5 0.5875 0.12592592592592602 0.5567708333333333 0.12592592592592602 0.5567708333333333 0.18055555555555566 0.5875 0.18055555555555566
2 0.2541666666666667 0.46851851851851856 0.2291666666666667 0.4685185185185185 0.2291666666666667 0.5138888888888888 0.2541666666666667 0.5138888888888888
2 0.5307291666666667 0.41203703703703715 0.5057291666666667 0.41203703703703715 0.5057291666666667 0.4564814814814816 0.5307291666666667 0.4564814814814816
9 0.4796875 0.6351851851851852 0.45364583333333336 0.6351851851851852 0.45364583333333336 0.6814814814814815 0.4796875 0.6814814814814815
2 0.440625 0.32685185185185195 0.4161458333333333 0.32685185185185195 0.4161458333333333 0.3712962962962964 0.440625 0.3712962962962964
3 0.5786458333333333 0.41203703703703715 0.5536458333333333 0.41203703703703715 0.5536458333333333 0.4564814814814816 0.5786458333333333 0.4564814814814816
6 0.5333333333333333 0.5555555555555558 0.5015625 0.5555555555555558 0.5015625 0.6129629629629632 0.5333333333333333 0.6129629629629632
10 0.4 0.25092592592592605 0.36822916666666666 0.25092592592592605 0.36822916666666666 0.3064814814814816 0.4 0.3064814814814816
5 0.5822916666666667 0.47777777777777797 0.5494791666666666 0.47777777777777797 0.5494791666666666 0.5370370370370372 0.5822916666666667 0.5370370370370372
9 0.4348958333333333 0.5601851851851852 0.4088541666666667 0.5601851851851852 0.4088541666666667 0.6055555555555555 0.4348958333333333 0.6055555555555555
2 0.6223958333333334 0.48703703703703727 0.596875 0.48703703703703727 0.596875 0.5324074074074077 0.6223958333333334 0.5324074074074077
8 0.4921875 0.12777777777777788 0.46770833333333334 0.12777777777777788 0.46770833333333334 0.1712962962962964 0.4921875 0.1712962962962964
11 0.5401041666666667 0.25740740740740753 0.5083333333333333 0.25740740740740753 0.5083333333333333 0.313888888888889 0.5401041666666667 0.313888888888889
1 0.26927083333333335 0.17500000000000004 0.2375 0.17500000000000004 0.2375 0.23148148148148154 0.26927083333333335 0.23148148148148154
4 0.4921875 0.2527777777777779 0.46145833333333336 0.2527777777777779 0.46145833333333336 0.3064814814814816 0.4921875 0.3064814814814816
11 0.29739583333333336 0.6138888888888889 0.26406250000000003 0.6138888888888889 0.26406250000000003 0.6722222222222223 0.29739583333333336 0.6722222222222223