4 0.6192708333333333 0.8296296296296298 0.5666666666666667 0.8296296296296298 0.5666666666666667 0.9222222222222224 0.6192708333333333 0.9222222222222224
7 0.3640625 0.4564814814814816 0.315625 0.4564814814814816 0.315625 0.5398148148148149 0.3640625 0.5398148148148149
2 0.45260416666666664 0.774074074074074 0.4114583333333333 0.774074074074074 0.4114583333333333 0.8453703703703703 0.45260416666666664 0.8453703703703703
1 0.5489583333333333 0.012962962962963077 0.5015625 0.012962962962963072 0.5015625 0.04722222222222233 0.5489583333333333 0.04722222222222234
3 0.49635416666666665 0.34444444444444455 0.45677083333333335 0.34444444444444455 0.45677083333333335 0.4129629629629631 0.49635416666666665 0.4129629629629631
4 0.76875 0.5972222222222224 0.7171875 0.5972222222222224 0.7171875 0.6870370370370372 0.76875 0.6870370370370372
2 0.59375 0.5287037037037039 0.5484375 0.5287037037037039 0.5484375 0.6074074074074076 0.59375 0.6074074074074076
1 0.27760416666666665 0.4000000000000001 0.2296875 0.4 0.22968750000000002 0.4842592592592593 0.27760416666666665 0.4842592592592593
7 0.5807291666666666 0.10555555555555568 0.53125 0.10555555555555567 0.53125 0.1898148148148149 0.5807291666666666 0.1898148148148149
3 0.5729166666666666 0.2314814814814816 0.5302083333333333 0.2314814814814816 0.5302083333333333 0.30462962962962975 0.5729166666666666 0.30462962962962975
3 0.4270833333333333 0.4685185185185186 0.3854166666666667 0.4685185185185186 0.3854166666666667 0.5407407407407407 0.4270833333333333 0.5407407407407407
3 0.359375 0.5805555555555556 0.3171875 0.5805555555555556 0.3171875 0.6537037037037037 0.359375 0.6537037037037037
2 0.7322916666666667 0.30000000000000016 0.6911458333333333 0.3000000000000001 0.6911458333333333 0.3703703703703705 0.7322916666666667 0.37037037037037057
13 0.4505208333333333 0.22685185185185194 0.3932291666666667 0.22685185185185194 0.3932291666666667 0.32685185185185195 0.4505208333333333 0.32685185185185195
9 0.44166666666666665 0.13333333333333344 0.40260416666666665 0.13333333333333344 0.40260416666666665 0.20092592592592604 0.44166666666666665 0.20092592592592604
2 0.6697916666666667 0.41574074074074086 0.6286458333333333 0.41574074074074086 0.6286458333333333 0.48703703703703727 0.6697916666666667 0.48703703703703727
3 0.6390625 0.12407407407407421 0.5979166666666667 0.12407407407407418 0.5979166666666667 0.19629629629629644 0.6390625 0.19629629629629644
2 0.5229166666666667 0.6481481481481483 0.4817708333333333 0.6481481481481481 0.4817708333333333 0.7194444444444446 0.5229166666666667 0.7194444444444447
11 0.4822916666666667 0.06481481481481492 0.43333333333333335 0.06481481481481492 0.43333333333333335 0.1500000000000001 0.4822916666666667 0.1500000000000001
5 0.5140625 0.020370370370370476 0.4666666666666667 0.02037037037037047 0.4666666666666667 0.10277777777777788 0.5140625 0.10277777777777788
12 0.66875 0.6462962962962965 0.6072916666666667 0.6462962962962965 0.6072916666666667 0.7537037037037039 0.66875 0.7537037037037039
5 0.3489583333333333 0.29722222222222233 0.3 0.29722222222222233 0.3 0.3814814814814816 0.3489583333333333 0.3814814814814816
6 0.5265625 0.7592592592592594 0.47604166666666664 0.7592592592592593 0.47604166666666664 0.8472222222222223 0.5265625 0.8472222222222224
6 0.7375 0.40648148148148167 0.6880208333333333 0.4064814814814816 0.6880208333333333 0.49351851851851875 0.7375 0.49351851851851875
9 0.375 0.23425925925925933 0.33697916666666666 0.2342592592592593 0.33697916666666666 0.3000000000000001 0.375 0.3000000000000001
8 0.7229166666666667 0.6712962962962965 0.6817708333333333 0.6712962962962965 0.6817708333333333 0.7425925925925928 0.7229166666666667 0.7425925925925928
8 0.6520833333333333 0.7759259259259261 0.609375 0.7759259259259261 0.609375 0.8500000000000002 0.6520833333333333 0.8500000000000002
0 0.8421875 0.4731481481481484 0.7895833333333333 0.4731481481481484 0.7895833333333333 0.5638888888888891 0.8421875 0.5638888888888891
10 0.8005208333333333 0.5259259259259261 0.7473958333333334 0.5259259259259261 0.7473958333333334 0.6175925925925928 0.8005208333333333 0.6175925925925928
11 0.3098958333333333 0.3462962962962964 0.2609375 0.3462962962962964 0.26093750000000004 0.43055555555555564 0.3098958333333333 0.43055555555555564
0 0.540625 0.940740740740741 0.4875000000000001 0.940740740740741 0.4875000000000001 1 0.540625 1
10 0.5859375 0.8805555555555558 0.5317708333333334 0.8805555555555558 0.5317708333333334 0.975925925925926 0.5859375 0.975925925925926