7 0.46197916666666666 0.23796296296296307 0.4296875 0.23796296296296307 0.4296875 0.2962962962962964 0.46197916666666666 0.2962962962962964
6 0.46822916666666664 0.6268518518518519 0.434375 0.6268518518518519 0.434375 0.6888888888888889 0.46822916666666664 0.6888888888888889
4 0.6234375 0.7037037037037039 0.5895833333333333 0.7037037037037039 0.5895833333333333 0.7638888888888891 0.6234375 0.7638888888888891
4 0.4171875 0.7138888888888889 0.38333333333333336 0.7138888888888889 0.38333333333333336 0.775 0.4171875 0.775
11 0.60625 0.15925925925925938 0.5739583333333333 0.15925925925925938 0.5739583333333333 0.21574074074074087 0.60625 0.2157407407407409
1 0.5109375 0.23703703703703713 0.4786458333333333 0.23703703703703713 0.4786458333333333 0.29444444444444456 0.5109375 0.29444444444444456
10 0.5692708333333333 0.6268518518518521 0.5348958333333333 0.6268518518518521 0.5348958333333333 0.6888888888888891 0.5692708333333333 0.6888888888888891
13 0.5145833333333333 0.15370370370370381 0.47552083333333334 0.15370370370370381 0.47552083333333334 0.22314814814814826 0.5145833333333333 0.22314814814814826
0 0.41822916666666665 0.6305555555555555 0.38385416666666666 0.6305555555555555 0.38385416666666666 0.6916666666666667 0.41822916666666665 0.6916666666666667
9 0.459375 0.17037037037037048 0.4322916666666667 0.17037037037037048 0.4322916666666667 0.21666666666666679 0.459375 0.21666666666666679
6 0.621875 0.6194444444444447 0.5880208333333333 0.6194444444444447 0.5880208333333333 0.6796296296296298 0.621875 0.6796296296296298
2 0.6166666666666667 0.5462962962962965 0.5901041666666667 0.5462962962962965 0.5901041666666667 0.5935185185185188 0.6166666666666667 0.5935185185185188
12 0.5192708333333333 0.7000000000000001 0.47760416666666666 0.7 0.47760416666666666 0.7768518518518519 0.5192708333333333 0.776851851851852
9 0.5567708333333333 0.16944444444444454 0.5302083333333333 0.16944444444444454 0.5302083333333333 0.213888888888889 0.5567708333333333 0.213888888888889
10 0.51875 0.6250000000000001 0.48333333333333334 0.625 0.48333333333333334 0.6861111111111112 0.51875 0.6861111111111113
7 0.6578125 0.23240740740740756 0.625 0.23240740740740756 0.625 0.2898148148148149 0.6578125 0.2898148148148149
3 0.5083333333333333 0.31203703703703717 0.4828125 0.31203703703703717 0.4828125 0.35833333333333345 0.5083333333333333 0.35833333333333345
11 0.5619791666666667 0.2351851851851853 0.5296875 0.2351851851851853 0.5296875 0.2925925925925927 0.5619791666666667 0.2925925925925927
3 0.40989583333333335 0.32222222222222235 0.38385416666666666 0.32222222222222235 0.38385416666666666 0.36666666666666675 0.40989583333333335 0.36666666666666675
8 0.4625 0.7194444444444444 0.43645833333333334 0.7194444444444444 0.43645833333333334 0.7685185185185185 0.4625 0.7685185185185185
1 0.6067708333333334 0.23611111111111124 0.5744791666666667 0.23611111111111122 0.5744791666666667 0.2935185185185186 0.6067708333333334 0.2935185185185186
2 0.5677083333333334 0.551851851851852 0.5416666666666666 0.551851851851852 0.5416666666666666 0.6018518518518521 0.5677083333333334 0.6018518518518521
2 0.409375 0.5527777777777778 0.3828125 0.5527777777777778 0.3828125 0.6018518518518519 0.409375 0.6018518518518519
3 0.45729166666666665 0.3175925925925927 0.43125 0.3175925925925927 0.43125 0.36296296296296304 0.45729166666666665 0.36296296296296304
2 0.5145833333333333 0.5509259259259262 0.4869791666666667 0.5509259259259262 0.4869791666666667 0.5981481481481483 0.5145833333333333 0.5981481481481483
3 0.6109375 0.3101851851851853 0.5838541666666667 0.3101851851851853 0.5838541666666667 0.35648148148148157 0.6109375 0.35648148148148157
3 0.5567708333333333 0.3175925925925927 0.53125 0.3175925925925927 0.53125 0.363888888888889 0.5567708333333333 0.363888888888889
8 0.5640625 0.7092592592592595 0.5375 0.7092592592592595 0.5375 0.7564814814814816 0.5640625 0.7564814814814816
5 0.6546875 0.15740740740740758 0.6223958333333334 0.15740740740740758 0.6223958333333334 0.21388888888888904 0.6546875 0.21388888888888904
2 0.46041666666666664 0.5555555555555556 0.43385416666666665 0.5555555555555556 0.43385416666666665 0.6037037037037037 0.46041666666666664 0.6037037037037037
0 0.6739583333333333 0.6972222222222224 0.6401041666666667 0.6972222222222224 0.6401041666666667 0.7574074074074076 0.6739583333333333 0.7574074074074076
5 0.4109375 0.1712962962962964 0.378125 0.1712962962962964 0.378125 0.22777777777777788 0.4109375 0.22777777777777788