6 0.6119791666666666 0.7657407407407409 0.5609375 0.7657407407407409 0.5609375 0.8601851851851854 0.6119791666666666 0.8601851851851854
4 0.5026041666666666 0.5500000000000002 0.45 0.55 0.45 0.6481481481481483 0.5026041666666666 0.6481481481481484
12 0.7270833333333333 0.7537037037037039 0.6645833333333333 0.7537037037037039 0.6645833333333333 0.8675925925925928 0.7270833333333333 0.8675925925925928
10 0.7020833333333333 0.6462962962962965 0.6526041666666667 0.6462962962962965 0.6526041666666667 0.7361111111111113 0.7020833333333333 0.7361111111111113
3 0.5723958333333333 0.3111111111111112 0.5270833333333333 0.3111111111111112 0.5270833333333333 0.38981481481481495 0.5723958333333333 0.38981481481481495
8 0.634375 0.689814814814815 0.5921875 0.689814814814815 0.5921875 0.7675925925925928 0.634375 0.7675925925925928
4 0.5864583333333333 0.8490740740740743 0.5348958333333333 0.8490740740740743 0.5348958333333333 0.9444444444444446 0.5864583333333333 0.9444444444444446
5 0.4864583333333333 0.42407407407407416 0.43333333333333335 0.42407407407407416 0.43333333333333335 0.5185185185185186 0.4864583333333333 0.5185185185185187
1 0.4661458333333333 0.301851851851852 0.41510416666666666 0.301851851851852 0.41510416666666666 0.39444444444444454 0.4661458333333333 0.39444444444444454
11 0.659375 0.6018518518518521 0.6072916666666667 0.6018518518518521 0.6072916666666667 0.6962962962962965 0.659375 0.6962962962962965
3 0.546875 0.38981481481481495 0.5036458333333333 0.38981481481481495 0.5036458333333333 0.46944444444444455 0.546875 0.46944444444444455
13 0.425 0.24444444444444455 0.3619791666666667 0.24444444444444455 0.3619791666666667 0.3592592592592594 0.425 0.3592592592592594
8 0.74375 0.6962962962962965 0.703125 0.6962962962962965 0.703125 0.7675925925925928 0.74375 0.7675925925925928
0 0.4171875 0.46944444444444455 0.3671875 0.46944444444444455 0.3671875 0.5564814814814815 0.4171875 0.5564814814814815
3 0.5734375 0.5240740740740742 0.5328125 0.5240740740740742 0.5328125 0.5981481481481483 0.5734375 0.5981481481481483
0 0.684375 0.5194444444444447 0.6359375 0.5194444444444447 0.6359375 0.6064814814814817 0.684375 0.6064814814814817
7 0.3875 0.7592592592592593 0.33697916666666666 0.7592592592592593 0.33697916666666666 0.85 0.3875 0.85
5 0.3458333333333333 0.512962962962963 0.2890625 0.512962962962963 0.2890625 0.6129629629629629 0.3458333333333333 0.6129629629629629
11 0.728125 0.3546296296296298 0.6776041666666667 0.35462962962962974 0.6776041666666667 0.4453703703703705 0.728125 0.4453703703703706
6 0.6223958333333334 0.12962962962962976 0.5692708333333333 0.12962962962962973 0.5692708333333333 0.2231481481481483 0.6223958333333334 0.22314814814814832
2 0.5083333333333333 0.14074074074074083 0.46510416666666665 0.14074074074074083 0.46510416666666665 0.2175925925925927 0.5083333333333333 0.2175925925925927
1 0.7630208333333334 0.6064814814814817 0.7114583333333333 0.6064814814814817 0.7114583333333333 0.6981481481481484 0.7630208333333334 0.6981481481481484
9 0.365625 0.43333333333333346 0.3229166666666667 0.43333333333333346 0.3229166666666667 0.5074074074074074 0.365625 0.5074074074074074
9 0.3932291666666667 0.3537037037037038 0.3489583333333333 0.3537037037037038 0.3489583333333333 0.4361111111111112 0.3932291666666667 0.4361111111111112
2 0.48333333333333334 0.23055555555555565 0.4421875 0.23055555555555565 0.4421875 0.30092592592592604 0.48333333333333334 0.30092592592592604
7 0.6963541666666667 0.8472222222222224 0.6453125 0.8472222222222224 0.6453125 0.9379629629629632 0.6963541666666667 0.9379629629629632
10 0.3572916666666667 0.3000000000000001 0.3046875 0.3000000000000001 0.3046875 0.3935185185185186 0.3572916666666667 0.3935185185185186
3 0.45260416666666664 0.737037037037037 0.4140625 0.737037037037037 0.4140625 0.8074074074074075 0.45260416666666664 0.8074074074074075
2 0.3609375 0.6509259259259259 0.3223958333333333 0.6509259259259259 0.3223958333333333 0.7185185185185186 0.3609375 0.7185185185185186
2 0.49635416666666665 0.7851851851851853 0.4552083333333333 0.7851851851851852 0.4552083333333333 0.8555555555555556 0.49635416666666665 0.8555555555555557
3 0.45729166666666665 0.5231481481481481 0.41510416666666666 0.5231481481481481 0.41510416666666666 0.5981481481481481 0.45729166666666665 0.5981481481481481
2 0.5932291666666667 0.438888888888889 0.5526041666666667 0.438888888888889 0.5526041666666667 0.5092592592592595 0.5932291666666667 0.5092592592592595