13 0.49895833333333334 0.6370370370370372 0.42864583333333334 0.6370370370370371 0.42864583333333334 0.7555555555555556 0.49895833333333334 0.7555555555555558
7 0.6635416666666667 0.7555555555555558 0.6098958333333333 0.7555555555555558 0.6098958333333333 0.8462962962962965 0.6635416666666667 0.8462962962962965
2 0.725 0.4314814814814816 0.68125 0.4314814814814816 0.68125 0.5046296296296299 0.725 0.5046296296296299
3 0.5453125 0.5212962962962965 0.4979166666666667 0.5212962962962965 0.4979166666666667 0.6000000000000002 0.5453125 0.6000000000000002
3 0.7265625 0.739814814814815 0.6833333333333333 0.739814814814815 0.6833333333333333 0.8120370370370372 0.7265625 0.8120370370370372
7 0.38958333333333334 0.39444444444444454 0.33229166666666665 0.39444444444444454 0.33229166666666665 0.49074074074074076 0.38958333333333334 0.49074074074074076
2 0.8140625 0.5453703703703706 0.7703125 0.5453703703703706 0.7703125 0.6185185185185187 0.8140625 0.6185185185185187
3 0.6411458333333333 0.6370370370370373 0.596875 0.6370370370370373 0.596875 0.7120370370370372 0.6411458333333333 0.7120370370370372
3 0.45208333333333334 0.4064814814814816 0.40520833333333334 0.4064814814814816 0.40520833333333334 0.4842592592592593 0.45208333333333334 0.4842592592592593
4 0.8026041666666667 0.22222222222222238 0.7546875 0.22222222222222238 0.7546875 0.30092592592592615 0.8026041666666667 0.30092592592592615
2 0.5427083333333333 0.1740740740740742 0.4979166666666667 0.1740740740740742 0.4979166666666667 0.2500000000000001 0.5427083333333333 0.2500000000000001
8 0.6739583333333333 0.04907407407407422 0.6380208333333334 0.04907407407407422 0.6380208333333334 0.1055555555555557 0.6739583333333333 0.10555555555555571
3 0.35833333333333334 0.28703703703703715 0.31197916666666664 0.28703703703703715 0.31197916666666664 0.3648148148148149 0.35833333333333334 0.3648148148148149
9 0.42083333333333334 0.6694444444444444 0.37604166666666666 0.6694444444444444 0.37604166666666666 0.7435185185185185 0.42083333333333334 0.7435185185185185
1 0.6479166666666667 0.9203703703703706 0.5973958333333333 0.9203703703703706 0.5973958333333333 0.9851851851851852 0.6479166666666667 0.9851851851851852
12 0.7145833333333333 0.14537037037037054 0.6453125 0.14537037037037054 0.6453125 0.263888888888889 0.7145833333333333 0.263888888888889
5 0.5989583333333334 0.8712962962962965 0.5453125 0.8712962962962965 0.5453125 0.9629629629629629 0.5989583333333334 0.9629629629629629
11 0.37552083333333336 0.600925925925926 0.31927083333333334 0.600925925925926 0.31927083333333334 0.6953703703703704 0.37552083333333336 0.6953703703703704
0 0.8890625 0.3435185185185187 0.846875 0.3435185185185187 0.846875 0.4101851851851854 0.8890625 0.4101851851851854
10 0.8484375 0.2861111111111113 0.8026041666666667 0.2861111111111113 0.8026041666666667 0.3611111111111113 0.8484375 0.3611111111111113
6 0.8125 0.40833333333333355 0.7552083333333334 0.40833333333333355 0.7552083333333334 0.5055555555555558 0.8125 0.5055555555555558
8 0.7609375 0.17407407407407424 0.7322916666666667 0.17407407407407424 0.7322916666666667 0.2166666666666668 0.7609375 0.2166666666666668
2 0.6401041666666667 0.29907407407407416 0.5958333333333333 0.29907407407407416 0.5958333333333333 0.37407407407407417 0.6401041666666667 0.37407407407407417
10 0.6265625 1.313660478529823e-16 0.5802083333333333 1.2632004946760662e-16 0.5802083333333333 0.046296296296296426 0.6265625 0.046296296296296426
2 0.44635416666666666 0.05092592592592602 0.39895833333333336 0.05092592592592602 0.39895833333333336 0.13055555555555567 0.44635416666666666 0.13055555555555567
11 0.5604166666666667 0.827777777777778 0.5036458333333333 0.827777777777778 0.5036458333333333 0.9231481481481484 0.5604166666666667 0.9231481481481484
9 0.5140625000000001 0.7907407407407409 0.46927083333333336 0.7907407407407407 0.4692708333333334 0.8657407407407408 0.5140625000000001 0.8657407407407409
5 0.33489583333333334 0.5351851851851852 0.27447916666666666 0.5351851851851852 0.27447916666666666 0.637962962962963 0.33489583333333334 0.637962962962963
1 0.2890625 0.4925925925925926 0.22864583333333338 0.4925925925925926 0.22864583333333338 0.5935185185185186 0.2890625 0.5935185185185186
6 0.5260416666666666 0.023148148148148254 0.4640625 0.023148148148148247 0.4640625 0.12685185185185197 0.5260416666666666 0.12685185185185197