4 0.48802083333333346 0.9231481481481483 0.43802083333333347 0.9231481481481482 0.43802083333333347 1 0.48802083333333346 1
13 0.4317708333333333 0.22777777777777788 0.37604166666666666 0.22777777777777788 0.37604166666666666 0.3277777777777779 0.4317708333333333 0.3277777777777779
0 0.7911458333333333 0.6138888888888892 0.7416666666666667 0.6138888888888892 0.7416666666666667 0.702777777777778 0.7911458333333333 0.702777777777778
2 0.5453125 0.5842592592592595 0.5052083333333334 0.5842592592592595 0.5052083333333334 0.6564814814814817 0.5453125 0.6564814814814817
3 0.3067708333333333 0.5407407407407407 0.2677083333333333 0.5407407407407407 0.2677083333333333 0.6101851851851852 0.3067708333333333 0.6101851851851852
2 0.6302083333333334 0.48425925925925944 0.590625 0.48425925925925944 0.590625 0.5555555555555558 0.6302083333333334 0.5555555555555558
11 0.3302083333333333 0.25925925925925936 0.2838541666666667 0.25925925925925936 0.2838541666666667 0.3435185185185186 0.3302083333333333 0.3435185185185186
7 0.334375 0.43703703703703717 0.28802083333333334 0.43703703703703717 0.28802083333333334 0.5203703703703704 0.334375 0.5203703703703704
11 0.4947916666666667 0.08703703703703715 0.4479166666666667 0.08703703703703715 0.4479166666666667 0.1712962962962964 0.4947916666666667 0.1712962962962964
7 0.5822916666666667 0.1675925925925927 0.5364583333333334 0.1675925925925927 0.5364583333333334 0.2500000000000001 0.5822916666666667 0.2500000000000001
1 0.5807291666666666 0.06388888888888901 0.5354166666666667 0.063888888888889 0.5354166666666667 0.09814814814814826 0.5807291666666666 0.09814814814814828
2 0.45729166666666665 0.6712962962962963 0.4171875 0.6712962962962963 0.4171875 0.7425925925925926 0.45729166666666665 0.7425925925925926
5 0.29322916666666665 0.3037037037037038 0.2453125 0.3037037037037038 0.2453125 0.388888888888889 0.29322916666666665 0.388888888888889
6 0.7072916666666667 0.5055555555555558 0.6588541666666666 0.5055555555555558 0.6588541666666666 0.5925925925925928 0.7072916666666667 0.5925925925925928
2 0.7140625 0.4027777777777779 0.6765625 0.4027777777777779 0.6765625 0.4703703703703705 0.7140625 0.4703703703703705
3 0.38958333333333334 0.4546296296296297 0.3515625 0.4546296296296297 0.3515625 0.5231481481481481 0.38958333333333334 0.5231481481481481
3 0.4703125 0.36574074074074087 0.4317708333333333 0.36574074074074087 0.4317708333333333 0.43425925925925934 0.4703125 0.43425925925925934
3 0.6390625 0.20648148148148163 0.6015625 0.2064814814814816 0.6015625 0.2740740740740742 0.6390625 0.2740740740740742
2 0.3723958333333333 0.7574074074074074 0.33177083333333335 0.7574074074074074 0.33177083333333335 0.8296296296296296 0.3723958333333333 0.8296296296296296
3 0.5567708333333333 0.2861111111111112 0.51875 0.2861111111111112 0.51875 0.35462962962962974 0.5567708333333333 0.35462962962962974
9 0.36875 0.22407407407407415 0.33229166666666665 0.22407407407407412 0.33229166666666665 0.2898148148148149 0.36875 0.2898148148148149
12 0.6083333333333333 0.6981481481481484 0.5479166666666667 0.6981481481481484 0.5479166666666667 0.8064814814814817 0.6083333333333333 0.8064814814814817
9 0.453125 0.1324074074074075 0.41458333333333336 0.1324074074074075 0.41458333333333336 0.20185185185185195 0.453125 0.20185185185185195
5 0.5333333333333333 0.058333333333333445 0.48802083333333335 0.05833333333333344 0.48802083333333335 0.1351851851851853 0.5333333333333333 0.1351851851851853
8 0.6640625 0.7574074074074076 0.625 0.7574074074074076 0.625 0.8287037037037039 0.6640625 0.8287037037037039
6 0.43697916666666675 0.7796296296296297 0.38958333333333334 0.7796296296296297 0.3895833333333334 0.8657407407407407 0.4369791666666668 0.8657407407407407
8 0.5770833333333333 0.8370370370370372 0.5375 0.8370370370370372 0.5375 0.9092592592592594 0.5770833333333333 0.9092592592592594
1 0.2557291666666667 0.33148148148148154 0.20885416666666667 0.3314814814814815 0.20885416666666667 0.41481481481481486 0.2557291666666667 0.4148148148148149
4 0.7015625 0.6925925925925928 0.6520833333333333 0.6925925925925928 0.6520833333333333 0.7824074074074077 0.7015625 0.7824074074074077
10 0.7484375 0.6444444444444447 0.6973958333333333 0.6444444444444447 0.6973958333333333 0.7370370370370373 0.7484375 0.7370370370370373
0 0.4479166666666668 0.9546296296296296 0.39739583333333345 0.9546296296296296 0.39739583333333345 1 0.4479166666666668 1
10 0.5348958333333333 0.8694444444444446 0.4817708333333334 0.8694444444444445 0.4817708333333334 0.9666666666666667 0.5348958333333333 0.9666666666666667