6 0.3921875 0.5898148148148148 0.3484375 0.5898148148148148 0.3484375 0.6620370370370371 0.3921875 0.6620370370370371
9 0.525 0.0712962962962964 0.4864583333333333 0.0712962962962964 0.4864583333333333 0.13055555555555567 0.525 0.13055555555555567
2 0.3416666666666667 0.4212962962962964 0.303125 0.4212962962962964 0.303125 0.4842592592592593 0.3416666666666667 0.4842592592592593
4 0.3359375 0.5851851851851851 0.2921875 0.5851851851851851 0.2921875 0.6592592592592592 0.3359375 0.6592592592592592
5 0.41770833333333335 0.05833333333333342 0.3723958333333333 0.05833333333333341 0.3723958333333333 0.1324074074074075 0.41770833333333335 0.1324074074074075
8 0.4875 0.7740740740740741 0.4505208333333333 0.774074074074074 0.4505208333333333 0.8342592592592594 0.4875 0.8342592592592595
7 0.30833333333333335 0.22870370370370377 0.2625 0.22870370370370377 0.2625 0.30277777777777787 0.30833333333333335 0.30277777777777787
4 0.4640625 0.3175925925925927 0.4166666666666667 0.3175925925925927 0.4166666666666667 0.3953703703703705 0.4640625 0.3953703703703705
13 0.5901041666666667 0.056481481481481605 0.5354166666666667 0.0564814814814816 0.5354166666666667 0.14444444444444454 0.5901041666666667 0.14444444444444454
8 0.4453125 0.600925925925926 0.4088541666666667 0.600925925925926 0.4088541666666667 0.6611111111111111 0.4453125 0.6611111111111111
10 0.5359375 1.118057170332676e-16 0.49114583333333334 1.0692980848110685e-16 0.49114583333333334 0.05277777777777789 0.5359375 0.052777777777777896
3 0.6203125 0.33240740740740754 0.5833333333333334 0.33240740740740754 0.5833333333333334 0.3916666666666668 0.6203125 0.3916666666666668
2 0.6286458333333333 0.1555555555555557 0.5916666666666667 0.15555555555555567 0.5916666666666667 0.21388888888888902 0.6286458333333333 0.21388888888888904
11 0.5010416666666667 0.587962962962963 0.453125 0.5879629629629629 0.453125 0.6666666666666667 0.5010416666666667 0.6666666666666669
3 0.3494791666666667 0.3333333333333334 0.3125 0.3333333333333334 0.3125 0.3916666666666668 0.3494791666666667 0.3916666666666668
2 0.35885416666666664 0.15462962962962967 0.3223958333333333 0.15462962962962967 0.3223958333333333 0.21388888888888893 0.35885416666666664 0.21388888888888893
3 0.5098958333333333 0.42777777777777787 0.4734375 0.42777777777777787 0.4734375 0.488888888888889 0.5098958333333333 0.4888888888888891
9 0.471875 0.06203703703703714 0.4359375 0.06203703703703714 0.4359375 0.12222222222222233 0.471875 0.12222222222222233
1 0.5395833333333333 0.7574074074074076 0.4942708333333333 0.7574074074074076 0.4942708333333333 0.8305555555555557 0.5395833333333333 0.8305555555555557
3 0.5671875 0.3277777777777779 0.5302083333333333 0.3277777777777779 0.5302083333333333 0.38796296296296306 0.5671875 0.38796296296296306
3 0.4625 0.24351851851851863 0.4276041666666667 0.24351851851851863 0.4276041666666667 0.30277777777777787 0.4625 0.30277777777777787
2 0.6828125 0.15648148148148164 0.6463541666666667 0.15648148148148164 0.6463541666666667 0.2157407407407409 0.6828125 0.2157407407407409
6 0.7359375 0.3185185185185187 0.6895833333333333 0.31851851851851865 0.6895833333333333 0.39259259259259277 0.7359375 0.3925925925925928
12 0.4432291666666667 0.7518518518518519 0.3890625 0.7518518518518519 0.3890625 0.8398148148148148 0.4432291666666667 0.8398148148148148
0 0.475 0.14444444444444454 0.42916666666666664 0.14444444444444454 0.42916666666666664 0.22037037037037047 0.475 0.22037037037037047
7 0.38697916666666665 0.7601851851851852 0.3411458333333333 0.7601851851851852 0.3411458333333333 0.8333333333333334 0.38697916666666665 0.8333333333333334
0 0.5557291666666667 0.5888888888888891 0.5104166666666666 0.5888888888888891 0.5104166666666666 0.6629629629629632 0.5557291666666667 0.6629629629629632
1 0.5796875 0.15092592592592602 0.534375 0.15092592592592602 0.534375 0.22962962962962974 0.5796875 0.22962962962962974
5 0.5239583333333333 0.2324074074074075 0.4791666666666667 0.2324074074074075 0.4791666666666667 0.31481481481481494 0.5239583333333333 0.31481481481481494
11 0.659375 0.5833333333333336 0.6151041666666667 0.5833333333333336 0.6151041666666667 0.6675925925925928 0.659375 0.6675925925925928
10 0.49375 0.6768518518518519 0.4515625 0.6768518518518518 0.4515625 0.751851851851852 0.49375 0.7518518518518521
2 0.5598958333333334 0.42037037037037045 0.5234375 0.42037037037037045 0.5234375 0.48703703703703727 0.5598958333333334 0.48703703703703727