2 0.6239583333333333 0.7435185185185187 0.590625 0.7435185185185187 0.590625 0.8000000000000002 0.6239583333333333 0.8000000000000002
4 0.5791666666666667 0.5583333333333336 0.5375 0.5583333333333336 0.5375 0.6287037037037039 0.5791666666666667 0.6287037037037039
1 0.5401041666666667 0.14074074074074083 0.4984375 0.14074074074074083 0.4984375 0.2064814814814816 0.5401041666666667 0.2064814814814816
6 0.6333333333333333 0.6481481481481484 0.590625 0.6481481481481484 0.590625 0.7166666666666669 0.6333333333333333 0.7166666666666669
11 0.484375 0.05648148148148158 0.44166666666666665 0.05648148148148158 0.44166666666666665 0.12222222222222233 0.484375 0.12222222222222233
7 0.6411458333333333 0.20648148148148163 0.5994791666666667 0.2064814814814816 0.5994791666666667 0.27314814814814825 0.6411458333333333 0.27314814814814825
7 0.4239583333333333 0.23055555555555565 0.38333333333333336 0.23055555555555565 0.38333333333333336 0.29722222222222233 0.4239583333333333 0.29722222222222233
3 0.5307291666666667 0.31296296296296305 0.4973958333333333 0.31296296296296305 0.4973958333333333 0.36851851851851863 0.5307291666666667 0.36851851851851863
6 0.4114583333333333 0.6638888888888889 0.3692708333333333 0.6638888888888889 0.3692708333333333 0.7305555555555555 0.4114583333333333 0.7305555555555555
3 0.42604166666666665 0.14722222222222234 0.3927083333333333 0.14722222222222234 0.3927083333333333 0.19814814814814824 0.42604166666666665 0.19814814814814824
2 0.5692708333333333 0.6537037037037039 0.5364583333333334 0.6537037037037039 0.5364583333333334 0.7101851851851854 0.5692708333333333 0.7101851851851854
13 0.528125 0.6518518518518519 0.4739583333333333 0.6518518518518519 0.4739583333333333 0.7333333333333334 0.528125 0.7333333333333335
3 0.584375 0.22222222222222232 0.5510416666666667 0.22222222222222232 0.5510416666666667 0.275925925925926 0.584375 0.275925925925926
5 0.4734375 0.3037037037037038 0.4317708333333333 0.3037037037037038 0.4317708333333333 0.37222222222222234 0.4734375 0.37222222222222234
3 0.6401041666666667 0.1333333333333335 0.6067708333333334 0.1333333333333335 0.6067708333333334 0.1879629629629631 0.6401041666666667 0.1879629629629631
2 0.5208333333333334 0.5740740740740743 0.4859375 0.5740740740740743 0.4859375 0.6314814814814816 0.5208333333333334 0.6314814814814816
9 0.5739583333333333 0.7370370370370373 0.5395833333333333 0.7370370370370373 0.5395833333333333 0.7925925925925928 0.5739583333333333 0.7925925925925928
3 0.47604166666666664 0.22777777777777788 0.44114583333333335 0.22777777777777788 0.44114583333333335 0.28703703703703715 0.47604166666666664 0.28703703703703715
8 0.4786458333333333 0.14166666666666677 0.44479166666666664 0.14166666666666677 0.44479166666666664 0.1962962962962964 0.4786458333333333 0.1962962962962964
9 0.46145833333333336 0.7425925925925926 0.4270833333333333 0.7425925925925926 0.4270833333333333 0.7962962962962963 0.46145833333333336 0.7962962962962963
5 0.5864583333333333 0.29444444444444456 0.5453125 0.29444444444444456 0.5453125 0.36296296296296304 0.5864583333333333 0.36296296296296304
2 0.4078125 0.7611111111111111 0.37447916666666664 0.7611111111111111 0.37447916666666664 0.8148148148148148 0.4078125 0.8148148148148148
4 0.471875 0.562962962962963 0.42916666666666664 0.562962962962963 0.42916666666666664 0.6324074074074074 0.471875 0.6324074074074074
11 0.5875 0.05555555555555568 0.5463541666666667 0.05555555555555568 0.5463541666666667 0.12314814814814826 0.5875 0.12314814814814826
10 0.5177083333333334 0.8259259259259261 0.47552083333333334 0.825925925925926 0.4755208333333334 0.8944444444444446 0.5177083333333334 0.8944444444444447
12 0.5359375 0.20833333333333343 0.48489583333333336 0.20833333333333343 0.48489583333333336 0.2935185185185186 0.5359375 0.2935185185185186
2 0.459375 0.6648148148148149 0.42552083333333335 0.6648148148148149 0.42552083333333335 0.7203703703703703 0.459375 0.7203703703703703
10 0.5234375 0.738888888888889 0.48072916666666665 0.7388888888888889 0.48072916666666665 0.8111111111111112 0.5234375 0.8111111111111113
1 0.5416666666666666 0.04907407407407419 0.4973958333333333 0.04907407407407418 0.4973958333333333 0.11944444444444455 0.5416666666666666 0.11944444444444455
8 0.584375 0.1314814814814816 0.55 0.1314814814814816 0.55 0.1925925925925927 0.584375 0.1925925925925927
0 0.46718750000000003 0.8287037037037037 0.4234375 0.8287037037037037 0.4234375000000001 0.9037037037037037 0.46718750000000014 0.9037037037037037
0 0.5770833333333333 0.8194444444444446 0.5328125 0.8194444444444446 0.5328125 0.8916666666666668 0.5770833333333333 0.8916666666666668