13 0.740625 0.43518518518518534 0.6942708333333333 0.4351851851851853 0.6942708333333333 0.5111111111111113 0.740625 0.5111111111111113
4 0.38697916666666665 0.2685185185185186 0.3494791666666667 0.2685185185185186 0.3494791666666667 0.33055555555555566 0.38697916666666665 0.33055555555555566
3 0.6338541666666667 0.6175925925925928 0.6036458333333333 0.6175925925925928 0.6036458333333333 0.6620370370370372 0.6338541666666667 0.6620370370370372
7 0.6682291666666667 0.690740740740741 0.6322916666666667 0.690740740740741 0.6322916666666667 0.7518518518518521 0.6682291666666667 0.7518518518518521
3 0.6619791666666667 0.07500000000000014 0.6307291666666667 0.07500000000000014 0.6307291666666667 0.12314814814814831 0.6619791666666667 0.12314814814814831
3 0.6229166666666667 0.7851851851851854 0.5942708333333333 0.7851851851851854 0.5942708333333333 0.8287037037037039 0.6229166666666667 0.8287037037037039
2 0.49635416666666665 0.6250000000000001 0.465625 0.625 0.465625 0.6703703703703705 0.49635416666666665 0.6703703703703706
6 0.4734375 0.15462962962962973 0.4354166666666667 0.15462962962962973 0.4354166666666667 0.21481481481481493 0.4734375 0.21481481481481493
3 0.6546875 0.25740740740740753 0.6244791666666667 0.25740740740740753 0.6244791666666667 0.30462962962962975 0.6546875 0.30462962962962975
2 0.5203125 0.07222222222222233 0.4890625 0.07222222222222233 0.4890625 0.1212962962962964 0.5203125 0.1212962962962964
7 0.7088541666666667 0.15092592592592607 0.6713541666666667 0.15092592592592607 0.6713541666666667 0.21111111111111128 0.7088541666666667 0.21111111111111128
0 0.3645833333333333 0.7805555555555556 0.328125 0.7805555555555556 0.328125 0.8388888888888889 0.3645833333333333 0.8388888888888889
2 0.5020833333333333 0.4490740740740742 0.4713541666666667 0.4490740740740742 0.4713541666666667 0.49537037037037046 0.5020833333333333 0.49537037037037057
6 0.45208333333333334 0.7129629629629629 0.415625 0.7129629629629629 0.415625 0.7712962962962963 0.45208333333333334 0.7712962962962963
2 0.5166666666666667 0.26111111111111124 0.48541666666666666 0.26111111111111124 0.48541666666666666 0.3074074074074075 0.5166666666666667 0.3074074074074075
3 0.6489583333333333 0.44722222222222235 0.61875 0.44722222222222235 0.61875 0.49444444444444463 0.6489583333333333 0.49444444444444463
1 0.7890625 0.06203703703703721 0.753125 0.062037037037037196 0.753125 0.12314814814814831 0.7890625 0.12314814814814831
5 0.7911458333333333 0.16481481481481497 0.75625 0.16481481481481497 0.75625 0.22592592592592609 0.7911458333333333 0.22592592592592609
4 0.36666666666666664 0.7027777777777777 0.3296875 0.7027777777777777 0.3296875 0.7611111111111111 0.36666666666666664 0.7611111111111111
2 0.4890625 0.7944444444444445 0.46041666666666664 0.7944444444444444 0.46041666666666664 0.837962962962963 0.4890625 0.8379629629629631
12 0.421875 0.42222222222222233 0.37864583333333335 0.42222222222222233 0.37864583333333335 0.49537037037037035 0.421875 0.49537037037037035
8 0.36875 0.35833333333333345 0.3380208333333333 0.35833333333333345 0.3380208333333333 0.40555555555555567 0.36875 0.40555555555555567
5 0.7552083333333334 0.6851851851851853 0.7192708333333333 0.6851851851851853 0.7192708333333333 0.7435185185185187 0.7552083333333334 0.7435185185185187
1 0.7557291666666667 0.7583333333333335 0.7177083333333333 0.7583333333333335 0.7177083333333333 0.8175925925925928 0.7557291666666667 0.8175925925925928
9 0.7661458333333333 0.5259259259259261 0.7375 0.5259259259259261 0.7375 0.5703703703703705 0.7661458333333333 0.5703703703703705
0 0.384375 0.08333333333333341 0.34479166666666666 0.08333333333333341 0.34479166666666666 0.1435185185185186 0.384375 0.14351851851851863
11 0.7895833333333333 0.24537037037037057 0.753125 0.24537037037037057 0.753125 0.31296296296296316 0.7895833333333333 0.31296296296296316
10 0.3875 0.1722222222222223 0.35 0.17222222222222228 0.35 0.23240740740740748 0.3875 0.2324074074074075
11 0.7661458333333333 0.6064814814814817 0.7270833333333333 0.6064814814814817 0.7270833333333333 0.665740740740741 0.7661458333333333 0.665740740740741
9 0.7848958333333333 0.3342592592592595 0.7505208333333333 0.3342592592592595 0.7505208333333333 0.38703703703703723 0.7848958333333333 0.38703703703703723
10 0.36875 0.6129629629629629 0.33125 0.6129629629629629 0.33125 0.6814814814814815 0.36875 0.6814814814814815
8 0.36614583333333334 0.524074074074074 0.3375 0.524074074074074 0.3375 0.5796296296296296 0.36614583333333334 0.5796296296296296