6 0.3802083333333333 0.21944444444444453 0.33125 0.2194444444444445 0.33125 0.30277777777777787 0.3802083333333333 0.30277777777777787
4 0.328125 0.2537037037037038 0.278125 0.2537037037037038 0.278125 0.3379629629629631 0.328125 0.3379629629629631
4 0.4713541666666667 0.43703703703703717 0.42083333333333334 0.43703703703703717 0.42083333333333334 0.524074074074074 0.4713541666666667 0.524074074074074
10 0.46927083333333336 0.07592592592592604 0.4244791666666667 0.07592592592592604 0.4244791666666667 0.15648148148148158 0.46927083333333336 0.15648148148148158
12 0.4140625 0.018518518518518604 0.3541666666666667 0.018518518518518597 0.3541666666666667 0.12037037037037045 0.4140625 0.12037037037037047
3 0.6229166666666667 0.3435185185185186 0.58125 0.3435185185185186 0.58125 0.4185185185185186 0.6229166666666667 0.4185185185185186
8 0.43020833333333336 0.18611111111111123 0.3885416666666667 0.18611111111111123 0.3885416666666667 0.25740740740740753 0.43020833333333336 0.25740740740740753
0 0.5348958333333333 0.12314814814814826 0.49166666666666664 0.12314814814814826 0.49166666666666664 0.20185185185185195 0.5348958333333333 0.20185185185185195
1 0.5994791666666667 0.5342592592592594 0.5489583333333333 0.5342592592592594 0.5489583333333333 0.6194444444444447 0.5994791666666667 0.6194444444444447
3 0.571875 0.3787037037037038 0.5307291666666667 0.3787037037037038 0.5307291666666667 0.4490740740740742 0.571875 0.4490740740740742
1 0.509375 1.0539899998217267e-16 0.4588541666666667 9.989942870822391e-17 0.4588541666666667 0.05740740740740751 0.509375 0.05740740740740751
7 0.32708333333333334 0.6111111111111112 0.2786458333333333 0.6111111111111112 0.2786458333333333 0.7 0.32708333333333334 0.7
2 0.38229166666666664 0.6722222222222223 0.3453125 0.6722222222222223 0.3453125 0.7388888888888889 0.38229166666666664 0.7388888888888889
5 0.5369791666666667 0.4805555555555558 0.48854166666666665 0.4805555555555558 0.48854166666666665 0.5712962962962965 0.5369791666666667 0.5712962962962965
3 0.47604166666666664 0.525 0.4390625 0.525 0.4390625 0.5925925925925926 0.47604166666666664 0.5925925925925926
8 0.4546875 9.468334048963334e-17 0.41510416666666666 9.037439804818893e-17 0.41510416666666666 0.06388888888888898 0.4546875 0.063888888888889
2 0.7010416666666667 0.4814814814814817 0.659375 0.4814814814814817 0.659375 0.5555555555555558 0.7010416666666667 0.5555555555555558
6 0.7322916666666667 0.2796296296296298 0.6864583333333333 0.27962962962962973 0.6864583333333333 0.3666666666666668 0.7322916666666667 0.36666666666666686
11 0.6369791666666667 0.06481481481481495 0.5895833333333333 0.06481481481481495 0.5895833333333333 0.14722222222222237 0.6369791666666667 0.1472222222222224
2 0.34427083333333336 0.42222222222222233 0.3026041666666667 0.42222222222222233 0.3026041666666667 0.4935185185185185 0.34427083333333336 0.4935185185185185
2 0.5546875 0.2925925925925927 0.5171875 0.2925925925925927 0.5171875 0.35833333333333345 0.5546875 0.35833333333333345
3 0.5052083333333334 0.3175925925925927 0.46770833333333334 0.3175925925925927 0.46770833333333334 0.3833333333333334 0.5052083333333334 0.3833333333333334
2 0.6479166666666667 0.5083333333333335 0.6072916666666667 0.5083333333333335 0.6072916666666667 0.5861111111111114 0.6479166666666667 0.5861111111111114
3 0.35989583333333336 0.5009259259259259 0.32083333333333336 0.5009259259259259 0.32083333333333336 0.575 0.35989583333333336 0.575
9 0.5526041666666667 0.6537037037037039 0.5140625 0.6537037037037039 0.5140625 0.7259259259259261 0.5526041666666667 0.7259259259259261
5 0.44947916666666665 0.7175925925925926 0.403125 0.7175925925925926 0.403125 0.8055555555555556 0.44947916666666665 0.8055555555555556
0 0.4973958333333333 0.5962962962962964 0.44895833333333335 0.5962962962962963 0.44895833333333335 0.6851851851851853 0.4973958333333333 0.6851851851851853
9 0.5026041666666666 0.6962962962962964 0.465625 0.6962962962962963 0.465625 0.7629629629629631 0.5026041666666666 0.7629629629629632
10 0.5723958333333333 0.727777777777778 0.5260416666666666 0.727777777777778 0.5260416666666666 0.8111111111111113 0.5723958333333333 0.8111111111111113
13 0.6171875 0.6083333333333335 0.559375 0.6083333333333335 0.559375 0.7175925925925928 0.6171875 0.7175925925925928
7 0.35520833333333335 0.06203703703703711 0.3125 0.06203703703703711 0.3125 0.1407407407407408 0.35520833333333335 0.1407407407407408
11 0.48020833333333335 0.15740740740740752 0.4359375 0.15740740740740752 0.4359375 0.23703703703703713 0.48020833333333335 0.23703703703703713