7 0.6598958333333333 0.5148148148148151 0.6182291666666667 0.5148148148148151 0.6182291666666667 0.5861111111111114 0.6598958333333333 0.5861111111111114
11 0.678125 0.7805555555555558 0.6390625 0.7805555555555558 0.6390625 0.8472222222222224 0.678125 0.8472222222222224
12 0.39479166666666665 0.5148148148148148 0.3416666666666667 0.5148148148148148 0.3416666666666667 0.6027777777777777 0.39479166666666665 0.6027777777777777
6 0.4427083333333333 0.4546296296296297 0.3984375 0.4546296296296297 0.3984375 0.5259259259259259 0.4427083333333333 0.5259259259259259
13 0.6989583333333333 0.6092592592592595 0.65 0.6092592592592595 0.65 0.6925925925925928 0.6989583333333333 0.6925925925925928
1 0.6520833333333333 0.6009259259259261 0.6104166666666667 0.6009259259259261 0.6104166666666667 0.6722222222222224 0.6520833333333333 0.6722222222222224
11 0.6442708333333333 0.690740740740741 0.603125 0.690740740740741 0.603125 0.7601851851851854 0.6442708333333333 0.7601851851851854
10 0.4348958333333333 0.5425925925925926 0.39166666666666666 0.5425925925925926 0.39166666666666666 0.6138888888888889 0.4348958333333333 0.6138888888888889
6 0.421875 0.7240740740740741 0.37916666666666665 0.7240740740740741 0.37916666666666665 0.7944444444444444 0.421875 0.7944444444444444
4 0.375 0.7111111111111111 0.3333333333333333 0.7111111111111111 0.3333333333333333 0.7814814814814814 0.375 0.7814814814814814
7 0.6302083333333334 0.8564814814814817 0.5895833333333333 0.8564814814814817 0.5895833333333333 0.9240740740740743 0.6302083333333334 0.9240740740740743
4 0.4015625 0.3500000000000001 0.35885416666666664 0.3500000000000001 0.35885416666666664 0.42037037037037045 0.4015625 0.42037037037037045
10 0.42552083333333335 0.6305555555555555 0.3828125 0.6305555555555555 0.3828125 0.700925925925926 0.42552083333333335 0.700925925925926
5 0.671875 0.8629629629629632 0.6317708333333333 0.8629629629629632 0.6317708333333333 0.9324074074074076 0.671875 0.9324074074074076
2 0.46510416666666665 0.6574074074074074 0.4317708333333333 0.6574074074074074 0.4317708333333333 0.7129629629629629 0.46510416666666665 0.7129629629629629
2 0.47604166666666664 0.5657407407407408 0.4421875 0.5657407407407408 0.4421875 0.6212962962962963 0.47604166666666664 0.6212962962962963
3 0.6203125 0.42407407407407416 0.5875 0.42407407407407416 0.5875 0.47962962962962985 0.6203125 0.47962962962962985
3 0.5984375 0.6814814814814817 0.5651041666666666 0.6814814814814817 0.5651041666666666 0.7361111111111113 0.5984375 0.7361111111111113
2 0.48125 0.4703703703703705 0.4473958333333333 0.4703703703703705 0.4473958333333333 0.5268518518518519 0.48125 0.5268518518518519
3 0.5932291666666667 0.7740740740740742 0.5604166666666667 0.7740740740740742 0.5604166666666667 0.8296296296296298 0.5932291666666667 0.8296296296296298
3 0.609375 0.5990740740740743 0.5755208333333334 0.5990740740740743 0.5755208333333334 0.6546296296296299 0.609375 0.6546296296296299
2 0.46145833333333336 0.7425925925925926 0.428125 0.7425925925925926 0.428125 0.799074074074074 0.46145833333333336 0.799074074074074
2 0.49166666666666664 0.38055555555555565 0.45677083333333335 0.38055555555555565 0.45677083333333335 0.43796296296296305 0.49166666666666664 0.43796296296296305
5 0.7057291666666666 0.438888888888889 0.6651041666666667 0.438888888888889 0.6651041666666667 0.5074074074074076 0.7057291666666666 0.5074074074074076
9 0.6802083333333333 0.7055555555555557 0.6479166666666667 0.7055555555555557 0.6479166666666667 0.7601851851851854 0.6802083333333333 0.7601851851851854
8 0.39010416666666664 0.44351851851851865 0.3546875 0.44351851851851865 0.3546875 0.5009259259259259 0.39010416666666664 0.5009259259259259
3 0.6151041666666667 0.5083333333333335 0.5817708333333333 0.5083333333333335 0.5817708333333333 0.5638888888888891 0.6151041666666667 0.5638888888888891
8 0.3796875 0.6222222222222222 0.3453125 0.6222222222222222 0.3453125 0.6787037037037037 0.3796875 0.6787037037037037
0 0.3708333333333334 0.799074074074074 0.32864583333333336 0.799074074074074 0.3286458333333334 0.8694444444444445 0.37083333333333346 0.8694444444444445
9 0.6963541666666667 0.5370370370370372 0.6635416666666667 0.5370370370370372 0.6635416666666667 0.5916666666666669 0.6963541666666667 0.5916666666666669
0 0.4479166666666667 0.36666666666666675 0.40520833333333334 0.36666666666666675 0.40520833333333334 0.438888888888889 0.4479166666666667 0.438888888888889
1 0.6364583333333333 0.7694444444444447 0.5958333333333333 0.7694444444444447 0.5958333333333333 0.8370370370370372 0.6364583333333333 0.8370370370370372