6 0.6911458333333333 0.6592592592592594 0.6583333333333333 0.6592592592592594 0.6583333333333333 0.7175925925925928 0.6911458333333333 0.7175925925925928
4 0.6291666666666667 0.8138888888888891 0.5953125 0.8138888888888891 0.5953125 0.8731481481481483 0.6291666666666667 0.8731481481481483
2 0.3484375 0.5222222222222223 0.3223958333333333 0.5222222222222223 0.3223958333333333 0.5685185185185185 0.3484375 0.5685185185185185
11 0.48541666666666666 0.1000000000000001 0.45416666666666666 0.1000000000000001 0.45416666666666666 0.15277777777777787 0.48541666666666666 0.15277777777777787
4 0.3770833333333333 0.7592592592592593 0.34270833333333334 0.7592592592592593 0.34270833333333334 0.8185185185185185 0.3770833333333333 0.8185185185185185
10 0.43072916666666666 0.7722222222222223 0.3958333333333333 0.7722222222222223 0.3958333333333333 0.8305555555555556 0.43072916666666666 0.8305555555555556
2 0.6427083333333333 0.5870370370370372 0.6166666666666667 0.5870370370370372 0.6166666666666667 0.6351851851851854 0.6427083333333333 0.6351851851851854
7 0.7119791666666667 0.28703703703703715 0.6807291666666667 0.28703703703703715 0.6807291666666667 0.3416666666666668 0.7119791666666667 0.3416666666666668
2 0.5416666666666666 0.565740740740741 0.5151041666666667 0.565740740740741 0.5151041666666667 0.6129629629629632 0.5416666666666666 0.6129629629629632
2 0.44375 0.5435185185185185 0.41822916666666665 0.5435185185185185 0.41822916666666665 0.5907407407407408 0.44375 0.5907407407407408
10 0.6822916666666666 0.8194444444444446 0.6484375 0.8194444444444446 0.6484375 0.8787037037037039 0.6822916666666666 0.8787037037037039
3 0.7520833333333333 0.37314814814814834 0.7260416666666667 0.37314814814814834 0.7260416666666667 0.4175925925925928 0.7520833333333333 0.4175925925925928
3 0.3692708333333333 0.2962962962962964 0.34427083333333336 0.2962962962962964 0.34427083333333336 0.34074074074074084 0.3692708333333333 0.34074074074074084
7 0.4296875 0.2425925925925927 0.396875 0.2425925925925927 0.396875 0.2981481481481483 0.4296875 0.2981481481481483
0 0.3328125 0.7379629629629629 0.2994791666666667 0.7379629629629629 0.2994791666666667 0.799074074074074 0.3328125 0.799074074074074
13 0.5770833333333333 0.17685185185185195 0.5390625 0.17685185185185195 0.5390625 0.2425925925925927 0.5770833333333333 0.2425925925925927
3 0.653125 0.35833333333333345 0.6276041666666666 0.35833333333333345 0.6276041666666666 0.4037037037037038 0.653125 0.4037037037037038
6 0.39010416666666664 0.6027777777777777 0.3578125 0.6027777777777777 0.3578125 0.662962962962963 0.39010416666666664 0.662962962962963
0 0.73125 0.8129629629629632 0.6979166666666666 0.8129629629629632 0.6979166666666666 0.8731481481481483 0.73125 0.8731481481481483
9 0.528125 0.10833333333333343 0.5026041666666666 0.10833333333333343 0.5026041666666666 0.15185185185185196 0.528125 0.15185185185185196
3 0.5583333333333333 0.3351851851851853 0.5328125 0.3351851851851853 0.5328125 0.38055555555555565 0.5583333333333333 0.38055555555555565
3 0.46041666666666664 0.31296296296296305 0.4348958333333333 0.31296296296296305 0.4348958333333333 0.3574074074074075 0.46041666666666664 0.3574074074074075
5 0.440625 0.09166666666666676 0.409375 0.09166666666666674 0.409375 0.14537037037037048 0.440625 0.14537037037037048
1 0.39895833333333336 0.08333333333333341 0.36822916666666666 0.08333333333333341 0.36822916666666666 0.1361111111111112 0.39895833333333336 0.1361111111111112
2 0.7348958333333333 0.5962962962962965 0.7088541666666667 0.5962962962962965 0.7088541666666667 0.6435185185185187 0.7348958333333333 0.6435185185185187
1 0.75625 0.16388888888888906 0.7255208333333333 0.16388888888888906 0.7255208333333333 0.21759259259259275 0.75625 0.21759259259259275
9 0.6177083333333333 0.13240740740740753 0.5927083333333333 0.1324074074074075 0.5927083333333333 0.17500000000000013 0.6177083333333333 0.17500000000000016
5 0.7166666666666667 0.14907407407407422 0.6848958333333334 0.14907407407407422 0.6848958333333334 0.20277777777777795 0.7166666666666667 0.20277777777777795
11 0.6713541666666667 0.1333333333333335 0.6401041666666667 0.1333333333333335 0.6401041666666667 0.18981481481481496 0.6713541666666667 0.18981481481481496
12 0.546875 0.7074074074074076 0.5052083333333334 0.7074074074074076 0.5052083333333334 0.7805555555555558 0.546875 0.7805555555555558
8 0.471875 0.7833333333333333 0.4453125 0.7833333333333333 0.4453125 0.8305555555555556 0.471875 0.8305555555555556
8 0.5760416666666667 0.802777777777778 0.5494791666666666 0.802777777777778 0.5494791666666666 0.8500000000000002 0.5760416666666667 0.8500000000000002