5 0.378125 0.0648148148148149 0.3338541666666667 0.0648148148148149 0.3338541666666667 0.14259259259259266 0.378125 0.1425925925925927
0 0.390625 0.46944444444444455 0.3416666666666667 0.46944444444444455 0.3416666666666667 0.5546296296296296 0.390625 0.5546296296296296
13 0.41510416666666666 0.6398148148148148 0.35520833333333335 0.6398148148148148 0.35520833333333335 0.7444444444444445 0.41510416666666666 0.7444444444444445
12 0.559375 0.1611111111111112 0.5052083333333334 0.1611111111111112 0.5052083333333334 0.25462962962962976 0.559375 0.25462962962962976
0 0.4890625 0.5203703703703705 0.4401041666666667 0.5203703703703704 0.4401041666666667 0.6064814814814816 0.4890625 0.6064814814814817
5 0.30104166666666665 0.3972222222222223 0.253125 0.3972222222222223 0.25312500000000004 0.48055555555555557 0.30104166666666665 0.48055555555555557
7 0.39114583333333336 0.7222222222222222 0.3421875 0.7222222222222222 0.3421875 0.8074074074074075 0.39114583333333336 0.8074074074074075
4 0.3609375 0.12962962962962968 0.315625 0.12962962962962968 0.315625 0.2092592592592593 0.3609375 0.2092592592592593
7 0.5453125 0.4805555555555558 0.4984375 0.4805555555555558 0.4984375 0.5638888888888891 0.5453125 0.5638888888888891
3 0.5151041666666667 0.6435185185185186 0.4765625 0.6435185185185185 0.4765625 0.7111111111111112 0.5151041666666667 0.7111111111111114
6 0.4510416666666667 0.4231481481481483 0.4036458333333333 0.4231481481481483 0.4036458333333333 0.5055555555555555 0.4510416666666667 0.5055555555555555
3 0.6036458333333333 0.44537037037037047 0.5661458333333333 0.44537037037037047 0.5661458333333333 0.5111111111111113 0.6036458333333333 0.5111111111111113
2 0.6223958333333334 0.6222222222222225 0.5838541666666667 0.6222222222222225 0.5838541666666667 0.689814814814815 0.6223958333333334 0.689814814814815
10 0.2619791666666667 0.5527777777777778 0.2145833333333334 0.5527777777777778 0.2145833333333334 0.6370370370370371 0.2619791666666667 0.6370370370370371
2 0.35833333333333334 0.36851851851851863 0.32083333333333336 0.36851851851851863 0.32083333333333336 0.4351851851851853 0.35833333333333334 0.4351851851851853
3 0.4239583333333333 0.33240740740740754 0.3880208333333333 0.33240740740740754 0.3880208333333333 0.3953703703703705 0.4239583333333333 0.3953703703703705
3 0.29791666666666666 0.1694444444444445 0.2625 0.1694444444444445 0.2625 0.23148148148148154 0.29791666666666666 0.23148148148148154
9 0.41770833333333335 0.5787037037037037 0.37864583333333335 0.5787037037037037 0.37864583333333335 0.6481481481481481 0.41770833333333335 0.6481481481481481
2 0.5114583333333333 0.388888888888889 0.4739583333333333 0.388888888888889 0.4739583333333333 0.4546296296296297 0.5114583333333333 0.4546296296296297
11 0.5520833333333334 0.7388888888888892 0.5036458333333333 0.7388888888888892 0.5036458333333333 0.8240740740740743 0.5520833333333334 0.8240740740740743
2 0.4671875 0.35648148148148157 0.43072916666666666 0.35648148148148157 0.43072916666666666 0.41944444444444456 0.4671875 0.41944444444444456
6 0.32916666666666666 0.5037037037037037 0.28125 0.5037037037037037 0.28125 0.5879629629629629 0.32916666666666666 0.5879629629629629
9 0.3546875 0.6194444444444445 0.315625 0.6194444444444445 0.315625 0.687962962962963 0.3546875 0.687962962962963
2 0.2546875 0.3796296296296297 0.2171875 0.37962962962962965 0.21718750000000003 0.4453703703703704 0.25468750000000007 0.44537037037037047
1 0.4203125 0.09537037037037045 0.37552083333333336 0.09537037037037045 0.37552083333333336 0.1740740740740742 0.4203125 0.1740740740740742
11 0.3921875 0.21944444444444453 0.3463541666666667 0.2194444444444445 0.3463541666666667 0.30092592592592604 0.3921875 0.30092592592592604
10 0.5296875 0.30833333333333346 0.4817708333333333 0.30833333333333346 0.4817708333333333 0.3916666666666668 0.5296875 0.3916666666666668
8 0.4432291666666667 0.18703703703703714 0.40729166666666666 0.18703703703703714 0.40729166666666666 0.2500000000000001 0.4432291666666667 0.2500000000000001
3 0.31197916666666664 0.3361111111111112 0.2755208333333333 0.3361111111111112 0.2755208333333333 0.400925925925926 0.31197916666666664 0.400925925925926
8 0.46197916666666666 0.1324074074074075 0.42552083333333335 0.1324074074074075 0.42552083333333335 0.1962962962962964 0.46197916666666666 0.1962962962962964
1 0.6796875 0.3314814814814816 0.6338541666666667 0.3314814814814816 0.6338541666666667 0.4129629629629631 0.6796875 0.4129629629629631
4 0.43854166666666666 0.2462962962962964 0.3932291666666667 0.2462962962962964 0.3932291666666667 0.325925925925926 0.43854166666666666 0.325925925925926