3 0.20520833333333338 0.6435185185185185 0.17500000000000007 0.6435185185185185 0.17500000000000007 0.6907407407407408 0.20520833333333338 0.6907407407407408
2 0.409375 0.38240740740740753 0.38125 0.38240740740740753 0.38125 0.4287037037037038 0.409375 0.4287037037037038
3 0.409375 0.6472222222222223 0.3796875 0.6472222222222223 0.3796875 0.6953703703703704 0.409375 0.6953703703703704
8 0.3640625 0.1537037037037038 0.33541666666666664 0.15370370370370376 0.33541666666666664 0.19814814814814824 0.3640625 0.19814814814814824
3 0.30833333333333335 0.6453703703703704 0.2786458333333333 0.6453703703703704 0.2786458333333333 0.6925925925925925 0.30833333333333335 0.6925925925925925
3 0.6192708333333333 0.6314814814814816 0.5901041666666667 0.6314814814814816 0.5901041666666667 0.677777777777778 0.6192708333333333 0.677777777777778
7 0.2614583333333334 0.7046296296296296 0.22447916666666673 0.7046296296296296 0.22447916666666673 0.7648148148148148 0.2614583333333334 0.7648148148148148
7 0.5791666666666667 0.7175925925925928 0.5427083333333333 0.7175925925925928 0.5427083333333333 0.777777777777778 0.5791666666666667 0.777777777777778
12 0.4234375 0.21574074074074084 0.3802083333333333 0.21574074074074084 0.3802083333333333 0.28518518518518526 0.4234375 0.28518518518518526
6 0.5729166666666666 0.3037037037037038 0.5380208333333333 0.3037037037037038 0.5380208333333333 0.3601851851851853 0.5729166666666666 0.3601851851851853
2 0.5135416666666667 0.3972222222222223 0.48541666666666666 0.3972222222222223 0.48541666666666666 0.44351851851851865 0.5135416666666667 0.44351851851851865
2 0.3067708333333333 0.3870370370370371 0.27760416666666665 0.3870370370370371 0.27760416666666665 0.43333333333333346 0.3067708333333333 0.43333333333333346
2 0.6171875 0.3925925925925927 0.5890625 0.3925925925925927 0.5890625 0.43796296296296305 0.6171875 0.43796296296296305
2 0.20364583333333336 0.38796296296296295 0.17447916666666666 0.38796296296296295 0.17447916666666669 0.43333333333333335 0.2036458333333334 0.43333333333333335
13 0.41875000000000007 0.799074074074074 0.37395833333333334 0.799074074074074 0.3739583333333334 0.8731481481481481 0.4187500000000001 0.8731481481481481
4 0.26510416666666664 0.15000000000000005 0.23020833333333332 0.15000000000000005 0.23020833333333332 0.2055555555555556 0.26510416666666664 0.2055555555555556
0 0.6052083333333333 0.1453703703703705 0.5713541666666667 0.14537037037037048 0.5713541666666667 0.20000000000000012 0.6052083333333333 0.20000000000000015
11 0.5270833333333335 0.8833333333333335 0.4901041666666668 0.8833333333333335 0.4901041666666668 0.9435185185185188 0.5270833333333335 0.9435185185185188
4 0.5098958333333333 0.1611111111111112 0.47291666666666665 0.1611111111111112 0.47291666666666665 0.21944444444444455 0.5098958333333333 0.21944444444444455
3 0.5208333333333334 0.6398148148148151 0.49166666666666664 0.6398148148148151 0.49166666666666664 0.6861111111111113 0.5208333333333334 0.6861111111111113
0 0.21822916666666667 0.1518518518518519 0.184375 0.1518518518518519 0.184375 0.20740740740740746 0.21822916666666667 0.20740740740740746
10 0.315625 0.14722222222222228 0.2796875 0.14722222222222228 0.2796875 0.20648148148148154 0.315625 0.20648148148148154
8 0.4588541666666667 0.14537037037037048 0.4322916666666667 0.14537037037037048 0.4322916666666667 0.188888888888889 0.4588541666666667 0.188888888888889
10 0.5588541666666667 0.15740740740740752 0.5255208333333333 0.15740740740740752 0.5255208333333333 0.21203703703703713 0.5588541666666667 0.21203703703703713
6 0.25677083333333334 0.30000000000000004 0.21927083333333333 0.3 0.21927083333333333 0.36111111111111116 0.25677083333333334 0.3611111111111112
1 0.21718750000000006 0.8851851851851852 0.1802083333333334 0.8851851851851852 0.1802083333333334 0.950925925925926 0.21718750000000006 0.950925925925926
5 0.2619791666666667 0.8759259259259259 0.2239583333333334 0.8759259259259259 0.2239583333333334 0.937962962962963 0.2619791666666667 0.937962962962963
11 0.31458333333333344 0.8805555555555555 0.27760416666666676 0.8805555555555555 0.27760416666666676 0.9453703703703704 0.31458333333333344 0.9453703703703704
9 0.3651041666666668 0.887962962962963 0.3333333333333334 0.887962962962963 0.3333333333333334 0.9324074074074075 0.3651041666666668 0.9324074074074075
9 0.4744791666666668 0.8925925925925926 0.4447916666666668 0.8925925925925926 0.4447916666666668 0.9407407407407408 0.4744791666666668 0.9407407407407408
5 0.5713541666666667 0.8768518518518521 0.5359375 0.8768518518518521 0.5359375 0.9388888888888891 0.5713541666666667 0.9388888888888891
1 0.6296875 0.8611111111111113 0.59375 0.8611111111111113 0.59375 0.9259259259259262 0.6296875 0.9259259259259262