11 0.6661458333333333 0.7740740740740742 0.6338541666666667 0.7740740740740742 0.6338541666666667 0.8314814814814817 0.6661458333333333 0.8314814814814817
1 0.6604166666666667 0.6935185185185188 0.6276041666666666 0.6935185185185188 0.6276041666666666 0.7537037037037039 0.6604166666666667 0.7537037037037039
12 0.5369791666666667 0.24351851851851863 0.4942708333333333 0.24351851851851863 0.4942708333333333 0.31851851851851865 0.5369791666666667 0.31851851851851865
4 0.6317708333333333 0.22962962962962977 0.5979166666666667 0.22962962962962974 0.5979166666666667 0.29074074074074086 0.6317708333333333 0.29074074074074086
2 0.5458333333333333 0.41574074074074086 0.5182291666666666 0.41574074074074086 0.5182291666666666 0.4648148148148149 0.5458333333333333 0.4648148148148149
0 0.6786458333333333 0.22592592592592609 0.6442708333333333 0.22592592592592609 0.6442708333333333 0.2861111111111112 0.6786458333333333 0.2861111111111112
11 0.61875 0.7083333333333336 0.584375 0.7083333333333336 0.584375 0.7675925925925928 0.61875 0.7675925925925928
3 0.4635416666666667 0.6796296296296296 0.4359375 0.6796296296296296 0.4359375 0.7287037037037037 0.4635416666666667 0.7287037037037037
5 0.7114583333333333 0.7592592592592595 0.678125 0.7592592592592595 0.678125 0.8175925925925928 0.7114583333333333 0.8175925925925928
2 0.5958333333333333 0.4000000000000001 0.5682291666666667 0.4000000000000001 0.5682291666666667 0.44814814814814824 0.5958333333333333 0.44814814814814824
3 0.6572916666666667 0.627777777777778 0.6307291666666667 0.627777777777778 0.6307291666666667 0.6740740740740743 0.6572916666666667 0.6740740740740743
7 0.5223958333333333 0.739814814814815 0.4869791666666667 0.739814814814815 0.4869791666666667 0.8000000000000002 0.5223958333333333 0.8000000000000002
5 0.47604166666666675 0.8296296296296296 0.44114583333333335 0.8296296296296296 0.4411458333333334 0.8916666666666667 0.4760416666666668 0.8916666666666667
2 0.6416666666666667 0.3925925925925927 0.6145833333333334 0.3925925925925927 0.6145833333333334 0.44166666666666676 0.6416666666666667 0.44166666666666676
7 0.7067708333333333 0.6814814814814817 0.675 0.6814814814814817 0.675 0.739814814814815 0.7067708333333333 0.739814814814815
1 0.5697916666666667 0.7231481481481483 0.5348958333333333 0.7231481481481483 0.5348958333333333 0.7842592592592594 0.5697916666666667 0.7842592592592594
4 0.43697916666666664 0.2666666666666668 0.4015625 0.2666666666666668 0.4015625 0.32870370370370383 0.43697916666666664 0.32870370370370383
8 0.4817708333333333 0.263888888888889 0.453125 0.263888888888889 0.453125 0.31296296296296305 0.4817708333333333 0.31296296296296305
0 0.44583333333333336 0.3490740740740742 0.40989583333333335 0.3490740740740742 0.40989583333333335 0.4111111111111112 0.44583333333333336 0.4111111111111112
9 0.61875 0.790740740740741 0.5911458333333334 0.790740740740741 0.5911458333333334 0.8379629629629631 0.61875 0.8379629629629631
6 0.4942708333333333 0.34074074074074084 0.459375 0.34074074074074084 0.459375 0.40185185185185196 0.4942708333333333 0.40185185185185196
10 0.5895833333333333 0.31481481481481494 0.5552083333333333 0.31481481481481494 0.5552083333333333 0.3750000000000001 0.5895833333333333 0.3750000000000001
3 0.6067708333333334 0.6379629629629632 0.5796875 0.6379629629629632 0.5796875 0.6851851851851853 0.6067708333333334 0.6851851851851853
6 0.6385416666666667 0.3101851851851853 0.6046875 0.3101851851851853 0.6046875 0.3694444444444446 0.6385416666666667 0.3694444444444446
13 0.5802083333333333 0.7962962962962965 0.5390625 0.7962962962962965 0.5390625 0.8694444444444447 0.5802083333333333 0.8694444444444447
2 0.44427083333333334 0.44166666666666676 0.41510416666666666 0.44166666666666676 0.41510416666666666 0.4925925925925926 0.44427083333333334 0.4925925925925926
2 0.49375 0.42592592592592604 0.465625 0.42592592592592604 0.465625 0.4740740740740742 0.49375 0.47407407407407426
9 0.5244791666666667 0.8222222222222224 0.49635416666666665 0.8222222222222224 0.4963541666666667 0.8712962962962965 0.5244791666666668 0.8712962962962965
3 0.5114583333333333 0.6694444444444445 0.48333333333333334 0.6694444444444444 0.48333333333333334 0.7175925925925927 0.5114583333333333 0.7175925925925928
10 0.5421875 0.32870370370370383 0.5067708333333333 0.32870370370370383 0.5067708333333333 0.38981481481481495 0.5421875 0.38981481481481495
3 0.5619791666666667 0.6574074074074077 0.534375 0.6574074074074077 0.534375 0.7074074074074076 0.5619791666666667 0.7074074074074076
8 0.5791666666666667 0.2500000000000001 0.5505208333333333 0.2500000000000001 0.5505208333333333 0.2981481481481483 0.5791666666666667 0.2981481481481483