2 0.5802083333333333 0.4925925925925928 0.5453125 0.4925925925925928 0.5453125 0.5537037037037039 0.5802083333333333 0.5537037037037039
6 0.6286458333333333 0.5740740740740743 0.5854166666666667 0.5740740740740743 0.5854166666666667 0.6481481481481484 0.6286458333333333 0.6481481481481484
0 0.6630208333333333 0.6685185185185187 0.6197916666666666 0.6685185185185187 0.6197916666666666 0.7425925925925928 0.6630208333333333 0.7425925925925928
12 0.6270833333333333 0.23240740740740753 0.5729166666666666 0.2324074074074075 0.5729166666666666 0.32685185185185195 0.6270833333333333 0.32685185185185195
7 0.5322916666666667 0.5462962962962965 0.48854166666666665 0.5462962962962965 0.48854166666666665 0.6212962962962965 0.5322916666666667 0.6212962962962965
0 0.565625 0.6296296296296299 0.521875 0.6296296296296299 0.521875 0.7046296296296298 0.565625 0.7046296296296298
10 0.5979166666666667 0.4027777777777779 0.5536458333333333 0.4027777777777779 0.5536458333333333 0.4805555555555558 0.5979166666666667 0.4805555555555558
13 0.5953125 0.790740740740741 0.5453125 0.790740740740741 0.5453125 0.8759259259259261 0.5953125 0.8759259259259261
3 0.48489583333333336 0.4564814814814816 0.45 0.4564814814814816 0.45 0.5166666666666667 0.48489583333333336 0.5166666666666668
3 0.5046875 0.7064814814814816 0.4703125 0.7064814814814815 0.4703125 0.763888888888889 0.5046875 0.7638888888888891
3 0.6755208333333333 0.5148148148148151 0.6401041666666667 0.5148148148148151 0.6401041666666667 0.5750000000000002 0.6755208333333333 0.5750000000000002
3 0.8359375 0.4750000000000002 0.8020833333333334 0.4750000000000002 0.8020833333333334 0.5361111111111113 0.8359375 0.5361111111111113
8 0.7052083333333333 0.35833333333333345 0.6703125 0.35833333333333345 0.6703125 0.41944444444444456 0.7052083333333333 0.41944444444444456
9 0.6359375 0.814814814814815 0.6020833333333333 0.814814814814815 0.6020833333333333 0.8731481481481483 0.6359375 0.8731481481481483
5 0.8166666666666667 0.3037037037037039 0.7734375 0.3037037037037039 0.7734375 0.3796296296296298 0.8166666666666667 0.3796296296296298
8 0.7109375 0.2861111111111112 0.6765625 0.2861111111111112 0.6765625 0.3472222222222223 0.7109375 0.3472222222222223
2 0.42239583333333336 0.6 0.3875 0.6 0.3875 0.6592592592592592 0.42239583333333336 0.6592592592592592
10 0.7333333333333333 0.8388888888888891 0.6932291666666667 0.8388888888888891 0.6932291666666667 0.9092592592592594 0.7333333333333333 0.9092592592592594
5 0.7572916666666667 0.6833333333333336 0.715625 0.6833333333333336 0.715625 0.7583333333333335 0.7572916666666667 0.7583333333333335
2 0.7161458333333334 0.6064814814814817 0.6817708333333333 0.6064814814814817 0.6817708333333333 0.6648148148148151 0.7161458333333334 0.6648148148148151
4 0.6953125 0.42777777777777787 0.6520833333333333 0.42777777777777787 0.6520833333333333 0.5046296296296299 0.6953125 0.5046296296296299
4 0.8052083333333333 0.38611111111111135 0.7619791666666667 0.38611111111111135 0.7619791666666667 0.4601851851851854 0.8052083333333333 0.4601851851851854
1 0.459375 0.2824074074074075 0.4140625 0.2824074074074075 0.4140625 0.3611111111111112 0.459375 0.3611111111111112
2 0.63125 0.4990740740740743 0.5958333333333333 0.4990740740740743 0.5958333333333333 0.5592592592592595 0.63125 0.5592592592592595
9 0.6015625 0.7361111111111113 0.5671875 0.7361111111111113 0.5671875 0.7962962962962965 0.6015625 0.7962962962962965
3 0.7619791666666667 0.6185185185185187 0.728125 0.6185185185185187 0.728125 0.676851851851852 0.7619791666666667 0.676851851851852
7 0.5833333333333334 0.864814814814815 0.5427083333333333 0.864814814814815 0.5427083333333333 0.9342592592592595 0.5833333333333334 0.9342592592592595
1 0.7635416666666667 0.2953703703703705 0.7203125 0.29537037037037045 0.7203125 0.3722222222222224 0.7635416666666667 0.37222222222222245
11 0.4557291666666667 0.7518518518518519 0.41354166666666664 0.7518518518518519 0.41354166666666664 0.825 0.4557291666666667 0.825
2 0.7958333333333333 0.7046296296296298 0.7625 0.7046296296296298 0.7625 0.7620370370370373 0.7958333333333333 0.7620370370370373
11 0.7442708333333333 0.4435185185185187 0.7 0.44351851851851865 0.7 0.5212962962962965 0.7442708333333333 0.5212962962962965
6 0.7 0.7500000000000002 0.6567708333333333 0.7500000000000002 0.6567708333333333 0.8240740740740743 0.7 0.8240740740740743