7 0.6479166666666667 0.2814814814814816 0.6 0.2814814814814816 0.6 0.36296296296296304 0.6479166666666667 0.36296296296296304
10 0.4515625 0.5231481481481481 0.40208333333333335 0.5231481481481481 0.40208333333333335 0.6083333333333333 0.4515625 0.6083333333333333
11 0.540625 0.08425925925925937 0.49375 0.08425925925925937 0.49375 0.163888888888889 0.540625 0.163888888888889
6 0.40625 0.4685185185185186 0.35625 0.4685185185185186 0.35625 0.5527777777777778 0.40625 0.5527777777777778
12 0.48333333333333334 0.6314814814814815 0.42291666666666666 0.6314814814814815 0.42291666666666666 0.7342592592592593 0.48333333333333334 0.7342592592592593
9 0.6625 0.22592592592592609 0.6234375 0.22592592592592609 0.6234375 0.2916666666666668 0.6625 0.2916666666666668
4 0.5630208333333333 0.7351851851851854 0.5145833333333333 0.7351851851851854 0.5145833333333333 0.8175925925925928 0.5630208333333333 0.8175925925925928
7 0.47552083333333334 0.10277777777777788 0.42864583333333334 0.10277777777777788 0.42864583333333334 0.18148148148148158 0.47552083333333334 0.18148148148148158
4 0.3828125 0.5407407407407407 0.334375 0.5407407407407407 0.334375 0.6240740740740741 0.3828125 0.6240740740740741
13 0.6291666666666667 0.16203703703703717 0.5723958333333333 0.16203703703703715 0.5723958333333333 0.2583333333333334 0.6291666666666667 0.2583333333333334
1 0.6046875 0.23703703703703713 0.5572916666666666 0.23703703703703713 0.5572916666666666 0.31851851851851865 0.6046875 0.31851851851851865
11 0.5598958333333334 0.19074074074074085 0.5125 0.19074074074074085 0.5125 0.2712962962962964 0.5598958333333334 0.2712962962962964
6 0.540625 0.6120370370370373 0.49114583333333334 0.6120370370370373 0.49114583333333334 0.6981481481481484 0.540625 0.6981481481481484
3 0.49166666666666664 0.21203703703703713 0.453125 0.21203703703703713 0.453125 0.27685185185185196 0.49166666666666664 0.27685185185185196
3 0.6661458333333333 0.4000000000000001 0.6276041666666666 0.4000000000000001 0.6276041666666666 0.46574074074074084 0.6661458333333333 0.46574074074074084
3 0.625 0.3537037037037038 0.5864583333333333 0.3537037037037038 0.5864583333333333 0.42037037037037045 0.625 0.42037037037037045
5 0.4984375 0.039814814814814914 0.4505208333333333 0.03981481481481491 0.4505208333333333 0.12037037037037047 0.4984375 0.12037037037037047
10 0.4973958333333333 0.5657407407407409 0.44635416666666666 0.5657407407407408 0.44635416666666666 0.6518518518518519 0.4973958333333333 0.651851851851852
3 0.5364583333333334 0.26574074074074083 0.4984375 0.26574074074074083 0.4984375 0.3314814814814816 0.5364583333333334 0.3314814814814816
3 0.5807291666666666 0.3037037037037038 0.5421875 0.3037037037037038 0.5421875 0.36851851851851863 0.5807291666666666 0.36851851851851863
2 0.559375 0.5583333333333336 0.5208333333333334 0.5583333333333336 0.5208333333333334 0.6250000000000002 0.559375 0.6250000000000002
2 0.46510416666666665 0.45925925925925937 0.42604166666666665 0.45925925925925937 0.42604166666666665 0.5268518518518519 0.46510416666666665 0.5268518518518519
2 0.5130208333333334 0.5055555555555556 0.4739583333333333 0.5055555555555555 0.4739583333333333 0.5722222222222223 0.5130208333333334 0.5722222222222224
9 0.5765625 0.13796296296296306 0.5385416666666667 0.13796296296296306 0.5385416666666667 0.20092592592592604 0.5765625 0.20092592592592604
1 0.5192708333333333 0.15092592592592602 0.47291666666666665 0.15092592592592602 0.47291666666666665 0.22962962962962974 0.5192708333333333 0.22962962962962974
2 0.4234375 0.4092592592592594 0.384375 0.4092592592592594 0.384375 0.47685185185185186 0.4234375 0.47685185185185186
8 0.4276041666666667 0.5981481481481481 0.3880208333333333 0.5981481481481481 0.3880208333333333 0.6657407407407407 0.4276041666666667 0.6657407407407407
5 0.7114583333333333 0.26944444444444454 0.6640625 0.26944444444444454 0.6640625 0.3490740740740742 0.7114583333333333 0.3490740740740742
8 0.5145833333333333 0.6972222222222223 0.4739583333333333 0.6972222222222222 0.4739583333333333 0.7657407407407408 0.5145833333333333 0.7657407407407409
2 0.60625 0.6018518518518521 0.5666666666666667 0.6018518518518521 0.5666666666666667 0.6685185185185187 0.60625 0.6685185185185187
0 0.34010416666666665 0.4898148148148148 0.290625 0.4898148148148148 0.290625 0.5740740740740741 0.34010416666666665 0.5740740740740741
0 0.5848958333333333 0.6611111111111113 0.5348958333333333 0.6611111111111113 0.5348958333333333 0.7462962962962965 0.5848958333333333 0.7462962962962965