0 0.6713541666666667 0.6944444444444446 0.6333333333333333 0.6944444444444446 0.6333333333333333 0.7583333333333335 0.6713541666666667 0.7583333333333335
7 0.3098958333333333 0.6842592592592592 0.271875 0.6842592592592592 0.271875 0.7509259259259259 0.3098958333333333 0.7509259259259259
6 0.6072916666666667 0.5694444444444446 0.5697916666666667 0.5694444444444446 0.5697916666666667 0.6342592592592595 0.6072916666666667 0.6342592592592595
5 0.565625 0.07314814814814827 0.5302083333333333 0.07314814814814825 0.5302083333333333 0.13425925925925936 0.565625 0.13425925925925936
7 0.5708333333333333 0.7416666666666669 0.5328125 0.7416666666666669 0.5328125 0.8083333333333336 0.5708333333333333 0.8083333333333336
3 0.4359375 0.33240740740740754 0.40572916666666664 0.33240740740740754 0.40572916666666664 0.38240740740740753 0.4359375 0.38240740740740753
3 0.38958333333333334 0.3574074074074075 0.35989583333333336 0.3574074074074075 0.35989583333333336 0.4064814814814816 0.38958333333333334 0.4064814814814816
3 0.2875 0.388888888888889 0.2578125 0.388888888888889 0.25781250000000006 0.438888888888889 0.2875 0.438888888888889
4 0.4286458333333334 0.8027777777777778 0.390625 0.8027777777777778 0.39062500000000006 0.8675925925925926 0.42864583333333345 0.8675925925925926
2 0.5510416666666667 0.5296296296296299 0.5208333333333334 0.5296296296296299 0.5208333333333334 0.5805555555555557 0.5510416666666667 0.5805555555555557
9 0.3770833333333333 0.13425925925925933 0.3484375 0.1342592592592593 0.3484375 0.1824074074074075 0.3770833333333333 0.18240740740740752
3 0.5333333333333333 0.3000000000000001 0.5036458333333333 0.3000000000000001 0.5036458333333333 0.3500000000000001 0.5333333333333333 0.3500000000000001
9 0.46875 0.10555555555555567 0.4401041666666667 0.10555555555555567 0.4401041666666667 0.15462962962962973 0.46875 0.15462962962962973
0 0.2723958333333334 0.8472222222222222 0.23437500000000006 0.8472222222222222 0.23437500000000006 0.9138888888888889 0.27239583333333345 0.9138888888888889
11 0.3359375 0.1481481481481482 0.2994791666666667 0.1481481481481482 0.2994791666666667 0.2083333333333334 0.3359375 0.2083333333333334
2 0.6442708333333333 0.48333333333333356 0.6140625 0.48333333333333356 0.6140625 0.5333333333333335 0.6442708333333333 0.5333333333333335
2 0.3515625 0.5953703703703703 0.321875 0.5953703703703703 0.321875 0.649074074074074 0.3515625 0.649074074074074
8 0.46041666666666664 0.7157407407407408 0.43020833333333336 0.7157407407407408 0.43020833333333336 0.7685185185185185 0.46041666666666664 0.7685185185185185
8 0.4083333333333333 0.7287037037037037 0.37864583333333335 0.7287037037037037 0.37864583333333335 0.7824074074074074 0.4083333333333333 0.7824074074074074
2 0.4427083333333333 0.47962962962962963 0.41302083333333334 0.47962962962962963 0.41302083333333334 0.5314814814814814 0.4427083333333333 0.5314814814814814
12 0.5067708333333333 0.5990740740740742 0.46041666666666664 0.5990740740740741 0.46041666666666664 0.6805555555555557 0.5067708333333333 0.6805555555555558
3 0.6276041666666666 0.2620370370370371 0.5989583333333334 0.2620370370370371 0.5989583333333334 0.3111111111111112 0.6276041666666666 0.3111111111111112
5 0.33229166666666665 0.2898148148148149 0.29583333333333334 0.2898148148148149 0.29583333333333334 0.3555555555555557 0.33229166666666665 0.3555555555555557
1 0.28958333333333336 0.23981481481481493 0.2526041666666667 0.23981481481481493 0.2526041666666667 0.30092592592592604 0.28958333333333336 0.30092592592592604
10 0.5244791666666667 0.14537037037037048 0.48802083333333335 0.14537037037037048 0.48802083333333335 0.2074074074074075 0.5244791666666667 0.2074074074074075
13 0.39166666666666666 0.26111111111111124 0.34791666666666665 0.26111111111111124 0.34791666666666665 0.3398148148148149 0.39166666666666666 0.3398148148148149
10 0.49166666666666664 0.38425925925925936 0.4546875 0.38425925925925936 0.4546875 0.44814814814814824 0.49166666666666664 0.44814814814814824
4 0.5546875 0.5870370370370372 0.5182291666666666 0.5870370370370372 0.5182291666666666 0.651851851851852 0.5546875 0.651851851851852
2 0.2520833333333334 0.5537037037037037 0.22187500000000007 0.5537037037037037 0.22187500000000007 0.6064814814814815 0.2520833333333334 0.6064814814814815
6 0.34479166666666666 0.42592592592592604 0.3072916666666667 0.42592592592592604 0.3072916666666667 0.49166666666666664 0.34479166666666666 0.49166666666666664
1 0.5708333333333333 0.19722222222222233 0.5328125 0.19722222222222233 0.5328125 0.2601851851851853 0.5708333333333333 0.2601851851851853
11 0.5453125 0.3537037037037038 0.5057291666666667 0.3537037037037038 0.5057291666666667 0.42222222222222233 0.5453125 0.42222222222222233