9 0.4432291666666667 0.5212962962962963 0.39947916666666666 0.5212962962962963 0.39947916666666666 0.5981481481481481 0.4432291666666667 0.5981481481481481
2 0.7807291666666667 0.42222222222222244 0.7380208333333333 0.42222222222222244 0.7380208333333333 0.4962962962962965 0.7807291666666667 0.4962962962962965
7 0.390625 0.6592592592592592 0.3385416666666667 0.6592592592592592 0.3385416666666667 0.7490740740740741 0.390625 0.7490740740740741
11 0.3723958333333333 0.19259259259259268 0.31927083333333334 0.19259259259259265 0.31927083333333334 0.28518518518518526 0.3723958333333333 0.28518518518518526
7 0.703125 0.540740740740741 0.65 0.540740740740741 0.65 0.6324074074074076 0.703125 0.6324074074074076
2 0.5046875000000001 0.813888888888889 0.46041666666666664 0.8138888888888889 0.46041666666666675 0.889814814814815 0.5046875000000001 0.8898148148148151
4 0.6046875 0.6796296296296298 0.5489583333333333 0.6796296296296298 0.5489583333333333 0.7750000000000002 0.6046875 0.7750000000000002
6 0.528125 0.1750000000000001 0.4744791666666667 0.1750000000000001 0.4744791666666667 0.2685185185185186 0.528125 0.2685185185185186
12 0.5307291666666667 0.5833333333333335 0.46197916666666666 0.5833333333333334 0.46197916666666666 0.7000000000000001 0.5307291666666667 0.7000000000000002
8 0.7734375 0.5546296296296298 0.7302083333333333 0.5546296296296298 0.7302083333333333 0.6296296296296299 0.7734375 0.6296296296296299
2 0.61875 0.06481481481481495 0.5786458333333333 0.06481481481481495 0.5786458333333333 0.13518518518518532 0.61875 0.13518518518518535
5 0.6145833333333334 0.34444444444444455 0.5588541666666667 0.34444444444444455 0.5588541666666667 0.44166666666666676 0.6145833333333334 0.44166666666666676
2 0.7036458333333333 0.450925925925926 0.6614583333333334 0.450925925925926 0.6614583333333334 0.5240740740740742 0.7036458333333333 0.5240740740740742
0 0.6322916666666667 0.4601851851851853 0.5770833333333333 0.4601851851851853 0.5770833333333333 0.5574074074074076 0.6322916666666667 0.5574074074074076
3 0.6036458333333333 0.5768518518518521 0.5598958333333334 0.5768518518518521 0.5598958333333334 0.6537037037037039 0.6036458333333333 0.6537037037037039
9 0.36770833333333336 0.4074074074074075 0.3234375 0.4074074074074075 0.3234375 0.4842592592592593 0.36770833333333336 0.4842592592592593
0 0.5484375 0.45925925925925937 0.4942708333333333 0.45925925925925937 0.4942708333333333 0.5546296296296298 0.5484375 0.5546296296296298
3 0.28958333333333336 0.37962962962962976 0.24583333333333332 0.37962962962962976 0.24583333333333338 0.45555555555555566 0.28958333333333336 0.45555555555555566
2 0.596875 0.23888888888888898 0.5546875 0.23888888888888898 0.5546875 0.3111111111111112 0.596875 0.3111111111111112
1 0.696875 0.3435185185185186 0.6427083333333333 0.3435185185185186 0.6427083333333333 0.43796296296296305 0.696875 0.43796296296296305
4 0.7119791666666667 0.6592592592592594 0.6598958333333333 0.6592592592592594 0.6598958333333333 0.7500000000000002 0.7119791666666667 0.7500000000000002
6 0.3609375 0.5166666666666667 0.30833333333333335 0.5166666666666667 0.30833333333333335 0.6083333333333333 0.3609375 0.6083333333333333
5 0.6453125 0.20277777777777792 0.5921875 0.2027777777777779 0.5921875 0.2925925925925927 0.6453125 0.2925925925925927
13 0.4557291666666667 0.29907407407407416 0.38697916666666665 0.29907407407407416 0.38697916666666665 0.4175925925925927 0.4557291666666667 0.4175925925925927
3 0.4875 0.413888888888889 0.44166666666666665 0.413888888888889 0.44166666666666665 0.49166666666666675 0.4875 0.49166666666666686
1 0.5104166666666666 0.003703703703703809 0.45625 0.0037037037037038023 0.45625 0.09629629629629641 0.5104166666666666 0.09629629629629641
3 0.453125 0.1425925925925927 0.4119791666666667 0.1425925925925927 0.4119791666666667 0.21296296296296308 0.453125 0.21296296296296308
3 0.5432291666666667 0.3351851851851853 0.4984375 0.3351851851851853 0.4984375 0.4111111111111112 0.5432291666666667 0.4111111111111112
8 0.70625 0.25185185185185194 0.6645833333333333 0.25185185185185194 0.6645833333333333 0.32222222222222235 0.70625 0.32222222222222235
10 0.4786458333333333 0.6962962962962963 0.4276041666666667 0.6962962962962963 0.4276041666666667 0.7842592592592592 0.4786458333333333 0.7842592592592592
11 0.5979166666666667 0.8037037037037039 0.54375 0.8037037037037039 0.54375 0.8962962962962965 0.5979166666666667 0.8962962962962965
10 0.5635416666666667 0.06759259259259272 0.5098958333333333 0.0675925925925927 0.5098958333333333 0.1601851851851853 0.5635416666666667 0.1601851851851853