7 0.3770833333333333 0.26574074074074083 0.3375 0.26574074074074083 0.3375 0.325925925925926 0.3770833333333333 0.325925925925926
1 0.48020833333333335 0.18796296296296308 0.43697916666666664 0.18796296296296308 0.43697916666666664 0.2462962962962964 0.48020833333333335 0.2462962962962964
7 0.5921875 0.26481481481481495 0.5520833333333334 0.26481481481481495 0.5520833333333334 0.32314814814814824 0.5921875 0.32314814814814824
3 0.3692708333333333 0.19166666666666674 0.33645833333333336 0.1916666666666667 0.33645833333333336 0.23981481481481493 0.3692708333333333 0.23981481481481493
1 0.48020833333333335 0.1000000000000001 0.4395833333333333 0.1000000000000001 0.4395833333333333 0.15740740740740752 0.48020833333333335 0.15740740740740752
2 0.596875 0.790740740740741 0.5630208333333333 0.790740740740741 0.5630208333333333 0.8379629629629631 0.596875 0.8379629629629631
5 0.5453125 0.34074074074074084 0.5041666666666667 0.34074074074074084 0.5041666666666667 0.3990740740740742 0.5453125 0.3990740740740742
4 0.43697916666666664 0.612037037037037 0.3958333333333333 0.612037037037037 0.3958333333333333 0.6712962962962963 0.43697916666666664 0.6712962962962963
12 0.4864583333333333 0.25555555555555565 0.43802083333333336 0.25555555555555565 0.43802083333333336 0.33055555555555566 0.4864583333333333 0.33055555555555566
3 0.5859375 0.1777777777777779 0.5515625 0.1777777777777779 0.5515625 0.22407407407407418 0.5859375 0.22407407407407418
2 0.43697916666666664 0.7101851851851851 0.40208333333333335 0.7101851851851851 0.40208333333333335 0.7574074074074074 0.43697916666666664 0.7574074074074074
10 0.48854166666666665 0.788888888888889 0.44895833333333335 0.7888888888888889 0.44895833333333335 0.8472222222222223 0.48854166666666665 0.8472222222222224
13 0.4947916666666667 0.6935185185185186 0.44427083333333334 0.6935185185185185 0.44427083333333334 0.7712962962962964 0.4947916666666667 0.7712962962962965
3 0.42604166666666665 0.2750000000000001 0.3921875 0.2750000000000001 0.3921875 0.32314814814814824 0.42604166666666665 0.32314814814814824
9 0.4296875 0.7925925925925926 0.3963541666666667 0.7925925925925926 0.3963541666666667 0.8407407407407408 0.4296875 0.8407407407407408
4 0.5427083333333333 0.6055555555555557 0.5 0.6055555555555557 0.5 0.6638888888888891 0.5427083333333333 0.6638888888888891
10 0.49427083333333344 0.8750000000000001 0.45364583333333347 0.875 0.45364583333333347 0.9342592592592593 0.49427083333333344 0.9342592592592595
3 0.47760416666666666 0.3574074074074075 0.44427083333333334 0.3574074074074075 0.44427083333333334 0.4064814814814816 0.47760416666666666 0.4064814814814816
2 0.38125 0.8037037037037037 0.34791666666666665 0.8037037037037037 0.34791666666666665 0.8518518518518519 0.38125 0.8518518518518519
5 0.42864583333333334 0.3462962962962964 0.3875 0.3462962962962964 0.3875 0.40833333333333344 0.42864583333333334 0.40833333333333344
8 0.42604166666666665 0.1898148148148149 0.3932291666666667 0.1898148148148149 0.3932291666666667 0.23796296296296307 0.42604166666666665 0.23796296296296307
0 0.4369791666666668 0.8731481481481481 0.3963541666666668 0.8731481481481481 0.3963541666666668 0.9333333333333333 0.4369791666666668 0.9333333333333333
9 0.5447916666666667 0.7824074074074077 0.5104166666666666 0.7824074074074077 0.5104166666666666 0.8296296296296298 0.5447916666666667 0.8296296296296298
2 0.4864583333333333 0.6194444444444446 0.4515625 0.6194444444444445 0.4515625 0.6675925925925927 0.4864583333333333 0.6675925925925928
6 0.6020833333333333 0.6944444444444446 0.5619791666666667 0.6944444444444446 0.5619791666666667 0.7518518518518521 0.6020833333333333 0.7518518518518521
3 0.5348958333333333 0.2685185185185186 0.5005208333333333 0.2685185185185186 0.5005208333333333 0.31666666666666676 0.5348958333333333 0.31666666666666676
2 0.5453125 0.7009259259259262 0.5135416666666667 0.7009259259259262 0.5135416666666667 0.7555555555555558 0.5453125 0.7555555555555558
11 0.5338541666666666 0.08981481481481492 0.4947916666666667 0.08981481481481492 0.4947916666666667 0.15648148148148158 0.5338541666666666 0.15648148148148158
11 0.42864583333333334 0.10277777777777787 0.3927083333333333 0.10277777777777786 0.3927083333333333 0.16574074074074086 0.42864583333333334 0.16574074074074086
6 0.3776041666666667 0.7064814814814815 0.34010416666666665 0.7064814814814815 0.34010416666666665 0.774074074074074 0.3776041666666667 0.774074074074074
0 0.5432291666666667 0.8712962962962965 0.5078125000000001 0.8712962962962965 0.5078125000000001 0.9379629629629632 0.5432291666666667 0.9379629629629632
8 0.53125 0.1787037037037038 0.5 0.1787037037037038 0.5 0.22962962962962974 0.53125 0.22962962962962974