7 0.4635416666666667 0.5824074074074074 0.4125 0.5824074074074074 0.4125 0.675 0.4635416666666667 0.675
12 0.659375 0.2842592592592594 0.6005208333333333 0.2842592592592594 0.6005208333333333 0.38981481481481495 0.659375 0.38981481481481495
9 0.4203125 0.6314814814814815 0.37864583333333335 0.6314814814814815 0.37864583333333335 0.7055555555555556 0.4203125 0.7055555555555556
4 0.70625 0.43796296296296305 0.6583333333333333 0.43796296296296305 0.6583333333333333 0.5240740740740742 0.70625 0.5240740740740742
7 0.35 0.26574074074074083 0.2989583333333333 0.26574074074074083 0.2989583333333333 0.35648148148148157 0.35 0.35648148148148157
0 0.5666666666666667 0.06759259259259272 0.5203125 0.0675925925925927 0.5203125 0.15277777777777787 0.5666666666666667 0.15277777777777787
5 0.459375 0.7074074074074074 0.4078125 0.7074074074074074 0.4078125 0.799074074074074 0.459375 0.799074074074074
3 0.4078125 0.31296296296296305 0.36666666666666664 0.31296296296296305 0.36666666666666664 0.3870370370370371 0.4078125 0.3870370370370371
10 0.6171875 0.3212962962962964 0.5682291666666667 0.3212962962962964 0.5682291666666667 0.4092592592592594 0.6171875 0.4092592592592594
6 0.64375 0.3972222222222223 0.5953125 0.3972222222222223 0.5953125 0.48425925925925944 0.64375 0.48425925925925944
8 0.6197916666666666 0.22685185185185197 0.5807291666666666 0.22685185185185194 0.5807291666666666 0.2981481481481483 0.6197916666666666 0.2981481481481483
3 0.5255208333333333 0.6342592592592595 0.48541666666666666 0.6342592592592595 0.48541666666666666 0.7064814814814817 0.5255208333333333 0.7064814814814817
5 0.31197916666666664 0.30277777777777787 0.25833333333333336 0.30277777777777787 0.25833333333333336 0.4000000000000001 0.31197916666666664 0.4000000000000001
9 0.36354166666666665 0.4685185185185186 0.321875 0.4685185185185186 0.321875 0.5425925925925926 0.36354166666666665 0.5425925925925926
10 0.590625 0.2462962962962964 0.5432291666666667 0.2462962962962964 0.5432291666666667 0.3314814814814816 0.590625 0.3314814814814816
3 0.44114583333333335 0.3972222222222223 0.4010416666666667 0.3972222222222223 0.4010416666666667 0.46944444444444455 0.44114583333333335 0.46944444444444455
6 0.5598958333333334 0.16944444444444454 0.5119791666666667 0.16944444444444454 0.5119791666666667 0.2564814814814816 0.5598958333333334 0.2564814814814816
11 0.40625 0.41944444444444456 0.3546875 0.41944444444444456 0.3546875 0.5120370370370371 0.40625 0.5120370370370371
4 0.5958333333333333 0.13796296296296306 0.5473958333333333 0.13796296296296306 0.5473958333333333 0.22500000000000012 0.5958333333333333 0.22500000000000012
2 0.5479166666666667 0.28055555555555567 0.5098958333333333 0.28055555555555567 0.5098958333333333 0.3500000000000001 0.5479166666666667 0.3500000000000001
0 0.6723958333333333 0.46944444444444455 0.6229166666666667 0.46944444444444455 0.6229166666666667 0.5601851851851853 0.6723958333333333 0.5601851851851853
3 0.465625 0.47685185185185186 0.4244791666666667 0.47685185185185186 0.4244791666666667 0.55 0.465625 0.55
11 0.3390625 0.3833333333333334 0.2869791666666667 0.3833333333333334 0.2869791666666667 0.47685185185185186 0.3390625 0.47685185185185186
3 0.49635416666666665 0.5583333333333335 0.45677083333333335 0.5583333333333333 0.45677083333333335 0.6296296296296298 0.49635416666666665 0.6296296296296299
2 0.60625 0.44444444444444453 0.5682291666666667 0.44444444444444453 0.5682291666666667 0.5129629629629632 0.60625 0.5129629629629632
8 0.6760416666666667 0.37222222222222234 0.6364583333333333 0.37222222222222234 0.6364583333333333 0.44351851851851865 0.6760416666666667 0.44351851851851865
2 0.5192708333333333 0.20833333333333343 0.48072916666666665 0.20833333333333343 0.48072916666666665 0.2777777777777779 0.5192708333333333 0.2777777777777779
2 0.6328125 0.5250000000000002 0.5947916666666667 0.5250000000000002 0.5947916666666667 0.5935185185185188 0.6328125 0.5935185185185188
1 0.3807291666666667 0.3453703703703705 0.32916666666666666 0.3453703703703705 0.32916666666666666 0.43796296296296305 0.3807291666666667 0.43796296296296305
1 0.4354166666666667 0.5018518518518519 0.384375 0.5018518518518519 0.384375 0.5944444444444444 0.4354166666666667 0.5944444444444444
2 0.5755208333333334 0.363888888888889 0.5369791666666667 0.363888888888889 0.5369791666666667 0.43333333333333346 0.5755208333333334 0.43333333333333346
13 0.4010416666666667 0.5287037037037037 0.3375 0.5287037037037037 0.3375 0.6435185185185185 0.4010416666666667 0.6435185185185185