7 0.35208333333333336 0.4148148148148149 0.3046875 0.4148148148148149 0.3046875 0.5 0.35208333333333336 0.5
13 0.41510416666666666 0.6472222222222223 0.3578125 0.6472222222222223 0.3578125 0.75 0.41510416666666666 0.75
3 0.41458333333333336 0.43333333333333346 0.37135416666666665 0.43333333333333346 0.37135416666666665 0.5083333333333333 0.41458333333333336 0.5083333333333333
2 0.5822916666666667 0.4175925925925927 0.5421875 0.4175925925925927 0.5421875 0.48981481481481504 0.5822916666666667 0.48981481481481504
4 0.6328125 0.10925925925925939 0.5822916666666667 0.10925925925925939 0.5822916666666667 0.20000000000000012 0.6328125 0.20000000000000015
7 0.5333333333333333 0.8222222222222224 0.48489583333333336 0.8222222222222224 0.4848958333333334 0.9092592592592594 0.5333333333333333 0.9092592592592594
4 0.759375 0.3861111111111113 0.7083333333333334 0.38611111111111124 0.7083333333333334 0.47777777777777797 0.759375 0.47777777777777797
1 0.2661458333333334 0.44259259259259265 0.21510416666666674 0.4425925925925926 0.21510416666666674 0.5324074074074074 0.2661458333333334 0.5324074074074074
2 0.5223958333333333 0.28055555555555567 0.4822916666666667 0.28055555555555567 0.4822916666666667 0.35185185185185197 0.5223958333333333 0.35185185185185197
5 0.46250000000000013 0.8916666666666667 0.41458333333333347 0.8916666666666667 0.41458333333333347 0.9768518518518519 0.46250000000000013 0.9768518518518519
6 0.5385416666666667 0.15185185185185196 0.48489583333333336 0.15185185185185196 0.48489583333333336 0.2462962962962964 0.5385416666666667 0.2462962962962964
1 0.49062500000000014 0.9555555555555556 0.4432291666666668 0.9555555555555556 0.4432291666666668 0.9879629629629629 0.49062500000000014 0.9879629629629629
3 0.5921875 0.8351851851851854 0.553125 0.8351851851851854 0.553125 0.9055555555555558 0.5921875 0.9055555555555558
3 0.534375 0.7120370370370372 0.49583333333333335 0.7120370370370372 0.49583333333333335 0.7805555555555558 0.534375 0.7805555555555558
2 0.46197916666666666 0.13703703703703715 0.42239583333333336 0.13703703703703715 0.42239583333333336 0.2074074074074075 0.46197916666666666 0.2074074074074075
2 0.6958333333333333 0.6861111111111113 0.6567708333333333 0.6861111111111113 0.6567708333333333 0.7574074074074076 0.6958333333333333 0.7574074074074076
11 0.4333333333333334 0.8361111111111111 0.3859375 0.8361111111111111 0.38593750000000004 0.9203703703703704 0.43333333333333346 0.9203703703703704
2 0.6473958333333333 0.552777777777778 0.6057291666666667 0.552777777777778 0.6057291666666667 0.6268518518518521 0.6473958333333333 0.6268518518518521
8 0.7208333333333333 0.3175925925925927 0.6796875 0.3175925925925927 0.6796875 0.38981481481481495 0.7208333333333333 0.38981481481481495
3 0.3572916666666667 0.30092592592592604 0.31666666666666665 0.30092592592592604 0.31666666666666665 0.37222222222222234 0.3572916666666667 0.37222222222222234
6 0.7145833333333333 0.5666666666666669 0.6635416666666667 0.5666666666666669 0.6635416666666667 0.6574074074074077 0.7145833333333333 0.6574074074074077
3 0.4708333333333333 0.5814814814814815 0.4322916666666667 0.5814814814814815 0.4322916666666667 0.65 0.4708333333333333 0.65
12 0.671875 0.2842592592592594 0.603125 0.2842592592592594 0.603125 0.4064814814814816 0.671875 0.4064814814814816
9 0.34322916666666664 0.6518518518518519 0.3015625 0.6518518518518519 0.3015625 0.7268518518518519 0.34322916666666664 0.7268518518518519
0 0.8208333333333333 0.527777777777778 0.7682291666666666 0.527777777777778 0.7682291666666666 0.6212962962962965 0.8208333333333333 0.6212962962962965
5 0.3229166666666667 0.5657407407407408 0.2734375 0.5657407407407408 0.2734375 0.6527777777777778 0.3229166666666667 0.6527777777777778
10 0.7817708333333333 0.46574074074074095 0.73125 0.46574074074074095 0.73125 0.5537037037037039 0.7817708333333333 0.5537037037037039
8 0.6609375 0.19444444444444461 0.6203125 0.19444444444444461 0.6203125 0.2666666666666668 0.6609375 0.2666666666666668
9 0.39895833333333336 0.775 0.359375 0.775 0.359375 0.8453703703703703 0.39895833333333336 0.8453703703703703
11 0.290625 0.5027777777777778 0.2395833333333334 0.5027777777777778 0.2395833333333334 0.5916666666666667 0.290625 0.5916666666666667
0 0.5666666666666667 1.1764546797364621e-16 0.5140625 1.119191102554109e-16 0.5140625 0.06296296296296308 0.5666666666666667 0.0629629629629631
10 0.6057291666666667 0.0453703703703705 0.553125 0.04537037037037049 0.553125 0.13611111111111124 0.6057291666666667 0.13611111111111127