0 0.35625000000000007 0.8398148148148148 0.3177083333333333 0.8398148148148148 0.31770833333333337 0.9018518518518519 0.3562500000000001 0.9018518518518519
7 0.5052083333333334 0.09166666666666677 0.46458333333333335 0.09166666666666677 0.46458333333333335 0.1462962962962964 0.5052083333333334 0.1462962962962964
5 0.6640625 0.1194444444444446 0.6260416666666667 0.1194444444444446 0.6260416666666667 0.17500000000000016 0.6640625 0.17500000000000016
5 0.4546875 0.0898148148148149 0.41458333333333336 0.08981481481481489 0.41458333333333336 0.1462962962962964 0.4546875 0.1462962962962964
7 0.6010416666666667 0.1166666666666668 0.5625 0.1166666666666668 0.5625 0.1740740740740742 0.6010416666666667 0.1740740740740742
11 0.34739583333333335 0.07870370370370379 0.30833333333333335 0.07870370370370379 0.30833333333333335 0.13518518518518524 0.34739583333333335 0.13518518518518524
4 0.6307291666666667 0.8898148148148151 0.5911458333333334 0.8898148148148151 0.5911458333333334 0.9481481481481482 0.6307291666666667 0.9481481481481482
1 0.39739583333333334 0.08055555555555563 0.35833333333333334 0.08055555555555563 0.35833333333333334 0.13796296296296304 0.39739583333333334 0.13796296296296306
1 0.7119791666666667 0.13518518518518535 0.6729166666666667 0.13518518518518535 0.6729166666666667 0.19259259259259276 0.7119791666666667 0.19259259259259276
4 0.4083333333333334 0.8472222222222222 0.36875 0.8472222222222222 0.3687500000000001 0.9101851851851852 0.40833333333333344 0.9101851851851852
0 0.6802083333333333 0.8861111111111113 0.6411458333333333 0.8861111111111113 0.6411458333333333 0.9472222222222224 0.6802083333333333 0.9472222222222224
2 0.3625 0.5833333333333334 0.3296875 0.5833333333333334 0.3296875 0.6305555555555555 0.3625 0.6305555555555555
13 0.553125 0.24444444444444455 0.5057291666666667 0.24444444444444455 0.5057291666666667 0.3240740740740742 0.553125 0.3240740740740742
6 0.46406250000000004 0.8583333333333333 0.4244791666666667 0.8583333333333333 0.42447916666666674 0.9203703703703704 0.4640625000000001 0.9203703703703704
10 0.7317708333333334 0.8898148148148151 0.6927083333333334 0.8898148148148151 0.6927083333333334 0.950925925925926 0.7317708333333334 0.950925925925926
9 0.5973958333333333 0.2685185185185186 0.5651041666666666 0.2685185185185186 0.5651041666666666 0.313888888888889 0.5973958333333333 0.313888888888889
2 0.4734375 0.5194444444444445 0.4401041666666667 0.5194444444444445 0.4401041666666667 0.5666666666666667 0.4734375 0.5666666666666667
12 0.5317708333333333 0.6888888888888891 0.484375 0.6888888888888891 0.484375 0.7611111111111113 0.5317708333333333 0.7611111111111113
2 0.3104166666666667 0.5777777777777777 0.2786458333333333 0.5777777777777777 0.2786458333333333 0.625 0.3104166666666667 0.625
10 0.30416666666666675 0.8222222222222222 0.26354166666666673 0.8222222222222222 0.26354166666666673 0.8833333333333333 0.3041666666666668 0.8833333333333333
2 0.7390625 0.6500000000000002 0.7078125 0.6500000000000002 0.7078125 0.6953703703703705 0.7390625 0.6953703703703705
6 0.571875 0.8750000000000002 0.5328125000000001 0.8750000000000002 0.5328125000000001 0.9361111111111113 0.571875 0.9361111111111113
11 0.7609375 0.14351851851851868 0.7223958333333333 0.14351851851851868 0.7223958333333333 0.2009259259259261 0.7609375 0.2009259259259261
3 0.37135416666666665 0.325925925925926 0.34010416666666665 0.325925925925926 0.34010416666666665 0.37222222222222234 0.37135416666666665 0.37222222222222234
3 0.7005208333333334 0.3833333333333334 0.66875 0.3833333333333334 0.66875 0.4287037037037038 0.7005208333333334 0.4287037037037038
8 0.46979166666666666 0.6898148148148148 0.43645833333333334 0.6898148148148148 0.43645833333333334 0.7351851851851852 0.46979166666666666 0.7351851851851852
8 0.5822916666666667 0.7120370370370372 0.5489583333333333 0.7120370370370372 0.5489583333333333 0.7601851851851854 0.5822916666666667 0.7601851851851854
3 0.31927083333333334 0.31851851851851865 0.28802083333333334 0.31851851851851865 0.28802083333333334 0.3611111111111112 0.31927083333333334 0.3611111111111112
3 0.5848958333333333 0.4527777777777779 0.553125 0.4527777777777779 0.553125 0.49722222222222245 0.5848958333333333 0.49722222222222245
2 0.6875 0.6361111111111113 0.6546875 0.6361111111111113 0.6546875 0.6814814814814817 0.6875 0.6814814814814817
3 0.7463541666666667 0.3861111111111113 0.715625 0.38611111111111124 0.715625 0.4324074074074076 0.7463541666666667 0.43240740740740763
9 0.4901041666666667 0.2564814814814816 0.45729166666666665 0.2564814814814816 0.45729166666666665 0.3074074074074075 0.4901041666666667 0.3074074074074075