7 0.5317708333333334 0.8694444444444446 0.48333333333333345 0.8694444444444445 0.48333333333333345 0.962037037037037 0.5317708333333334 0.962037037037037
3 0.5921875 0.8925925925925928 0.553125 0.8925925925925928 0.553125 0.9666666666666667 0.5921875 0.9666666666666667
3 0.4125 0.44722222222222235 0.3723958333333333 0.44722222222222235 0.3723958333333333 0.524074074074074 0.4125 0.524074074074074
2 0.5817708333333333 0.4685185185185186 0.5427083333333333 0.4685185185185186 0.5427083333333333 0.5425925925925928 0.5817708333333333 0.5425925925925928
4 0.6338541666666667 0.1953703703703705 0.5880208333333333 0.19537037037037047 0.5880208333333333 0.2824074074074075 0.6338541666666667 0.2824074074074075
10 0.5979166666666667 0.13055555555555567 0.5520833333333334 0.13055555555555567 0.5520833333333334 0.21666666666666679 0.5979166666666667 0.21666666666666679
2 0.6416666666666667 0.6120370370370373 0.6036458333333333 0.6120370370370373 0.6036458333333333 0.6851851851851853 0.6416666666666667 0.6851851851851853
3 0.534375 0.7546296296296299 0.4942708333333333 0.7546296296296299 0.4942708333333333 0.8314814814814817 0.534375 0.8314814814814817
13 0.4125 0.675 0.353125 0.675 0.353125 0.7870370370370371 0.4125 0.7870370370370371
6 0.7041666666666667 0.6194444444444447 0.6572916666666667 0.6194444444444447 0.6572916666666667 0.7083333333333336 0.7041666666666667 0.7083333333333336
2 0.525 0.313888888888889 0.4859375 0.313888888888889 0.4859375 0.388888888888889 0.525 0.388888888888889
3 0.46979166666666666 0.6037037037037037 0.4296875 0.6037037037037037 0.4296875 0.6796296296296296 0.46979166666666666 0.6796296296296296
6 0.5328125 0.19537037037037047 0.4822916666666667 0.19537037037037047 0.4822916666666667 0.2898148148148149 0.5328125 0.2898148148148149
7 0.34427083333333336 0.41018518518518526 0.29583333333333334 0.41018518518518526 0.29583333333333334 0.5009259259259259 0.34427083333333336 0.5009259259259259
2 0.4666666666666667 0.18333333333333343 0.42552083333333335 0.18333333333333343 0.42552083333333335 0.26111111111111124 0.4666666666666667 0.26111111111111124
2 0.7020833333333333 0.7574074074074076 0.6635416666666667 0.7574074074074076 0.6635416666666667 0.8287037037037039 0.7020833333333333 0.8287037037037039
3 0.3546875 0.30555555555555564 0.315625 0.30555555555555564 0.315625 0.3787037037037038 0.3546875 0.3787037037037038
1 0.2510416666666667 0.4370370370370371 0.20104166666666673 0.43703703703703706 0.20104166666666673 0.5324074074074074 0.2510416666666667 0.5324074074074074
5 0.28125 0.5111111111111111 0.23072916666666674 0.5111111111111111 0.23072916666666674 0.6064814814814815 0.28125 0.6064814814814815
8 0.6609375 0.27685185185185196 0.6208333333333333 0.27685185185185196 0.6208333333333333 0.35277777777777786 0.6609375 0.35277777777777786
12 0.6651041666666667 0.36296296296296304 0.6083333333333333 0.36296296296296304 0.6083333333333333 0.4703703703703705 0.6651041666666667 0.4703703703703705
9 0.3911458333333334 0.8166666666666667 0.3489583333333333 0.8166666666666667 0.34895833333333337 0.8953703703703704 0.39114583333333347 0.8953703703703704
11 0.4640625000000001 0.9583333333333334 0.41250000000000014 0.9583333333333334 0.41250000000000014 1 0.4640625000000001 1
9 0.3338541666666667 0.6703703703703704 0.2921875 0.6703703703703704 0.2921875 0.7490740740740741 0.3338541666666667 0.7490740740740741
10 0.7697916666666667 0.5453703703703706 0.7223958333333333 0.5453703703703706 0.7223958333333333 0.6351851851851854 0.7697916666666667 0.6351851851851854
4 0.7463541666666667 0.4814814814814817 0.7 0.4814814814814817 0.7 0.5694444444444446 0.7463541666666667 0.5694444444444446
11 0.30833333333333335 0.5861111111111111 0.25625000000000003 0.5861111111111111 0.25625000000000003 0.6842592592592592 0.30833333333333335 0.6842592592592592
0 0.5729166666666666 0.06944444444444456 0.5244791666666667 0.06944444444444454 0.5244791666666667 0.13796296296296306 0.5729166666666666 0.13796296296296306
5 0.4369791666666668 0.8712962962962963 0.3828125000000001 0.8712962962962963 0.3828125000000001 0.9731481481481481 0.4369791666666668 0.9731481481481481
0 0.796875 0.6287037037037039 0.7510416666666667 0.6287037037037039 0.7510416666666667 0.7129629629629631 0.796875 0.7129629629629631
8 0.7109375 0.4148148148148149 0.671875 0.4148148148148149 0.671875 0.48703703703703727 0.7109375 0.48703703703703727