13 0.678125 0.527777777777778 0.6166666666666667 0.527777777777778 0.6166666666666667 0.6324074074074076 0.678125 0.6324074074074076
0 0.2614583333333334 0.5564814814814815 0.21093750000000006 0.5564814814814815 0.21093750000000006 0.6416666666666667 0.2614583333333334 0.6416666666666667
7 0.5619791666666667 0.7305555555555557 0.5114583333333333 0.7305555555555557 0.5114583333333333 0.814814814814815 0.5619791666666667 0.814814814814815
4 0.28020833333333334 0.47685185185185186 0.23072916666666674 0.47685185185185186 0.23072916666666674 0.5611111111111111 0.28020833333333334 0.5611111111111111
3 0.6296875 0.31481481481481494 0.5911458333333334 0.31481481481481494 0.5911458333333334 0.3787037037037038 0.6296875 0.3787037037037038
3 0.5901041666666667 0.4787037037037039 0.55 0.4787037037037039 0.55 0.5453703703703706 0.5901041666666667 0.5453703703703706
2 0.5510416666666667 0.05740740740740752 0.5135416666666667 0.05740740740740751 0.5135416666666667 0.11944444444444455 0.5510416666666667 0.11944444444444455
6 0.496875 0.08148148148148159 0.4510416666666667 0.08148148148148159 0.4510416666666667 0.15740740740740752 0.496875 0.15740740740740752
4 0.3963541666666667 0.10925925925925933 0.3484375 0.10925925925925933 0.3484375 0.18981481481481488 0.3963541666666667 0.1898148148148149
1 0.7828125 0.252777777777778 0.7364583333333333 0.252777777777778 0.7364583333333333 0.32962962962962983 0.7828125 0.32962962962962983
2 0.5114583333333333 0.2064814814814816 0.47291666666666665 0.2064814814814816 0.47291666666666665 0.2703703703703705 0.5114583333333333 0.2703703703703705
6 0.35572916666666665 0.5592592592592592 0.30572916666666666 0.5592592592592592 0.30572916666666666 0.6435185185185185 0.35572916666666665 0.6435185185185185
7 0.6994791666666667 0.2601851851851853 0.6520833333333333 0.2601851851851853 0.6520833333333333 0.338888888888889 0.6994791666666667 0.338888888888889
2 0.41875 0.5185185185185185 0.37916666666666665 0.5185185185185185 0.37916666666666665 0.5851851851851851 0.41875 0.5851851851851851
2 0.4609375 0.35833333333333345 0.42135416666666664 0.35833333333333345 0.42135416666666664 0.4231481481481483 0.4609375 0.4231481481481483
3 0.546875 0.6268518518518521 0.5067708333333333 0.6268518518518521 0.5067708333333333 0.6944444444444446 0.546875 0.6944444444444446
0 0.434375 8.941055565997111e-17 0.38697916666666665 8.425116405245217e-17 0.38697916666666665 0.0398148148148149 0.434375 0.03981481481481491
3 0.665625 0.16666666666666682 0.6286458333333333 0.16666666666666682 0.6286458333333333 0.22777777777777794 0.665625 0.22777777777777794
12 0.3953125 0.2601851851851853 0.3385416666666667 0.2601851851851853 0.3385416666666667 0.35648148148148157 0.3953125 0.35648148148148157
3 0.5015625 0.7944444444444445 0.4609375 0.7944444444444444 0.46093750000000006 0.862962962962963 0.5015625000000001 0.8629629629629632
2 0.371875 0.6787037037037037 0.3302083333333333 0.6787037037037037 0.3302083333333333 0.7472222222222222 0.371875 0.7472222222222222
8 0.3619791666666667 0.1731481481481482 0.32395833333333335 0.1731481481481482 0.32395833333333335 0.23611111111111116 0.3619791666666667 0.23611111111111116
1 0.6328125 0.8814814814814816 0.5807291666666666 0.8814814814814816 0.5807291666666666 0.9564814814814815 0.6328125 0.9564814814814815
8 0.3229166666666667 0.3212962962962964 0.284375 0.3212962962962964 0.284375 0.3851851851851853 0.3229166666666667 0.3851851851851853
5 0.7682291666666666 0.33981481481481496 0.7197916666666667 0.3398148148148149 0.7197916666666667 0.42129629629629645 0.7682291666666666 0.4212962962962965
9 0.6848958333333334 0.6472222222222225 0.6453125 0.6472222222222225 0.6453125 0.7138888888888891 0.6848958333333334 0.7138888888888891
5 0.6447916666666667 0.8037037037037039 0.5953125 0.8037037037037039 0.5953125 0.8870370370370373 0.6447916666666667 0.8870370370370373
10 0.42083333333333334 0.027777777777777863 0.3729166666666667 0.027777777777777856 0.3729166666666667 0.11018518518518526 0.42083333333333334 0.11018518518518526
10 0.30416666666666664 0.39444444444444454 0.25416666666666665 0.39444444444444454 0.2541666666666667 0.47962962962962963 0.30416666666666664 0.47962962962962963
11 0.7536458333333333 0.40648148148148167 0.7036458333333333 0.4064814814814816 0.7036458333333333 0.49537037037037057 0.7536458333333333 0.49537037037037057
9 0.73125 0.48333333333333356 0.690625 0.48333333333333356 0.690625 0.5546296296296298 0.73125 0.5546296296296298
11 0.6677083333333333 0.7268518518518521 0.6208333333333333 0.7268518518518521 0.6208333333333333 0.8101851851851853 0.6677083333333333 0.8101851851851853