7 0.6322916666666667 1.327834631297732e-16 0.5875 1.2790755457761245e-16 0.5875 0.06574074074074088 0.6322916666666667 0.06574074074074088
7 0.3703125 0.11203703703703712 0.3255208333333333 0.11203703703703712 0.3255208333333333 0.19166666666666674 0.3703125 0.19166666666666676
8 0.5958333333333333 0.5231481481481484 0.5572916666666666 0.5231481481481484 0.5572916666666666 0.589814814814815 0.5958333333333333 0.589814814814815
13 0.4947916666666667 1.0205389992894609e-16 0.4427083333333333 9.638423882178244e-17 0.4427083333333333 0.06111111111111121 0.4947916666666667 0.06111111111111121
2 0.521875 0.33240740740740754 0.484375 0.33240740740740754 0.484375 0.3990740740740742 0.521875 0.3990740740740742
0 0.7421875 0.44722222222222235 0.69375 0.44722222222222235 0.69375 0.5333333333333335 0.7421875 0.5333333333333335
0 0.3651041666666667 0.6055555555555555 0.31666666666666665 0.6055555555555555 0.31666666666666665 0.6916666666666667 0.3651041666666667 0.6916666666666667
3 0.590625 0.08518518518518532 0.5541666666666667 0.08518518518518532 0.5541666666666667 0.1500000000000001 0.590625 0.1500000000000001
2 0.6166666666666667 0.29444444444444456 0.5791666666666667 0.29444444444444456 0.5791666666666667 0.3611111111111112 0.6166666666666667 0.3611111111111112
3 0.5 0.11759259259259269 0.4640625 0.11759259259259269 0.4640625 0.18148148148148158 0.5 0.18148148148148158
3 0.40625 0.15277777777777787 0.3692708333333333 0.15277777777777787 0.3692708333333333 0.2175925925925927 0.40625 0.2175925925925927
3 0.6791666666666667 0.038888888888889035 0.6432291666666666 0.038888888888889035 0.6432291666666666 0.10277777777777793 0.6791666666666667 0.10277777777777794
3 0.3234375 0.18981481481481488 0.2859375 0.18981481481481488 0.2859375 0.2564814814814816 0.3234375 0.2564814814814816
2 0.4328125 0.3712962962962964 0.3958333333333333 0.3712962962962964 0.3958333333333333 0.43703703703703717 0.4328125 0.43703703703703717
10 0.6979166666666666 0.47962962962962985 0.6505208333333333 0.47962962962962985 0.6505208333333333 0.5638888888888891 0.6979166666666666 0.5638888888888891
2 0.7046875 0.2500000000000001 0.6671875 0.2500000000000001 0.6671875 0.31666666666666676 0.7046875 0.31666666666666676
6 0.3953125 0.4527777777777779 0.34791666666666665 0.4527777777777779 0.34791666666666665 0.5370370370370371 0.3953125 0.5370370370370371
4 0.4119791666666667 0.5953703703703703 0.3640625 0.5953703703703703 0.3640625 0.6805555555555556 0.4119791666666667 0.6805555555555556
9 0.4348958333333333 9.145163365855003e-17 0.40520833333333334 8.821992682746675e-17 0.40520833333333334 0.0009259259259260175 0.4348958333333333 0.0009259259259260205
6 0.6765625 0.3314814814814816 0.6286458333333333 0.3314814814814816 0.6286458333333333 0.41574074074074086 0.6765625 0.41574074074074086
8 0.4973958333333333 0.5675925925925926 0.459375 0.5675925925925925 0.459375 0.6342592592592594 0.4973958333333333 0.6342592592592595
4 0.6479166666666667 0.5055555555555558 0.6005208333333333 0.5055555555555558 0.6005208333333333 0.589814814814815 0.6479166666666667 0.589814814814815
10 0.46145833333333336 0.5796296296296296 0.41354166666666664 0.5796296296296296 0.41354166666666664 0.6648148148148149 0.46145833333333336 0.6648148148148149
12 0.55625 0.45555555555555566 0.4979166666666667 0.45555555555555566 0.4979166666666667 0.5583333333333336 0.55625 0.5583333333333336
2 0.3421875 0.4064814814814816 0.3046875 0.4064814814814816 0.3046875 0.47314814814814826 0.3421875 0.47314814814814826