5 0.6390625 0.7925925925925928 0.6 0.7925925925925928 0.6 0.8509259259259261 0.6390625 0.8509259259259261
1 0.49322916666666666 0.09074074074074084 0.4552083333333333 0.09074074074074084 0.4552083333333333 0.1490740740740742 0.49322916666666666 0.1490740740740742
2 0.6979166666666666 0.4500000000000001 0.6640625 0.4500000000000001 0.6640625 0.49722222222222245 0.6979166666666666 0.49722222222222245
7 0.7416666666666667 0.6222222222222225 0.7072916666666667 0.6222222222222225 0.7072916666666667 0.6824074074074076 0.7416666666666667 0.6824074074074076
1 0.4744791666666667 0.6851851851851852 0.434375 0.6851851851851852 0.434375 0.7453703703703703 0.4744791666666667 0.7453703703703703
9 0.5255208333333333 0.7861111111111113 0.49270833333333336 0.7861111111111113 0.49270833333333336 0.8342592592592595 0.5255208333333333 0.8342592592592595
6 0.6458333333333334 0.263888888888889 0.6072916666666667 0.263888888888889 0.6072916666666667 0.3240740740740742 0.6458333333333334 0.3240740740740742
4 0.7005208333333334 0.2712962962962964 0.6625 0.2712962962962964 0.6625 0.33055555555555566 0.7005208333333334 0.33055555555555566
9 0.5776041666666667 0.7944444444444446 0.5463541666666667 0.7944444444444446 0.5463541666666667 0.8425925925925928 0.5776041666666667 0.8425925925925928
3 0.6916666666666667 0.5324074074074077 0.659375 0.5324074074074077 0.659375 0.5805555555555557 0.6916666666666667 0.5805555555555557
3 0.5807291666666666 0.614814814814815 0.5484375 0.614814814814815 0.5484375 0.6620370370370372 0.5807291666666666 0.6620370370370372
0 0.48072916666666665 0.2527777777777779 0.44479166666666664 0.2527777777777779 0.44479166666666664 0.313888888888889 0.48072916666666665 0.313888888888889
2 0.6890625 0.7111111111111114 0.65625 0.7111111111111114 0.65625 0.7583333333333335 0.6890625 0.7583333333333335
3 0.528125 0.426851851851852 0.4973958333333333 0.426851851851852 0.4973958333333333 0.47592592592592614 0.528125 0.47592592592592614
8 0.5854166666666667 0.2601851851851853 0.5541666666666667 0.2601851851851853 0.5541666666666667 0.3111111111111112 0.5854166666666667 0.3111111111111112
3 0.4708333333333333 0.525 0.4390625 0.525 0.4390625 0.5740740740740741 0.4708333333333333 0.5740740740740741
10 0.540625 0.1712962962962964 0.5015625 0.1712962962962964 0.5015625 0.22777777777777788 0.540625 0.22777777777777788
3 0.4203125 0.5185185185185185 0.3880208333333333 0.5185185185185185 0.3880208333333333 0.5666666666666667 0.4203125 0.5666666666666667
12 0.5984375 0.08888888888888902 0.5505208333333333 0.08888888888888902 0.5505208333333333 0.15925925925925938 0.5984375 0.15925925925925938
11 0.540625 0.2583333333333334 0.5015625 0.2583333333333334 0.5015625 0.31851851851851865 0.540625 0.31851851851851865
2 0.41770833333333335 0.6925925925925925 0.3848958333333333 0.6925925925925925 0.3848958333333333 0.7398148148148148 0.41770833333333335 0.7398148148148148
2 0.3614583333333333 0.6916666666666667 0.32916666666666666 0.6916666666666667 0.32916666666666666 0.7398148148148148 0.3614583333333333 0.7398148148148148
8 0.5354166666666667 0.08703703703703715 0.5072916666666667 0.08703703703703715 0.5072916666666667 0.1351851851851853 0.5354166666666667 0.1351851851851853
0 0.5822916666666667 0.6962962962962965 0.5427083333333333 0.6962962962962965 0.5427083333333333 0.7592592592592595 0.5822916666666667 0.7592592592592595
7 0.6447916666666667 0.09814814814814828 0.6104166666666667 0.09814814814814828 0.6104166666666667 0.15555555555555572 0.6447916666666667 0.15555555555555572
6 0.3104166666666667 0.5055555555555555 0.275 0.5055555555555555 0.275 0.5740740740740741 0.3104166666666667 0.5740740740740741
4 0.5854166666666667 0.5250000000000002 0.5463541666666667 0.5250000000000002 0.5463541666666667 0.5879629629629631 0.5854166666666667 0.5879629629629631
11 0.3776041666666667 0.2462962962962964 0.3411458333333333 0.2462962962962964 0.3411458333333333 0.3064814814814816 0.3776041666666667 0.3064814814814816
10 0.5192708333333335 0.8638888888888892 0.4854166666666668 0.8638888888888892 0.4854166666666668 0.9231481481481484 0.5192708333333335 0.9231481481481484
2 0.47604166666666664 0.42777777777777787 0.44427083333333334 0.42777777777777787 0.44427083333333334 0.47962962962962963 0.47604166666666664 0.47962962962962963
5 0.5270833333333333 0.5990740740740743 0.4869791666666667 0.5990740740740743 0.4869791666666667 0.6648148148148151 0.5270833333333333 0.6648148148148151
13 0.47239583333333335 0.7722222222222223 0.4328125 0.7722222222222223 0.4328125 0.8398148148148148 0.47239583333333335 0.8398148148148148