3 0.3515625 0.6148148148148148 0.30885416666666665 0.6148148148148148 0.30885416666666665 0.6833333333333333 0.3515625 0.6833333333333333
2 0.6942708333333333 0.2333333333333335 0.6541666666666667 0.2333333333333335 0.6541666666666667 0.3000000000000001 0.6942708333333333 0.3000000000000001
7 0.3802083333333333 0.5296296296296297 0.32760416666666664 0.5296296296296297 0.32760416666666664 0.6166666666666667 0.3802083333333333 0.6166666666666667
4 0.6083333333333333 0.34259259259259267 0.5583333333333333 0.34259259259259267 0.5583333333333333 0.426851851851852 0.6083333333333333 0.426851851851852
12 0.48333333333333334 0.6064814814814815 0.421875 0.6064814814814815 0.421875 0.7092592592592593 0.48333333333333334 0.7092592592592593
2 0.5598958333333334 0.3000000000000001 0.5171875 0.3000000000000001 0.5171875 0.3712962962962964 0.5598958333333334 0.3712962962962964
4 0.5140625 0.25555555555555565 0.4625 0.25555555555555565 0.4625 0.3435185185185186 0.5140625 0.3435185185185186
2 0.5046875 0.0675925925925927 0.4630208333333333 0.0675925925925927 0.4630208333333333 0.1361111111111112 0.5046875 0.1361111111111112
11 0.390625 0.7212962962962963 0.3375 0.7212962962962963 0.3375 0.8101851851851852 0.390625 0.8101851851851852
0 0.571875 0.02962962962962975 0.5208333333333334 0.02962962962962975 0.5208333333333334 0.11296296296296308 0.571875 0.1129629629629631
11 0.4854166666666667 0.8129629629629631 0.4328125 0.812962962962963 0.43281250000000004 0.9000000000000001 0.4854166666666668 0.9000000000000002
3 0.5479166666666667 0.7833333333333335 0.50625 0.7833333333333335 0.50625 0.853703703703704 0.5479166666666667 0.853703703703704
1 0.45625 0.6851851851851852 0.40260416666666665 0.6851851851851852 0.40260416666666665 0.7731481481481481 0.45625 0.7731481481481481
10 0.6036458333333333 0.14166666666666677 0.5515625 0.14166666666666677 0.5515625 0.22685185185185194 0.6036458333333333 0.22685185185185194
1 0.4354166666666667 0.762962962962963 0.38125 0.762962962962963 0.38125 0.8527777777777777 0.4354166666666667 0.8527777777777777
7 0.5776041666666667 0.6944444444444446 0.5260416666666666 0.6944444444444446 0.5260416666666666 0.7805555555555558 0.5776041666666667 0.7805555555555558
6 0.6817708333333333 0.30277777777777787 0.63125 0.30277777777777787 0.63125 0.38796296296296306 0.6817708333333333 0.38796296296296306
13 0.5901041666666667 0.21018518518518528 0.5286458333333334 0.21018518518518528 0.5286458333333334 0.31203703703703717 0.5901041666666667 0.31203703703703717
8 0.5 0.7425925925925927 0.4578125 0.7425925925925926 0.4578125 0.8129629629629631 0.5 0.8129629629629632
9 0.5463541666666667 0.1101851851851853 0.5041666666666667 0.11018518518518529 0.5041666666666667 0.1787037037037038 0.5463541666666667 0.1787037037037038
5 0.5505208333333333 0.5814814814814817 0.4973958333333333 0.5814814814814817 0.4973958333333333 0.6703703703703706 0.5505208333333333 0.6703703703703706
3 0.5239583333333333 0.6601851851851853 0.48072916666666665 0.6601851851851852 0.48072916666666665 0.7314814814814816 0.5239583333333333 0.7314814814814817
2 0.5328125 0.18703703703703714 0.490625 0.18703703703703714 0.490625 0.2564814814814816 0.5328125 0.2564814814814816
6 0.4869791666666667 0.1324074074074075 0.4354166666666667 0.1324074074074075 0.4354166666666667 0.2185185185185186 0.4869791666666667 0.2185185185185186
8 0.403125 0.6601851851851852 0.3609375 0.6601851851851852 0.3609375 0.7296296296296296 0.403125 0.7296296296296296
0 0.6697916666666667 0.1092592592592594 0.6197916666666666 0.10925925925925939 0.6197916666666666 0.1907407407407409 0.6697916666666667 0.1907407407407409
5 0.446875 0.49722222222222223 0.3963541666666667 0.49722222222222223 0.3963541666666667 0.5805555555555556 0.446875 0.5805555555555556
9 0.646875 0.19722222222222238 0.6052083333333333 0.19722222222222238 0.6052083333333333 0.2703703703703705 0.646875 0.2703703703703705
10 0.6234375 0.07314814814814828 0.5734375 0.07314814814814828 0.5734375 0.1555555555555557 0.6234375 0.15555555555555572
3 0.4901041666666667 0.5361111111111112 0.45208333333333334 0.5361111111111111 0.45208333333333334 0.601851851851852 0.4901041666666667 0.6018518518518521
3 0.42135416666666664 0.5768518518518518 0.38229166666666664 0.5768518518518518 0.38229166666666664 0.6481481481481481 0.42135416666666664 0.6481481481481481
2 0.6317708333333333 0.26944444444444454 0.5927083333333333 0.26944444444444454 0.5927083333333333 0.3351851851851853 0.6317708333333333 0.3351851851851853