11 0.2546875 0.21481481481481488 0.21354166666666666 0.21481481481481488 0.21354166666666666 0.300925925925926 0.2546875 0.30092592592592604
5 0.27708333333333335 0.40092592592592596 0.234375 0.4009259259259259 0.23437500000000003 0.4888888888888889 0.27708333333333335 0.4888888888888889
4 0.6942708333333333 0.1657407407407409 0.6489583333333333 0.1657407407407409 0.6489583333333333 0.2537037037037038 0.6942708333333333 0.2537037037037038
11 0.35364583333333344 0.9148148148148149 0.3125000000000001 0.9148148148148149 0.3125000000000001 0.9824074074074074 0.35364583333333344 0.9824074074074074
4 0.7473958333333334 0.5425925925925928 0.7041666666666667 0.5425925925925928 0.7041666666666667 0.6305555555555558 0.7473958333333334 0.6305555555555558
7 0.3140625 0.6537037037037037 0.27239583333333334 0.6537037037037037 0.27239583333333334 0.737037037037037 0.3140625 0.737037037037037
7 0.2869791666666667 0.49074074074074076 0.2458333333333334 0.49074074074074076 0.2458333333333334 0.5740740740740741 0.2869791666666667 0.5740740740740741
13 0.3890625 0.5175925925925926 0.334375 0.5175925925925926 0.334375 0.6203703703703703 0.3890625 0.6203703703703703
0 0.6828125 0.07500000000000015 0.6385416666666667 0.07500000000000014 0.6385416666666667 0.16018518518518535 0.6828125 0.16018518518518535
1 0.26458333333333334 0.30370370370370375 0.221875 0.3037037037037037 0.221875 0.3898148148148149 0.26458333333333334 0.38981481481481495
2 0.6067708333333334 0.7037037037037039 0.571875 0.7037037037037039 0.571875 0.7750000000000002 0.6067708333333334 0.7750000000000002
0 0.7567708333333333 0.6231481481481483 0.7119791666666667 0.6231481481481483 0.7119791666666667 0.7120370370370372 0.7567708333333333 0.7120370370370372
12 0.6286458333333333 0.39444444444444454 0.5734375 0.39444444444444454 0.5734375 0.5009259259259261 0.6286458333333333 0.5009259259259261
6 0.7078125 0.2564814814814816 0.6630208333333333 0.2564814814814816 0.6630208333333333 0.3453703703703705 0.7078125 0.3453703703703705
3 0.46927083333333336 0.7833333333333333 0.4354166666666667 0.7833333333333333 0.4354166666666667 0.8537037037037037 0.46927083333333336 0.8537037037037037
5 0.3255208333333333 0.7546296296296297 0.284375 0.7546296296296297 0.284375 0.8407407407407408 0.3255208333333333 0.8407407407407408
10 0.7651041666666667 0.714814814814815 0.7197916666666667 0.714814814814815 0.7197916666666667 0.8009259259259262 0.7651041666666667 0.8009259259259262
2 0.5109375 0.3601851851851853 0.47552083333333334 0.3601851851851853 0.47552083333333334 0.43333333333333346 0.5109375 0.43333333333333346
2 0.5302083333333333 0.15462962962962973 0.4953125 0.15462962962962973 0.4953125 0.22685185185185194 0.5302083333333333 0.22685185185185194
3 0.4921875 0.5694444444444445 0.45729166666666665 0.5694444444444444 0.45729166666666665 0.6425925925925927 0.4921875 0.6425925925925928
3 0.39010416666666664 0.2250000000000001 0.3536458333333333 0.22500000000000006 0.3536458333333333 0.2962962962962964 0.39010416666666664 0.2962962962962964
2 0.6223958333333334 0.7953703703703706 0.5885416666666666 0.7953703703703706 0.5885416666666666 0.8666666666666669 0.6223958333333334 0.8666666666666669
2 0.5192708333333333 0.06481481481481492 0.484375 0.06481481481481492 0.484375 0.1361111111111112 0.5192708333333333 0.1361111111111112
3 0.37552083333333336 0.13425925925925933 0.3411458333333333 0.1342592592592593 0.3411458333333333 0.20462962962962972 0.37552083333333336 0.20462962962962974
10 0.6640625 1.3975714629158453e-16 0.6197916666666666 1.349379343504954e-16 0.6197916666666666 0.06759259259259272 0.6640625 0.06759259259259272
1 0.34114583333333337 0.8342592592592593 0.29791666666666666 0.8342592592592593 0.2979166666666667 0.9231481481481482 0.3411458333333334 0.9231481481481482
8 0.6078125 0.31481481481481494 0.571875 0.31481481481481494 0.571875 0.38611111111111124 0.6078125 0.38611111111111124
6 0.7338541666666667 0.4453703703703705 0.6901041666666666 0.44537037037037047 0.6901041666666666 0.5305555555555558 0.7338541666666667 0.5305555555555558
9 0.39166666666666666 0.6277777777777778 0.35572916666666665 0.6277777777777778 0.35572916666666665 0.6981481481481482 0.39166666666666666 0.6981481481481482
8 0.6333333333333333 0.5064814814814816 0.5979166666666667 0.5064814814814816 0.5979166666666667 0.5796296296296298 0.6333333333333333 0.5796296296296298
3 0.4822916666666668 0.8675925925925926 0.44427083333333345 0.8675925925925926 0.44427083333333345 0.9342592592592592 0.4822916666666668 0.9342592592592592
9 0.3734375 0.4425925925925927 0.3328125 0.4425925925925927 0.3328125 0.5166666666666667 0.3734375 0.5166666666666667