0 0.26927083333333335 0.2055555555555556 0.22395833333333334 0.2055555555555556 0.22395833333333334 0.2907407407407408 0.26927083333333335 0.29074074074074086
4 0.3125 0.1657407407407408 0.2682291666666667 0.1657407407407408 0.2682291666666667 0.24907407407407417 0.3125 0.24907407407407417
7 0.4479166666666667 0.6694444444444444 0.4 0.6694444444444444 0.4 0.7574074074074074 0.4479166666666667 0.7574074074074074
2 0.5953125 0.21111111111111122 0.5609375 0.21111111111111122 0.5609375 0.27962962962962973 0.5953125 0.27962962962962973
7 0.7208333333333333 0.44537037037037047 0.6776041666666667 0.44537037037037047 0.6776041666666667 0.527777777777778 0.7208333333333333 0.527777777777778
6 0.6270833333333333 0.08981481481481494 0.5833333333333334 0.08981481481481494 0.5833333333333334 0.17129629629629642 0.6270833333333333 0.17129629629629645
2 0.6791666666666667 0.14166666666666683 0.6463541666666667 0.14166666666666683 0.6463541666666667 0.20740740740740757 0.6791666666666667 0.20740740740740757
3 0.6489583333333333 0.4250000000000001 0.6145833333333334 0.4250000000000001 0.6145833333333334 0.4925925925925928 0.6489583333333333 0.4925925925925928
3 0.7322916666666667 0.34907407407407426 0.6984375 0.3490740740740742 0.6984375 0.41481481481481497 0.7322916666666667 0.414814814814815
13 0.6036458333333333 0.6361111111111113 0.5510416666666667 0.6361111111111113 0.5510416666666667 0.7351851851851854 0.6036458333333333 0.7351851851851854
2 0.4083333333333333 0.35185185185185197 0.3734375 0.35185185185185197 0.3734375 0.4185185185185186 0.4083333333333333 0.4185185185185186
1 0.7890625 0.5379629629629632 0.7473958333333334 0.5379629629629632 0.7473958333333334 0.6194444444444447 0.7890625 0.6194444444444447
2 0.3145833333333333 0.42777777777777787 0.278125 0.42777777777777787 0.278125 0.4981481481481482 0.3145833333333333 0.4981481481481482
2 0.5015625 0.2722222222222223 0.4661458333333333 0.2722222222222223 0.4661458333333333 0.34074074074074084 0.5015625 0.34074074074074084
3 0.5598958333333334 0.5074074074074076 0.5255208333333333 0.5074074074074076 0.5255208333333333 0.5750000000000002 0.5598958333333334 0.5750000000000002
12 0.4817708333333333 0.11666666666666677 0.42864583333333334 0.11666666666666677 0.42864583333333334 0.21666666666666679 0.4817708333333333 0.21666666666666679
3 0.4734375 0.5777777777777777 0.434375 0.5777777777777777 0.434375 0.6481481481481481 0.4734375 0.6481481481481481
8 0.49270833333333336 0.024074074074074175 0.45625 0.02407407407407417 0.45625 0.09444444444444455 0.49270833333333336 0.09444444444444455
4 0.5375 0.0009259259259260382 0.49270833333333336 0.0009259259259260333 0.49270833333333336 0.08796296296296306 0.5375 0.08796296296296306
6 0.3489583333333333 0.31203703703703717 0.29791666666666666 0.31203703703703717 0.29791666666666666 0.40555555555555567 0.3489583333333333 0.40555555555555567
3 0.37864583333333335 0.6564814814814814 0.34010416666666665 0.6564814814814814 0.34010416666666665 0.7277777777777777 0.37864583333333335 0.7277777777777777
8 0.40572916666666664 0.09722222222222231 0.37135416666666665 0.09722222222222231 0.37135416666666665 0.16203703703703715 0.40572916666666664 0.16203703703703715
0 0.6223958333333334 1.3096917157548084e-16 0.5807291666666666 1.264334426897499e-16 0.5807291666666666 0.008333333333333463 0.6223958333333334 0.008333333333333469
11 0.5333333333333333 0.7814814814814817 0.48489583333333336 0.7814814814814817 0.4848958333333334 0.8694444444444447 0.5333333333333333 0.8694444444444447
5 0.4833333333333334 0.8166666666666667 0.43802083333333336 0.8166666666666667 0.4380208333333334 0.9027777777777778 0.48333333333333345 0.9027777777777778
5 0.74375 0.589814814814815 0.7005208333333334 0.589814814814815 0.7005208333333334 0.6712962962962965 0.74375 0.6712962962962965
1 0.44739583333333344 0.8611111111111112 0.3979166666666668 0.8611111111111112 0.3979166666666668 0.9527777777777777 0.44739583333333344 0.9527777777777777
11 0.7088541666666667 0.6287037037037039 0.665625 0.6287037037037039 0.665625 0.7111111111111114 0.7088541666666667 0.7111111111111114
10 0.584375 1.2201110702616225e-16 0.5364583333333334 1.1679501880757164e-16 0.5364583333333334 0.05462962962962976 0.584375 0.054629629629629764
10 0.3619791666666667 0.12592592592592597 0.3140625 0.12592592592592597 0.3140625 0.21018518518518522 0.3619791666666667 0.21018518518518522
9 0.6697916666666667 0.6666666666666669 0.6265625 0.6666666666666669 0.6265625 0.7435185185185187 0.6697916666666667 0.7435185185185187
9 0.5739583333333333 0.7472222222222225 0.5359375 0.7472222222222225 0.5359375 0.8175925925925928 0.5739583333333333 0.8175925925925928