2 0.6432291666666666 0.5462962962962965 0.6177083333333333 0.5462962962962965 0.6177083333333333 0.5916666666666669 0.6432291666666666 0.5916666666666669
0 0.7484375 0.7472222222222225 0.7161458333333334 0.7472222222222225 0.7161458333333334 0.8055555555555558 0.7484375 0.8055555555555558
7 0.684375 0.23240740740740756 0.6515625 0.23240740740740756 0.6515625 0.288888888888889 0.684375 0.288888888888889
4 0.6510416666666666 0.7731481481481484 0.6177083333333333 0.7731481481481484 0.6177083333333333 0.8342592592592595 0.6510416666666666 0.8342592592592595
2 0.540625 0.552777777777778 0.5145833333333333 0.552777777777778 0.5145833333333333 0.5990740740740743 0.540625 0.5990740740740743
2 0.44427083333333334 0.5546296296296296 0.41822916666666665 0.5546296296296296 0.41822916666666665 0.6027777777777777 0.44427083333333334 0.6027777777777777
2 0.346875 0.5592592592592592 0.32083333333333336 0.5592592592592592 0.32083333333333336 0.6055555555555555 0.346875 0.6055555555555555
7 0.4036458333333333 0.2666666666666668 0.3703125 0.2666666666666668 0.3703125 0.32314814814814824 0.4036458333333333 0.32314814814814824
11 0.446875 0.1111111111111112 0.415625 0.11111111111111119 0.415625 0.16481481481481491 0.446875 0.16481481481481491
10 0.7020833333333333 0.7638888888888891 0.66875 0.7638888888888891 0.66875 0.8250000000000002 0.7020833333333333 0.8250000000000002
11 0.63125 0.08796296296296309 0.5994791666666667 0.08796296296296309 0.5994791666666667 0.14444444444444457 0.63125 0.1444444444444446
1 0.721875 0.09444444444444461 0.6895833333333333 0.09444444444444461 0.6895833333333333 0.1472222222222224 0.721875 0.1472222222222224
12 0.559375 0.6916666666666669 0.5182291666666666 0.6916666666666669 0.5182291666666666 0.7657407407407409 0.559375 0.7657407407407409
0 0.3494791666666667 0.7814814814814814 0.3151041666666667 0.7814814814814814 0.3151041666666667 0.8425925925925926 0.3494791666666667 0.8425925925925926
3 0.73125 0.3009259259259261 0.70625 0.30092592592592604 0.70625 0.3472222222222224 0.73125 0.34722222222222243
3 0.3494791666666667 0.3314814814814816 0.3229166666666667 0.3314814814814816 0.3229166666666667 0.37592592592592605 0.3494791666666667 0.37592592592592605
3 0.6338541666666667 0.313888888888889 0.6072916666666667 0.313888888888889 0.6072916666666667 0.3592592592592594 0.6338541666666667 0.3592592592592594
13 0.5453125 0.15740740740740752 0.50625 0.15740740740740752 0.50625 0.22407407407407418 0.5453125 0.22407407407407418
10 0.4505208333333333 0.7861111111111111 0.4166666666666667 0.7861111111111111 0.4166666666666667 0.8462962962962963 0.4505208333333333 0.8462962962962963
3 0.5369791666666667 0.31944444444444453 0.5109375 0.31944444444444453 0.5109375 0.3648148148148149 0.5369791666666667 0.3648148148148149
6 0.696875 0.6046296296296299 0.6640625 0.6046296296296299 0.6640625 0.6638888888888891 0.696875 0.6638888888888891
3 0.43854166666666666 0.32314814814814824 0.41302083333333334 0.32314814814814824 0.41302083333333334 0.36851851851851863 0.43854166666666666 0.36851851851851863
9 0.4890625 0.10462962962962974 0.4635416666666667 0.10462962962962974 0.4635416666666667 0.14722222222222234 0.4890625 0.14722222222222234
8 0.4901041666666667 0.7805555555555557 0.4635416666666667 0.7805555555555556 0.4635416666666667 0.8277777777777778 0.4901041666666667 0.827777777777778
8 0.5947916666666667 0.7787037037037039 0.5682291666666667 0.7787037037037039 0.5682291666666667 0.8268518518518521 0.5947916666666667 0.8268518518518521
1 0.35885416666666664 0.11666666666666675 0.3265625 0.11666666666666675 0.3265625 0.17037037037037042 0.35885416666666664 0.17037037037037042
2 0.7338541666666667 0.5314814814814817 0.7072916666666667 0.5314814814814817 0.7072916666666667 0.577777777777778 0.7338541666666667 0.577777777777778
5 0.39895833333333336 0.11388888888888897 0.36822916666666666 0.11388888888888897 0.36822916666666666 0.1675925925925927 0.39895833333333336 0.1675925925925927
4 0.396875 0.7861111111111111 0.36302083333333335 0.7861111111111111 0.36302083333333335 0.8444444444444444 0.396875 0.8444444444444444
6 0.396875 0.6305555555555555 0.3640625 0.6305555555555555 0.3640625 0.6916666666666667 0.396875 0.6916666666666667
5 0.6765625 0.09166666666666681 0.6432291666666666 0.0916666666666668 0.6432291666666666 0.1481481481481483 0.6765625 0.1481481481481483
9 0.5786458333333333 0.10185185185185198 0.5520833333333334 0.10185185185185198 0.5520833333333334 0.14537037037037048 0.5786458333333333 0.14537037037037048