7 0.6947916666666667 0.6944444444444446 0.6583333333333333 0.6944444444444446 0.6583333333333333 0.7500000000000002 0.6947916666666667 0.7500000000000002
13 0.546875 0.7490740740740743 0.5 0.7490740740740743 0.5 0.8175925925925928 0.546875 0.8175925925925928
1 0.7416666666666667 0.8490740740740743 0.7026041666666667 0.8490740740740743 0.7026041666666667 0.9083333333333335 0.7416666666666667 0.9083333333333335
2 0.5473958333333333 0.363888888888889 0.5171875 0.363888888888889 0.5171875 0.4074074074074075 0.5473958333333333 0.4074074074074075
3 0.4354166666666667 0.5944444444444444 0.4046875 0.5944444444444444 0.4046875 0.6388888888888888 0.4354166666666667 0.6388888888888888
3 0.6427083333333333 0.6111111111111113 0.6104166666666667 0.6111111111111113 0.6104166666666667 0.6546296296296299 0.6427083333333333 0.6546296296296299
2 0.7416666666666667 0.37129629629629646 0.7125 0.3712962962962964 0.7125 0.4157407407407409 0.7416666666666667 0.41574074074074097
7 0.3848958333333333 0.6777777777777778 0.3463541666666667 0.6777777777777778 0.3463541666666667 0.7333333333333333 0.3848958333333333 0.7333333333333333
6 0.6895833333333333 0.2898148148148149 0.6541666666666667 0.2898148148148149 0.6541666666666667 0.34259259259259267 0.6895833333333333 0.34259259259259267
3 0.7390625 0.6129629629629632 0.7098958333333333 0.6129629629629632 0.7098958333333333 0.6574074074074077 0.7390625 0.6574074074074077
3 0.340625 0.5851851851851851 0.3098958333333333 0.5851851851851851 0.3098958333333333 0.6296296296296297 0.340625 0.6296296296296297
2 0.6427083333333333 0.3712962962962964 0.6125 0.3712962962962964 0.6125 0.4129629629629631 0.6427083333333333 0.4129629629629631
1 0.34322916666666675 0.8287037037037037 0.30572916666666666 0.8287037037037037 0.3057291666666667 0.887962962962963 0.3432291666666668 0.887962962962963
11 0.4390625000000001 0.8416666666666667 0.4010416666666667 0.8416666666666667 0.40104166666666674 0.899074074074074 0.43906250000000013 0.899074074074074
8 0.5104166666666666 0.1351851851851853 0.48125 0.1351851851851853 0.48125 0.1750000000000001 0.5104166666666666 0.1750000000000001
2 0.44427083333333334 0.35092592592592603 0.4140625 0.35092592592592603 0.4140625 0.3935185185185186 0.44427083333333334 0.3935185185185186
2 0.35260416666666666 0.35648148148148157 0.3234375 0.35648148148148157 0.3234375 0.3990740740740742 0.35260416666666666 0.3990740740740742
12 0.5567708333333333 0.19351851851851862 0.5125 0.19351851851851862 0.5125 0.25740740740740753 0.5567708333333333 0.25740740740740753
8 0.5963541666666666 0.14722222222222234 0.5666666666666667 0.14722222222222234 0.5666666666666667 0.18703703703703714 0.5963541666666666 0.18703703703703714
6 0.403125 0.2722222222222223 0.3671875 0.2722222222222223 0.3671875 0.3250000000000001 0.403125 0.3250000000000001
5 0.39322916666666674 0.8324074074074074 0.35520833333333335 0.8324074074074074 0.3552083333333334 0.8898148148148148 0.3932291666666668 0.8898148148148148
4 0.6515625 0.14537037037037054 0.6171875 0.14537037037037054 0.6171875 0.19537037037037053 0.6515625 0.19537037037037053
10 0.4114583333333333 0.12962962962962973 0.37552083333333336 0.12962962962962973 0.37552083333333336 0.18055555555555566 0.4114583333333333 0.18055555555555566
3 0.5385416666666667 0.6101851851851854 0.5083333333333333 0.6101851851851854 0.5083333333333333 0.6537037037037039 0.5385416666666667 0.6537037037037039
9 0.4859375000000001 0.8472222222222223 0.4557291666666667 0.8472222222222222 0.45572916666666674 0.8935185185185186 0.48593750000000013 0.8935185185185187
5 0.64375 0.839814814814815 0.6046875 0.839814814814815 0.6046875 0.8972222222222225 0.64375 0.8972222222222225
9 0.584375 0.8546296296296299 0.5520833333333334 0.8546296296296299 0.5520833333333334 0.902777777777778 0.584375 0.902777777777778
4 0.45989583333333334 0.12222222222222233 0.4239583333333333 0.12222222222222233 0.4239583333333333 0.1750000000000001 0.45989583333333334 0.1750000000000001
0 0.35885416666666664 0.11296296296296304 0.32447916666666665 0.11296296296296304 0.32447916666666665 0.16851851851851857 0.35885416666666664 0.16851851851851857
0 0.74375 0.15462962962962978 0.7119791666666667 0.15462962962962978 0.7119791666666667 0.21111111111111128 0.74375 0.21111111111111128
10 0.6927083333333334 0.1444444444444446 0.6604166666666667 0.1444444444444446 0.6604166666666667 0.201851851851852 0.6927083333333334 0.201851851851852
11 0.6932291666666667 0.8462962962962965 0.6588541666666666 0.8462962962962965 0.6588541666666666 0.9148148148148151 0.6932291666666667 0.9148148148148151