10 0.421875 0.3277777777777779 0.378125 0.3277777777777779 0.378125 0.40185185185185196 0.421875 0.40185185185185196
6 0.43020833333333336 0.6361111111111111 0.3848958333333333 0.6361111111111111 0.3848958333333333 0.7138888888888889 0.43020833333333336 0.7138888888888889
7 0.4973958333333333 0.7481481481481482 0.45 0.7481481481481481 0.45 0.8277777777777778 0.4973958333333333 0.827777777777778
13 0.525 0.46944444444444455 0.46875 0.46944444444444455 0.46875 0.5657407407407409 0.525 0.565740740740741
3 0.5541666666666667 0.6425925925925928 0.5166666666666667 0.6425925925925928 0.5166666666666667 0.7064814814814817 0.5541666666666667 0.7064814814814817
11 0.309375 0.649074074074074 0.26406250000000003 0.649074074074074 0.26406250000000003 0.725925925925926 0.309375 0.725925925925926
3 0.49635416666666676 0.8703703703703705 0.4578125000000001 0.8703703703703703 0.4578125000000001 0.9342592592592593 0.49635416666666676 0.9342592592592595
3 0.24166666666666672 0.5592592592592592 0.20781250000000007 0.5592592592592592 0.20781250000000007 0.6185185185185185 0.24166666666666672 0.6185185185185185
9 0.4796875 0.438888888888889 0.4432291666666667 0.438888888888889 0.4432291666666667 0.5 0.4796875 0.5
10 0.40625000000000006 0.8083333333333333 0.35989583333333336 0.8083333333333333 0.3598958333333334 0.8861111111111111 0.4062500000000001 0.8861111111111111
2 0.3984375 0.7101851851851851 0.3619791666666667 0.7101851851851851 0.3619791666666667 0.7722222222222223 0.3984375 0.7722222222222223
2 0.36302083333333335 0.549074074074074 0.32708333333333334 0.549074074074074 0.32708333333333334 0.6101851851851852 0.36302083333333335 0.6101851851851852
3 0.36822916666666666 0.6574074074074074 0.33229166666666665 0.6574074074074074 0.33229166666666665 0.7185185185185186 0.36822916666666666 0.7185185185185186
2 0.3307291666666667 0.4074074074074075 0.2953125 0.4074074074074075 0.2953125 0.4685185185185186 0.3307291666666667 0.4685185185185186
8 0.2838541666666667 0.8092592592592592 0.2598958333333334 0.8092592592592592 0.2598958333333334 0.8444444444444444 0.2838541666666667 0.8444444444444444
0 0.42916666666666664 0.5314814814814814 0.38333333333333336 0.5314814814814814 0.38333333333333336 0.6092592592592593 0.42916666666666664 0.6092592592592593
4 0.3390625 0.7046296296296296 0.2953125 0.7046296296296296 0.2953125 0.7787037037037037 0.3390625 0.7787037037037037
7 0.5479166666666667 0.4231481481481483 0.5020833333333333 0.4231481481481483 0.5020833333333333 0.5009259259259261 0.5479166666666667 0.5009259259259261
5 0.22604166666666672 0.7 0.19218750000000007 0.7 0.19218750000000007 0.7537037037037037 0.22604166666666672 0.7537037037037037
2 0.4328125 0.7592592592592593 0.3958333333333333 0.7592592592592593 0.3958333333333333 0.8222222222222222 0.4328125 0.8222222222222222
9 0.4869791666666667 0.538888888888889 0.45 0.5388888888888889 0.45 0.6009259259259261 0.4869791666666667 0.6009259259259261
0 0.49322916666666666 0.6425925925925927 0.4473958333333333 0.6425925925925926 0.4473958333333333 0.7203703703703704 0.49322916666666666 0.7203703703703705
4 0.2510416666666667 0.649074074074074 0.2083333333333334 0.649074074074074 0.2083333333333334 0.7203703703703703 0.2510416666666667 0.7203703703703703
6 0.4239583333333333 0.43425925925925934 0.3796875 0.43425925925925934 0.3796875 0.5101851851851852 0.4239583333333333 0.5101851851851852
3 0.33177083333333335 0.5027777777777778 0.296875 0.5027777777777778 0.296875 0.5611111111111111 0.33177083333333335 0.5611111111111111
2 0.5927083333333333 0.8064814814814817 0.5552083333333333 0.8064814814814817 0.5552083333333333 0.8703703703703706 0.5927083333333333 0.8703703703703706
5 0.3614583333333333 0.44351851851851865 0.3171875 0.44351851851851865 0.3171875 0.5194444444444445 0.3614583333333333 0.5194444444444445
8 0.30572916666666666 0.7583333333333333 0.26927083333333335 0.7583333333333333 0.26927083333333335 0.8203703703703704 0.30572916666666666 0.8203703703703704
11 0.621875 0.6296296296296299 0.5723958333333333 0.6296296296296299 0.5723958333333333 0.7138888888888891 0.621875 0.7138888888888891
1 0.2583333333333334 0.7518518518518519 0.2255208333333334 0.7518518518518519 0.2255208333333334 0.8018518518518518 0.2583333333333334 0.8018518518518518