0 0.4859375 0.6583333333333334 0.4390625 0.6583333333333333 0.4390625 0.7453703703703705 0.4859375 0.7453703703703706
2 0.5463541666666667 0.7018518518518521 0.5098958333333333 0.7018518518518521 0.5098958333333333 0.7694444444444447 0.5463541666666667 0.7694444444444447
12 0.64375 0.31296296296296305 0.5854166666666667 0.31296296296296305 0.5854166666666667 0.42037037037037045 0.64375 0.42037037037037045
13 0.38958333333333334 0.6407407407407407 0.33177083333333335 0.6407407407407407 0.33177083333333335 0.7481481481481481 0.38958333333333334 0.7481481481481481
7 0.4546875 0.3870370370370371 0.40572916666666664 0.3870370370370371 0.40572916666666664 0.4777777777777778 0.4546875 0.4777777777777778
11 0.6296875 0.6240740740740743 0.5833333333333334 0.6240740740740743 0.5833333333333334 0.7101851851851854 0.6296875 0.7101851851851854
3 0.5697916666666667 0.7731481481481484 0.5328125 0.7731481481481484 0.5328125 0.8416666666666669 0.5697916666666667 0.8416666666666669
3 0.46510416666666665 0.27314814814814825 0.42604166666666665 0.27314814814814825 0.42604166666666665 0.3453703703703705 0.46510416666666665 0.3453703703703705
10 0.45989583333333345 0.8768518518518519 0.4140625000000001 0.8768518518518519 0.4140625000000001 0.962037037037037 0.45989583333333345 0.962037037037037
9 0.4078125 0.7361111111111112 0.3697916666666667 0.7361111111111112 0.3697916666666667 0.8074074074074075 0.4078125 0.8074074074074075
3 0.5614583333333333 0.5861111111111114 0.5239583333333333 0.5861111111111114 0.5239583333333333 0.6546296296296299 0.5614583333333333 0.6546296296296299
3 0.671875 0.777777777777778 0.6354166666666666 0.777777777777778 0.6354166666666666 0.8444444444444447 0.671875 0.8444444444444447
3 0.3671875 0.46759259259259267 0.32864583333333336 0.46759259259259267 0.32864583333333336 0.5388888888888889 0.3671875 0.5388888888888889
2 0.5104166666666666 0.4361111111111112 0.471875 0.4361111111111112 0.471875 0.5074074074074075 0.5104166666666666 0.5074074074074076
2 0.540625 0.5120370370370373 0.503125 0.5120370370370373 0.503125 0.5814814814814817 0.540625 0.5814814814814817
6 0.5057291666666667 0.5472222222222223 0.4578125 0.5472222222222223 0.4578125 0.6361111111111112 0.5057291666666667 0.6361111111111113
10 0.55625 0.38981481481481495 0.5078125 0.38981481481481495 0.5078125 0.47962962962962985 0.55625 0.47962962962962985
7 0.34791666666666665 0.6898148148148148 0.30052083333333335 0.6898148148148148 0.30052083333333335 0.7777777777777778 0.34791666666666665 0.7777777777777778
4 0.60625 0.5462962962962965 0.5609375 0.5462962962962965 0.5609375 0.6305555555555558 0.60625 0.6305555555555558
6 0.475 0.7657407407407407 0.42864583333333334 0.7657407407407407 0.42864583333333334 0.8527777777777777 0.475 0.8527777777777777
5 0.5421875 0.8009259259259262 0.4953125 0.8009259259259262 0.49531250000000004 0.8879629629629632 0.5421875 0.8879629629629632
9 0.4197916666666667 0.6259259259259259 0.38177083333333334 0.6259259259259259 0.38177083333333334 0.6962962962962963 0.4197916666666667 0.6962962962962963
8 0.6723958333333333 0.4861111111111113 0.6348958333333333 0.4861111111111113 0.6348958333333333 0.5546296296296298 0.6723958333333333 0.5546296296296298
0 0.4390625 0.49722222222222223 0.39166666666666666 0.49722222222222223 0.39166666666666666 0.5842592592592593 0.4390625 0.5842592592592593
1 0.7005208333333334 0.5537037037037039 0.6552083333333333 0.5537037037037039 0.6552083333333333 0.6379629629629632 0.7005208333333334 0.6379629629629632
2 0.559375 0.8787037037037039 0.5223958333333335 0.8787037037037039 0.5223958333333335 0.9462962962962965 0.559375 0.9462962962962965
5 0.7223958333333333 0.6296296296296299 0.6765625 0.6296296296296299 0.6765625 0.714814814814815 0.7223958333333333 0.714814814814815
1 0.5197916666666667 0.11574074074074085 0.4713541666666667 0.11574074074074085 0.4713541666666667 0.20555555555555566 0.5197916666666667 0.20555555555555566
2 0.35885416666666664 0.2740740740740742 0.31979166666666664 0.2740740740740742 0.31979166666666664 0.3462962962962964 0.35885416666666664 0.3462962962962964
8 0.6411458333333333 0.5250000000000002 0.6046875 0.5250000000000002 0.6046875 0.5935185185185188 0.6411458333333333 0.5935185185185188
11 0.31197916666666664 0.4185185185185186 0.26145833333333335 0.4185185185185186 0.26145833333333335 0.5120370370370371 0.31197916666666664 0.5120370370370371
4 0.6901041666666666 0.6648148148148151 0.6421875 0.6648148148148151 0.6421875 0.7537037037037039 0.6901041666666666 0.7537037037037039