1 0.559375 0.8092592592592595 0.5171875 0.8092592592592595 0.5171875 0.8768518518518521 0.559375 0.8768518518518521
2 0.4203125 0.20092592592592604 0.38645833333333335 0.20092592592592604 0.38645833333333335 0.25555555555555565 0.4203125 0.25555555555555565
11 0.5052083333333335 0.8953703703703705 0.46302083333333344 0.8953703703703704 0.46302083333333344 0.9611111111111111 0.5052083333333335 0.9611111111111111
5 0.4921875 0.6462962962962964 0.4505208333333333 0.6462962962962963 0.4505208333333333 0.712962962962963 0.4921875 0.7129629629629631
4 0.5932291666666667 0.388888888888889 0.5515625 0.388888888888889 0.5515625 0.45740740740740754 0.5932291666666667 0.45740740740740754
6 0.6442708333333333 0.2981481481481483 0.6020833333333333 0.2981481481481483 0.6020833333333333 0.3675925925925927 0.6442708333333333 0.3675925925925927
7 0.4427083333333333 0.7222222222222222 0.4015625 0.7222222222222222 0.4015625 0.7870370370370371 0.4427083333333333 0.7870370370370371
7 0.6578125 0.7425925925925928 0.6171875 0.7425925925925928 0.6171875 0.8111111111111113 0.6578125 0.8111111111111113
3 0.6609375 0.8296296296296298 0.6270833333333333 0.8296296296296298 0.6270833333333333 0.8898148148148151 0.6609375 0.8898148148148151
3 0.4489583333333334 0.8138888888888889 0.4114583333333333 0.8138888888888889 0.41145833333333337 0.8703703703703703 0.44895833333333346 0.8703703703703703
8 0.6041666666666666 0.827777777777778 0.5692708333333333 0.827777777777778 0.5692708333333333 0.8814814814814816 0.6041666666666666 0.8814814814814816
3 0.5515625 0.6490740740740742 0.5145833333333333 0.6490740740740742 0.5145833333333333 0.7120370370370372 0.5515625 0.7120370370370372
5 0.60625 0.6564814814814817 0.5635416666666667 0.6564814814814817 0.5635416666666667 0.7240740740740743 0.60625 0.7240740740740743
4 0.4864583333333333 0.3814814814814816 0.44427083333333334 0.3814814814814816 0.44427083333333334 0.450925925925926 0.4864583333333333 0.450925925925926
13 0.5401041666666667 0.28333333333333344 0.4875 0.28333333333333344 0.4875 0.36574074074074087 0.5401041666666667 0.36574074074074087
2 0.5369791666666667 0.3833333333333334 0.49947916666666664 0.3833333333333334 0.49947916666666664 0.4425925925925927 0.5369791666666667 0.4425925925925927
3 0.6046875 0.7370370370370373 0.5713541666666667 0.7370370370370373 0.5713541666666667 0.8037037037037039 0.6046875 0.8037037037037039
9 0.5859375 0.2212962962962964 0.5510416666666667 0.2212962962962964 0.5510416666666667 0.2814814814814816 0.5859375 0.2814814814814816
2 0.634375 0.21388888888888902 0.6005208333333333 0.213888888888889 0.6005208333333333 0.2685185185185186 0.634375 0.2685185185185186
8 0.4989583333333334 0.8194444444444445 0.465625 0.8194444444444444 0.46562500000000007 0.8722222222222223 0.49895833333333345 0.8722222222222225
11 0.6104166666666667 0.8990740740740742 0.5692708333333333 0.8990740740740742 0.5692708333333333 0.9638888888888889 0.6104166666666667 0.9638888888888889
3 0.4947916666666667 0.7314814814814816 0.45989583333333334 0.7314814814814815 0.45989583333333334 0.788888888888889 0.4947916666666667 0.7888888888888891
1 0.5619791666666667 0.8962962962962965 0.5197916666666668 0.8962962962962965 0.5197916666666668 0.9629629629629629 0.5619791666666667 0.9629629629629629
12 0.5572916666666666 0.7231481481481483 0.5078125 0.7231481481481483 0.5078125 0.8138888888888891 0.5572916666666666 0.8138888888888891
2 0.4734375 0.288888888888889 0.4375 0.288888888888889 0.4375 0.35277777777777786 0.4734375 0.35277777777777786
10 0.5333333333333333 0.2027777777777779 0.49270833333333336 0.2027777777777779 0.49270833333333336 0.27685185185185196 0.5333333333333333 0.27685185185185196
2 0.5828125 0.3000000000000001 0.5489583333333333 0.3000000000000001 0.5489583333333333 0.35833333333333345 0.5828125 0.35833333333333345
0 0.47604166666666664 0.10925925925925936 0.43333333333333335 0.10925925925925936 0.43333333333333335 0.18425925925925937 0.47604166666666664 0.18425925925925937
0 0.5859375 0.12870370370370382 0.5447916666666667 0.12870370370370382 0.5447916666666667 0.2000000000000001 0.5859375 0.2000000000000001
6 0.4239583333333333 0.28055555555555567 0.3828125 0.28055555555555567 0.3828125 0.3555555555555557 0.4239583333333333 0.3555555555555557
10 0.5270833333333333 0.11851851851851862 0.4869791666666667 0.11851851851851862 0.4869791666666667 0.19074074074074085 0.5270833333333333 0.19074074074074085
9 0.47291666666666665 0.213888888888889 0.4390625 0.213888888888889 0.4390625 0.2750000000000001 0.47291666666666665 0.2750000000000001