12 0.4942708333333333 0.2777777777777779 0.4348958333333333 0.2777777777777779 0.4348958333333333 0.38055555555555565 0.4942708333333333 0.38055555555555565
5 0.5755208333333334 0.7814814814814817 0.5286458333333334 0.7814814814814817 0.5286458333333334 0.8620370370370373 0.5755208333333334 0.8620370370370373
7 0.3104166666666667 0.2879629629629631 0.26145833333333335 0.2879629629629631 0.26145833333333335 0.37222222222222234 0.3104166666666667 0.37222222222222234
9 0.3895833333333334 0.8027777777777778 0.353125 0.8027777777777778 0.3531250000000001 0.8648148148148148 0.38958333333333345 0.8648148148148148
7 0.5489583333333333 0.12870370370370382 0.5 0.12870370370370382 0.5 0.21296296296296308 0.5489583333333333 0.21296296296296308
5 0.34375 0.6546296296296297 0.29583333333333334 0.6546296296296297 0.29583333333333334 0.737037037037037 0.34375 0.737037037037037
4 0.41041666666666665 0.13611111111111118 0.3619791666666667 0.13611111111111115 0.3619791666666667 0.21944444444444453 0.41041666666666665 0.21944444444444455
3 0.5286458333333334 0.5814814814814817 0.490625 0.5814814814814817 0.490625 0.6481481481481484 0.5286458333333334 0.6481481481481484
2 0.3489583333333333 0.3694444444444446 0.3098958333333333 0.3694444444444446 0.3098958333333333 0.43703703703703717 0.3489583333333333 0.43703703703703717
3 0.3927083333333333 0.5824074074074074 0.35572916666666665 0.5824074074074074 0.35572916666666665 0.6462962962962963 0.3927083333333333 0.6462962962962963
3 0.2984375 0.5916666666666667 0.2614583333333334 0.5916666666666667 0.2614583333333334 0.6555555555555556 0.2984375 0.6555555555555556
11 0.5411458333333333 0.5083333333333335 0.49114583333333334 0.5083333333333335 0.49114583333333334 0.5944444444444447 0.5411458333333333 0.5944444444444447
0 0.6458333333333334 0.13333333333333347 0.5963541666666666 0.13333333333333344 0.5963541666666666 0.21759259259259273 0.6458333333333334 0.21759259259259275
3 0.43697916666666664 0.5898148148148148 0.39895833333333336 0.5898148148148148 0.39895833333333336 0.6555555555555556 0.43697916666666664 0.6555555555555556
11 0.3520833333333334 0.7898148148148149 0.3072916666666667 0.7898148148148149 0.30729166666666674 0.8666666666666667 0.35208333333333347 0.8666666666666667
8 0.3953125 0.2222222222222223 0.3567708333333333 0.22222222222222227 0.3567708333333333 0.288888888888889 0.3953125 0.288888888888889
2 0.43645833333333334 0.44351851851851865 0.39791666666666664 0.44351851851851865 0.39791666666666664 0.5101851851851852 0.43645833333333334 0.5101851851851852
10 0.5296875 0.7240740740740742 0.48333333333333334 0.7240740740740741 0.48333333333333334 0.8037037037037038 0.5296875 0.8037037037037039
8 0.44375 0.213888888888889 0.40520833333333334 0.213888888888889 0.40520833333333334 0.28055555555555567 0.44375 0.28055555555555567
6 0.5911458333333334 0.2787037037037038 0.5416666666666666 0.2787037037037038 0.5416666666666666 0.363888888888889 0.5911458333333334 0.363888888888889
2 0.6270833333333333 0.3574074074074075 0.5880208333333333 0.3574074074074075 0.5880208333333333 0.4250000000000001 0.6270833333333333 0.4250000000000001
2 0.25729166666666675 0.4472222222222223 0.22031250000000005 0.44722222222222224 0.22031250000000005 0.5101851851851852 0.25729166666666675 0.5101851851851852
9 0.47656250000000006 0.8009259259259259 0.440625 0.8009259259259259 0.44062500000000004 0.8629629629629629 0.4765625000000001 0.8629629629629629
1 0.30364583333333334 0.7212962962962963 0.2588541666666667 0.7212962962962963 0.2588541666666667 0.7981481481481482 0.30364583333333334 0.7981481481481482
1 0.5729166666666666 0.6537037037037039 0.5255208333333333 0.6537037037037039 0.5255208333333333 0.7351851851851854 0.5729166666666666 0.7351851851851854
13 0.39895833333333336 0.6481481481481481 0.34270833333333334 0.6481481481481481 0.34270833333333334 0.7444444444444445 0.39895833333333336 0.7444444444444445
3 0.625 0.5842592592592595 0.5875 0.5842592592592595 0.5875 0.6481481481481484 0.625 0.6481481481481484
2 0.5354166666666667 0.35462962962962974 0.49635416666666665 0.35462962962962974 0.49635416666666665 0.42222222222222233 0.5354166666666667 0.42222222222222233
10 0.4875 0.5037037037037038 0.4390625 0.5037037037037037 0.4390625 0.5870370370370371 0.4875 0.5870370370370372
6 0.3494791666666667 0.5212962962962963 0.3020833333333333 0.5212962962962963 0.3020833333333333 0.6037037037037037 0.3494791666666667 0.6037037037037037
4 0.5390625 0.28333333333333344 0.4901041666666667 0.28333333333333344 0.4901041666666667 0.3675925925925927 0.5390625 0.3675925925925927