12 0.35052083333333334 0.21666666666666673 0.29635416666666664 0.21666666666666673 0.29635416666666664 0.3074074074074075 0.35052083333333334 0.3074074074074075
13 0.6609375 0.2722222222222223 0.6052083333333333 0.2722222222222223 0.6052083333333333 0.3675925925925927 0.6609375 0.3675925925925927
7 0.5223958333333333 0.11851851851851862 0.47604166666666664 0.11851851851851862 0.47604166666666664 0.19907407407407418 0.5223958333333333 0.19907407407407418
6 0.5192708333333333 0.2935185185185186 0.471875 0.2935185185185186 0.471875 0.37407407407407417 0.5192708333333333 0.37407407407407417
10 0.4317708333333333 0.2074074074074075 0.3875 0.2074074074074075 0.3875 0.2842592592592594 0.4317708333333333 0.2842592592592594
7 0.7010416666666667 0.28518518518518526 0.653125 0.28518518518518526 0.653125 0.3675925925925927 0.7010416666666667 0.3675925925925927
3 0.6083333333333333 0.11574074074074087 0.571875 0.11574074074074087 0.571875 0.17870370370370384 0.6083333333333333 0.17870370370370386
2 0.5640625 1.1883609680615057e-16 0.5276041666666667 1.14867334031136e-16 0.5276041666666667 0.01574074074074086 0.5640625 0.015740740740740864
10 0.6541666666666667 0.5611111111111113 0.6078125 0.5611111111111113 0.6078125 0.6416666666666668 0.6541666666666667 0.6416666666666668
5 0.5557291666666667 0.5555555555555558 0.5083333333333333 0.5555555555555558 0.5083333333333333 0.6361111111111113 0.5557291666666667 0.6361111111111113
8 0.3802083333333333 0.3962962962962964 0.34375 0.3962962962962964 0.34375 0.4601851851851853 0.3802083333333333 0.4601851851851853
2 0.4671875 0.2962962962962964 0.43125 0.2962962962962964 0.43125 0.35833333333333345 0.4671875 0.35833333333333345
0 0.5635416666666667 0.19537037037037047 0.5171875 0.19537037037037047 0.5171875 0.2750000000000001 0.5635416666666667 0.2750000000000001
0 0.5645833333333333 0.3750000000000001 0.5171875 0.3750000000000001 0.5171875 0.45555555555555566 0.5645833333333333 0.45555555555555566
3 0.471875 0.043518518518518616 0.4359375 0.04351851851851861 0.4359375 0.1074074074074075 0.471875 0.1074074074074075
3 0.41510416666666666 0.6564814814814814 0.37864583333333335 0.6564814814814814 0.37864583333333335 0.7212962962962963 0.41510416666666666 0.7212962962962963
2 0.5083333333333333 0.4722222222222223 0.471875 0.4722222222222223 0.471875 0.5351851851851853 0.5083333333333333 0.5351851851851854
2 0.47291666666666665 0.20833333333333343 0.4375 0.20833333333333343 0.4375 0.26944444444444454 0.47291666666666665 0.26944444444444454
3 0.46822916666666664 0.3777777777777779 0.43125 0.3777777777777779 0.43125 0.44166666666666676 0.46822916666666664 0.44166666666666676
9 0.6067708333333334 0.2962962962962964 0.5697916666666667 0.2962962962962964 0.5697916666666667 0.3592592592592594 0.6067708333333334 0.3592592592592594
11 0.4239583333333333 0.4685185185185186 0.378125 0.4685185185185186 0.378125 0.5472222222222223 0.4239583333333333 0.5472222222222223
9 0.6489583333333333 0.3833333333333334 0.6119791666666666 0.3833333333333334 0.6119791666666666 0.44722222222222235 0.6489583333333333 0.44722222222222235
5 0.340625 0.562037037037037 0.2947916666666667 0.562037037037037 0.2947916666666667 0.6416666666666667 0.340625 0.6416666666666667
1 0.3453125 0.4712962962962964 0.30104166666666665 0.4712962962962964 0.30104166666666665 0.5481481481481482 0.3453125 0.5481481481481482
11 0.6572916666666667 0.025000000000000137 0.6130208333333333 0.025000000000000133 0.6130208333333333 0.10185185185185198 0.6572916666666667 0.10185185185185198
4 0.42552083333333335 0.38055555555555565 0.37916666666666665 0.38055555555555565 0.37916666666666665 0.4611111111111112 0.42552083333333335 0.4611111111111112
8 0.34322916666666664 0.38981481481481495 0.30833333333333335 0.38981481481481495 0.30833333333333335 0.4490740740740742 0.34322916666666664 0.4490740740740742
3 0.5057291666666667 0.5611111111111112 0.4671875 0.5611111111111111 0.4671875 0.6277777777777779 0.5057291666666667 0.627777777777778
4 0.3807291666666667 0.562962962962963 0.33645833333333336 0.562962962962963 0.33645833333333336 0.6407407407407407 0.3807291666666667 0.6407407407407407
6 0.6041666666666666 0.46944444444444455 0.5583333333333333 0.46944444444444455 0.5583333333333333 0.5490740740740743 0.6041666666666666 0.5490740740740743
2 0.5473958333333333 0.6500000000000002 0.5104166666666666 0.6500000000000002 0.5104166666666666 0.7129629629629631 0.5473958333333333 0.7129629629629631