1 0.4625 0.08611111111111122 0.4265625 0.08611111111111122 0.4265625 0.14814814814814825 0.4625 0.14814814814814825
5 0.6286458333333333 0.7787037037037039 0.5885416666666666 0.7787037037037039 0.5885416666666666 0.8388888888888891 0.6286458333333333 0.8388888888888891
12 0.5677083333333334 0.07685185185185198 0.5234375 0.07685185185185196 0.5234375 0.1500000000000001 0.5677083333333334 0.1500000000000001
7 0.7296875 0.6018518518518521 0.6885416666666667 0.6018518518518521 0.6885416666666667 0.6611111111111113 0.7296875 0.6611111111111113
9 0.5114583333333333 0.7768518518518519 0.4822916666666667 0.7768518518518519 0.4822916666666667 0.8296296296296297 0.5114583333333333 0.8296296296296298
4 0.6765625 0.25092592592592605 0.6380208333333334 0.25092592592592605 0.6380208333333334 0.31203703703703717 0.6765625 0.31203703703703717
6 0.621875 0.25185185185185194 0.5822916666666667 0.25185185185185194 0.5822916666666667 0.3101851851851853 0.621875 0.3101851851851853
2 0.6744791666666666 0.6925925925925928 0.6411458333333333 0.6925925925925928 0.6411458333333333 0.7388888888888892 0.6744791666666666 0.7388888888888892
7 0.6182291666666667 0.08240740740740754 0.5791666666666667 0.08240740740740754 0.5791666666666667 0.1416666666666668 0.6182291666666667 0.14166666666666683
1 0.4625 0.6861111111111111 0.42135416666666664 0.6861111111111111 0.42135416666666664 0.7462962962962963 0.4625 0.7462962962962963
3 0.5645833333333333 0.603703703703704 0.5317708333333333 0.603703703703704 0.5317708333333333 0.652777777777778 0.5645833333333333 0.652777777777778
3 0.4015625 0.5185185185185185 0.36770833333333336 0.5185185185185185 0.36770833333333336 0.5666666666666667 0.4015625 0.5666666666666667
8 0.5604166666666667 0.25185185185185194 0.5296875 0.25185185185185194 0.5296875 0.3000000000000001 0.5604166666666667 0.3000000000000001
2 0.6765625 0.4287037037037038 0.6432291666666666 0.4287037037037038 0.6432291666666666 0.4750000000000002 0.6765625 0.4750000000000002
3 0.4552083333333333 0.5222222222222223 0.42135416666666664 0.5222222222222223 0.42135416666666664 0.5703703703703704 0.4552083333333333 0.5703703703703704
11 0.5145833333333333 0.2500000000000001 0.475 0.2500000000000001 0.475 0.3111111111111112 0.5145833333333333 0.3111111111111112
8 0.5067708333333333 0.08055555555555566 0.47708333333333336 0.08055555555555566 0.47708333333333336 0.13055555555555567 0.5067708333333333 0.13055555555555567
6 0.29635416666666664 0.5222222222222223 0.25468750000000007 0.5222222222222223 0.25468750000000007 0.5824074074074074 0.29635416666666664 0.5824074074074074
4 0.56875 0.5185185185185187 0.5270833333333333 0.5185185185185187 0.5270833333333333 0.5787037037037039 0.56875 0.5787037037037039
2 0.403125 0.6972222222222222 0.3697916666666667 0.6972222222222222 0.3697916666666667 0.7444444444444445 0.403125 0.7444444444444445
3 0.5072916666666667 0.42222222222222233 0.4734375 0.42222222222222233 0.4734375 0.4703703703703705 0.5072916666666667 0.4703703703703705
10 0.5098958333333333 0.16574074074074086 0.4765625 0.16574074074074086 0.4765625 0.22407407407407418 0.5098958333333333 0.22407407407407418
0 0.5651041666666666 0.6888888888888891 0.528125 0.6888888888888891 0.528125 0.7518518518518521 0.5651041666666666 0.7518518518518521
0 0.4552083333333333 0.2527777777777779 0.41770833333333335 0.2527777777777779 0.41770833333333335 0.3101851851851853 0.4552083333333333 0.3101851851851853
11 0.3515625 0.25092592592592605 0.31666666666666665 0.25092592592592605 0.31666666666666665 0.31481481481481494 0.3515625 0.31481481481481494
9 0.5640625 0.7861111111111113 0.5333333333333333 0.7861111111111113 0.5333333333333333 0.8370370370370372 0.5640625 0.8370370370370372
2 0.3453125 0.6962962962962963 0.3177083333333333 0.6962962962962963 0.3177083333333333 0.7453703703703703 0.3453125 0.7453703703703703
10 0.5098958333333334 0.8564814814814816 0.4734375 0.8564814814814815 0.47343750000000007 0.9212962962962964 0.5098958333333334 0.9212962962962965
3 0.6708333333333333 0.5111111111111113 0.6401041666666667 0.5111111111111113 0.6401041666666667 0.5666666666666669 0.6708333333333333 0.5666666666666669
2 0.45416666666666666 0.4287037037037038 0.4234375 0.4287037037037038 0.4234375 0.4759259259259259 0.45416666666666666 0.4759259259259259
5 0.509375 0.5962962962962964 0.4734375 0.5962962962962963 0.4734375 0.6564814814814816 0.509375 0.6564814814814817
13 0.4609375 0.7703703703703704 0.41770833333333335 0.7703703703703704 0.41770833333333335 0.8462962962962963 0.4609375 0.8462962962962963