1 0.5177083333333333 0.16574074074074086 0.47708333333333336 0.16574074074074086 0.47708333333333336 0.22592592592592603 0.5177083333333333 0.22592592592592603
7 0.6239583333333333 0.2666666666666668 0.584375 0.2666666666666668 0.584375 0.325925925925926 0.6239583333333333 0.325925925925926
4 0.5515625 0.5944444444444447 0.5119791666666667 0.5944444444444447 0.5119791666666667 0.6555555555555558 0.5515625 0.6555555555555558
7 0.41041666666666665 0.22777777777777788 0.37083333333333335 0.22777777777777788 0.37083333333333335 0.28703703703703715 0.41041666666666665 0.28703703703703715
2 0.5942708333333333 0.7888888888888891 0.5625 0.7888888888888891 0.5625 0.8379629629629631 0.5942708333333333 0.8379629629629631
3 0.6208333333333333 0.18240740740740755 0.5875 0.18240740740740752 0.5875 0.23055555555555568 0.6208333333333333 0.2305555555555557
1 0.5208333333333334 0.08333333333333344 0.4817708333333333 0.08333333333333344 0.4817708333333333 0.1425925925925927 0.5208333333333334 0.1425925925925927
4 0.4473958333333333 0.5833333333333334 0.4083333333333333 0.5833333333333334 0.4083333333333333 0.6425925925925926 0.4473958333333333 0.6425925925925926
12 0.5208333333333334 0.24166666666666678 0.4734375 0.24166666666666678 0.4734375 0.31296296296296305 0.5208333333333334 0.31296296296296305
3 0.40572916666666664 0.15277777777777787 0.3734375 0.15277777777777787 0.3734375 0.2000000000000001 0.40572916666666664 0.2000000000000001
2 0.4401041666666667 0.6787037037037037 0.4083333333333333 0.6787037037037037 0.4083333333333333 0.7287037037037037 0.4401041666666667 0.7287037037037037
5 0.5697916666666667 0.3314814814814816 0.5296875 0.3314814814814816 0.5296875 0.3925925925925927 0.5697916666666667 0.3925925925925927
6 0.6046875 0.6981481481481484 0.5661458333333333 0.6981481481481484 0.5661458333333333 0.7574074074074076 0.6046875 0.7574074074074076
0 0.42760416666666673 0.8425925925925926 0.3890625 0.8425925925925926 0.38906250000000003 0.9027777777777778 0.4276041666666668 0.9027777777777778
3 0.4578125 0.24166666666666678 0.4244791666666667 0.24166666666666678 0.4244791666666667 0.29074074074074086 0.4578125 0.29074074074074086
2 0.4953125 0.5990740740740742 0.46197916666666666 0.5990740740740741 0.46197916666666666 0.6481481481481483 0.4953125 0.6481481481481484
0 0.5380208333333333 0.864814814814815 0.4994791666666668 0.864814814814815 0.4994791666666668 0.9259259259259262 0.5380208333333333 0.9259259259259262
5 0.45729166666666665 0.31666666666666676 0.4171875 0.31666666666666676 0.4171875 0.3787037037037038 0.45729166666666665 0.3787037037037038
8 0.46197916666666666 0.15833333333333344 0.43072916666666666 0.15833333333333344 0.43072916666666666 0.2064814814814816 0.46197916666666666 0.2064814814814816
3 0.5026041666666666 0.3379629629629631 0.46927083333333336 0.3379629629629631 0.46927083333333336 0.38611111111111124 0.5026041666666666 0.38611111111111124
3 0.5671875 0.2620370370370371 0.5338541666666666 0.2620370370370371 0.5338541666666666 0.31203703703703717 0.5671875 0.31203703703703717
11 0.5744791666666667 0.09166666666666679 0.5354166666666667 0.09166666666666677 0.5354166666666667 0.14814814814814825 0.5744791666666667 0.14814814814814825
10 0.4859375 0.7675925925925927 0.446875 0.7675925925925926 0.446875 0.8296296296296297 0.4859375 0.8296296296296298
8 0.5692708333333333 0.1750000000000001 0.5380208333333333 0.1750000000000001 0.5380208333333333 0.2212962962962964 0.5692708333333333 0.2212962962962964
10 0.4864583333333334 0.8527777777777779 0.446875 0.8527777777777777 0.4468750000000001 0.9166666666666667 0.48645833333333344 0.9166666666666669
9 0.4276041666666667 0.7601851851851852 0.3953125 0.7601851851851852 0.3953125 0.8101851851851852 0.4276041666666667 0.8101851851851852
2 0.378125 0.7601851851851852 0.3463541666666667 0.7601851851851852 0.3463541666666667 0.8101851851851852 0.378125 0.8101851851851852
13 0.49947916666666664 0.6768518518518519 0.45 0.6768518518518518 0.45 0.7490740740740742 0.49947916666666664 0.7490740740740743
6 0.38229166666666664 0.6694444444444444 0.34375 0.6694444444444444 0.34375 0.7314814814814815 0.38229166666666664 0.7314814814814815
2 0.5473958333333333 0.6953703703703705 0.5182291666666666 0.6953703703703705 0.5182291666666666 0.7472222222222225 0.5473958333333333 0.7472222222222225
11 0.4739583333333333 0.08055555555555566 0.434375 0.08055555555555566 0.434375 0.13981481481481492 0.4739583333333333 0.13981481481481492
9 0.5411458333333333 0.7703703703703706 0.5098958333333333 0.7703703703703706 0.5098958333333333 0.8268518518518521 0.5411458333333333 0.8268518518518521