2 0.4666666666666667 0.41203703703703715 0.4265625 0.41203703703703715 0.4265625 0.47962962962962963 0.4666666666666667 0.47962962962962963
1 0.42083333333333334 0.6537037037037037 0.3723958333333333 0.6537037037037037 0.3723958333333333 0.7351851851851852 0.42083333333333334 0.7351851851851852
7 0.6869791666666667 0.7379629629629632 0.6375 0.7379629629629632 0.6375 0.8212962962962965 0.6869791666666667 0.8212962962962965
6 0.296875 0.3935185185185186 0.24791666666666667 0.3935185185185186 0.2479166666666667 0.47685185185185186 0.296875 0.47685185185185186
9 0.4505208333333333 0.774074074074074 0.41302083333333334 0.774074074074074 0.41302083333333334 0.8407407407407408 0.4505208333333333 0.8407407407407408
2 0.6734375 0.5509259259259262 0.6328125 0.5509259259259262 0.6328125 0.6166666666666669 0.6734375 0.6166666666666669
3 0.5161458333333333 0.4407407407407408 0.47552083333333334 0.4407407407407408 0.47552083333333334 0.5074074074074075 0.5161458333333333 0.5074074074074076
1 0.5432291666666667 0.08703703703703715 0.49322916666666666 0.08703703703703715 0.49322916666666666 0.16944444444444454 0.5432291666666667 0.16944444444444454
4 0.7083333333333334 0.3787037037037038 0.659375 0.3787037037037038 0.659375 0.46203703703703713 0.7083333333333334 0.46203703703703713
10 0.5729166666666666 0.19074074074074085 0.5239583333333333 0.19074074074074085 0.5239583333333333 0.27314814814814825 0.5729166666666666 0.27314814814814825
3 0.3984375 0.46574074074074084 0.35833333333333334 0.46574074074074084 0.35833333333333334 0.5314814814814814 0.3984375 0.5314814814814814
13 0.4078125 0.7240740740740741 0.35208333333333336 0.7240740740740741 0.35208333333333336 0.8222222222222222 0.4078125 0.8222222222222222
2 0.6177083333333333 0.7944444444444446 0.5786458333333333 0.7944444444444446 0.5786458333333333 0.8601851851851854 0.6177083333333333 0.8601851851851854
8 0.6005208333333333 0.31203703703703717 0.5604166666666667 0.31203703703703717 0.5604166666666667 0.3787037037037038 0.6005208333333333 0.3787037037037038
8 0.5864583333333333 0.11018518518518532 0.5453125 0.11018518518518532 0.5453125 0.18148148148148158 0.5864583333333333 0.18148148148148158
2 0.3125 0.5972222222222222 0.27395833333333336 0.5972222222222222 0.27395833333333336 0.6611111111111111 0.3125 0.6611111111111111
4 0.5541666666666667 0.564814814814815 0.50625 0.564814814814815 0.50625 0.6453703703703706 0.5541666666666667 0.6453703703703706
7 0.690625 0.18148148148148163 0.6401041666666667 0.18148148148148163 0.6401041666666667 0.26574074074074083 0.690625 0.26574074074074083
5 0.5598958333333334 0.8388888888888891 0.5088541666666667 0.8388888888888891 0.5088541666666667 0.9222222222222224 0.5598958333333334 0.9222222222222224
12 0.6458333333333334 0.13703703703703718 0.5859375 0.13703703703703715 0.5859375 0.23703703703703713 0.6458333333333334 0.23703703703703713
3 0.6536458333333334 0.627777777777778 0.6130208333333333 0.627777777777778 0.6130208333333333 0.6944444444444446 0.6536458333333334 0.6944444444444446
3 0.5338541666666666 0.6435185185185187 0.4942708333333333 0.6435185185185187 0.4942708333333333 0.7111111111111114 0.5338541666666666 0.7111111111111114
11 0.5567708333333333 0.27685185185185196 0.5078125 0.27685185185185196 0.5078125 0.3592592592592594 0.5567708333333333 0.3592592592592594
11 0.4041666666666667 0.175925925925926 0.3546875 0.17592592592592599 0.3546875 0.25925925925925936 0.4041666666666667 0.25925925925925936
2 0.3651041666666667 0.6277777777777778 0.3265625 0.6277777777777778 0.3265625 0.6925925925925925 0.3651041666666667 0.6925925925925925
6 0.6572916666666667 0.3435185185185186 0.6078125 0.3435185185185186 0.6078125 0.426851851851852 0.6572916666666667 0.426851851851852
5 0.4859375 0.6009259259259261 0.4354166666666667 0.600925925925926 0.4354166666666667 0.6861111111111112 0.4859375 0.6861111111111113
0 0.503125 0.24074074074074084 0.453125 0.24074074074074084 0.453125 0.3250000000000001 0.503125 0.3250000000000001
0 0.5182291666666666 0.7212962962962964 0.47291666666666665 0.7212962962962963 0.47291666666666665 0.8027777777777779 0.5182291666666666 0.802777777777778
10 0.43437500000000007 0.8416666666666667 0.39010416666666664 0.8416666666666667 0.39010416666666675 0.9185185185185185 0.4343750000000001 0.9185185185185185
3 0.44427083333333334 0.5009259259259259 0.4083333333333333 0.5009259259259259 0.4083333333333333 0.5638888888888889 0.44427083333333334 0.5638888888888889
9 0.4989583333333334 0.8111111111111112 0.46041666666666664 0.8111111111111111 0.46041666666666675 0.8787037037037038 0.49895833333333345 0.8787037037037039