11 0.6557291666666667 0.6537037037037039 0.6171875 0.6537037037037039 0.6171875 0.714814814814815 0.6557291666666667 0.714814814814815
9 0.42552083333333335 0.15092592592592602 0.3963541666666667 0.15092592592592602 0.3963541666666667 0.19814814814814824 0.42552083333333335 0.19814814814814824
9 0.47708333333333336 0.15462962962962973 0.44479166666666664 0.15462962962962973 0.44479166666666664 0.20185185185185195 0.47708333333333336 0.20185185185185195
1 0.5463541666666667 0.8333333333333336 0.5104166666666666 0.8333333333333336 0.5104166666666667 0.8944444444444447 0.5463541666666667 0.8944444444444447
5 0.3729166666666667 0.150925925925926 0.33645833333333336 0.150925925925926 0.33645833333333336 0.21296296296296305 0.3729166666666667 0.21296296296296308
5 0.4890625 0.31944444444444453 0.45 0.31944444444444453 0.45 0.3787037037037038 0.4890625 0.3787037037037038
4 0.3296875 0.675 0.29010416666666666 0.675 0.29010416666666666 0.7351851851851852 0.3296875 0.7351851851851852
2 0.5885416666666666 0.22685185185185194 0.5557291666666667 0.22685185185185194 0.5557291666666667 0.27962962962962973 0.5885416666666666 0.27962962962962973
1 0.5359375 0.22685185185185194 0.5015625 0.22685185185185194 0.5015625 0.2916666666666668 0.5359375 0.2916666666666668
2 0.6432291666666666 0.22037037037037052 0.6109375 0.22037037037037052 0.6109375 0.27314814814814825 0.6432291666666666 0.27314814814814825
7 0.275 0.3268518518518519 0.2390625 0.32685185185185184 0.2390625 0.39259259259259266 0.275 0.3925925925925927
3 0.5942708333333333 0.3990740740740742 0.5604166666666667 0.3990740740740742 0.5604166666666667 0.4500000000000001 0.5942708333333333 0.4500000000000001
8 0.43802083333333336 0.6777777777777778 0.4078125 0.6777777777777778 0.4078125 0.7268518518518519 0.43802083333333336 0.7268518518518519
3 0.540625 0.40185185185185196 0.5088541666666667 0.40185185185185196 0.5088541666666667 0.4500000000000001 0.540625 0.4500000000000001
3 0.4296875 0.32685185185185195 0.39791666666666664 0.32685185185185195 0.39791666666666664 0.37592592592592605 0.4296875 0.37592592592592605
2 0.3203125 0.2462962962962964 0.29322916666666665 0.2462962962962964 0.29322916666666665 0.2962962962962964 0.3203125 0.2962962962962964
8 0.4963541666666667 0.8546296296296297 0.4630208333333333 0.8546296296296296 0.4630208333333334 0.9027777777777779 0.49635416666666676 0.902777777777778
0 0.4322916666666667 0.2314814814814816 0.39479166666666665 0.2314814814814816 0.39479166666666665 0.29444444444444456 0.4322916666666667 0.29444444444444456
10 0.49322916666666666 0.7564814814814815 0.46041666666666664 0.7564814814814815 0.46041666666666664 0.8157407407407409 0.49322916666666666 0.815740740740741
3 0.325 0.42407407407407416 0.2916666666666667 0.42407407407407416 0.2916666666666667 0.4685185185185186 0.325 0.4685185185185186
3 0.4895833333333333 0.5000000000000001 0.4578125 0.5 0.4578125 0.5564814814814816 0.4895833333333333 0.5564814814814817
2 0.32083333333333336 0.5064814814814815 0.290625 0.5064814814814815 0.290625 0.5574074074074075 0.32083333333333336 0.5574074074074075
10 0.4817708333333333 0.0712962962962964 0.4484375 0.0712962962962964 0.4484375 0.12314814814814826 0.4817708333333333 0.12314814814814826
6 0.7078125 0.3814814814814816 0.6708333333333333 0.3814814814814816 0.6708333333333333 0.44166666666666676 0.7078125 0.44166666666666676
7 0.3911458333333334 0.8435185185185186 0.3536458333333333 0.8435185185185186 0.3536458333333334 0.9083333333333333 0.39114583333333347 0.9083333333333333
2 0.5421875 0.4925925925925928 0.5098958333333333 0.4925925925925928 0.5098958333333333 0.5416666666666669 0.5421875 0.5416666666666669
13 0.5380208333333333 0.13796296296296306 0.4953125 0.13796296296296306 0.4953125 0.20925925925925937 0.5380208333333333 0.20925925925925937
6 0.384375 0.6731481481481482 0.3453125 0.6731481481481482 0.3453125 0.7333333333333333 0.384375 0.7333333333333333
11 0.4901041666666667 0.6666666666666667 0.4546875 0.6666666666666666 0.4546875 0.7250000000000001 0.4901041666666667 0.7250000000000002
4 0.434375 0.40185185185185196 0.3953125 0.40185185185185196 0.3953125 0.4629629629629631 0.434375 0.4629629629629631
12 0.44322916666666673 0.8416666666666667 0.4041666666666667 0.8416666666666667 0.40416666666666673 0.9101851851851852 0.4432291666666668 0.9101851851851852
0 0.5479166666666667 0.6583333333333335 0.5151041666666667 0.6583333333333335 0.5151041666666667 0.7194444444444447 0.5479166666666667 0.7194444444444447