13 0.4703125 0.16574074074074086 0.43072916666666666 0.16574074074074086 0.43072916666666666 0.2314814814814816 0.4703125 0.2314814814814816
3 0.46770833333333334 0.3212962962962964 0.440625 0.3212962962962964 0.440625 0.36574074074074087 0.46770833333333334 0.36574074074074087
2 0.4744791666666667 0.5712962962962963 0.44635416666666666 0.5712962962962963 0.44635416666666666 0.6175925925925926 0.4744791666666667 0.6175925925925926
2 0.37135416666666665 0.5712962962962963 0.34322916666666664 0.5712962962962963 0.34322916666666664 0.6175925925925926 0.37135416666666665 0.6175925925925926
7 0.6119791666666666 0.24351851851851863 0.5786458333333333 0.24351851851851863 0.5786458333333333 0.2962962962962964 0.6119791666666666 0.2962962962962964
3 0.5651041666666666 0.31481481481481494 0.5375 0.31481481481481494 0.5375 0.35833333333333345 0.5651041666666666 0.35833333333333345
2 0.5760416666666667 0.551851851851852 0.5479166666666667 0.551851851851852 0.5479166666666667 0.5981481481481483 0.5760416666666667 0.5981481481481483
2 0.678125 0.5425925925925928 0.6484375 0.5425925925925928 0.6484375 0.5879629629629631 0.678125 0.5879629629629631
6 0.6375 0.6212962962962965 0.603125 0.6212962962962965 0.603125 0.6796296296296298 0.6375 0.6796296296296298
3 0.27447916666666666 0.35833333333333345 0.24739583333333334 0.35833333333333345 0.24739583333333334 0.4000000000000001 0.27447916666666666 0.4000000000000001
9 0.5041666666666667 0.11296296296296307 0.4765625 0.11296296296296307 0.4765625 0.15370370370370381 0.5041666666666667 0.15370370370370381
5 0.6041666666666666 0.10185185185185198 0.5697916666666667 0.10185185185185198 0.5697916666666667 0.15277777777777787 0.6041666666666666 0.15277777777777787
12 0.4822916666666667 0.7129629629629629 0.43802083333333336 0.7129629629629629 0.43802083333333336 0.7851851851851852 0.4822916666666667 0.7851851851851852
0 0.2880208333333334 0.8231481481481482 0.2536458333333334 0.8231481481481482 0.2536458333333334 0.8814814814814815 0.28802083333333345 0.8814814814814815
4 0.6401041666666667 0.7833333333333335 0.60625 0.7833333333333335 0.60625 0.8425925925925928 0.6401041666666667 0.8425925925925928
11 0.5572916666666666 0.09907407407407419 0.5234375 0.09907407407407418 0.5234375 0.15185185185185196 0.5572916666666666 0.15185185185185196
7 0.3145833333333333 0.26481481481481495 0.2828125 0.26481481481481495 0.2828125 0.31944444444444453 0.3145833333333333 0.31944444444444453
5 0.32447916666666665 0.12870370370370376 0.290625 0.12870370370370376 0.290625 0.17870370370370375 0.32447916666666665 0.17870370370370375
3 0.365625 0.3398148148148149 0.3375 0.3398148148148149 0.3375 0.3833333333333334 0.365625 0.3833333333333334
8 0.4317708333333334 0.825 0.4041666666666667 0.825 0.40416666666666673 0.8722222222222222 0.43177083333333344 0.8722222222222222
11 0.36614583333333334 0.11666666666666675 0.33229166666666665 0.11666666666666675 0.33229166666666665 0.1685185185185186 0.36614583333333334 0.16851851851851862
8 0.5307291666666667 0.8064814814814817 0.5015625 0.8064814814814817 0.5015625 0.852777777777778 0.5307291666666667 0.852777777777778
2 0.27239583333333334 0.5851851851851851 0.2458333333333334 0.5851851851851851 0.2458333333333334 0.6314814814814815 0.27239583333333334 0.6314814814814815
6 0.32447916666666665 0.6546296296296297 0.28854166666666664 0.6546296296296297 0.28854166666666664 0.712037037037037 0.32447916666666665 0.712037037037037
9 0.40572916666666664 0.11666666666666675 0.378125 0.11666666666666675 0.378125 0.15833333333333344 0.40572916666666664 0.15833333333333344
1 0.2760416666666667 0.1444444444444445 0.2421875 0.1444444444444445 0.2421875 0.19722222222222227 0.2760416666666667 0.19722222222222227
4 0.39010416666666664 0.799074074074074 0.35520833333333335 0.799074074074074 0.35520833333333335 0.8583333333333333 0.39010416666666664 0.8583333333333333
1 0.6453125 0.08518518518518532 0.6130208333333333 0.08518518518518532 0.6130208333333333 0.1444444444444446 0.6453125 0.1444444444444446
3 0.659375 0.30277777777777787 0.6348958333333333 0.30277777777777787 0.6348958333333333 0.35462962962962974 0.659375 0.35462962962962974
10 0.3369791666666667 0.8018518518518518 0.30104166666666665 0.8018518518518518 0.3010416666666667 0.8666666666666667 0.3369791666666668 0.8666666666666667
10 0.5895833333333333 0.7861111111111113 0.5541666666666667 0.7861111111111113 0.5541666666666667 0.8574074074074076 0.5895833333333333 0.8574074074074076
0 0.690625 0.7657407407407409 0.653125 0.7657407407407409 0.653125 0.8379629629629631 0.690625 0.8379629629629631