10 0.5359375 0.6111111111111113 0.49895833333333334 0.6111111111111113 0.49895833333333334 0.6750000000000002 0.5359375 0.6750000000000002
10 0.33489583333333334 0.22870370370370377 0.2989583333333333 0.22870370370370377 0.2989583333333333 0.29074074074074086 0.33489583333333334 0.29074074074074086
0 0.434375 0.37314814814814823 0.396875 0.37314814814814823 0.396875 0.43703703703703717 0.434375 0.43703703703703717
12 0.5375 0.7675925925925928 0.490625 0.7675925925925928 0.490625 0.8453703703703705 0.5375 0.8453703703703705
2 0.4822916666666667 0.5453703703703704 0.45208333333333334 0.5453703703703704 0.45208333333333334 0.5981481481481481 0.4822916666666667 0.5981481481481481
7 0.5822916666666667 0.44537037037037047 0.5442708333333334 0.44537037037037047 0.5442708333333334 0.5101851851851854 0.5822916666666667 0.5101851851851854
3 0.5791666666666667 0.2935185185185186 0.5484375 0.2935185185185186 0.5484375 0.3453703703703705 0.5791666666666667 0.3453703703703705
3 0.4375 0.5425925925925926 0.40729166666666666 0.5425925925925926 0.40729166666666666 0.5935185185185186 0.4375 0.5935185185185186
13 0.4869791666666667 0.20833333333333343 0.4421875 0.20833333333333343 0.4421875 0.28518518518518526 0.4869791666666667 0.28518518518518526
3 0.6307291666666667 0.5342592592592594 0.6 0.5342592592592594 0.6 0.5861111111111114 0.6307291666666667 0.5861111111111114
2 0.3848958333333333 0.46759259259259267 0.35520833333333335 0.46759259259259267 0.35520833333333335 0.5185185185185185 0.3848958333333333 0.5185185185185185
3 0.2916666666666667 0.6342592592592593 0.26302083333333337 0.6342592592592593 0.26302083333333337 0.6833333333333333 0.2916666666666667 0.6833333333333333
11 0.39010416666666664 0.6185185185185185 0.35260416666666666 0.6185185185185185 0.35260416666666666 0.6805555555555556 0.39010416666666664 0.6805555555555556
0 0.5359375 0.37592592592592605 0.4984375 0.37592592592592605 0.4984375 0.43981481481481494 0.5359375 0.43981481481481494
3 0.3390625 0.475 0.3104166666666667 0.475 0.3104166666666667 0.5231481481481481 0.3390625 0.5231481481481481
5 0.34375 0.7685185185185185 0.30833333333333335 0.7685185185185185 0.30833333333333335 0.8296296296296296 0.34375 0.8296296296296296
9 0.4296875 0.22685185185185194 0.39947916666666666 0.22685185185185194 0.39947916666666666 0.2787037037037038 0.4296875 0.2787037037037038
2 0.534375 0.5398148148148151 0.5041666666666667 0.5398148148148151 0.5041666666666667 0.5916666666666669 0.534375 0.5916666666666669
2 0.2942708333333333 0.400925925925926 0.26510416666666664 0.400925925925926 0.2651041666666667 0.450925925925926 0.2942708333333333 0.450925925925926
9 0.4796875 0.29722222222222233 0.44895833333333335 0.29722222222222233 0.44895833333333335 0.3500000000000001 0.4796875 0.3500000000000001
7 0.4817708333333333 0.1351851851851853 0.44427083333333334 0.1351851851851853 0.44427083333333334 0.19907407407407418 0.4817708333333333 0.19907407407407418
8 0.4375 0.7722222222222223 0.4088541666666667 0.7722222222222223 0.4088541666666667 0.8194444444444444 0.4375 0.8194444444444444
6 0.3859375 0.30277777777777787 0.3494791666666667 0.30277777777777787 0.3494791666666667 0.36574074074074087 0.3859375 0.36574074074074087
6 0.48072916666666665 0.45370370370370383 0.44375 0.45370370370370383 0.44375 0.5175925925925926 0.48072916666666665 0.5175925925925926
1 0.6864583333333333 0.6814814814814817 0.6484375 0.6814814814814817 0.6484375 0.7453703703703706 0.6864583333333333 0.7453703703703706
11 0.6307291666666667 0.20277777777777792 0.5927083333333333 0.2027777777777779 0.5927083333333333 0.2675925925925927 0.6307291666666667 0.2675925925925927
8 0.43125 0.7018518518518518 0.40260416666666665 0.7018518518518518 0.40260416666666665 0.7490740740740741 0.43125 0.7490740740740741
4 0.340625 0.6953703703703704 0.30572916666666666 0.6953703703703704 0.30572916666666666 0.7564814814814815 0.340625 0.7564814814814815
4 0.43697916666666664 0.6203703703703703 0.39895833333333336 0.6203703703703703 0.39895833333333336 0.6842592592592592 0.43697916666666664 0.6842592592592592
2 0.678125 0.36666666666666675 0.6489583333333333 0.36666666666666675 0.6489583333333333 0.4175925925925927 0.678125 0.4175925925925927
5 0.33958333333333335 0.3925925925925927 0.3026041666666667 0.3925925925925927 0.3026041666666667 0.45740740740740754 0.33958333333333335 0.45740740740740754
1 0.39166666666666666 0.7657407407407407 0.3567708333333333 0.7657407407407407 0.3567708333333333 0.825925925925926 0.39166666666666666 0.825925925925926