10 0.415625 0.7462962962962963 0.38229166666666664 0.7462962962962963 0.38229166666666664 0.8046296296296296 0.415625 0.8046296296296296
12 0.521875 0.7453703703703705 0.48125 0.7453703703703703 0.48125 0.8175925925925926 0.521875 0.8175925925925928
4 0.5703125 0.6074074074074076 0.5375 0.6074074074074076 0.5375 0.6648148148148151 0.5703125 0.6648148148148151
0 0.6604166666666667 0.7740740740740742 0.6270833333333333 0.7740740740740742 0.6270833333333333 0.8324074074074076 0.6604166666666667 0.8324074074074076
13 0.5411458333333333 0.24074074074074084 0.5036458333333333 0.24074074074074084 0.5036458333333333 0.3037037037037038 0.5411458333333333 0.3037037037037038
7 0.5348958333333333 0.313888888888889 0.503125 0.313888888888889 0.503125 0.36851851851851863 0.5348958333333333 0.36851851851851863
3 0.6255208333333333 0.40185185185185196 0.6 0.40185185185185196 0.6 0.4462962962962964 0.6255208333333333 0.4462962962962964
4 0.46979166666666666 0.6787037037037037 0.43645833333333334 0.6787037037037037 0.43645833333333334 0.7379629629629629 0.46979166666666666 0.7379629629629629
7 0.40520833333333334 0.3037037037037038 0.37395833333333334 0.3037037037037038 0.37395833333333334 0.35648148148148157 0.40520833333333334 0.35648148148148157
1 0.3671875 0.17777777777777787 0.33697916666666666 0.17777777777777784 0.33697916666666666 0.22777777777777786 0.3671875 0.22777777777777788
11 0.5364583333333334 0.38611111111111124 0.5041666666666667 0.38611111111111124 0.5041666666666667 0.4407407407407408 0.5364583333333334 0.4407407407407408
5 0.5796875 0.3240740740740742 0.5473958333333333 0.3240740740740742 0.5473958333333333 0.3787037037037038 0.5796875 0.3787037037037038
6 0.5661458333333333 0.7629629629629632 0.5322916666666667 0.7629629629629632 0.5322916666666667 0.8222222222222224 0.5661458333333333 0.8222222222222224
6 0.5192708333333333 0.6796296296296298 0.4864583333333333 0.6796296296296298 0.4864583333333333 0.739814814814815 0.5192708333333333 0.739814814814815
11 0.490625 0.3750000000000001 0.4583333333333333 0.3750000000000001 0.4583333333333333 0.4314814814814816 0.490625 0.4314814814814816