13 0.6203125 0.17314814814814827 0.5583333333333333 0.17314814814814825 0.5583333333333333 0.2898148148148149 0.6203125 0.2898148148148149
7 0.44635416666666666 0.14074074074074083 0.39375 0.14074074074074083 0.39375 0.23796296296296307 0.44635416666666666 0.23796296296296307
2 0.5890625 0.6879629629629632 0.5479166666666667 0.6879629629629632 0.5479166666666667 0.7638888888888891 0.5890625 0.7638888888888891
7 0.7369791666666666 0.4120370370370372 0.6869791666666667 0.41203703703703715 0.6869791666666667 0.5046296296296299 0.7369791666666666 0.5046296296296299
3 0.659375 0.4462962962962964 0.6197916666666666 0.4462962962962964 0.6197916666666666 0.5231481481481484 0.659375 0.5231481481481484
3 0.7473958333333334 0.5370370370370372 0.7078125 0.5370370370370372 0.7078125 0.6120370370370373 0.7473958333333334 0.6120370370370373
2 0.38958333333333334 0.5138888888888888 0.3463541666666667 0.5138888888888888 0.3463541666666667 0.5935185185185186 0.38958333333333334 0.5935185185185186
2 0.6817708333333333 0.777777777777778 0.6421875 0.777777777777778 0.6421875 0.8518518518518521 0.6817708333333333 0.8518518518518521
8 0.3682291666666667 0.8166666666666667 0.3265625 0.8166666666666667 0.32656250000000003 0.8944444444444445 0.3682291666666668 0.8944444444444445
3 0.36770833333333336 0.16944444444444454 0.32708333333333334 0.1694444444444445 0.32708333333333334 0.2462962962962964 0.36770833333333336 0.2462962962962964
4 0.5171875000000001 0.9083333333333334 0.4666666666666668 0.9083333333333333 0.4666666666666668 0.9564814814814815 0.5171875000000001 0.9564814814814815
5 0.7697916666666667 0.25648148148148164 0.7213541666666666 0.2564814814814816 0.7213541666666666 0.34629629629629644 0.7697916666666667 0.3462962962962965
3 0.46927083333333336 0.2601851851851853 0.4270833333333333 0.2601851851851853 0.4270833333333333 0.3398148148148149 0.46927083333333336 0.3398148148148149
3 0.5651041666666666 0.3490740740740742 0.5244791666666667 0.3490740740740742 0.5244791666666667 0.42592592592592604 0.5651041666666666 0.42592592592592604
12 0.4572916666666667 0.7574074074074074 0.39427083333333335 0.7574074074074074 0.3942708333333334 0.8740740740740741 0.45729166666666676 0.8740740740740741
9 0.5895833333333333 0.08333333333333347 0.5494791666666666 0.08333333333333347 0.5494791666666666 0.15925925925925938 0.5895833333333333 0.15925925925925938
11 0.734375 0.20740740740740757 0.6833333333333333 0.20740740740740757 0.6833333333333333 0.30370370370370386 0.734375 0.3037037037037039
1 0.8130208333333333 0.31574074074074093 0.7661458333333333 0.31574074074074093 0.7661458333333333 0.4037037037037039 0.8130208333333333 0.4037037037037039
8 0.4619791666666668 0.9074074074074074 0.4213541666666668 0.9074074074074074 0.4213541666666668 0.9611111111111111 0.4619791666666668 0.9611111111111111
2 0.4901041666666667 0.6111111111111113 0.44479166666666664 0.6111111111111112 0.44479166666666664 0.6925925925925926 0.4901041666666667 0.6925925925925928
6 0.6234375 0.8074074074074076 0.5661458333333333 0.8074074074074076 0.5661458333333333 0.9083333333333335 0.6234375 0.9083333333333335
6 0.3145833333333333 0.5361111111111111 0.2593750000000001 0.5361111111111111 0.2593750000000001 0.6351851851851852 0.3145833333333333 0.6351851851851852
10 0.32135416666666666 0.7509259259259259 0.2619791666666667 0.7509259259259259 0.2619791666666667 0.8564814814814815 0.32135416666666666 0.8564814814814815
4 0.26666666666666666 0.7064814814814815 0.21197916666666672 0.7064814814814815 0.21197916666666672 0.8064814814814815 0.26666666666666666 0.8064814814814815
0 0.21822916666666672 0.6592592592592592 0.16354166666666672 0.6592592592592592 0.16354166666666672 0.7611111111111111 0.21822916666666672 0.7611111111111111
2 0.28802083333333334 0.41944444444444456 0.24322916666666666 0.41944444444444456 0.2432291666666667 0.5046296296296297 0.28802083333333334 0.5046296296296297
9 0.6885416666666667 0.1731481481481483 0.6458333333333334 0.1731481481481483 0.6458333333333334 0.24907407407407417 0.6885416666666667 0.24907407407407417
11 0.5458333333333333 0.025000000000000112 0.4947916666666667 0.025000000000000105 0.4947916666666667 0.1212962962962964 0.5458333333333333 0.1212962962962964
5 0.4973958333333333 1.0262086603966248e-16 0.4453125 9.69512049324988e-17 0.4453125 0.0787037037037038 0.4973958333333333 0.0787037037037038
1 0.45625 9.366280149034387e-17 0.4041666666666667 8.79931403831802e-17 0.4041666666666667 0.0324074074074075 0.45625 0.03240740740740751