6 0.6338541666666667 0.1453703703703705 0.5911458333333334 0.14537037037037048 0.5911458333333334 0.2129629629629631 0.6338541666666667 0.21296296296296313
4 0.578125 0.41574074074074086 0.5348958333333333 0.41574074074074086 0.5348958333333333 0.4851851851851854 0.578125 0.4851851851851854
4 0.6885416666666667 0.14351851851851868 0.6458333333333334 0.14351851851851868 0.6458333333333334 0.21018518518518534 0.6885416666666667 0.21018518518518534
10 0.5276041666666667 0.0675925925925927 0.4864583333333333 0.0675925925925927 0.4864583333333333 0.138888888888889 0.5276041666666667 0.138888888888889
3 0.4109375 0.4314814814814816 0.375 0.4314814814814816 0.375 0.4861111111111111 0.4109375 0.4861111111111111
12 0.5859375 1.2201110702616225e-16 0.5348958333333333 1.1645483914114183e-16 0.5348958333333333 0.056481481481481605 0.5859375 0.05648148148148161
8 0.5739583333333333 0.15277777777777787 0.5385416666666667 0.15277777777777787 0.5385416666666667 0.2074074074074075 0.5739583333333333 0.2074074074074075
0 0.46927083333333336 0.1601851851851853 0.428125 0.1601851851851853 0.428125 0.22592592592592603 0.46927083333333336 0.22592592592592603
5 0.5166666666666667 0.5000000000000001 0.47604166666666664 0.5 0.47604166666666664 0.5712962962962964 0.5166666666666667 0.5712962962962965
7 0.7322916666666667 0.4888888888888891 0.6963541666666667 0.4888888888888891 0.6963541666666667 0.5564814814814817 0.7322916666666667 0.5564814814814817
3 0.4630208333333333 0.42962962962962975 0.4296875 0.42962962962962975 0.4296875 0.4861111111111111 0.4630208333333333 0.4861111111111111
0 0.5723958333333333 0.5861111111111114 0.5317708333333333 0.5861111111111114 0.5317708333333333 0.6555555555555558 0.5723958333333333 0.6555555555555558
11 0.36770833333333336 0.16018518518518526 0.3255208333333333 0.16018518518518524 0.3255208333333333 0.2361111111111112 0.36770833333333336 0.23611111111111122
8 0.5213541666666667 1.1033160514540507e-16 0.4921875 1.0715659492539339e-16 0.4921875 0.040740740740740855 0.5213541666666667 0.04074074074074086
3 0.5713541666666667 0.502777777777778 0.5390625 0.502777777777778 0.5390625 0.5620370370370372 0.5713541666666667 0.5620370370370372
2 0.6864583333333333 0.32222222222222235 0.6536458333333334 0.32222222222222235 0.6536458333333334 0.3750000000000001 0.6864583333333333 0.3750000000000001
2 0.6791666666666667 0.5833333333333336 0.646875 0.5833333333333336 0.646875 0.6370370370370373 0.6791666666666667 0.6370370370370373
5 0.634375 0.6685185185185187 0.5921875 0.6685185185185187 0.5921875 0.7444444444444447 0.634375 0.7444444444444447
1 0.48020833333333335 1.0006951854143883e-16 0.4390625 9.559048626677952e-17 0.4390625 0.06574074074074085 0.48020833333333335 0.06574074074074085
7 0.6317708333333333 1.3363391229584778e-16 0.5958333333333333 1.2972184613190481e-16 0.5958333333333333 0.04722222222222235 0.6317708333333333 0.04722222222222235
3 0.5151041666666667 0.32222222222222235 0.4859375 0.32222222222222235 0.4859375 0.3833333333333334 0.5151041666666667 0.3833333333333334
2 0.4635416666666667 0.3351851851851853 0.434375 0.3351851851851853 0.434375 0.388888888888889 0.4635416666666667 0.388888888888889
9 0.5161458333333333 0.6787037037037039 0.484375 0.6787037037037039 0.484375 0.7361111111111113 0.5161458333333333 0.7361111111111113
9 0.56875 0.6842592592592595 0.5380208333333333 0.6842592592592595 0.5380208333333333 0.7416666666666669 0.56875 0.7416666666666669
3 0.6791666666666667 0.4000000000000001 0.6473958333333333 0.4000000000000001 0.6473958333333333 0.46203703703703713 0.6791666666666667 0.46203703703703713
2 0.4078125 0.6027777777777777 0.3776041666666667 0.6027777777777777 0.3776041666666667 0.6611111111111111 0.4078125 0.6611111111111111
13 0.46822916666666664 0.6712962962962963 0.42291666666666666 0.6712962962962963 0.42291666666666666 0.7620370370370371 0.46822916666666664 0.7620370370370371
10 0.5135416666666667 0.7611111111111112 0.47604166666666664 0.7611111111111111 0.47604166666666664 0.8287037037037038 0.5135416666666667 0.8287037037037039
2 0.35208333333333336 0.612037037037037 0.321875 0.612037037037037 0.321875 0.6694444444444444 0.35208333333333336 0.6694444444444444
1 0.46510416666666665 0.5953703703703703 0.4244791666666667 0.5953703703703703 0.4244791666666667 0.6620370370370371 0.46510416666666665 0.6620370370370371
6 0.30364583333333334 0.43703703703703717 0.26354166666666673 0.43703703703703717 0.26354166666666673 0.5120370370370371 0.30364583333333334 0.5120370370370371
11 0.5276041666666667 0.15555555555555567 0.4895833333333333 0.15555555555555567 0.4895833333333333 0.22407407407407418 0.5276041666666667 0.22407407407407418