5 0.35104166666666664 0.23611111111111116 0.30833333333333335 0.23611111111111116 0.30833333333333335 0.3175925925925927 0.35104166666666664 0.3175925925925927
8 0.7072916666666667 0.38055555555555565 0.6708333333333333 0.38055555555555565 0.6708333333333333 0.4490740740740742 0.7072916666666667 0.4490740740740742
2 0.5890625 0.30555555555555564 0.5526041666666667 0.30555555555555564 0.5526041666666667 0.37314814814814823 0.5890625 0.37314814814814823
2 0.5854166666666667 0.47592592592592614 0.5489583333333333 0.47592592592592614 0.5489583333333333 0.5444444444444446 0.5854166666666667 0.5444444444444446
11 0.3489583333333333 0.6333333333333333 0.3078125 0.6333333333333333 0.3078125 0.7111111111111111 0.3489583333333333 0.7111111111111111
7 0.4276041666666667 0.22500000000000012 0.3848958333333333 0.22500000000000012 0.3848958333333333 0.30555555555555564 0.4276041666666667 0.30555555555555564
12 0.678125 0.43981481481481494 0.6229166666666667 0.43981481481481494 0.6229166666666667 0.5435185185185187 0.678125 0.5435185185185187
3 0.46041666666666664 0.48055555555555557 0.42604166666666665 0.48055555555555557 0.42604166666666665 0.5444444444444444 0.46041666666666664 0.5444444444444444
3 0.4588541666666667 0.7925925925925926 0.4244791666666667 0.7925925925925926 0.4244791666666667 0.8574074074074074 0.4588541666666667 0.8574074074074074
4 0.7171875 0.2879629629629631 0.6713541666666667 0.2879629629629631 0.6713541666666667 0.37407407407407417 0.7171875 0.37407407407407417
7 0.4328125 0.7027777777777777 0.38958333333333334 0.7027777777777777 0.38958333333333334 0.7842592592592592 0.4328125 0.7842592592592592
3 0.4609375 0.14814814814814825 0.42604166666666665 0.14814814814814825 0.42604166666666665 0.21296296296296308 0.4609375 0.21296296296296308
3 0.4635416666666667 0.31481481481481494 0.428125 0.31481481481481494 0.428125 0.3814814814814816 0.4635416666666667 0.3814814814814816
2 0.5817708333333333 0.7972222222222224 0.5458333333333333 0.7972222222222224 0.5458333333333333 0.8629629629629632 0.5817708333333333 0.8629629629629632
3 0.4583333333333333 0.6444444444444445 0.4239583333333333 0.6444444444444445 0.4239583333333333 0.7092592592592593 0.4583333333333333 0.7092592592592593
0 0.7067708333333333 0.11666666666666681 0.6619791666666667 0.1166666666666668 0.6619791666666667 0.20000000000000015 0.7067708333333333 0.20000000000000015
13 0.3880208333333333 0.46574074074074084 0.3375 0.46574074074074084 0.3375 0.5611111111111111 0.3880208333333333 0.5611111111111111
2 0.5838541666666667 0.6370370370370373 0.5484375 0.6370370370370373 0.5484375 0.7037037037037039 0.5838541666666667 0.7037037037037039
2 0.584375 0.1462962962962964 0.5489583333333333 0.1462962962962964 0.5489583333333333 0.21296296296296308 0.584375 0.21296296296296308
9 0.34322916666666664 0.413888888888889 0.3098958333333333 0.413888888888889 0.3098958333333333 0.4759259259259259 0.34322916666666664 0.4759259259259259
8 0.7052083333333333 0.5574074074074076 0.6692708333333334 0.5574074074074076 0.6692708333333334 0.6240740740740743 0.7052083333333333 0.6240740740740743
5 0.34791666666666665 0.7148148148148148 0.30625 0.7148148148148148 0.30625 0.7935185185185185 0.34791666666666665 0.7935185185185185
4 0.709375 0.7092592592592595 0.6645833333333333 0.7092592592592595 0.6645833333333333 0.7935185185185187 0.709375 0.7935185185185187
1 0.35260416666666666 0.1620370370370371 0.30885416666666665 0.1620370370370371 0.30885416666666665 0.24351851851851863 0.35260416666666666 0.24351851851851863
11 0.34739583333333335 0.31481481481481494 0.30416666666666664 0.31481481481481494 0.30416666666666664 0.3962962962962964 0.34739583333333335 0.3962962962962964
6 0.6276041666666666 0.7138888888888891 0.5833333333333334 0.7138888888888891 0.5833333333333334 0.7962962962962965 0.6276041666666666 0.7962962962962965
1 0.346875 0.7805555555555556 0.30572916666666666 0.7805555555555556 0.30572916666666666 0.8574074074074074 0.346875 0.8574074074074074
10 0.7151041666666667 0.19629629629629644 0.6682291666666667 0.19629629629629644 0.6682291666666667 0.28333333333333344 0.7151041666666667 0.28333333333333344
10 0.7104166666666667 0.6231481481481483 0.6666666666666666 0.6231481481481483 0.6666666666666666 0.7064814814814817 0.7104166666666667 0.7064814814814817
6 0.6276041666666666 0.21111111111111125 0.584375 0.21111111111111122 0.584375 0.2916666666666668 0.6276041666666666 0.2916666666666668
9 0.340625 0.562962962962963 0.3078125 0.562962962962963 0.3078125 0.6259259259259259 0.340625 0.6259259259259259