4 0.7583333333333333 0.4185185185185187 0.7098958333333333 0.4185185185185186 0.7098958333333333 0.5009259259259261 0.7583333333333333 0.5009259259259261
7 0.47291666666666665 0.549074074074074 0.4203125 0.549074074074074 0.4203125 0.6388888888888888 0.47291666666666665 0.6388888888888888
7 0.609375 0.8083333333333336 0.5588541666666667 0.8083333333333336 0.5588541666666667 0.8944444444444447 0.609375 0.8944444444444447
11 0.5411458333333333 0.8037037037037039 0.490625 0.8037037037037039 0.49062500000000003 0.8898148148148151 0.5411458333333333 0.8898148148148151
5 0.40260416666666665 0.5361111111111111 0.35208333333333336 0.5361111111111111 0.35208333333333336 0.6231481481481481 0.40260416666666665 0.6231481481481481
5 0.5755208333333334 0.8666666666666669 0.5239583333333334 0.8666666666666669 0.5239583333333334 0.9546296296296296 0.5755208333333334 0.9546296296296296
0 0.6020833333333333 0.2212962962962964 0.5526041666666667 0.2212962962962964 0.5526041666666667 0.30555555555555564 0.6020833333333333 0.30555555555555564
3 0.5338541666666666 0.5712962962962965 0.4921875 0.5712962962962965 0.4921875 0.6416666666666668 0.5338541666666666 0.6416666666666668
12 0.6963541666666667 0.27962962962962973 0.6385416666666667 0.27962962962962973 0.6385416666666667 0.37962962962962976 0.6963541666666667 0.37962962962962976
3 0.56875 0.6287037037037039 0.5286458333333334 0.6287037037037039 0.5286458333333334 0.6972222222222224 0.56875 0.6972222222222224
0 0.7875 0.4824074074074076 0.740625 0.4824074074074076 0.740625 0.5620370370370372 0.7875 0.5620370370370372
2 0.6963541666666667 0.5342592592592594 0.6578125 0.5342592592592594 0.6578125 0.6000000000000002 0.6963541666666667 0.6000000000000002
4 0.63125 0.17129629629629642 0.5833333333333334 0.1712962962962964 0.5833333333333334 0.2527777777777779 0.63125 0.2527777777777779
13 0.4791666666666667 0.6657407407407407 0.4166666666666667 0.6657407407407407 0.4166666666666667 0.7731481481481481 0.4791666666666667 0.7731481481481481
3 0.6041666666666666 0.7009259259259262 0.5625 0.7009259259259262 0.5625 0.7722222222222225 0.6041666666666666 0.7722222222222225
11 0.54375 0.6833333333333336 0.49322916666666666 0.6833333333333336 0.49322916666666666 0.7694444444444447 0.54375 0.7694444444444447
3 0.4984375 0.501851851851852 0.4583333333333333 0.5018518518518519 0.4583333333333333 0.5703703703703705 0.4984375 0.5703703703703705
3 0.4666666666666667 0.43796296296296305 0.4265625 0.43796296296296305 0.4265625 0.5064814814814815 0.4666666666666667 0.5064814814814815
8 0.7182291666666667 0.36203703703703716 0.6796875 0.36203703703703716 0.6796875 0.42777777777777787 0.7182291666666667 0.42777777777777787
10 0.6661458333333333 0.3435185185185186 0.6161458333333333 0.3435185185185186 0.6161458333333333 0.4287037037037038 0.6661458333333333 0.4287037037037038
10 0.6994791666666667 0.4027777777777779 0.65 0.4027777777777779 0.65 0.48703703703703727 0.6994791666666667 0.48703703703703727
6 0.6338541666666667 0.28333333333333344 0.5838541666666667 0.28333333333333344 0.5838541666666667 0.36851851851851863 0.6338541666666667 0.36851851851851863
9 0.5041666666666667 0.7472222222222223 0.4625 0.7472222222222222 0.4625 0.8175925925925926 0.5041666666666667 0.8175925925925928
2 0.5619791666666667 0.2787037037037038 0.5229166666666667 0.2787037037037038 0.5229166666666667 0.34444444444444455 0.5619791666666667 0.34444444444444455
1 0.5755208333333334 0.739814814814815 0.5244791666666667 0.739814814814815 0.5244791666666667 0.827777777777778 0.5755208333333334 0.827777777777778
6 0.7307291666666667 0.4722222222222224 0.6817708333333333 0.4722222222222223 0.6817708333333333 0.5555555555555558 0.7307291666666667 0.5555555555555558
9 0.43333333333333335 0.6175925925925926 0.3921875 0.6175925925925926 0.3921875 0.687962962962963 0.43333333333333335 0.687962962962963
2 0.5963541666666666 0.338888888888889 0.5578125 0.338888888888889 0.5578125 0.40462962962962973 0.5963541666666666 0.40462962962962973
2 0.6666666666666666 0.4712962962962964 0.6291666666666667 0.4712962962962964 0.6291666666666667 0.5351851851851854 0.6666666666666666 0.5351851851851854
2 0.6307291666666667 0.40833333333333344 0.5921875 0.40833333333333344 0.5921875 0.47407407407407426 0.6307291666666667 0.47407407407407426
8 0.6572916666666667 0.23703703703703713 0.6182291666666667 0.23703703703703713 0.6182291666666667 0.3037037037037038 0.6572916666666667 0.3037037037037038
1 0.5078125 0.6148148148148149 0.45677083333333335 0.6148148148148148 0.45677083333333335 0.7027777777777778 0.5078125 0.702777777777778