13 0.6979166666666666 0.37037037037037046 0.640625 0.37037037037037046 0.640625 0.4648148148148149 0.6979166666666666 0.4648148148148149
5 0.8166666666666667 0.5000000000000002 0.76875 0.5000000000000002 0.76875 0.577777777777778 0.8166666666666667 0.577777777777778
7 0.5630208333333333 0.2787037037037038 0.5145833333333333 0.2787037037037038 0.5145833333333333 0.3574074074074075 0.5630208333333333 0.3574074074074075
6 0.6213541666666667 0.9064814814814817 0.571875 0.9064814814814817 0.571875 0.9879629629629629 0.6213541666666667 0.9879629629629629
7 0.7697916666666667 0.6157407407407409 0.7229166666666667 0.6157407407407409 0.7229166666666667 0.6925925925925928 0.7697916666666667 0.6925925925925928
2 0.4713541666666667 0.5592592592592592 0.43072916666666666 0.5592592592592592 0.43072916666666666 0.6259259259259259 0.4713541666666667 0.6259259259259259
2 0.5401041666666667 0.6796296296296298 0.49947916666666664 0.6796296296296298 0.49947916666666664 0.7453703703703706 0.5401041666666667 0.7453703703703706
11 0.65625 0.22222222222222238 0.609375 0.22222222222222238 0.609375 0.29722222222222233 0.65625 0.29722222222222233
3 0.6333333333333333 0.49537037037037057 0.5942708333333333 0.49537037037037057 0.5942708333333333 0.5592592592592595 0.6333333333333333 0.5592592592592595
12 0.49062500000000003 0.7796296296296298 0.4296875 0.7796296296296297 0.42968750000000006 0.8805555555555556 0.49062500000000014 0.8805555555555558
3 0.56875 0.38611111111111124 0.5291666666666667 0.38611111111111124 0.5291666666666667 0.450925925925926 0.56875 0.450925925925926
3 0.5005208333333333 0.2740740740740742 0.4609375 0.2740740740740742 0.4609375 0.33703703703703713 0.5005208333333333 0.33703703703703713
8 0.4145833333333334 0.7962962962962963 0.375 0.7962962962962963 0.37500000000000006 0.8601851851851852 0.41458333333333347 0.8601851851851852
2 0.6125 0.7916666666666669 0.5723958333333333 0.7916666666666669 0.5723958333333333 0.8574074074074076 0.6125 0.8574074074074076
6 0.4083333333333333 0.5398148148148149 0.359375 0.5398148148148149 0.359375 0.6203703703703703 0.4083333333333333 0.6203703703703703
5 0.6229166666666667 0.16944444444444456 0.5734375 0.16944444444444454 0.5734375 0.24907407407407417 0.6229166666666667 0.24907407407407417
11 0.790625 0.4472222222222224 0.7432291666666667 0.4472222222222224 0.7432291666666667 0.5240740740740742 0.790625 0.5240740740740742
2 0.4041666666666667 0.4407407407407408 0.36302083333333335 0.4407407407407408 0.36302083333333335 0.5064814814814815 0.4041666666666667 0.5064814814814815
4 0.346875 0.6620370370370371 0.2984375 0.6620370370370371 0.2984375 0.7416666666666667 0.346875 0.7416666666666667
9 0.6859375 0.2898148148148149 0.646875 0.2898148148148149 0.646875 0.35277777777777786 0.6859375 0.35277777777777786
3 0.7614583333333333 0.7333333333333335 0.7229166666666667 0.7333333333333335 0.7229166666666667 0.7962962962962965 0.7614583333333333 0.7962962962962965
1 0.5963541666666666 0.11203703703703717 0.5453125 0.11203703703703717 0.5453125 0.19537037037037047 0.5963541666666666 0.19537037037037047
9 0.7567708333333333 0.3981481481481483 0.7166666666666667 0.39814814814814825 0.7166666666666667 0.46296296296296313 0.7567708333333333 0.4629629629629632
3 0.7005208333333334 0.6175925925925928 0.6609375 0.6175925925925928 0.6609375 0.6814814814814817 0.7005208333333334 0.6814814814814817
2 0.6760416666666667 0.9064814814814817 0.6364583333333333 0.9064814814814817 0.6364583333333333 0.9712962962962963 0.6760416666666667 0.9712962962962963
8 0.47708333333333347 0.9157407407407407 0.43958333333333344 0.9157407407407407 0.43958333333333344 0.9768518518518519 0.47708333333333347 0.9768518518518519
1 0.8458333333333333 0.565740740740741 0.8 0.565740740740741 0.8 0.6407407407407409 0.8458333333333333 0.6407407407407409
4 0.5223958333333335 0.9425925925925926 0.4713541666666668 0.9425925925925925 0.4713541666666668 1 0.5223958333333335 1
0 0.3177083333333333 0.6018518518518519 0.26562500000000006 0.6018518518518519 0.26562500000000006 0.6888888888888889 0.3177083333333333 0.6888888888888889
10 0.3848958333333333 0.7185185185185186 0.33229166666666665 0.7185185185185186 0.33229166666666665 0.8046296296296296 0.3848958333333333 0.8046296296296296