6 0.7229166666666667 0.23703703703703713 0.6666666666666666 0.23703703703703713 0.6666666666666666 0.3296296296296297 0.7229166666666667 0.3296296296296297
11 0.42916666666666664 0.7694444444444445 0.375 0.7694444444444445 0.375 0.8583333333333333 0.42916666666666664 0.8583333333333333
4 0.6390625 0.11574074074074087 0.5822916666666667 0.11574074074074087 0.5822916666666667 0.2101851851851853 0.6390625 0.21018518518518534
3 0.7390625 0.3805555555555557 0.69375 0.38055555555555565 0.69375 0.4555555555555557 0.7390625 0.45555555555555577
0 0.665625 0.36666666666666675 0.6104166666666667 0.36666666666666675 0.6104166666666667 0.45740740740740754 0.665625 0.45740740740740754
2 0.5411458333333333 0.8407407407407409 0.496875 0.8407407407407409 0.49687500000000007 0.9129629629629632 0.5411458333333333 0.9129629629629632
9 0.44375 0.7185185185185186 0.4 0.7185185185185186 0.4 0.7888888888888889 0.44375 0.7888888888888889
3 0.7671875 0.3129629629629631 0.7223958333333333 0.31296296296296305 0.7223958333333333 0.3861111111111113 0.7671875 0.38611111111111135
7 0.5114583333333333 0.5796296296296297 0.4552083333333333 0.5796296296296296 0.4552083333333333 0.6712962962962964 0.5114583333333333 0.6712962962962965
1 0.43697916666666664 0.5842592592592593 0.38333333333333336 0.5842592592592593 0.38333333333333336 0.6722222222222223 0.43697916666666664 0.6722222222222223
2 0.35885416666666664 0.5935185185185186 0.315625 0.5935185185185186 0.315625 0.6638888888888889 0.35885416666666664 0.6638888888888889
2 0.2916666666666667 0.5972222222222222 0.24947916666666672 0.5972222222222222 0.24947916666666672 0.6666666666666666 0.2916666666666667 0.6666666666666666
2 0.5125000000000001 0.9064814814814816 0.4697916666666668 0.9064814814814814 0.4697916666666668 0.9768518518518519 0.5125000000000001 0.9768518518518519
3 0.5557291666666667 0.12870370370370382 0.5104166666666666 0.12870370370370382 0.5104166666666666 0.2037037037037038 0.5557291666666667 0.2037037037037038
7 0.5005208333333334 0.7750000000000001 0.44635416666666666 0.775 0.4463541666666667 0.8648148148148149 0.5005208333333334 0.864814814814815
0 0.6520833333333333 0.2453703703703705 0.5958333333333333 0.2453703703703705 0.5958333333333333 0.338888888888889 0.6520833333333333 0.338888888888889
3 0.5401041666666667 0.012962962962963077 0.49583333333333335 0.012962962962963072 0.49583333333333335 0.0851851851851853 0.5401041666666667 0.0851851851851853
5 0.5260416666666666 0.7083333333333335 0.46875 0.7083333333333334 0.46875 0.8027777777777779 0.5260416666666666 0.802777777777778
8 0.5734375 0.2527777777777779 0.5276041666666667 0.2527777777777779 0.5276041666666667 0.32870370370370383 0.5734375 0.32870370370370383
2 0.33229166666666665 0.6518518518518519 0.28958333333333336 0.6518518518518519 0.28958333333333336 0.7222222222222222 0.33229166666666665 0.7222222222222222
4 0.6234375 0.3074074074074075 0.5671875 0.3074074074074075 0.5671875 0.400925925925926 0.6234375 0.400925925925926
6 0.5942708333333333 0.37222222222222234 0.5385416666666667 0.37222222222222234 0.5385416666666667 0.463888888888889 0.5942708333333333 0.463888888888889
1 0.3859375 0.7064814814814815 0.3302083333333333 0.7064814814814815 0.3302083333333333 0.8 0.3859375 0.8
5 0.46875000000000006 0.8287037037037037 0.4140625 0.8287037037037037 0.41406250000000006 0.9185185185185185 0.4687500000000001 0.9185185185185185
13 0.41510416666666666 0.6370370370370371 0.35 0.6370370370370371 0.35 0.7453703703703703 0.41510416666666666 0.7453703703703703
12 0.7057291666666666 0.3000000000000001 0.6364583333333333 0.3000000000000001 0.6364583333333333 0.41574074074074086 0.7057291666666666 0.41574074074074086
11 0.4869791666666667 0.6361111111111112 0.4265625 0.6361111111111111 0.4265625 0.737962962962963 0.4869791666666667 0.7379629629629632
10 0.6807291666666667 0.1694444444444446 0.6244791666666667 0.1694444444444446 0.6244791666666667 0.26296296296296306 0.6807291666666667 0.26296296296296306
10 0.609375 0.17870370370370384 0.5546875 0.1787037037037038 0.5546875 0.26944444444444454 0.609375 0.26944444444444454
3 0.5833333333333334 0.062037037037037154 0.5385416666666667 0.06203703703703714 0.5385416666666667 0.1351851851851853 0.5833333333333334 0.1351851851851853