11 0.6953125 0.2916666666666668 0.65625 0.2916666666666668 0.65625 0.36296296296296304 0.6953125 0.36296296296296304
12 0.43072916666666666 0.5962962962962963 0.37864583333333335 0.5962962962962963 0.37864583333333335 0.687037037037037 0.43072916666666666 0.687037037037037
13 0.7234375 0.4462962962962964 0.6760416666666667 0.4462962962962964 0.6760416666666667 0.5324074074074077 0.7234375 0.5324074074074077
4 0.4479166666666667 0.774074074074074 0.40625 0.774074074074074 0.40625 0.8462962962962963 0.4479166666666667 0.8462962962962963
10 0.4546875 0.4898148148148148 0.4119791666666667 0.4898148148148148 0.4119791666666667 0.5638888888888889 0.4546875 0.5638888888888889
6 0.48125 0.662962962962963 0.4395833333333333 0.662962962962963 0.4395833333333333 0.7351851851851852 0.48125 0.7351851851851852
7 0.690625 0.5601851851851853 0.6510416666666666 0.5601851851851853 0.6510416666666666 0.6314814814814816 0.690625 0.6314814814814816
11 0.6661458333333333 0.39074074074074083 0.6265625 0.39074074074074083 0.6265625 0.4601851851851853 0.6661458333333333 0.4601851851851853
6 0.4453125 0.3953703703703705 0.40208333333333335 0.3953703703703705 0.40208333333333335 0.4712962962962964 0.4453125 0.4712962962962964
7 0.6427083333333333 0.2231481481481483 0.6036458333333333 0.22314814814814826 0.6036458333333333 0.29444444444444456 0.6427083333333333 0.29444444444444456
3 0.6578125 0.6722222222222224 0.6260416666666667 0.6722222222222224 0.6260416666666667 0.7296296296296299 0.6578125 0.7296296296296299
1 0.6791666666666667 0.4768518518518521 0.6390625 0.4768518518518521 0.6390625 0.5472222222222224 0.6791666666666667 0.5472222222222224
3 0.6479166666666667 0.5907407407407409 0.6161458333333333 0.5907407407407409 0.6161458333333333 0.6472222222222225 0.6479166666666667 0.6472222222222225
4 0.3984375 0.4166666666666668 0.3567708333333333 0.4166666666666668 0.3567708333333333 0.49074074074074076 0.3984375 0.49074074074074076
3 0.6119791666666666 0.3277777777777779 0.5796875 0.3277777777777779 0.5796875 0.38611111111111124 0.6119791666666666 0.38611111111111124
10 0.46979166666666666 0.575925925925926 0.4270833333333333 0.575925925925926 0.4270833333333333 0.65 0.46979166666666666 0.65
2 0.5083333333333333 0.5601851851851853 0.47604166666666664 0.5601851851851852 0.47604166666666664 0.6194444444444446 0.5083333333333333 0.6194444444444447
5 0.7385416666666667 0.6268518518518521 0.7 0.6268518518518521 0.7 0.6972222222222224 0.7385416666666667 0.6972222222222224
3 0.6369791666666667 0.5018518518518521 0.6057291666666667 0.5018518518518521 0.6057291666666667 0.5592592592592595 0.6369791666666667 0.5592592592592595
3 0.621875 0.4212962962962964 0.590625 0.4212962962962964 0.590625 0.47777777777777797 0.621875 0.47777777777777797
2 0.534375 0.739814814814815 0.5010416666666667 0.739814814814815 0.5010416666666667 0.7972222222222224 0.534375 0.7972222222222224
5 0.6838541666666667 0.20740740740740757 0.6447916666666667 0.20740740740740757 0.6447916666666667 0.2787037037037038 0.6838541666666667 0.2787037037037038
0 0.49270833333333336 0.7462962962962963 0.4510416666666667 0.7462962962962963 0.4510416666666667 0.8194444444444445 0.49270833333333336 0.8194444444444446
9 0.7015625 0.37962962962962976 0.6703125 0.37962962962962976 0.6703125 0.43703703703703717 0.7015625 0.43703703703703717
2 0.5197916666666667 0.6537037037037039 0.4875 0.6537037037037039 0.4875 0.7120370370370372 0.5197916666666667 0.7120370370370372
8 0.43125 0.6953703703703704 0.39791666666666664 0.6953703703703704 0.39791666666666664 0.7546296296296297 0.43125 0.7546296296296297
0 0.3880208333333333 0.32870370370370383 0.346875 0.32870370370370383 0.346875 0.4037037037037038 0.3880208333333333 0.4037037037037038
2 0.49270833333333336 0.4703703703703705 0.45989583333333334 0.4703703703703705 0.45989583333333334 0.5296296296296298 0.49270833333333336 0.5296296296296299
1 0.6541666666666667 0.31296296296296305 0.6151041666666667 0.31296296296296305 0.6151041666666667 0.38425925925925936 0.6541666666666667 0.38425925925925936
2 0.48385416666666664 0.3833333333333334 0.4505208333333333 0.3833333333333334 0.4505208333333333 0.4425925925925927 0.48385416666666664 0.4425925925925927
9 0.725 0.5453703703703706 0.69375 0.5453703703703706 0.69375 0.602777777777778 0.725 0.602777777777778
8 0.409375 0.5212962962962963 0.37604166666666666 0.5212962962962963 0.37604166666666666 0.5796296296296296 0.409375 0.5796296296296296