11 0.32916666666666666 6.678860784238805e-17 0.284375 6.191269929022729e-17 0.284375 0.059259259259259324 0.32916666666666666 0.05925925925925934
11 0.7354166666666667 0.03611111111111126 0.6890625 0.03611111111111125 0.6890625 0.10092592592592609 0.7354166666666667 0.10092592592592609
4 0.34479166666666666 0.7527777777777778 0.296875 0.7527777777777778 0.296875 0.8212962962962963 0.34479166666666666 0.8212962962962963
5 0.6291666666666667 0.01574074074074087 0.5880208333333333 0.015740740740740864 0.5880208333333333 0.08148148148148161 0.6291666666666667 0.08148148148148161
0 0.6125 0.7870370370370372 0.565625 0.7870370370370372 0.565625 0.8592592592592595 0.6125 0.8592592592592595
5 0.4239583333333333 8.73694776613922e-17 0.37864583333333335 8.24368724981598e-17 0.37864583333333335 0.05555555555555564 0.4239583333333333 0.05555555555555565
4 0.5604166666666667 0.7731481481481484 0.5140625 0.7731481481481484 0.5140625 0.8444444444444447 0.5604166666666667 0.8444444444444447
1 0.375 7.665381816885285e-17 0.32916666666666666 7.166451639454882e-17 0.32916666666666666 0.06203703703703711 0.375 0.06203703703703711
7 0.4822916666666667 0.0074074074074075074 0.4359375 0.007407407407407503 0.4359375 0.07407407407407418 0.4822916666666667 0.07407407407407418
13 0.5166666666666667 0.14351851851851863 0.46197916666666666 0.14351851851851863 0.46197916666666666 0.22685185185185194 0.5166666666666667 0.22685185185185194
12 0.4744791666666667 0.5796296296296296 0.41875 0.5796296296296296 0.41875 0.6657407407407407 0.4744791666666667 0.6657407407407407
0 0.2947916666666667 0.737037037037037 0.24843750000000006 0.737037037037037 0.24843750000000006 0.8166666666666667 0.2947916666666667 0.8166666666666667
7 0.5786458333333333 0.006481481481481604 0.5328125 0.006481481481481598 0.5328125 0.07222222222222234 0.5786458333333333 0.07222222222222235
2 0.6390625 0.526851851851852 0.6005208333333333 0.526851851851852 0.6005208333333333 0.5824074074074076 0.6390625 0.5824074074074076
10 0.6682291666666667 0.7833333333333335 0.6229166666666667 0.7833333333333335 0.6229166666666667 0.8546296296296299 0.6682291666666667 0.8546296296296299
10 0.2427083333333334 0.7305555555555555 0.19739583333333338 0.7305555555555555 0.19739583333333338 0.8 0.2427083333333334 0.8
2 0.5427083333333333 0.42962962962962975 0.5046875 0.42962962962962975 0.5046875 0.4861111111111113 0.5427083333333333 0.4861111111111113
3 0.4427083333333333 0.33240740740740754 0.4041666666666667 0.33240740740740754 0.4041666666666667 0.3935185185185186 0.4427083333333333 0.3935185185185186
2 0.6895833333333333 0.5324074074074077 0.6505208333333333 0.5324074074074077 0.6505208333333333 0.5870370370370372 0.6895833333333333 0.5870370370370372
3 0.6671875 0.26944444444444454 0.6291666666666667 0.26944444444444454 0.6291666666666667 0.32314814814814824 0.6671875 0.32314814814814824
1 0.684375 0.02407407407407422 0.6395833333333333 0.024074074074074213 0.6395833333333333 0.09166666666666681 0.684375 0.09166666666666683
3 0.7197916666666667 0.2740740740740742 0.6828125 0.2740740740740742 0.6828125 0.3277777777777779 0.7197916666666667 0.3277777777777779
3 0.2953125 0.2305555555555556 0.259375 0.2305555555555556 0.259375 0.28333333333333344 0.2953125 0.28333333333333344
9 0.5645833333333333 0.17037037037037048 0.5265625 0.17037037037037048 0.5265625 0.22500000000000012 0.5645833333333333 0.22500000000000012
8 0.521875 0.6037037037037039 0.4822916666666667 0.6037037037037037 0.4822916666666667 0.6583333333333334 0.521875 0.6583333333333335
8 0.4114583333333333 0.5916666666666667 0.371875 0.5916666666666667 0.371875 0.6481481481481481 0.4114583333333333 0.6481481481481481
9 0.459375 0.1462962962962964 0.42083333333333334 0.1462962962962964 0.42083333333333334 0.2074074074074075 0.459375 0.2074074074074075
3 0.3421875 0.23888888888888898 0.30416666666666664 0.23888888888888898 0.30416666666666664 0.2916666666666668 0.3421875 0.2916666666666668
6 0.4005208333333333 0.7611111111111111 0.3541666666666667 0.7611111111111111 0.3541666666666667 0.8333333333333334 0.4005208333333333 0.8333333333333334
6 0.5072916666666667 0.7731481481481483 0.46145833333333336 0.7731481481481481 0.46145833333333336 0.8453703703703704 0.5072916666666667 0.8453703703703705
2 0.26406250000000003 0.48055555555555557 0.22760416666666672 0.48055555555555557 0.22760416666666672 0.5462962962962963 0.26406250000000003 0.5462962962962963
2 0.3203125 0.48333333333333334 0.28072916666666664 0.48333333333333334 0.28072916666666664 0.5481481481481482 0.3203125 0.5481481481481482