1 0.35937500000000006 0.8574074074074074 0.31875 0.8574074074074074 0.31875000000000003 0.9203703703703704 0.3593750000000001 0.9203703703703704
5 0.41250000000000014 0.8657407407407407 0.37135416666666676 0.8657407407407407 0.37135416666666676 0.9268518518518518 0.41250000000000014 0.9268518518518518
5 0.6317708333333333 0.8620370370370373 0.5901041666666667 0.8620370370370373 0.5901041666666667 0.9212962962962965 0.6317708333333333 0.9212962962962965
7 0.47395833333333337 0.8583333333333333 0.43385416666666665 0.8583333333333333 0.4338541666666667 0.9194444444444444 0.4739583333333334 0.9194444444444444
0 0.6776041666666667 0.09907407407407422 0.6395833333333333 0.0990740740740742 0.6395833333333333 0.15555555555555572 0.6776041666666667 0.15555555555555572
7 0.5776041666666667 0.8722222222222225 0.5369791666666667 0.8722222222222225 0.5369791666666667 0.9305555555555558 0.5776041666666667 0.9305555555555558
0 0.36875 0.100925925925926 0.32864583333333336 0.100925925925926 0.32864583333333336 0.1574074074074075 0.36875 0.15740740740740752
4 0.628125 0.10092592592592606 0.5880208333333333 0.10092592592592606 0.5880208333333333 0.16203703703703717 0.628125 0.1620370370370372
10 0.7270833333333333 0.10648148148148164 0.6895833333333333 0.10648148148148164 0.6895833333333333 0.16388888888888906 0.7270833333333333 0.16388888888888906
1 0.6901041666666666 0.8629629629629632 0.6489583333333333 0.8629629629629632 0.6489583333333333 0.9231481481481484 0.6901041666666666 0.9231481481481484
2 0.6817708333333333 0.3574074074074075 0.65 0.3574074074074075 0.65 0.4027777777777779 0.6817708333333333 0.4027777777777779
6 0.4713541666666667 0.09907407407407418 0.43125 0.09907407407407418 0.43125 0.15370370370370381 0.4713541666666667 0.15370370370370381
12 0.5234375 0.2537037037037038 0.47760416666666666 0.2537037037037038 0.47760416666666666 0.3212962962962964 0.5234375 0.3212962962962964
10 0.3171875 0.10740740740740748 0.2791666666666667 0.10740740740740747 0.2791666666666667 0.16388888888888895 0.3171875 0.16388888888888895
6 0.5755208333333334 0.10000000000000012 0.5354166666666667 0.1000000000000001 0.5354166666666667 0.15555555555555567 0.5755208333333334 0.15555555555555567
13 0.528125 0.6935185185185186 0.48072916666666665 0.6935185185185185 0.48072916666666665 0.7703703703703705 0.528125 0.7703703703703706
3 0.6885416666666667 0.614814814814815 0.65625 0.614814814814815 0.65625 0.6601851851851854 0.6885416666666667 0.6601851851851854
2 0.3098958333333333 0.34814814814814826 0.27708333333333335 0.34814814814814826 0.27708333333333335 0.3916666666666668 0.3098958333333333 0.3916666666666668
4 0.41510416666666666 0.09907407407407415 0.37552083333333336 0.09907407407407415 0.37552083333333336 0.15462962962962973 0.41510416666666666 0.15462962962962973
3 0.7432291666666667 0.6166666666666669 0.7109375 0.6166666666666669 0.7109375 0.6620370370370372 0.7432291666666667 0.6620370370370372
3 0.3572916666666667 0.6101851851851852 0.3234375 0.6101851851851852 0.3234375 0.6546296296296297 0.3572916666666667 0.6546296296296297
3 0.46770833333333334 0.5175925925925926 0.4348958333333333 0.5175925925925926 0.4348958333333333 0.5638888888888889 0.46770833333333334 0.5638888888888889
2 0.3619791666666667 0.35462962962962974 0.3307291666666667 0.35462962962962974 0.3307291666666667 0.400925925925926 0.3619791666666667 0.400925925925926
8 0.5729166666666666 0.2666666666666668 0.5390625 0.2666666666666668 0.5390625 0.31944444444444453 0.5729166666666666 0.31944444444444453
2 0.7333333333333333 0.35555555555555574 0.7010416666666667 0.3555555555555557 0.7010416666666667 0.40000000000000013 0.7333333333333333 0.4000000000000002
2 0.5765625 0.4351851851851853 0.5458333333333333 0.4351851851851853 0.5458333333333333 0.4814814814814817 0.5765625 0.4814814814814817
3 0.3072916666666667 0.6083333333333333 0.27395833333333336 0.6083333333333333 0.27395833333333336 0.6546296296296297 0.3072916666666667 0.6546296296296297
11 0.7447916666666666 0.853703703703704 0.703125 0.853703703703704 0.703125 0.9138888888888891 0.7447916666666666 0.9138888888888891
9 0.465625 0.7083333333333334 0.43125 0.7083333333333334 0.43125 0.7564814814814815 0.465625 0.7564814814814815
9 0.575 0.702777777777778 0.5432291666666667 0.702777777777778 0.5432291666666667 0.7555555555555558 0.575 0.7555555555555558
11 0.31041666666666673 0.8518518518518519 0.2708333333333333 0.8518518518518519 0.27083333333333337 0.9166666666666666 0.3104166666666668 0.9166666666666666
8 0.46041666666666664 0.2620370370370371 0.4317708333333333 0.2620370370370371 0.4317708333333333 0.313888888888889 0.46041666666666664 0.313888888888889