4 0.640625 0.023148148148148282 0.5901041666666667 0.02314814814814828 0.5901041666666667 0.08611111111111125 0.640625 0.08611111111111125
7 0.5864583333333333 0.7824074074074077 0.5369791666666667 0.7824074074074077 0.5369791666666667 0.8666666666666669 0.5864583333333333 0.8666666666666669
1 0.5541666666666667 0.9287037037037039 0.5057291666666668 0.9287037037037039 0.5057291666666668 1 0.5541666666666667 1
7 0.4 0.363888888888889 0.3489583333333333 0.363888888888889 0.3489583333333333 0.4490740740740742 0.4 0.4490740740740742
3 0.5833333333333334 0.665740740740741 0.5432291666666667 0.665740740740741 0.5432291666666667 0.7324074074074076 0.5833333333333334 0.7324074074074076
2 0.5661458333333333 0.23055555555555565 0.5255208333333333 0.23055555555555565 0.5255208333333333 0.2981481481481483 0.5661458333333333 0.2981481481481483
13 0.4578125 0.6175925925925926 0.3958333333333333 0.6175925925925926 0.3958333333333333 0.7212962962962963 0.4578125 0.7212962962962963
3 0.6447916666666667 0.7879629629629632 0.603125 0.7879629629629632 0.603125 0.8592592592592595 0.6447916666666667 0.8592592592592595
3 0.5182291666666666 0.5351851851851853 0.475 0.5351851851851852 0.475 0.6074074074074075 0.5182291666666666 0.6074074074074076
4 0.784375 0.3435185185185187 0.7338541666666667 0.3435185185185187 0.7338541666666667 0.42962962962962986 0.784375 0.42962962962962986
3 0.39114583333333336 0.26296296296296306 0.35 0.26296296296296306 0.35 0.3314814814814816 0.39114583333333336 0.3314814814814816
12 0.7104166666666667 0.26296296296296306 0.6505208333333333 0.26296296296296306 0.6505208333333333 0.3648148148148149 0.7104166666666667 0.3648148148148149
2 0.6854166666666667 0.5138888888888891 0.6463541666666667 0.5138888888888891 0.6463541666666667 0.5796296296296298 0.6854166666666667 0.5796296296296298
2 0.7442708333333333 0.6416666666666668 0.70625 0.6416666666666668 0.70625 0.7055555555555557 0.7442708333333333 0.7055555555555557
2 0.6291666666666667 0.37222222222222234 0.5885416666666666 0.37222222222222234 0.5885416666666666 0.438888888888889 0.6291666666666667 0.438888888888889
3 0.4578125 0.39814814814814825 0.4140625 0.39814814814814825 0.4140625 0.47314814814814826 0.4578125 0.47314814814814826
6 0.7578125 0.5222222222222225 0.7083333333333334 0.5222222222222225 0.7083333333333334 0.6055555555555557 0.7578125 0.6055555555555557
6 0.571875 0.0953703703703705 0.5177083333333333 0.09537037037037048 0.5177083333333333 0.18796296296296308 0.571875 0.18796296296296308
2 0.5005208333333333 0.08981481481481492 0.4578125 0.08981481481481492 0.4578125 0.16203703703703715 0.5005208333333333 0.16203703703703715
11 0.359375 0.5453703703703704 0.30625 0.5453703703703704 0.30625 0.6333333333333333 0.359375 0.6333333333333333
8 0.7614583333333333 0.28425925925925943 0.7223958333333333 0.2842592592592594 0.7223958333333333 0.35000000000000014 0.7614583333333333 0.3500000000000002
5 0.5166666666666668 0.8675925925925927 0.46770833333333345 0.8675925925925926 0.46770833333333345 0.95 0.5166666666666668 0.95
1 0.29375 0.42129629629629634 0.24166666666666667 0.4212962962962963 0.2416666666666667 0.5092592592592593 0.29375 0.5092592592592593
11 0.4864583333333334 0.813888888888889 0.43697916666666664 0.8138888888888889 0.43697916666666675 0.8972222222222224 0.48645833333333344 0.8972222222222225
0 0.84375 0.46944444444444466 0.7953125 0.46944444444444466 0.7953125 0.551851851851852 0.84375 0.551851851851852
10 0.8125 0.4138888888888891 0.7645833333333333 0.4138888888888891 0.7645833333333333 0.49444444444444463 0.8125 0.49444444444444463
5 0.3307291666666667 0.4712962962962964 0.2760416666666667 0.4712962962962964 0.2760416666666667 0.5648148148148148 0.3307291666666667 0.5648148148148148
8 0.7046875 0.15555555555555572 0.6630208333333333 0.15555555555555572 0.6630208333333333 0.226851851851852 0.7046875 0.226851851851852
10 0.675 0.06759259259259273 0.6208333333333333 0.06759259259259272 0.6208333333333333 0.16018518518518535 0.675 0.16018518518518535
9 0.45364583333333336 0.7648148148148148 0.41354166666666664 0.7648148148148148 0.41354166666666664 0.8324074074074074 0.45364583333333336 0.8324074074074074
9 0.3890625 0.6231481481481481 0.34791666666666665 0.6231481481481481 0.34791666666666665 0.6925925925925925 0.3890625 0.6925925925925925