13 0.41354166666666664 0.175925925925926 0.3578125 0.17592592592592599 0.3578125 0.2740740740740742 0.41354166666666664 0.2740740740740742
3 0.6114583333333333 0.0629629629629631 0.5739583333333333 0.0629629629629631 0.5739583333333333 0.12870370370370385 0.6114583333333333 0.12870370370370385
3 0.45989583333333334 0.2916666666666668 0.42239583333333336 0.2916666666666668 0.42239583333333336 0.3574074074074075 0.45989583333333334 0.3574074074074075
9 0.35104166666666664 0.19629629629629636 0.3140625 0.19629629629629636 0.3140625 0.2601851851851853 0.35104166666666664 0.2601851851851853
2 0.5583333333333333 0.4712962962962964 0.5192708333333333 0.4712962962962964 0.5192708333333333 0.5388888888888891 0.5583333333333333 0.5388888888888891
3 0.39375 0.41018518518518526 0.35572916666666665 0.41018518518518526 0.35572916666666665 0.47685185185185186 0.39375 0.47685185185185186
2 0.7046875 0.21851851851851867 0.6666666666666666 0.21851851851851867 0.6666666666666666 0.28518518518518526 0.7046875 0.28518518518518526
0 0.8026041666666667 0.39074074074074094 0.7536458333333333 0.39074074074074094 0.7536458333333333 0.47777777777777797 0.8026041666666667 0.47777777777777797
2 0.48333333333333334 0.5888888888888889 0.4453125 0.5888888888888889 0.4453125 0.6555555555555556 0.48333333333333334 0.6555555555555556
9 0.42083333333333334 0.07129629629629637 0.384375 0.07129629629629637 0.384375 0.13425925925925936 0.42083333333333334 0.13425925925925936
5 0.2859375 0.3083333333333334 0.23854166666666668 0.30833333333333335 0.23854166666666668 0.3916666666666667 0.2859375 0.3916666666666668
2 0.6296875 0.338888888888889 0.590625 0.338888888888889 0.590625 0.4074074074074075 0.6296875 0.4074074074074075
4 0.5390625 0.8212962962962965 0.490625 0.8212962962962965 0.49062500000000003 0.9064814814814817 0.5390625 0.9064814814814817
7 0.5505208333333333 0.04907407407407419 0.5057291666666667 0.04907407407407418 0.5057291666666667 0.12777777777777788 0.5505208333333333 0.12777777777777788
7 0.3411458333333333 0.4166666666666668 0.29375 0.4166666666666668 0.29375 0.4981481481481482 0.3411458333333333 0.4981481481481482
3 0.5390625 0.1750000000000001 0.5010416666666667 0.1750000000000001 0.5010416666666667 0.24166666666666678 0.5390625 0.24166666666666678
2 0.4083333333333333 0.7129629629629629 0.3703125 0.7129629629629629 0.3703125 0.7805555555555556 0.4083333333333333 0.7805555555555556
12 0.6333333333333333 0.5583333333333336 0.5755208333333334 0.5583333333333336 0.5755208333333334 0.6601851851851854 0.6333333333333333 0.6601851851851854
6 0.4739583333333333 0.7055555555555556 0.42604166666666665 0.7055555555555556 0.42604166666666665 0.7898148148148149 0.4739583333333333 0.7898148148148149
3 0.321875 0.5342592592592592 0.2838541666666667 0.5342592592592592 0.2838541666666667 0.5990740740740741 0.321875 0.5990740740740741
5 0.4901041666666667 1.0199720331787446e-16 0.446875 9.729138459892862e-17 0.446875 0.04166666666666677 0.4901041666666667 0.041666666666666775
1 0.25000000000000006 0.35277777777777786 0.2046875 0.3527777777777778 0.20468750000000002 0.4333333333333334 0.25000000000000006 0.43333333333333346
8 0.690625 0.5861111111111114 0.6515625 0.5861111111111114 0.6515625 0.6546296296296299 0.690625 0.6546296296296299
11 0.3177083333333333 0.2453703703703705 0.271875 0.2453703703703705 0.271875 0.3250000000000001 0.3177083333333333 0.3250000000000001
11 0.4588541666666667 0.009259259259259352 0.4119791666666667 0.009259259259259347 0.4119791666666667 0.09166666666666676 0.4588541666666667 0.09166666666666677
10 0.7619791666666667 0.4379629629629631 0.7088541666666667 0.43796296296296305 0.7088541666666667 0.5305555555555558 0.7619791666666667 0.5305555555555558
4 0.7223958333333333 0.5046296296296299 0.6713541666666667 0.5046296296296299 0.6713541666666667 0.5944444444444447 0.7223958333333333 0.5944444444444447
8 0.6161458333333333 0.7009259259259262 0.5765625 0.7009259259259262 0.5765625 0.7703703703703706 0.6161458333333333 0.7703703703703706
10 0.5807291666666666 0.7583333333333335 0.528125 0.7583333333333335 0.528125 0.8509259259259261 0.5807291666666666 0.8509259259259261
0 0.5046875000000001 0.8750000000000001 0.4531250000000001 0.875 0.4531250000000001 0.9657407407407408 0.5046875000000001 0.9657407407407408
6 0.7088541666666667 0.32037037037037047 0.6583333333333333 0.32037037037037047 0.6583333333333333 0.4092592592592594 0.7088541666666667 0.4092592592592594