3 0.3598958333333334 0.8222222222222222 0.3302083333333333 0.8222222222222222 0.3302083333333334 0.8685185185185185 0.35989583333333347 0.8685185185185185
11 0.2546875 0.2666666666666667 0.21875 0.26666666666666666 0.21875 0.3222222222222223 0.2546875 0.32222222222222235
4 0.6411458333333333 0.6537037037037039 0.603125 0.6537037037037039 0.603125 0.7083333333333336 0.6411458333333333 0.7083333333333336
7 0.35104166666666664 0.1944444444444445 0.31666666666666665 0.1944444444444445 0.31666666666666665 0.24722222222222232 0.35104166666666664 0.24722222222222232
2 0.5005208333333334 0.8407407407407409 0.46770833333333334 0.8407407407407408 0.4677083333333334 0.8935185185185186 0.5005208333333334 0.8935185185185187
3 0.38958333333333334 0.11851851851851859 0.359375 0.11851851851851856 0.359375 0.16203703703703712 0.38958333333333334 0.16203703703703715
2 0.51875 0.3000000000000001 0.4890625 0.3000000000000001 0.4890625 0.34259259259259267 0.51875 0.34259259259259267
2 0.5140625 0.4750000000000002 0.48489583333333336 0.4750000000000002 0.48489583333333336 0.5194444444444447 0.5140625 0.5194444444444447
1 0.23645833333333338 0.8046296296296296 0.1979166666666667 0.8046296296296296 0.1979166666666667 0.8638888888888889 0.23645833333333338 0.8638888888888889
3 0.371875 0.44814814814814824 0.33697916666666666 0.44814814814814824 0.33697916666666666 0.5 0.371875 0.5
4 0.6546875 0.22037037037037052 0.6182291666666667 0.22037037037037052 0.6182291666666667 0.2740740740740742 0.6546875 0.2740740740740742
3 0.3802083333333333 0.2842592592592594 0.35104166666666664 0.2842592592592594 0.35104166666666664 0.32685185185185195 0.3802083333333333 0.32685185185185195
7 0.3182291666666667 0.7296296296296296 0.28020833333333334 0.7296296296296296 0.28020833333333334 0.7907407407407407 0.3182291666666667 0.7907407407407407
2 0.5005208333333333 0.6574074074074076 0.46979166666666666 0.6574074074074074 0.46979166666666666 0.7009259259259261 0.5005208333333333 0.7009259259259262
3 0.3640625 0.6407407407407407 0.33489583333333334 0.6407407407407407 0.33489583333333334 0.6861111111111111 0.3640625 0.6861111111111111
0 0.6552083333333333 0.14259259259259274 0.61875 0.14259259259259274 0.61875 0.19722222222222238 0.6552083333333333 0.19722222222222238
2 0.5239583333333333 0.12407407407407418 0.4953125 0.12407407407407418 0.4953125 0.17314814814814825 0.5239583333333333 0.17314814814814825
6 0.5526041666666667 0.7509259259259261 0.5151041666666667 0.7509259259259261 0.5151041666666667 0.8185185185185188 0.5526041666666667 0.8185185185185188
13 0.29010416666666666 0.42592592592592604 0.24635416666666668 0.42592592592592604 0.2463541666666667 0.4935185185185185 0.29010416666666666 0.4935185185185185
6 0.5677083333333334 0.19907407407407418 0.5328125 0.19907407407407418 0.5328125 0.25462962962962976 0.5677083333333334 0.25462962962962976
8 0.6479166666666667 0.40555555555555567 0.6182291666666667 0.40555555555555567 0.6182291666666667 0.4546296296296297 0.6479166666666667 0.4546296296296297
9 0.2348958333333334 0.5453703703703704 0.2057291666666667 0.5453703703703704 0.2057291666666667 0.5898148148148148 0.2348958333333334 0.5898148148148148
12 0.6109375 0.47314814814814826 0.5661458333333333 0.47314814814814826 0.5661458333333333 0.5509259259259262 0.6109375 0.5509259259259262
0 0.6442708333333333 0.8425925925925928 0.6067708333333334 0.8425925925925928 0.6067708333333334 0.9000000000000002 0.6442708333333333 0.9000000000000002
10 0.6401041666666667 0.7490740740740743 0.6026041666666667 0.7490740740740743 0.6026041666666667 0.8064814814814817 0.6401041666666667 0.8064814814814817
8 0.6489583333333333 0.5814814814814817 0.6197916666666666 0.5814814814814817 0.6197916666666666 0.6250000000000002 0.6489583333333333 0.6250000000000002
5 0.2640625 0.18796296296296303 0.2296875 0.18796296296296303 0.2296875 0.24166666666666672 0.2640625 0.24166666666666678
5 0.23437500000000006 0.7027777777777777 0.20000000000000007 0.7027777777777777 0.20000000000000007 0.7592592592592593 0.23437500000000006 0.7592592592592593
11 0.2348958333333334 0.6194444444444445 0.1989583333333334 0.6194444444444445 0.1989583333333334 0.6768518518518518 0.2348958333333334 0.6768518518518518
1 0.265625 0.11296296296296301 0.23125 0.11296296296296301 0.23125 0.1666666666666667 0.265625 0.1666666666666667
9 0.2484375 0.36111111111111116 0.2203125 0.3611111111111111 0.2203125 0.4083333333333334 0.2484375 0.40833333333333344
10 0.6515625 0.30277777777777787 0.6166666666666667 0.30277777777777787 0.6166666666666667 0.36666666666666675 0.6515625 0.36666666666666675