4 0.7182291666666667 0.23888888888888898 0.678125 0.23888888888888898 0.678125 0.3157407407407408 0.7182291666666667 0.3157407407407408
3 0.378125 0.7129629629629629 0.346875 0.7129629629629629 0.346875 0.775 0.378125 0.775
2 0.5322916666666667 0.5712962962962965 0.5 0.5712962962962965 0.5 0.6333333333333335 0.5322916666666667 0.6333333333333335
7 0.34479166666666666 0.6148148148148148 0.3078125 0.6148148148148148 0.3078125 0.687037037037037 0.34479166666666666 0.687037037037037
3 0.4171875 0.363888888888889 0.38697916666666665 0.363888888888889 0.38697916666666665 0.42222222222222233 0.4171875 0.42222222222222233
1 0.3458333333333333 0.012037037037037108 0.30833333333333335 0.012037037037037103 0.30833333333333335 0.0861111111111112 0.3458333333333333 0.0861111111111112
1 0.25781250000000006 0.6712962962962963 0.22083333333333338 0.6712962962962963 0.22083333333333338 0.7435185185185185 0.25781250000000006 0.7435185185185185
4 0.66875 0.602777777777778 0.6276041666666666 0.602777777777778 0.6276041666666666 0.6805555555555558 0.66875 0.6805555555555558
7 0.41302083333333334 0.08796296296296305 0.37552083333333336 0.08796296296296305 0.37552083333333336 0.1611111111111112 0.41302083333333334 0.1611111111111112
2 0.5958333333333333 0.05000000000000013 0.5651041666666666 0.05000000000000012 0.5651041666666666 0.11111111111111124 0.5958333333333333 0.11111111111111124
11 0.32135416666666666 0.17129629629629634 0.2833333333333333 0.17129629629629634 0.2833333333333333 0.2453703703703705 0.32135416666666666 0.2453703703703705
9 0.30572916666666666 0.26481481481481495 0.27708333333333335 0.26481481481481495 0.27708333333333335 0.32314814814814824 0.30572916666666666 0.32314814814814824
2 0.5515625 0.3953703703703705 0.5208333333333334 0.3953703703703705 0.5208333333333334 0.45740740740740754 0.5515625 0.45740740740740754
3 0.44375 0.18796296296296308 0.4125 0.18796296296296308 0.4125 0.24814814814814826 0.44375 0.24814814814814826
5 0.3328125 0.0972222222222223 0.2953125 0.09722222222222228 0.2953125 0.16851851851851857 0.3328125 0.16851851851851857
2 0.509375 0.7564814814814815 0.47760416666666666 0.7564814814814815 0.47760416666666666 0.8175925925925926 0.509375 0.8175925925925928
2 0.5791666666666667 0.21296296296296308 0.5473958333333333 0.21296296296296308 0.5473958333333333 0.275925925925926 0.5791666666666667 0.275925925925926
3 0.39739583333333334 0.5444444444444444 0.36666666666666664 0.5444444444444444 0.36666666666666664 0.6055555555555555 0.39739583333333334 0.6055555555555555
3 0.465625 0.025000000000000095 0.4354166666666667 0.02500000000000009 0.4354166666666667 0.08333333333333344 0.465625 0.08333333333333344
12 0.6572916666666667 0.3953703703703705 0.6078125 0.3953703703703705 0.6078125 0.4888888888888891 0.6572916666666667 0.4888888888888891
6 0.5708333333333333 0.6546296296296299 0.5317708333333333 0.6546296296296299 0.5317708333333333 0.7296296296296299 0.5708333333333333 0.7296296296296299
13 0.34739583333333335 0.3453703703703705 0.303125 0.3453703703703705 0.303125 0.4287037037037038 0.34739583333333335 0.4287037037037038
9 0.2833333333333333 0.42222222222222233 0.25364583333333335 0.42222222222222233 0.25364583333333335 0.47962962962962963 0.2833333333333333 0.47962962962962963
0 0.7390625 0.05555555555555571 0.6984375 0.05555555555555571 0.6984375 0.13240740740740756 0.7390625 0.13240740740740756
5 0.2833333333333333 0.5092592592592593 0.24531250000000007 0.5092592592592593 0.24531250000000007 0.5814814814814815 0.2833333333333333 0.5814814814814815
6 0.6354166666666666 0.12314814814814828 0.5958333333333333 0.12314814814814826 0.5958333333333333 0.19814814814814827 0.6354166666666666 0.1981481481481483
8 0.7010416666666667 0.3462962962962964 0.6682291666666667 0.3462962962962964 0.6682291666666667 0.4074074074074075 0.7010416666666667 0.4074074074074075
8 0.6755208333333333 0.5138888888888891 0.6432291666666666 0.5138888888888891 0.6432291666666666 0.5768518518518521 0.6755208333333333 0.5768518518518521
11 0.2671875 0.5953703703703703 0.22968750000000007 0.5953703703703703 0.22968750000000007 0.6685185185185185 0.2671875 0.6685185185185185
10 0.7213541666666666 0.15092592592592607 0.6807291666666667 0.15092592592592607 0.6807291666666667 0.22500000000000014 0.7213541666666666 0.22500000000000014
10 0.6572916666666667 0.6805555555555558 0.6166666666666667 0.6805555555555558 0.6166666666666667 0.7555555555555558 0.6572916666666667 0.7555555555555558
0 0.6401041666666667 0.7833333333333335 0.5958333333333333 0.7833333333333335 0.5958333333333333 0.8564814814814817 0.6401041666666667 0.8564814814814817