4 0.5140625000000001 0.8833333333333334 0.46250000000000013 0.8833333333333333 0.46250000000000013 0.9731481481481481 0.5140625000000001 0.9731481481481481
7 0.5177083333333333 0.08333333333333344 0.4661458333333333 0.08333333333333344 0.4661458333333333 0.1712962962962964 0.5177083333333333 0.1712962962962964
7 0.4276041666666667 0.12407407407407418 0.375 0.12407407407407418 0.375 0.21111111111111122 0.4276041666666667 0.21111111111111122
11 0.278125 0.21851851851851858 0.228125 0.21851851851851858 0.228125 0.3027777777777778 0.278125 0.30277777777777787
0 0.4656250000000001 0.9185185185185185 0.41458333333333347 0.9185185185185185 0.41458333333333347 1 0.4656250000000001 1
5 0.37916666666666665 0.1583333333333334 0.32916666666666666 0.15833333333333338 0.32916666666666666 0.24351851851851863 0.37916666666666665 0.24351851851851863
4 0.7234375 0.7740740740740742 0.671875 0.7740740740740742 0.671875 0.8638888888888892 0.7234375 0.8638888888888892
13 0.5083333333333333 0.23333333333333345 0.44635416666666666 0.23333333333333345 0.44635416666666666 0.34259259259259267 0.5083333333333333 0.34259259259259267
10 0.8182291666666667 0.7092592592592595 0.7677083333333333 0.7092592592592595 0.7677083333333333 0.7981481481481484 0.8182291666666667 0.7981481481481484
11 0.66875 0.040740740740740876 0.61875 0.04074074074074087 0.61875 0.0879629629629631 0.66875 0.08796296296296312
3 0.58125 0.4000000000000001 0.5380208333333333 0.4000000000000001 0.5380208333333333 0.4712962962962964 0.58125 0.4712962962962964
2 0.4078125 0.6703703703703704 0.3651041666666667 0.6703703703703704 0.3651041666666667 0.7416666666666667 0.4078125 0.7416666666666667
5 0.5760416666666667 0.04166666666666679 0.5260416666666666 0.04166666666666678 0.5260416666666666 0.12685185185185197 0.5760416666666667 0.12685185185185197
2 0.4942708333333333 0.5333333333333334 0.4505208333333333 0.5333333333333333 0.4505208333333333 0.6101851851851853 0.4942708333333333 0.6101851851851854
2 0.359375 0.7 0.3171875 0.7 0.3171875 0.7712962962962963 0.359375 0.7712962962962963
3 0.3567708333333333 0.4324074074074075 0.31614583333333335 0.4324074074074075 0.31614583333333335 0.5009259259259259 0.3567708333333333 0.5009259259259259
12 0.5927083333333333 0.652777777777778 0.5307291666666667 0.652777777777778 0.5307291666666667 0.7601851851851854 0.5927083333333333 0.7601851851851854
0 0.7697916666666667 0.7370370370370373 0.7171875 0.7370370370370373 0.7171875 0.8287037037037039 0.7697916666666667 0.8287037037037039
3 0.6692708333333334 0.25925925925925936 0.6270833333333333 0.25925925925925936 0.6270833333333333 0.3314814814814816 0.6692708333333334 0.3314814814814816
2 0.7661458333333333 0.47592592592592614 0.7239583333333334 0.47592592592592614 0.7239583333333334 0.5472222222222224 0.7661458333333333 0.5472222222222224
1 0.6244791666666667 0.03796296296296309 0.5734375 0.03796296296296308 0.5734375 0.10925925925925939 0.6244791666666667 0.10925925925925939
6 0.5661458333333333 0.8592592592592595 0.5135416666666667 0.8592592592592595 0.5135416666666667 0.95 0.5661458333333333 0.95
3 0.309375 0.4527777777777779 0.2677083333333333 0.4527777777777779 0.2677083333333333 0.5222222222222223 0.309375 0.5222222222222223
3 0.7109375 0.23240740740740756 0.6703125 0.23240740740740756 0.6703125 0.30092592592592604 0.7109375 0.30092592592592604
6 0.6692708333333334 0.8000000000000002 0.6171875 0.8000000000000002 0.6171875 0.8898148148148151 0.6692708333333334 0.8898148148148151
2 0.7135416666666666 0.5000000000000002 0.671875 0.5000000000000002 0.671875 0.5703703703703705 0.7135416666666666 0.5703703703703705
8 0.6348958333333333 0.6425925925925928 0.5916666666666667 0.6425925925925928 0.5916666666666667 0.714814814814815 0.6348958333333333 0.714814814814815
9 0.5489583333333333 0.21944444444444455 0.5067708333333333 0.21944444444444455 0.5067708333333333 0.29444444444444456 0.5489583333333333 0.29444444444444456
9 0.44947916666666665 0.28703703703703715 0.40729166666666666 0.28703703703703715 0.40729166666666666 0.35648148148148157 0.44947916666666665 0.35648148148148157
8 0.5286458333333334 0.6962962962962965 0.4859375 0.6962962962962965 0.4859375 0.7712962962962965 0.5286458333333334 0.7712962962962965
1 0.3255208333333333 0.18333333333333338 0.275 0.18333333333333338 0.275 0.2750000000000001 0.3255208333333333 0.2750000000000001
10 0.41250000000000014 0.9324074074074075 0.3604166666666668 0.9324074074074075 0.3604166666666668 1 0.41250000000000014 1