11 0.4630208333333334 0.850925925925926 0.42135416666666664 0.850925925925926 0.42135416666666675 0.9101851851851852 0.46302083333333344 0.9101851851851852
2 0.6145833333333334 0.15740740740740755 0.5828125 0.15740740740740752 0.5828125 0.20370370370370383 0.6145833333333334 0.20370370370370386
7 0.6203125 0.6787037037037039 0.5802083333333333 0.6787037037037039 0.5802083333333333 0.7379629629629632 0.6203125 0.7379629629629632
3 0.6239583333333333 0.7685185185185187 0.5895833333333333 0.7685185185185187 0.5895833333333333 0.8138888888888891 0.6239583333333333 0.8138888888888891
7 0.4041666666666667 0.6759259259259259 0.3625 0.6759259259259259 0.3625 0.7361111111111112 0.4041666666666667 0.7361111111111112
2 0.403125 0.16574074074074086 0.37135416666666665 0.16574074074074086 0.37135416666666665 0.21296296296296308 0.403125 0.21296296296296308
13 0.5151041666666667 0.2287037037037038 0.46979166666666666 0.2287037037037038 0.46979166666666666 0.3101851851851853 0.5151041666666667 0.3101851851851853
2 0.44947916666666665 0.2500000000000001 0.4166666666666667 0.2500000000000001 0.4166666666666667 0.29722222222222233 0.44947916666666665 0.29722222222222233
4 0.5661458333333333 0.32870370370370383 0.5244791666666667 0.32870370370370383 0.5244791666666667 0.388888888888889 0.5661458333333333 0.388888888888889
12 0.5192708333333333 0.6768518518518519 0.46979166666666666 0.6768518518518518 0.46979166666666666 0.7481481481481482 0.5192708333333333 0.7481481481481483
3 0.40625 0.7768518518518519 0.371875 0.7768518518518519 0.371875 0.8231481481481482 0.40625 0.8231481481481482
5 0.45625 0.6 0.41510416666666666 0.6 0.41510416666666666 0.6583333333333333 0.45625 0.6583333333333333
0 0.5692708333333333 0.08055555555555567 0.5276041666666667 0.08055555555555566 0.5276041666666667 0.13796296296296306 0.5692708333333333 0.13796296296296306
3 0.5692708333333333 0.6851851851851853 0.5354166666666667 0.6851851851851853 0.5354166666666667 0.7333333333333335 0.5692708333333333 0.7333333333333335
10 0.5135416666666667 0.15740740740740752 0.4739583333333333 0.15740740740740752 0.4739583333333333 0.21481481481481493 0.5135416666666667 0.21481481481481493
4 0.4588541666666667 0.3333333333333334 0.42135416666666664 0.3333333333333334 0.42135416666666664 0.3925925925925927 0.4588541666666667 0.3925925925925927
1 0.5208333333333334 0.7601851851851853 0.4786458333333333 0.7601851851851852 0.4786458333333333 0.8203703703703705 0.5208333333333334 0.8203703703703705
1 0.5203125000000001 0.8500000000000001 0.47760416666666666 0.85 0.4776041666666667 0.9101851851851853 0.5203125000000001 0.9101851851851854
9 0.45416666666666666 0.17592592592592604 0.42239583333333336 0.17592592592592604 0.42239583333333336 0.22407407407407418 0.45416666666666666 0.22407407407407418
8 0.4588541666666667 0.774074074074074 0.425 0.774074074074074 0.425 0.8212962962962963 0.4588541666666667 0.8212962962962963
3 0.515625 0.5981481481481482 0.48125 0.5981481481481481 0.48125 0.6453703703703705 0.515625 0.6453703703703706
10 0.5098958333333333 0.07962962962962973 0.4703125 0.07962962962962973 0.4703125 0.13796296296296306 0.5098958333333333 0.13796296296296306
9 0.5671875 0.16666666666666677 0.534375 0.16666666666666677 0.534375 0.21203703703703713 0.5671875 0.21203703703703713
2 0.5098958333333333 0.3314814814814816 0.47604166666666664 0.3314814814814816 0.47604166666666664 0.37962962962962976 0.5098958333333333 0.37962962962962976
11 0.571875 0.8453703703703705 0.5286458333333334 0.8453703703703705 0.5286458333333334 0.9046296296296299 0.571875 0.9046296296296299
0 0.45989583333333334 0.07870370370370379 0.4197916666666667 0.07870370370370379 0.4197916666666667 0.1361111111111112 0.45989583333333334 0.1361111111111112
5 0.5682291666666667 0.5907407407407409 0.5302083333333333 0.5907407407407409 0.5302083333333333 0.6583333333333335 0.5682291666666667 0.6583333333333335
6 0.40520833333333334 0.2462962962962964 0.3651041666666667 0.2462962962962964 0.3651041666666667 0.3064814814814816 0.40520833333333334 0.3064814814814816
2 0.5583333333333333 0.2453703703703705 0.5270833333333333 0.2453703703703705 0.5270833333333333 0.2935185185185186 0.5583333333333333 0.2935185185185186
6 0.6197916666666666 0.22962962962962977 0.5838541666666667 0.22962962962962974 0.5838541666666667 0.29537037037037045 0.6197916666666666 0.29537037037037045
3 0.45260416666666664 0.6824074074074075 0.4265625 0.6824074074074075 0.4265625 0.7388888888888889 0.45260416666666664 0.7388888888888889
8 0.5645833333333333 0.7666666666666668 0.5338541666666666 0.7666666666666668 0.5338541666666666 0.8212962962962965 0.5645833333333333 0.8212962962962965