7 0.43072916666666666 0.6361111111111111 0.38958333333333334 0.6361111111111111 0.38958333333333334 0.7083333333333334 0.43072916666666666 0.7083333333333334
2 0.6104166666666667 0.4111111111111112 0.578125 0.4111111111111112 0.578125 0.46759259259259267 0.6104166666666667 0.46759259259259267
2 0.6104166666666667 0.23055555555555568 0.5791666666666667 0.23055555555555565 0.5791666666666667 0.2879629629629631 0.6104166666666667 0.2879629629629631
8 0.7302083333333333 0.5185185185185187 0.7005208333333334 0.5185185185185187 0.7005208333333334 0.5731481481481484 0.7302083333333333 0.5731481481481484
2 0.6177083333333333 0.06574074074074088 0.5864583333333333 0.06574074074074088 0.5864583333333333 0.12129629629629643 0.6177083333333333 0.12129629629629646
3 0.465625 0.5592592592592592 0.4328125 0.5592592592592592 0.4328125 0.6175925925925926 0.465625 0.6175925925925926
4 0.7270833333333333 0.6861111111111113 0.6895833333333333 0.6861111111111113 0.6895833333333333 0.7555555555555558 0.7270833333333333 0.7555555555555558
2 0.6036458333333333 0.5879629629629631 0.5723958333333333 0.5879629629629631 0.5723958333333333 0.6453703703703706 0.6036458333333333 0.6453703703703706
3 0.46875 0.38240740740740753 0.43645833333333334 0.38240740740740753 0.43645833333333334 0.4407407407407408 0.46875 0.4407407407407408
6 0.6614583333333334 0.1444444444444446 0.6234375 0.1444444444444446 0.6234375 0.2120370370370372 0.6614583333333334 0.2120370370370372
2 0.596875 0.7638888888888891 0.5661458333333333 0.7638888888888891 0.5661458333333333 0.8212962962962965 0.596875 0.8212962962962965
12 0.7005208333333334 0.4037037037037038 0.6541666666666667 0.4037037037037038 0.6541666666666667 0.490740740740741 0.7005208333333334 0.490740740740741
3 0.48020833333333335 0.20555555555555566 0.4473958333333333 0.20555555555555566 0.4473958333333333 0.263888888888889 0.48020833333333335 0.263888888888889
8 0.7380208333333333 0.35370370370370385 0.7078125 0.3537037037037038 0.7078125 0.4083333333333335 0.7380208333333333 0.40833333333333355
7 0.44114583333333335 0.08796296296296305 0.39947916666666666 0.08796296296296305 0.39947916666666666 0.1611111111111112 0.44114583333333335 0.1611111111111112
13 0.3890625 0.35833333333333345 0.3385416666666667 0.35833333333333345 0.3385416666666667 0.44722222222222235 0.3890625 0.44722222222222235
10 0.7307291666666667 0.6018518518518521 0.6927083333333334 0.6018518518518521 0.6927083333333334 0.6722222222222224 0.7307291666666667 0.6722222222222224
3 0.48802083333333335 0.030555555555555662 0.4552083333333333 0.030555555555555662 0.4552083333333333 0.08981481481481492 0.48802083333333335 0.08981481481481492
5 0.3390625 0.6175925925925926 0.2942708333333333 0.6175925925925926 0.2942708333333333 0.6953703703703704 0.3390625 0.6953703703703704
3 0.46145833333333336 0.7388888888888889 0.428125 0.7388888888888889 0.428125 0.7981481481481482 0.46145833333333336 0.7981481481481482
5 0.35208333333333336 0.08333333333333341 0.3109375 0.08333333333333341 0.3109375 0.15648148148148153 0.35208333333333336 0.15648148148148153
4 0.7359375 0.26388888888888906 0.6927083333333334 0.263888888888889 0.6927083333333334 0.33796296296296313 0.7359375 0.3379629629629632
9 0.3359375 0.44444444444444453 0.303125 0.44444444444444453 0.303125 0.5027777777777778 0.3359375 0.5027777777777778
6 0.6463541666666667 0.6833333333333336 0.6052083333333333 0.6833333333333336 0.6052083333333333 0.7546296296296299 0.6463541666666667 0.7546296296296299
1 0.32864583333333336 0.6981481481481482 0.2864583333333333 0.6981481481481482 0.2864583333333333 0.7703703703703704 0.32864583333333336 0.7703703703703704
0 0.7234375 0.7675925925925928 0.6838541666666667 0.7675925925925928 0.6838541666666667 0.8351851851851854 0.7234375 0.8351851851851854
10 0.7395833333333334 0.18518518518518534 0.6989583333333333 0.18518518518518534 0.6989583333333333 0.2537037037037039 0.7395833333333334 0.25370370370370393
0 0.7463541666666667 0.10462962962962978 0.7072916666666667 0.10462962962962978 0.7072916666666667 0.1731481481481483 0.7463541666666667 0.1731481481481483
11 0.33958333333333335 0.524074074074074 0.2947916666666667 0.524074074074074 0.2947916666666667 0.6074074074074074 0.33958333333333335 0.6074074074074074
9 0.34010416666666665 0.25092592592592605 0.30572916666666666 0.25092592592592605 0.30572916666666666 0.30925925925925934 0.34010416666666665 0.30925925925925934
11 0.346875 0.1555555555555556 0.303125 0.1555555555555556 0.303125 0.23611111111111116 0.346875 0.23611111111111116
1 0.3625 7.432925711491574e-17 0.3203125 6.973683161811317e-17 0.3203125 0.05925925925925934 0.3625 0.05925925925925934