7 0.53125 0.22407407407407418 0.4822916666666667 0.22407407407407418 0.4822916666666667 0.313888888888889 0.53125 0.313888888888889
6 0.3453125 0.4490740740740742 0.2989583333333333 0.4490740740740742 0.2989583333333333 0.5342592592592592 0.3453125 0.5342592592592592
5 0.5765625 0.19351851851851862 0.5265625 0.19351851851851862 0.5265625 0.28518518518518526 0.5765625 0.28518518518518526
7 0.6098958333333333 0.5703703703703705 0.5619791666666667 0.5703703703703705 0.5619791666666667 0.6574074074074077 0.6098958333333333 0.6574074074074077
3 0.5458333333333333 0.5185185185185187 0.5072916666666667 0.5185185185185187 0.5072916666666667 0.589814814814815 0.5458333333333333 0.589814814814815
1 0.5911458333333334 0.48333333333333356 0.5416666666666666 0.48333333333333356 0.5416666666666666 0.5750000000000002 0.5911458333333334 0.5750000000000002
2 0.4609375 0.762962962962963 0.4239583333333333 0.762962962962963 0.4239583333333333 0.8296296296296296 0.4609375 0.8296296296296296
13 0.6395833333333333 0.44537037037037047 0.5807291666666666 0.44537037037037047 0.5807291666666666 0.5546296296296298 0.6395833333333333 0.5546296296296298
3 0.5239583333333333 0.43981481481481494 0.48489583333333336 0.43981481481481494 0.48489583333333336 0.5111111111111113 0.5239583333333333 0.5111111111111113
6 0.4041666666666667 0.6953703703703704 0.35885416666666664 0.6953703703703704 0.35885416666666664 0.7777777777777778 0.4041666666666667 0.7777777777777778
4 0.3067708333333333 0.4759259259259259 0.2598958333333334 0.4759259259259259 0.2598958333333334 0.562037037037037 0.3067708333333333 0.562037037037037
3 0.5817708333333333 0.6879629629629632 0.5432291666666667 0.6879629629629632 0.5432291666666667 0.7583333333333335 0.5817708333333333 0.7583333333333335
10 0.3848958333333333 0.6157407407407407 0.3385416666666667 0.6157407407407407 0.3385416666666667 0.7 0.3848958333333333 0.7
0 0.42291666666666666 0.7712962962962963 0.3770833333333333 0.7712962962962963 0.3770833333333333 0.8555555555555555 0.42291666666666666 0.8555555555555555
8 0.32395833333333335 0.5722222222222222 0.2875 0.5722222222222222 0.2875 0.6388888888888888 0.32395833333333335 0.6388888888888888
0 0.28854166666666664 0.3953703703703705 0.2421875 0.3953703703703705 0.24218750000000003 0.47962962962962963 0.28854166666666664 0.47962962962962963
9 0.6078125 0.37962962962962976 0.5697916666666667 0.37962962962962976 0.5697916666666667 0.4500000000000001 0.6078125 0.4500000000000001
2 0.4197916666666667 0.5972222222222222 0.3828125 0.5972222222222222 0.3828125 0.6638888888888889 0.4197916666666667 0.6638888888888889
9 0.6479166666666667 0.5509259259259262 0.609375 0.5509259259259262 0.609375 0.6212962962962965 0.6479166666666667 0.6212962962962965
12 0.35208333333333336 0.6398148148148148 0.29739583333333336 0.6398148148148148 0.29739583333333336 0.7398148148148148 0.35208333333333336 0.7398148148148148
3 0.5651041666666666 0.6064814814814817 0.5255208333333333 0.6064814814814817 0.5255208333333333 0.677777777777778 0.5651041666666666 0.677777777777778
3 0.5052083333333334 0.34444444444444455 0.4661458333333333 0.34444444444444455 0.4661458333333333 0.4166666666666668 0.5052083333333334 0.4166666666666668
11 0.5958333333333333 0.28518518518518526 0.5473958333333333 0.28518518518518526 0.5473958333333333 0.37407407407407417 0.5958333333333333 0.37407407407407417
1 0.5510416666666667 0.3157407407407408 0.5015625 0.3157407407407408 0.5015625 0.4074074074074075 0.5510416666666667 0.4074074074074075
11 0.5703125 0.3953703703703705 0.5208333333333334 0.3953703703703705 0.5208333333333334 0.4851851851851854 0.5703125 0.4851851851851854
8 0.35989583333333336 0.7314814814814815 0.32395833333333335 0.7314814814814815 0.32395833333333335 0.7972222222222223 0.35989583333333336 0.7972222222222223
2 0.43854166666666666 0.6842592592592592 0.40208333333333335 0.6842592592592592 0.40208333333333335 0.75 0.43854166666666666 0.75
2 0.3958333333333333 0.512962962962963 0.35885416666666664 0.512962962962963 0.35885416666666664 0.5796296296296296 0.3958333333333333 0.5796296296296296
2 0.3796875 0.42962962962962975 0.3421875 0.42962962962962975 0.3421875 0.49907407407407406 0.3796875 0.49907407407407406
4 0.3843750000000001 0.7972222222222223 0.33958333333333335 0.7972222222222223 0.3395833333333334 0.8787037037037037 0.38437500000000013 0.8787037037037037
10 0.36302083333333335 0.5370370370370371 0.31666666666666665 0.5370370370370371 0.31666666666666665 0.6222222222222222 0.36302083333333335 0.6222222222222222
5 0.6703125 0.6314814814814816 0.621875 0.6314814814814816 0.621875 0.7203703703703705 0.6703125 0.7203703703703705