3 0.4630208333333333 0.2074074074074075 0.421875 0.2074074074074075 0.421875 0.2787037037037038 0.4630208333333333 0.2787037037037038
7 0.4630208333333333 0.08425925925925935 0.4114583333333333 0.08425925925925934 0.4114583333333333 0.1740740740740742 0.4630208333333333 0.1740740740740742
3 0.3953125 0.07407407407407415 0.3541666666666667 0.07407407407407415 0.3541666666666667 0.14629629629629637 0.3953125 0.1462962962962964
2 0.5661458333333333 0.7888888888888891 0.5276041666666667 0.7888888888888891 0.5276041666666667 0.8555555555555557 0.5661458333333333 0.8555555555555557
2 0.425 0.5194444444444445 0.384375 0.5194444444444445 0.384375 0.5907407407407408 0.425 0.5907407407407408
3 0.6026041666666667 0.48796296296296315 0.5614583333333333 0.48796296296296315 0.5614583333333333 0.5592592592592595 0.6026041666666667 0.5592592592592595
12 0.37552083333333336 0.6166666666666667 0.315625 0.6166666666666667 0.315625 0.7231481481481481 0.37552083333333336 0.7231481481481481
0 0.46458333333333346 0.925 0.4187500000000001 0.925 0.4187500000000001 0.9888888888888889 0.46458333333333346 0.9888888888888889
3 0.6682291666666667 0.627777777777778 0.628125 0.627777777777778 0.628125 0.6972222222222224 0.6682291666666667 0.6972222222222224
4 0.2317708333333334 0.4648148148148148 0.1833333333333334 0.4648148148148148 0.1833333333333334 0.55 0.2317708333333334 0.55
2 0.28854166666666664 0.24722222222222232 0.2484375 0.24722222222222232 0.2484375 0.3175925925925927 0.28854166666666664 0.3175925925925927
2 0.3567708333333333 0.3777777777777779 0.31614583333333335 0.3777777777777779 0.31614583333333335 0.4500000000000001 0.3567708333333333 0.4500000000000001
8 0.35885416666666664 0.7462962962962963 0.32083333333333336 0.7462962962962963 0.32083333333333336 0.812962962962963 0.35885416666666664 0.812962962962963
5 0.534375 1.1072848142290652e-16 0.4828125 1.0511551692681449e-16 0.4828125 0.059259259259259366 0.534375 0.059259259259259366
3 0.5338541666666666 0.34074074074074084 0.49270833333333336 0.34074074074074084 0.49270833333333336 0.41203703703703715 0.5338541666666666 0.41203703703703715
4 0.40416666666666673 0.7814814814814814 0.3546875 0.7814814814814814 0.35468750000000004 0.8666666666666667 0.4041666666666668 0.8666666666666667
8 0.2989583333333333 0.6185185185185185 0.26041666666666674 0.6185185185185185 0.26041666666666674 0.6861111111111111 0.2989583333333333 0.6861111111111111
2 0.49947916666666664 0.6500000000000001 0.45989583333333334 0.65 0.45989583333333334 0.7194444444444446 0.49947916666666664 0.7194444444444447
13 0.6140625 0.20833333333333345 0.5520833333333334 0.20833333333333343 0.5520833333333334 0.31851851851851865 0.6140625 0.31851851851851865
7 0.6822916666666666 0.49814814814814834 0.6317708333333333 0.49814814814814834 0.6317708333333333 0.5870370370370372 0.6822916666666666 0.5870370370370372
6 0.2911458333333333 0.35000000000000003 0.24166666666666667 0.35 0.2416666666666667 0.4370370370370371 0.2911458333333333 0.43703703703703717
1 0.7776041666666667 0.4629629629629632 0.7270833333333333 0.4629629629629632 0.7270833333333333 0.5509259259259262 0.7776041666666667 0.5509259259259262
10 0.26562500000000006 0.5388888888888889 0.21718750000000006 0.5388888888888889 0.21718750000000006 0.6240740740740741 0.26562500000000006 0.6240740740740741
0 0.20312500000000003 0.40185185185185185 0.15208333333333332 0.40185185185185185 0.15208333333333338 0.49074074074074076 0.20312500000000006 0.49074074074074076
10 0.4380208333333334 0.8527777777777777 0.3890625 0.8527777777777777 0.38906250000000003 0.9388888888888889 0.43802083333333347 0.9388888888888889
11 0.5744791666666667 0.03055555555555568 0.5192708333333333 0.030555555555555673 0.5192708333333333 0.12777777777777788 0.5744791666666667 0.12777777777777788
9 0.6046875 0.1129629629629631 0.5583333333333333 0.1129629629629631 0.5583333333333333 0.1944444444444446 0.6046875 0.19444444444444461
9 0.68125 0.2583333333333334 0.6375 0.2583333333333334 0.6375 0.3333333333333334 0.68125 0.3333333333333334
11 0.7166666666666667 0.31296296296296305 0.6651041666666667 0.31296296296296305 0.6651041666666667 0.40462962962962973 0.7166666666666667 0.40462962962962973
5 0.746875 0.3759259259259261 0.6927083333333334 0.37592592592592605 0.6927083333333334 0.4694444444444446 0.746875 0.46944444444444466
6 0.5078125000000001 0.7712962962962964 0.45625 0.7712962962962963 0.45625000000000004 0.8601851851851853 0.5078125000000001 0.8601851851851854