4 0.36614583333333334 0.7398148148148148 0.3145833333333333 0.7398148148148148 0.3145833333333333 0.8342592592592593 0.36614583333333334 0.8342592592592593
4 0.2593750000000001 0.4481481481481482 0.20781250000000007 0.44814814814814813 0.20781250000000007 0.5425925925925926 0.2593750000000001 0.5425925925925926
7 0.5109375 0.03981481481481492 0.4625 0.03981481481481492 0.4625 0.12870370370370382 0.5109375 0.12870370370370382
3 0.44427083333333334 0.03518518518518528 0.40572916666666664 0.03518518518518528 0.40572916666666664 0.10648148148148158 0.44427083333333334 0.1064814814814816
7 0.6598958333333333 0.4666666666666668 0.6130208333333333 0.4666666666666668 0.6130208333333333 0.5537037037037039 0.6598958333333333 0.5537037037037039
1 0.7484375 0.4453703703703705 0.7020833333333333 0.44537037037037047 0.7020833333333333 0.5324074074074077 0.7484375 0.5324074074074077
2 0.4734375 0.6 0.43385416666666665 0.6 0.43385416666666665 0.6731481481481482 0.4734375 0.6731481481481482
2 0.42604166666666665 0.4564814814814816 0.38645833333333335 0.4564814814814816 0.38645833333333335 0.5305555555555556 0.42604166666666665 0.5305555555555556
2 0.33177083333333335 0.1731481481481482 0.2921875 0.1731481481481482 0.2921875 0.24722222222222232 0.33177083333333335 0.24722222222222232
3 0.5458333333333333 0.30833333333333346 0.5067708333333333 0.30833333333333346 0.5067708333333333 0.37962962962962976 0.5458333333333333 0.37962962962962976
2 0.3729166666666667 0.3111111111111112 0.3333333333333333 0.3111111111111112 0.3333333333333333 0.3851851851851853 0.3729166666666667 0.3851851851851853
3 0.49166666666666664 0.16666666666666677 0.453125 0.16666666666666677 0.453125 0.23981481481481493 0.49166666666666664 0.23981481481481493
6 0.31666666666666665 0.2740740740740742 0.2682291666666667 0.2740740740740742 0.2682291666666667 0.363888888888889 0.31666666666666665 0.363888888888889
3 0.5927083333333333 0.45740740740740754 0.5536458333333333 0.45740740740740754 0.5536458333333333 0.5305555555555558 0.5927083333333333 0.5305555555555558
13 0.6229166666666667 0.21388888888888902 0.5677083333333334 0.213888888888889 0.5677083333333334 0.3157407407407408 0.6229166666666667 0.3157407407407408
5 0.7 0.31851851851851865 0.653125 0.31851851851851865 0.653125 0.40555555555555567 0.7 0.40555555555555567
9 0.6296875 0.1203703703703705 0.5927083333333333 0.12037037037037047 0.5927083333333333 0.18888888888888902 0.6296875 0.18888888888888905
6 0.46197916666666666 0.7064814814814815 0.41302083333333334 0.7064814814814815 0.41302083333333334 0.7972222222222223 0.46197916666666666 0.7972222222222223
2 0.5223958333333333 0.7472222222222223 0.4822916666666667 0.7472222222222222 0.4822916666666667 0.8203703703703705 0.5223958333333333 0.8203703703703705
5 0.5864583333333333 1.226914663590219e-16 0.540625 1.1770216458471783e-16 0.540625 0.06574074074074086 0.5864583333333333 0.06574074074074088
12 0.35572916666666665 0.5407407407407407 0.29583333333333334 0.5407407407407407 0.29583333333333334 0.65 0.35572916666666665 0.65
3 0.6385416666666667 0.5962962962962965 0.6 0.5962962962962965 0.6 0.6685185185185187 0.6385416666666667 0.6685185185185187
9 0.6786458333333333 0.24444444444444455 0.6416666666666667 0.24444444444444455 0.6416666666666667 0.313888888888889 0.6786458333333333 0.313888888888889
11 0.7276041666666667 0.38518518518518535 0.6817708333333333 0.3851851851851853 0.6817708333333333 0.47037037037037055 0.7276041666666667 0.4703703703703706
10 0.38854166666666673 0.8064814814814815 0.33697916666666666 0.8064814814814815 0.3369791666666667 0.9 0.3885416666666668 0.9
8 0.3328125 0.6731481481481482 0.2921875 0.6731481481481482 0.2921875 0.7472222222222222 0.3328125 0.7472222222222222
10 0.24375000000000002 0.3722222222222223 0.19166666666666668 0.37222222222222223 0.1916666666666667 0.46666666666666673 0.24375000000000005 0.4666666666666668
0 0.21197916666666666 0.3 0.1609375 0.3 0.1609375 0.39351851851851855 0.21197916666666666 0.39351851851851855
0 0.42395833333333344 0.8768518518518519 0.3697916666666668 0.8768518518518519 0.3697916666666668 0.9574074074074074 0.42395833333333344 0.9574074074074074
8 0.284375 0.537962962962963 0.24427083333333338 0.537962962962963 0.24427083333333338 0.6101851851851852 0.284375 0.6101851851851852
11 0.6114583333333333 0.03796296296296309 0.565625 0.03796296296296308 0.565625 0.1203703703703705 0.6114583333333333 0.12037037037037053