2 0.5046875 0.4490740740740742 0.4703125 0.4490740740740742 0.4703125 0.5120370370370372 0.5046875 0.5120370370370373
3 0.28177083333333336 0.4842592592592593 0.24791666666666673 0.4842592592592593 0.24791666666666673 0.5472222222222223 0.28177083333333336 0.5472222222222223
0 0.4973958333333333 0.08703703703703715 0.45416666666666666 0.08703703703703715 0.45416666666666666 0.16574074074074086 0.4973958333333333 0.16574074074074086
6 0.403125 0.3074074074074075 0.3609375 0.3074074074074075 0.3609375 0.38796296296296306 0.403125 0.38796296296296306
11 0.3223958333333333 0.7083333333333334 0.28125 0.7083333333333334 0.28125 0.7851851851851852 0.3223958333333333 0.7851851851851852
7 0.525 0.6120370370370372 0.48333333333333334 0.612037037037037 0.48333333333333334 0.6870370370370371 0.525 0.6870370370370372
2 0.3932291666666667 0.6064814814814815 0.3578125 0.6064814814814815 0.3578125 0.6703703703703704 0.3932291666666667 0.6703703703703704
7 0.41510416666666666 0.7574074074074074 0.3734375 0.7574074074074074 0.3734375 0.8342592592592593 0.41510416666666666 0.8342592592592593
2 0.5296875 0.32685185185185195 0.49375 0.32685185185185195 0.49375 0.3916666666666668 0.5296875 0.3916666666666668
3 0.6390625 0.4564814814814816 0.6067708333333334 0.4564814814814816 0.6067708333333334 0.5166666666666668 0.6390625 0.5166666666666668
3 0.41822916666666665 0.4888888888888889 0.38333333333333336 0.4888888888888889 0.38333333333333336 0.5537037037037037 0.41822916666666665 0.5537037037037037
0 0.5130208333333334 1.0681641525896358e-16 0.46822916666666664 1.0194050670680282e-16 0.46822916666666664 0.06203703703703714 0.5130208333333334 0.06203703703703714
10 0.2942708333333333 0.35833333333333345 0.25104166666666666 0.35833333333333345 0.2510416666666667 0.438888888888889 0.2942708333333333 0.438888888888889
9 0.5354166666666667 0.7787037037037039 0.5010416666666667 0.7787037037037039 0.5010416666666667 0.839814814814815 0.5354166666666667 0.839814814814815
1 0.19843750000000002 0.40185185185185185 0.15625 0.40185185185185185 0.15625000000000003 0.48148148148148145 0.19843750000000007 0.48148148148148145
8 0.3380208333333333 0.30092592592592604 0.30416666666666664 0.30092592592592604 0.30416666666666664 0.3648148148148149 0.3380208333333333 0.3648148148148149
1 0.42239583333333347 0.912962962962963 0.38177083333333345 0.912962962962963 0.38177083333333345 0.9546296296296296 0.42239583333333347 0.9546296296296296
3 0.346875 0.48703703703703705 0.3109375 0.48703703703703705 0.3109375 0.5518518518518518 0.346875 0.5518518518518518
3 0.5765625 0.4425925925925927 0.5427083333333333 0.4425925925925927 0.5427083333333333 0.5064814814814816 0.5765625 0.5064814814814816
9 0.5052083333333334 0.7296296296296297 0.47291666666666665 0.7296296296296296 0.47291666666666665 0.788888888888889 0.5052083333333334 0.7888888888888891
2 0.6 0.5092592592592595 0.5666666666666667 0.5092592592592595 0.5666666666666667 0.5712962962962965 0.6 0.5712962962962965
13 0.6114583333333333 0.6638888888888891 0.5630208333333333 0.6638888888888891 0.5630208333333333 0.7546296296296299 0.6114583333333333 0.7546296296296299
4 0.35989583333333336 0.3611111111111112 0.3171875 0.3611111111111112 0.3171875 0.4407407407407408 0.35989583333333336 0.4407407407407408
5 0.6453125 0.614814814814815 0.6052083333333333 0.614814814814815 0.6052083333333333 0.689814814814815 0.6453125 0.689814814814815
11 0.6151041666666667 0.21203703703703716 0.5697916666666667 0.21203703703703713 0.5697916666666667 0.29444444444444456 0.6151041666666667 0.29444444444444456
2 0.5427083333333333 0.21574074074074084 0.5083333333333333 0.21574074074074084 0.5083333333333333 0.27962962962962973 0.5427083333333333 0.27962962962962973
6 0.4197916666666667 0.1898148148148149 0.3776041666666667 0.1898148148148149 0.3776041666666667 0.2703703703703705 0.4197916666666667 0.2703703703703705
10 0.7177083333333333 0.502777777777778 0.6765625 0.502777777777778 0.6765625 0.5787037037037039 0.7177083333333333 0.5787037037037039
5 0.5604166666666667 0.5546296296296298 0.5177083333333333 0.5546296296296298 0.5177083333333333 0.6324074074074076 0.5604166666666667 0.6324074074074076
4 0.46927083333333336 0.3157407407407408 0.4244791666666667 0.3157407407407408 0.4244791666666667 0.3990740740740742 0.46927083333333336 0.3990740740740742
12 0.35833333333333334 0.17407407407407413 0.3072916666666667 0.17407407407407413 0.3072916666666667 0.27314814814814825 0.35833333333333334 0.27314814814814825
8 0.4484375 0.7203703703703703 0.4161458333333333 0.7203703703703703 0.4161458333333333 0.7796296296296297 0.4484375 0.7796296296296297