10 0.29739583333333336 0.4425925925925927 0.2473958333333334 0.4425925925925927 0.2473958333333334 0.5268518518518519 0.29739583333333336 0.5268518518518519
7 0.5385416666666667 0.7731481481481484 0.49114583333333334 0.7731481481481484 0.49114583333333334 0.852777777777778 0.5385416666666667 0.852777777777778
7 0.7041666666666667 0.3694444444444446 0.6567708333333333 0.3694444444444446 0.6567708333333333 0.4490740740740742 0.7041666666666667 0.4490740740740742
11 0.6375 0.7953703703703706 0.590625 0.7953703703703706 0.590625 0.8740740740740743 0.6375 0.8740740740740743
10 0.4479166666666667 0.08425925925925935 0.39791666666666664 0.08425925925925934 0.39791666666666664 0.16851851851851862 0.4479166666666667 0.16851851851851862
0 0.2755208333333333 0.5194444444444445 0.22500000000000006 0.5194444444444445 0.22500000000000006 0.6037037037037037 0.2755208333333333 0.6037037037037037
4 0.32708333333333334 0.3611111111111112 0.2765625 0.3611111111111112 0.2765625 0.4462962962962964 0.32708333333333334 0.4462962962962964
11 0.7432291666666667 0.5333333333333335 0.6973958333333333 0.5333333333333335 0.6973958333333333 0.6101851851851854 0.7432291666666667 0.6101851851851854
13 0.66875 0.6101851851851854 0.6109375 0.6101851851851854 0.6109375 0.7074074074074076 0.66875 0.7074074074074076
2 0.5484375 0.2462962962962964 0.5083333333333333 0.2462962962962964 0.5083333333333333 0.31296296296296305 0.5484375 0.31296296296296305
3 0.5338541666666666 0.6638888888888891 0.4947916666666667 0.6638888888888891 0.4947916666666667 0.728703703703704 0.5338541666666666 0.728703703703704
0 0.5104166666666666 1.0568248303753084e-16 0.46041666666666664 1.0023960837465372e-16 0.46041666666666664 0.04074074074074085 0.5104166666666666 0.04074074074074085
4 0.48020833333333335 0.018518518518518618 0.43072916666666666 0.01851851851851861 0.43072916666666666 0.10092592592592603 0.48020833333333335 0.10092592592592603
1 0.7979166666666667 0.4129629629629632 0.7520833333333333 0.4129629629629632 0.7520833333333333 0.48981481481481504 0.7979166666666667 0.48981481481481504
5 0.7723958333333333 0.4685185185185187 0.7270833333333333 0.4685185185185187 0.7270833333333333 0.5444444444444446 0.7723958333333333 0.5444444444444446
3 0.6526041666666667 0.38981481481481495 0.6145833333333334 0.38981481481481495 0.6145833333333334 0.45370370370370383 0.6526041666666667 0.45370370370370383
3 0.59375 0.5296296296296299 0.5552083333333333 0.5296296296296299 0.5552083333333333 0.5944444444444447 0.59375 0.5944444444444447
2 0.42604166666666665 0.5185185185185185 0.3859375 0.5185185185185185 0.3859375 0.5851851851851851 0.42604166666666665 0.5851851851851851
6 0.3703125 0.5388888888888889 0.321875 0.5388888888888889 0.321875 0.6203703703703703 0.3703125 0.6203703703703703
3 0.7041666666666667 0.2666666666666668 0.6661458333333333 0.2666666666666668 0.6661458333333333 0.33055555555555566 0.7041666666666667 0.33055555555555566
2 0.48802083333333335 0.38055555555555565 0.4484375 0.38055555555555565 0.4484375 0.4462962962962964 0.48802083333333335 0.4462962962962964
3 0.47916666666666674 0.8046296296296296 0.44114583333333335 0.8046296296296296 0.4411458333333334 0.8685185185185185 0.4791666666666668 0.8685185185185185
1 0.5776041666666667 0.9138888888888891 0.5317708333333334 0.9138888888888891 0.5317708333333334 0.9907407407407407 0.5776041666666667 0.9907407407407407
12 0.4244791666666667 0.2712962962962964 0.36302083333333335 0.2712962962962964 0.36302083333333335 0.3750000000000001 0.4244791666666667 0.3750000000000001
9 0.7161458333333334 0.6092592592592595 0.6791666666666667 0.6092592592592595 0.6791666666666667 0.6703703703703706 0.7161458333333334 0.6703703703703706
9 0.6604166666666667 0.7305555555555557 0.6234375 0.7305555555555557 0.6234375 0.7916666666666669 0.6604166666666667 0.7916666666666669
8 0.3546875 0.30555555555555564 0.3140625 0.30555555555555564 0.3140625 0.37314814814814823 0.3546875 0.37314814814814823
2 0.6026041666666667 0.11759259259259272 0.5640625 0.11759259259259272 0.5640625 0.18148148148148158 0.6026041666666667 0.18148148148148158
2 0.37604166666666666 0.6583333333333333 0.33645833333333336 0.6583333333333333 0.33645833333333336 0.7240740740740741 0.37604166666666666 0.7240740740740741
5 0.6088541666666667 0.8555555555555557 0.5625 0.8555555555555557 0.5625 0.9333333333333336 0.6088541666666667 0.9333333333333336
8 0.4171875 0.15925925925925938 0.3765625 0.15925925925925938 0.3765625 0.22685185185185194 0.4171875 0.22685185185185194
6 0.5484375 0.11481481481481494 0.49947916666666664 0.11481481481481493 0.49947916666666664 0.19722222222222233 0.5484375 0.19722222222222233