11 0.5229166666666667 0.15277777777777787 0.49114583333333334 0.15277777777777787 0.49114583333333334 0.20925925925925937 0.5229166666666667 0.20925925925925937
12 0.43645833333333334 0.6953703703703704 0.39479166666666665 0.6953703703703704 0.39479166666666665 0.7722222222222223 0.43645833333333334 0.7722222222222223
7 0.3796875 0.23796296296296307 0.3463541666666667 0.23796296296296307 0.3463541666666667 0.29537037037037045 0.3796875 0.29537037037037045
11 0.4791666666666667 0.23055555555555565 0.44583333333333336 0.23055555555555565 0.44583333333333336 0.2898148148148149 0.4791666666666667 0.2898148148148149
6 0.5395833333333333 0.6129629629629632 0.5057291666666667 0.6129629629629632 0.5057291666666667 0.6731481481481484 0.5395833333333333 0.6731481481481484
13 0.4322916666666667 0.15185185185185196 0.3927083333333333 0.15185185185185196 0.3927083333333333 0.2212962962962964 0.4322916666666667 0.2212962962962964
6 0.3848958333333333 0.625 0.35208333333333336 0.625 0.35208333333333336 0.6861111111111111 0.3848958333333333 0.6861111111111111
4 0.5411458333333333 0.6962962962962965 0.5078125 0.6962962962962965 0.5078125 0.7574074074074076 0.5411458333333333 0.7574074074074076
10 0.4348958333333333 0.6212962962962963 0.4005208333333333 0.6212962962962963 0.4005208333333333 0.6824074074074075 0.4348958333333333 0.6824074074074075
1 0.428125 0.2351851851851853 0.3953125 0.2351851851851853 0.3953125 0.2935185185185186 0.428125 0.2935185185185186
10 0.48541666666666666 0.6212962962962963 0.4515625 0.6212962962962963 0.4515625 0.6833333333333335 0.48541666666666666 0.6833333333333336
7 0.5755208333333334 0.22314814814814826 0.5432291666666667 0.22314814814814826 0.5432291666666667 0.28055555555555567 0.5755208333333334 0.28055555555555567
4 0.33489583333333334 0.7129629629629629 0.3026041666666667 0.7129629629629629 0.3026041666666667 0.7731481481481481 0.33489583333333334 0.7731481481481481
3 0.4734375 0.31296296296296305 0.446875 0.31296296296296305 0.446875 0.3592592592592594 0.4734375 0.3592592592592594
3 0.328125 0.3240740740740742 0.3026041666666667 0.3240740740740742 0.3026041666666667 0.3694444444444446 0.328125 0.3694444444444446
2 0.43125 0.5472222222222223 0.4046875 0.5472222222222223 0.4046875 0.5944444444444444 0.43125 0.5944444444444444
0 0.33645833333333336 0.6305555555555555 0.3026041666666667 0.6305555555555555 0.3026041666666667 0.6907407407407408 0.33645833333333336 0.6907407407407408
2 0.484375 0.5481481481481483 0.4578125 0.5481481481481482 0.4578125 0.5962962962962964 0.484375 0.5962962962962965
8 0.38125 0.7175925925925926 0.35520833333333335 0.7175925925925926 0.35520833333333335 0.7657407407407407 0.38125 0.7657407407407407
3 0.37447916666666664 0.3175925925925927 0.3484375 0.3175925925925927 0.3484375 0.363888888888889 0.37447916666666664 0.363888888888889
3 0.5270833333333333 0.30277777777777787 0.5 0.30277777777777787 0.5 0.3500000000000001 0.5270833333333333 0.3500000000000001
3 0.425 0.3101851851851853 0.39947916666666666 0.3101851851851853 0.39947916666666666 0.35648148148148157 0.425 0.35648148148148157
9 0.4734375 0.163888888888889 0.4473958333333333 0.163888888888889 0.4473958333333333 0.21018518518518528 0.4734375 0.21018518518518528
2 0.32760416666666664 0.5527777777777778 0.3015625 0.5527777777777778 0.3015625 0.6018518518518519 0.32760416666666664 0.6018518518518519
5 0.5729166666666666 0.14814814814814825 0.5401041666666667 0.14814814814814825 0.5401041666666667 0.20462962962962974 0.5729166666666666 0.20462962962962974
8 0.48125 0.7046296296296296 0.4552083333333333 0.7046296296296296 0.4552083333333333 0.7527777777777778 0.48125 0.7527777777777778
2 0.3770833333333333 0.5537037037037037 0.35052083333333334 0.5537037037037037 0.35052083333333334 0.6027777777777777 0.3770833333333333 0.6027777777777777
2 0.5338541666666666 0.5398148148148151 0.5072916666666667 0.5398148148148151 0.5072916666666667 0.5870370370370372 0.5338541666666666 0.5870370370370372
5 0.32916666666666666 0.17407407407407413 0.296875 0.17407407407407413 0.296875 0.2305555555555556 0.32916666666666666 0.2305555555555556
0 0.5927083333333333 0.6888888888888891 0.5588541666666667 0.6888888888888891 0.5588541666666667 0.7500000000000002 0.5927083333333333 0.7500000000000002
9 0.37604166666666666 0.1722222222222223 0.35104166666666664 0.17222222222222228 0.35104166666666664 0.21759259259259267 0.37604166666666666 0.2175925925925927
1 0.5234375 0.2287037037037038 0.490625 0.2287037037037038 0.490625 0.28703703703703715 0.5234375 0.28703703703703715