7 0.44895833333333335 0.1750000000000001 0.4088541666666667 0.1750000000000001 0.4088541666666667 0.25092592592592605 0.44895833333333335 0.25092592592592605
2 0.571875 0.5046296296296299 0.540625 0.5046296296296299 0.540625 0.564814814814815 0.571875 0.564814814814815
2 0.5385416666666667 0.6796296296296298 0.5078125 0.6796296296296298 0.5078125 0.7407407407407409 0.5385416666666667 0.7407407407407409
8 0.7026041666666667 0.4648148148148149 0.6739583333333333 0.4648148148148149 0.6739583333333333 0.5222222222222225 0.7026041666666667 0.5222222222222225
2 0.5140625000000001 0.8462962962962965 0.48385416666666664 0.8462962962962965 0.48385416666666675 0.9055555555555558 0.5140625000000001 0.9055555555555558
3 0.465625 0.2842592592592594 0.43333333333333335 0.2842592592592594 0.43333333333333335 0.3453703703703705 0.465625 0.3453703703703705
4 0.7322916666666667 0.28240740740740755 0.6963541666666667 0.2824074074074075 0.6963541666666667 0.3564814814814816 0.7322916666666667 0.3564814814814817
2 0.5989583333333334 0.3277777777777779 0.5677083333333334 0.3277777777777779 0.5677083333333334 0.388888888888889 0.5989583333333334 0.388888888888889
3 0.4359375 0.4583333333333334 0.4041666666666667 0.4583333333333334 0.4041666666666667 0.5194444444444445 0.4359375 0.5194444444444445
6 0.5703125 0.7787037037037039 0.5333333333333333 0.7787037037037039 0.5333333333333333 0.8500000000000002 0.5703125 0.8500000000000002
2 0.6255208333333333 0.15370370370370384 0.5947916666666667 0.15370370370370381 0.5947916666666667 0.21388888888888902 0.6255208333333333 0.21388888888888904
12 0.6572916666666667 0.5231481481481484 0.6119791666666666 0.5231481481481484 0.6119791666666666 0.6157407407407409 0.6572916666666667 0.6157407407407409
3 0.41302083333333334 0.6361111111111111 0.38177083333333334 0.6361111111111111 0.38177083333333334 0.6981481481481482 0.41302083333333334 0.6981481481481482
8 0.6791666666666667 0.6287037037037039 0.6494791666666667 0.6287037037037039 0.6494791666666667 0.6861111111111113 0.6791666666666667 0.6861111111111113
7 0.35625 0.7129629629629629 0.31666666666666665 0.7129629629629629 0.31666666666666665 0.7898148148148149 0.35625 0.7898148148148149
13 0.36041666666666666 0.40462962962962973 0.31145833333333334 0.40462962962962973 0.31145833333333334 0.49907407407407406 0.36041666666666666 0.49907407407407406
10 0.7197916666666667 0.3648148148148149 0.6833333333333333 0.3648148148148149 0.6833333333333333 0.438888888888889 0.7197916666666667 0.438888888888889
3 0.38802083333333337 0.8092592592592592 0.35572916666666665 0.8092592592592592 0.3557291666666667 0.8722222222222222 0.3880208333333334 0.8722222222222222
5 0.3619791666666667 0.13888888888888895 0.3182291666666667 0.13888888888888895 0.3182291666666667 0.22129629629629635 0.3619791666666667 0.22129629629629635
3 0.4947916666666667 0.10555555555555567 0.4630208333333333 0.10555555555555567 0.4630208333333333 0.16851851851851862 0.4947916666666667 0.16851851851851862
5 0.2734375 0.6722222222222223 0.2333333333333334 0.6722222222222223 0.2333333333333334 0.7490740740740741 0.2734375 0.7490740740740741
4 0.6625 0.6925925925925928 0.6208333333333333 0.6925925925925928 0.6208333333333333 0.7712962962962965 0.6625 0.7712962962962965
9 0.32395833333333335 0.32870370370370383 0.29270833333333335 0.32870370370370383 0.29270833333333335 0.39074074074074083 0.32395833333333335 0.39074074074074083
6 0.6572916666666667 0.23981481481481493 0.6171875 0.23981481481481493 0.6171875 0.3157407407407408 0.6572916666666667 0.3157407407407408
1 0.36614583333333334 0.06111111111111119 0.3255208333333333 0.06111111111111119 0.3255208333333333 0.13796296296296304 0.36614583333333334 0.13796296296296306
0 0.7442708333333333 0.201851851851852 0.7057291666666666 0.201851851851852 0.7057291666666666 0.27407407407407425 0.7442708333333333 0.2740740740740743
10 0.6505208333333333 0.776851851851852 0.6109375 0.776851851851852 0.6109375 0.8490740740740743 0.6505208333333333 0.8490740740740743
0 0.6416666666666667 0.8592592592592595 0.6041666666666666 0.8592592592592595 0.6041666666666666 0.9185185185185187 0.6416666666666667 0.9185185185185187
11 0.34479166666666666 0.22592592592592597 0.3015625 0.22592592592592597 0.3015625 0.31296296296296305 0.34479166666666666 0.31296296296296305
9 0.29270833333333335 0.5185185185185185 0.2583333333333334 0.5185185185185185 0.2583333333333334 0.5814814814814815 0.29270833333333335 0.5814814814814815
11 0.2828125 0.5907407407407408 0.24010416666666673 0.5907407407407408 0.24010416666666673 0.6759259259259259 0.2828125 0.6759259259259259
1 0.26562500000000006 0.7722222222222223 0.2239583333333334 0.7722222222222223 0.2239583333333334 0.8472222222222222 0.26562500000000006 0.8472222222222222