11 0.5973958333333333 0.16574074074074086 0.565625 0.16574074074074086 0.565625 0.2212962962962964 0.5973958333333333 0.2212962962962964
12 0.5041666666666667 0.7037037037037038 0.4625 0.7037037037037037 0.4625 0.7805555555555557 0.5041666666666667 0.7805555555555558
6 0.45364583333333336 0.6287037037037037 0.4203125 0.6287037037037037 0.4203125 0.6916666666666667 0.45364583333333336 0.6916666666666667
7 0.453125 0.23888888888888898 0.4197916666666667 0.23888888888888898 0.4197916666666667 0.29907407407407416 0.453125 0.29907407407407416
6 0.6083333333333333 0.6268518518518521 0.5744791666666667 0.6268518518518521 0.5744791666666667 0.6879629629629632 0.6083333333333333 0.6879629629629632
11 0.5526041666666667 0.23981481481481493 0.5203125 0.23981481481481493 0.5203125 0.2981481481481483 0.5526041666666667 0.2981481481481483
10 0.5041666666666667 0.6287037037037038 0.4703125 0.6287037037037037 0.4703125 0.6916666666666668 0.5041666666666667 0.6916666666666669
13 0.5067708333333333 0.15740740740740752 0.4671875 0.15740740740740752 0.4671875 0.22685185185185194 0.5067708333333333 0.22685185185185194
10 0.5552083333333333 0.6324074074074076 0.5208333333333334 0.6324074074074076 0.5208333333333334 0.6944444444444446 0.5552083333333333 0.6944444444444446
3 0.446875 0.31851851851851865 0.42083333333333334 0.31851851851851865 0.42083333333333334 0.36574074074074087 0.446875 0.36574074074074087
4 0.4015625 0.7148148148148148 0.36822916666666666 0.7148148148148148 0.36822916666666666 0.7759259259259259 0.4015625 0.7759259259259259
7 0.6489583333333333 0.23981481481481493 0.6166666666666667 0.23981481481481493 0.6166666666666667 0.29722222222222233 0.6489583333333333 0.29722222222222233
3 0.4979166666666667 0.31481481481481494 0.471875 0.31481481481481494 0.471875 0.36203703703703716 0.4979166666666667 0.36203703703703716
0 0.4036458333333333 0.6305555555555555 0.3697916666666667 0.6305555555555555 0.3697916666666667 0.6916666666666667 0.4036458333333333 0.6916666666666667
2 0.5541666666666667 0.5583333333333336 0.528125 0.5583333333333336 0.528125 0.6064814814814817 0.5541666666666667 0.6064814814814817
8 0.5494791666666666 0.7157407407407409 0.5223958333333333 0.7157407407407409 0.5223958333333333 0.7629629629629632 0.5494791666666666 0.7629629629629632
3 0.5463541666666667 0.32222222222222235 0.5203125 0.32222222222222235 0.5203125 0.36851851851851863 0.5463541666666667 0.36851851851851863
4 0.6088541666666667 0.7111111111111114 0.5744791666666667 0.7111111111111114 0.5744791666666667 0.7712962962962965 0.6088541666666667 0.7712962962962965
3 0.6 0.31666666666666676 0.5734375 0.31666666666666676 0.5734375 0.363888888888889 0.6 0.363888888888889
2 0.446875 0.5564814814814815 0.4203125 0.5564814814814815 0.4203125 0.6055555555555555 0.446875 0.6055555555555555
1 0.5015625 0.23981481481481493 0.46927083333333336 0.23981481481481493 0.46927083333333336 0.29907407407407416 0.5015625 0.29907407407407416
2 0.3958333333333333 0.5527777777777778 0.3697916666666667 0.5527777777777778 0.3697916666666667 0.6018518518518519 0.3958333333333333 0.6018518518518519
3 0.39895833333333336 0.3212962962962964 0.3729166666666667 0.3212962962962964 0.3729166666666667 0.3675925925925927 0.39895833333333336 0.3675925925925927
5 0.646875 0.16481481481481497 0.6140625 0.16481481481481497 0.6140625 0.22222222222222238 0.646875 0.22222222222222238
2 0.6036458333333333 0.551851851851852 0.5770833333333333 0.551851851851852 0.5770833333333333 0.6018518518518521 0.6036458333333333 0.6018518518518521
9 0.4505208333333333 0.1712962962962964 0.4244791666666667 0.1712962962962964 0.4244791666666667 0.2185185185185186 0.4505208333333333 0.2185185185185186
8 0.4479166666666667 0.7212962962962963 0.42083333333333334 0.7212962962962963 0.42083333333333334 0.7712962962962963 0.4479166666666667 0.7712962962962963
2 0.5005208333333333 0.5527777777777779 0.4739583333333333 0.5527777777777778 0.4739583333333333 0.601851851851852 0.5005208333333333 0.6018518518518521
5 0.40260416666666665 0.17037037037037048 0.3703125 0.17037037037037048 0.3703125 0.22777777777777788 0.40260416666666665 0.22777777777777788
0 0.659375 0.7064814814814817 0.625 0.7064814814814817 0.625 0.7666666666666668 0.659375 0.7666666666666668
9 0.5473958333333333 0.1740740740740742 0.521875 0.1740740740740742 0.521875 0.21944444444444455 0.5473958333333333 0.21944444444444455
1 0.5973958333333333 0.24166666666666678 0.5645833333333333 0.24166666666666678 0.5645833333333333 0.3000000000000001 0.5973958333333333 0.3000000000000001