10 0.6609375 0.48703703703703727 0.6244791666666667 0.48703703703703727 0.6244791666666667 0.552777777777778 0.6609375 0.552777777777778
11 0.45416666666666666 0.6592592592592592 0.4161458333333333 0.6592592592592592 0.4161458333333333 0.7277777777777777 0.45416666666666666 0.7277777777777777
7 0.42135416666666664 0.49166666666666664 0.38333333333333336 0.49166666666666664 0.38333333333333336 0.5611111111111111 0.42135416666666664 0.5611111111111111
1 0.46927083333333336 0.7324074074074074 0.43125 0.7324074074074074 0.43125 0.799074074074074 0.46927083333333336 0.799074074074074
4 0.7104166666666667 0.5379629629629632 0.675 0.5379629629629632 0.675 0.6009259259259261 0.7104166666666667 0.6009259259259261
13 0.39791666666666664 0.6046296296296296 0.35 0.6046296296296296 0.35 0.6898148148148148 0.39791666666666664 0.6898148148148148
12 0.6880208333333333 0.36574074074074087 0.6427083333333333 0.36574074074074087 0.6427083333333333 0.4462962962962964 0.6880208333333333 0.4462962962962964
0 0.6192708333333333 0.25092592592592605 0.58125 0.25092592592592605 0.58125 0.31944444444444453 0.6192708333333333 0.31944444444444453
0 0.7213541666666666 0.6157407407407409 0.6864583333333333 0.6157407407407409 0.6864583333333333 0.6787037037037039 0.7213541666666666 0.6787037037037039
6 0.6317708333333333 0.33240740740740754 0.5947916666666667 0.33240740740740754 0.5947916666666667 0.3972222222222223 0.6317708333333333 0.3972222222222223
5 0.4395833333333334 0.8537037037037037 0.4010416666666667 0.8537037037037037 0.40104166666666674 0.9185185185185185 0.43958333333333344 0.9185185185185185
5 0.36302083333333335 0.4361111111111112 0.32395833333333335 0.4361111111111112 0.32395833333333335 0.5046296296296297 0.36302083333333335 0.5046296296296297
3 0.49322916666666666 0.6240740740740742 0.46197916666666666 0.6240740740740741 0.46197916666666666 0.6787037037037038 0.49322916666666666 0.6787037037037039
9 0.37395833333333334 0.5342592592592592 0.34270833333333334 0.5342592592592592 0.34270833333333334 0.5898148148148148 0.37395833333333334 0.5898148148148148
2 0.571875 0.28333333333333344 0.5416666666666666 0.28333333333333344 0.5416666666666666 0.3379629629629631 0.571875 0.3379629629629631
3 0.475 0.5481481481481482 0.44375 0.5481481481481482 0.44375 0.6037037037037037 0.475 0.6037037037037037
4 0.6583333333333333 0.22037037037037052 0.621875 0.22037037037037052 0.621875 0.28703703703703715 0.6583333333333333 0.28703703703703715
8 0.6682291666666667 0.3037037037037038 0.6385416666666667 0.3037037037037038 0.6385416666666667 0.3555555555555557 0.6682291666666667 0.3555555555555557
3 0.50625 0.713888888888889 0.47552083333333334 0.7138888888888889 0.47552083333333334 0.7685185185185186 0.50625 0.7685185185185187
9 0.40729166666666666 0.6990740740740741 0.3765625 0.6990740740740741 0.3765625 0.7546296296296297 0.40729166666666666 0.7546296296296297
7 0.4833333333333334 0.8166666666666667 0.44583333333333336 0.8166666666666667 0.4458333333333334 0.8833333333333333 0.48333333333333345 0.8833333333333333
6 0.6723958333333333 0.5712962962962965 0.6364583333333333 0.5712962962962965 0.6364583333333333 0.6370370370370373 0.6723958333333333 0.6370370370370373
10 0.6458333333333334 0.41018518518518526 0.6088541666666667 0.41018518518518526 0.6088541666666667 0.47592592592592614 0.6458333333333334 0.47592592592592614
3 0.46041666666666664 0.46203703703703713 0.4296875 0.46203703703703713 0.4296875 0.5175925925925926 0.46041666666666664 0.5175925925925926
3 0.44635416666666666 0.38055555555555565 0.415625 0.38055555555555565 0.415625 0.4351851851851853 0.44635416666666666 0.4351851851851853
11 0.4244791666666667 0.7731481481481481 0.38645833333333335 0.7731481481481481 0.38645833333333335 0.8398148148148148 0.4244791666666667 0.8398148148148148
2 0.6302083333333334 0.6120370370370373 0.6005208333333333 0.6120370370370373 0.6005208333333333 0.6648148148148151 0.6302083333333334 0.6648148148148151
2 0.6015625 0.45185185185185195 0.571875 0.45185185185185195 0.571875 0.5037037037037039 0.6015625 0.5037037037037039
2 0.6192708333333333 0.5342592592592594 0.5901041666666667 0.5342592592592594 0.5901041666666667 0.5842592592592595 0.6192708333333333 0.5842592592592595
2 0.5885416666666666 0.3648148148148149 0.5583333333333333 0.3648148148148149 0.5583333333333333 0.4175925925925927 0.5885416666666666 0.4175925925925927
8 0.6921875 0.46203703703703713 0.6635416666666667 0.46203703703703713 0.6635416666666667 0.5129629629629632 0.6921875 0.5129629629629632
1 0.43802083333333336 0.5740740740740741 0.4 0.5740740740740741 0.4 0.6425925925925926 0.43802083333333336 0.6425925925925926