2 0.30572916666666666 0.2231481481481482 0.27291666666666664 0.2231481481481482 0.27291666666666664 0.2814814814814816 0.30572916666666666 0.2814814814814816
0 0.5432291666666667 0.338888888888889 0.5 0.338888888888889 0.5 0.4148148148148149 0.5432291666666667 0.4148148148148149
5 0.5697916666666667 0.7481481481481483 0.5302083333333333 0.7481481481481483 0.5302083333333333 0.8194444444444446 0.5697916666666667 0.8194444444444446
10 0.6671875 0.24074074074074084 0.6239583333333333 0.24074074074074084 0.6239583333333333 0.31666666666666676 0.6671875 0.31666666666666676
7 0.5359375 0.08703703703703715 0.49270833333333336 0.08703703703703715 0.49270833333333336 0.163888888888889 0.5359375 0.163888888888889
1 0.5229166666666667 0.7185185185185187 0.4828125 0.7185185185185186 0.4828125 0.788888888888889 0.5229166666666667 0.7888888888888891
0 0.44427083333333334 0.29074074074074086 0.4015625 0.29074074074074086 0.4015625 0.36666666666666675 0.44427083333333334 0.36666666666666675
3 0.5067708333333333 0.4962962962962964 0.4739583333333333 0.4962962962962963 0.4739583333333333 0.5546296296296297 0.5067708333333333 0.5546296296296298
6 0.484375 0.388888888888889 0.44166666666666665 0.388888888888889 0.44166666666666665 0.46574074074074084 0.484375 0.46574074074074084
3 0.6348958333333333 0.6564814814814817 0.6020833333333333 0.6564814814814817 0.6020833333333333 0.7138888888888891 0.6348958333333333 0.7138888888888891
7 0.38958333333333334 0.34074074074074084 0.34791666666666665 0.34074074074074084 0.34791666666666665 0.4148148148148149 0.38958333333333334 0.4148148148148149
3 0.40729166666666666 0.19351851851851862 0.3734375 0.19351851851851862 0.3734375 0.25462962962962976 0.40729166666666666 0.25462962962962976
3 0.328125 0.3972222222222223 0.2953125 0.3972222222222223 0.2953125 0.45555555555555566 0.328125 0.45555555555555566
13 0.5244791666666667 0.15277777777777787 0.4708333333333333 0.15277777777777787 0.4708333333333333 0.24722222222222232 0.5244791666666667 0.24722222222222232
5 0.6354166666666666 0.4027777777777779 0.5927083333333333 0.4027777777777779 0.5927083333333333 0.4805555555555558 0.6354166666666666 0.4805555555555558
2 0.41510416666666666 0.44351851851851865 0.38177083333333334 0.44351851851851865 0.38177083333333334 0.5027777777777778 0.41510416666666666 0.5027777777777778
9 0.5052083333333334 0.2453703703703705 0.46979166666666666 0.2453703703703705 0.46979166666666666 0.3064814814814816 0.5052083333333334 0.3064814814814816
2 0.5697916666666667 0.45185185185185195 0.5364583333333334 0.45185185185185195 0.5364583333333334 0.5111111111111113 0.5697916666666667 0.5111111111111113
4 0.5828125 0.6842592592592595 0.5416666666666666 0.6842592592592595 0.5416666666666666 0.7564814814814816 0.5828125 0.7564814814814816
9 0.5640625 0.19907407407407418 0.5291666666666667 0.19907407407407418 0.5291666666666667 0.26111111111111124 0.5640625 0.26111111111111124
12 0.3953125 0.6453703703703704 0.3463541666666667 0.6453703703703704 0.3463541666666667 0.7314814814814815 0.3953125 0.7314814814814815
10 0.409375 0.5092592592592593 0.36822916666666666 0.5092592592592593 0.36822916666666666 0.5824074074074074 0.409375 0.5824074074074074
3 0.6130208333333333 0.47962962962962985 0.5796875 0.47962962962962985 0.5796875 0.5388888888888891 0.6130208333333333 0.5388888888888891
11 0.5473958333333333 0.5916666666666669 0.5067708333333333 0.5916666666666669 0.5067708333333333 0.6648148148148151 0.5473958333333333 0.6648148148148151
8 0.4890625 0.6444444444444446 0.45729166666666665 0.6444444444444445 0.45729166666666665 0.701851851851852 0.4890625 0.7018518518518521
2 0.4630208333333333 0.47685185185185186 0.4296875 0.47685185185185186 0.4296875 0.5333333333333333 0.4630208333333333 0.5333333333333333
8 0.475 0.700925925925926 0.4421875 0.700925925925926 0.4421875 0.7583333333333333 0.475 0.7583333333333333
2 0.6739583333333333 0.4351851851851853 0.640625 0.4351851851851853 0.640625 0.49537037037037057 0.6739583333333333 0.49537037037037057
4 0.5010416666666667 0.5666666666666668 0.45989583333333334 0.5666666666666667 0.45989583333333334 0.639814814814815 0.5010416666666667 0.6398148148148151
11 0.3807291666666667 0.08518518518518527 0.33541666666666664 0.08518518518518527 0.33541666666666664 0.1648148148148149 0.3807291666666667 0.16481481481481491
1 0.26875 0.5 0.2270833333333334 0.5 0.2270833333333334 0.575925925925926 0.26875 0.575925925925926
6 0.6026041666666667 0.2935185185185186 0.5583333333333333 0.2935185185185186 0.5583333333333333 0.37314814814814823 0.6026041666666667 0.37314814814814823