6 0.44583333333333336 0.6185185185185185 0.3963541666666667 0.6185185185185185 0.3963541666666667 0.7046296296296296 0.44583333333333336 0.7046296296296296
2 0.43645833333333334 0.39444444444444454 0.39739583333333334 0.39444444444444454 0.39739583333333334 0.46203703703703713 0.43645833333333334 0.46203703703703713
0 0.3145833333333333 0.4925925925925926 0.2661458333333334 0.4925925925925926 0.2661458333333334 0.5768518518518518 0.3145833333333333 0.5768518518518518
9 0.7473958333333334 0.3111111111111113 0.709375 0.3111111111111112 0.709375 0.3759259259259261 0.7473958333333334 0.37592592592592616
3 0.6026041666666667 0.5722222222222224 0.5640625 0.5722222222222224 0.5640625 0.6398148148148151 0.6026041666666667 0.6398148148148151
1 0.8432291666666667 0.4851851851851854 0.7973958333333333 0.4851851851851854 0.7973958333333333 0.564814814814815 0.8432291666666667 0.564814814814815
3 0.6125 0.8166666666666669 0.5734375 0.8166666666666669 0.5734375 0.8842592592592595 0.6125 0.8842592592592595
0 0.37916666666666665 0.5018518518518519 0.32916666666666666 0.5018518518518519 0.32916666666666666 0.5879629629629629 0.37916666666666665 0.5879629629629629
9 0.7223958333333333 0.36574074074074087 0.684375 0.36574074074074087 0.684375 0.4314814814814816 0.7223958333333333 0.4314814814814816
7 0.7583333333333333 0.5203703703703706 0.7104166666666667 0.5203703703703706 0.7104166666666667 0.602777777777778 0.7583333333333333 0.602777777777778
2 0.4979166666666667 0.39814814814814825 0.4578125 0.39814814814814825 0.4578125 0.4666666666666668 0.4979166666666667 0.4666666666666668
3 0.5572916666666666 0.2898148148148149 0.5182291666666666 0.2898148148148149 0.5182291666666666 0.3574074074074075 0.5572916666666666 0.3574074074074075
2 0.5666666666666667 0.41574074074074086 0.5276041666666667 0.41574074074074086 0.5276041666666667 0.48333333333333356 0.5666666666666667 0.48333333333333356
3 0.6119791666666666 0.6981481481481484 0.5713541666666667 0.6981481481481484 0.5713541666666667 0.7675925925925928 0.6119791666666666 0.7675925925925928
2 0.6697916666666667 0.5925925925925928 0.6302083333333334 0.5925925925925928 0.6302083333333334 0.6601851851851854 0.6697916666666667 0.6601851851851854
10 0.5536458333333333 0.8120370370370372 0.5041666666666667 0.8120370370370372 0.5041666666666668 0.8981481481481484 0.5536458333333333 0.8981481481481484
8 0.5057291666666667 0.7472222222222223 0.46510416666666665 0.7472222222222222 0.46510416666666665 0.8166666666666668 0.5057291666666667 0.8166666666666669
3 0.5557291666666667 0.17592592592592604 0.5182291666666666 0.17592592592592604 0.5182291666666666 0.24074074074074084 0.5557291666666667 0.24074074074074084
7 0.6640625 0.35462962962962974 0.6166666666666667 0.35462962962962974 0.6166666666666667 0.4361111111111112 0.6640625 0.4361111111111112
4 0.509375 0.5055555555555556 0.45989583333333334 0.5055555555555555 0.45989583333333334 0.5916666666666668 0.509375 0.5916666666666669
6 0.5114583333333333 0.625925925925926 0.46197916666666666 0.6259259259259259 0.46197916666666666 0.7111111111111112 0.5114583333333333 0.7111111111111114
10 0.5802083333333333 0.02314814814814827 0.5348958333333333 0.02314814814814827 0.5348958333333333 0.10185185185185197 0.5802083333333333 0.10185185185185198
11 0.7421875 0.6953703703703705 0.69375 0.6953703703703705 0.69375 0.7787037037037039 0.7421875 0.7787037037037039
13 0.6932291666666667 0.18611111111111128 0.6369791666666667 0.18611111111111128 0.6369791666666667 0.2842592592592594 0.6932291666666667 0.2842592592592594
5 0.65 0.12962962962962976 0.6036458333333333 0.12962962962962973 0.6036458333333333 0.2101851851851853 0.65 0.21018518518518534
11 0.43385416666666665 0.2620370370370371 0.384375 0.2620370370370371 0.384375 0.3472222222222223 0.43385416666666665 0.3472222222222223
4 0.546875 0.6935185185185188 0.4973958333333333 0.6935185185185188 0.4973958333333333 0.7796296296296299 0.546875 0.7796296296296299
2 0.5901041666666667 0.23611111111111122 0.5515625 0.23611111111111122 0.5515625 0.301851851851852 0.5901041666666667 0.301851851851852
8 0.7239583333333334 0.47314814814814826 0.6864583333333333 0.47314814814814826 0.6864583333333333 0.5370370370370372 0.7239583333333334 0.5370370370370372
5 0.6302083333333334 0.3000000000000001 0.5833333333333334 0.3000000000000001 0.5833333333333334 0.3814814814814816 0.6302083333333334 0.3814814814814816
12 0.4557291666666667 0.7287037037037037 0.39427083333333335 0.7287037037037037 0.39427083333333335 0.8351851851851851 0.4557291666666667 0.8351851851851851