5 0.6401041666666667 0.7620370370370373 0.6010416666666667 0.7620370370370373 0.6010416666666667 0.8268518518518521 0.6401041666666667 0.8268518518518521
1 0.446875 0.0962962962962964 0.41041666666666665 0.09629629629629638 0.41041666666666665 0.15925925925925938 0.446875 0.15925925925925938
10 0.5005208333333333 0.1675925925925927 0.4625 0.1675925925925927 0.4625 0.22777777777777788 0.5005208333333333 0.22777777777777788
7 0.6010416666666667 0.07222222222222235 0.5645833333333333 0.07222222222222235 0.5645833333333333 0.13425925925925936 0.6010416666666667 0.13425925925925936
9 0.5255208333333333 0.7787037037037039 0.49322916666666666 0.7787037037037039 0.49322916666666666 0.8314814814814817 0.5255208333333333 0.8314814814814817
7 0.7338541666666667 0.5759259259259262 0.69375 0.5759259259259262 0.69375 0.6361111111111113 0.7338541666666667 0.6361111111111113
0 0.5739583333333333 0.6833333333333336 0.5338541666666666 0.6833333333333336 0.5338541666666666 0.7453703703703706 0.5739583333333333 0.7453703703703706
2 0.6822916666666666 0.6740740740740743 0.6510416666666666 0.6740740740740743 0.6510416666666666 0.7194444444444447 0.6822916666666666 0.7194444444444447
6 0.6104166666666667 0.23611111111111124 0.5713541666666667 0.23611111111111122 0.5713541666666667 0.2962962962962964 0.6104166666666667 0.2962962962962964
2 0.6744791666666666 0.4064814814814816 0.6401041666666667 0.4064814814814816 0.6401041666666667 0.45370370370370383 0.6744791666666666 0.45370370370370383
4 0.5692708333333333 0.5129629629629632 0.5291666666666667 0.5129629629629632 0.5291666666666667 0.5722222222222224 0.5692708333333333 0.5722222222222224
3 0.6734375 0.49444444444444463 0.6411458333333333 0.49444444444444463 0.6411458333333333 0.540740740740741 0.6734375 0.540740740740741
3 0.40260416666666665 0.5351851851851852 0.3729166666666667 0.5351851851851852 0.3729166666666667 0.5861111111111111 0.40260416666666665 0.5861111111111111
3 0.4546875 0.5296296296296297 0.4234375 0.5296296296296297 0.4234375 0.5805555555555556 0.4546875 0.5805555555555556
2 0.453125 0.43425925925925934 0.42135416666666664 0.43425925925925934 0.42135416666666664 0.49166666666666664 0.453125 0.49166666666666664
12 0.5510416666666667 0.07129629629629641 0.5083333333333333 0.0712962962962964 0.5083333333333333 0.14351851851851863 0.5510416666666667 0.14351851851851863
8 0.5505208333333333 0.24814814814814826 0.5192708333333333 0.24814814814814826 0.5192708333333333 0.2962962962962964 0.5505208333333333 0.2962962962962964
3 0.503125 0.4231481481481483 0.471875 0.4231481481481483 0.471875 0.4722222222222223 0.503125 0.4722222222222223
8 0.49114583333333334 0.08611111111111122 0.4635416666666667 0.08611111111111122 0.4635416666666667 0.1324074074074075 0.49114583333333334 0.1324074074074075
5 0.5171875 0.5990740740740742 0.47552083333333334 0.5990740740740741 0.47552083333333334 0.6620370370370371 0.5171875 0.6620370370370372
3 0.5692708333333333 0.5981481481481483 0.5375 0.5981481481481483 0.5375 0.6472222222222225 0.5692708333333333 0.6472222222222225
0 0.4473958333333333 0.2620370370370371 0.41041666666666665 0.2620370370370371 0.41041666666666665 0.32314814814814824 0.4473958333333333 0.32314814814814824
13 0.4734375 0.7805555555555556 0.4317708333333333 0.7805555555555556 0.4317708333333333 0.8518518518518519 0.4734375 0.8518518518518519
11 0.34427083333333336 0.2750000000000001 0.3067708333333333 0.2750000000000001 0.3067708333333333 0.3379629629629631 0.34427083333333336 0.3379629629629631
11 0.5036458333333333 0.2527777777777779 0.4666666666666667 0.2527777777777779 0.4666666666666667 0.31481481481481494 0.5036458333333333 0.31481481481481494
10 0.5255208333333334 0.8564814814814817 0.4901041666666667 0.8564814814814817 0.49010416666666673 0.9194444444444446 0.5255208333333334 0.9194444444444446
4 0.6645833333333333 0.22870370370370385 0.6291666666666667 0.22870370370370385 0.6291666666666667 0.2981481481481483 0.6645833333333333 0.2981481481481483
2 0.35520833333333335 0.7175925925925926 0.3265625 0.7175925925925926 0.3265625 0.7722222222222223 0.35520833333333335 0.7722222222222223
2 0.41041666666666665 0.7092592592592593 0.3796875 0.7092592592592593 0.3796875 0.7601851851851852 0.41041666666666665 0.7601851851851852
6 0.296875 0.5509259259259259 0.25781250000000006 0.5509259259259259 0.25781250000000006 0.6138888888888889 0.296875 0.6138888888888889
9 0.5755208333333334 0.7787037037037039 0.5463541666666667 0.7787037037037039 0.5463541666666667 0.8296296296296298 0.5755208333333334 0.8296296296296298
1 0.46770833333333334 0.6916666666666667 0.43072916666666666 0.6916666666666667 0.43072916666666666 0.7583333333333333 0.46770833333333334 0.7583333333333333