1 0.321875 0.3398148148148149 0.2713541666666667 0.3398148148148149 0.2713541666666667 0.4314814814814816 0.321875 0.4314814814814816
6 0.48489583333333336 0.19537037037037047 0.43645833333333334 0.19537037037037047 0.43645833333333334 0.2842592592592594 0.48489583333333336 0.2842592592592594
7 0.4041666666666667 0.10740740740740749 0.353125 0.10740740740740749 0.353125 0.20185185185185192 0.4041666666666667 0.20185185185185195
5 0.7380208333333333 0.47129629629629644 0.6875 0.4712962962962964 0.6875 0.564814814814815 0.7380208333333333 0.564814814814815
7 0.7130208333333333 0.226851851851852 0.6619791666666667 0.226851851851852 0.6619791666666667 0.32037037037037047 0.7130208333333333 0.32037037037037047
9 0.6671875 0.6444444444444447 0.6265625 0.6444444444444447 0.6265625 0.7203703703703705 0.6671875 0.7203703703703705
2 0.5942708333333333 0.21203703703703713 0.5541666666666667 0.21203703703703713 0.5541666666666667 0.2861111111111112 0.5942708333333333 0.2861111111111112
0 0.6630208333333333 0.5166666666666668 0.6130208333333333 0.5166666666666668 0.6130208333333333 0.6092592592592595 0.6630208333333333 0.6092592592592595
4 0.5822916666666667 0.42222222222222233 0.5307291666666667 0.42222222222222233 0.5307291666666667 0.5157407407407409 0.5822916666666667 0.5157407407407409
5 0.5880208333333333 0.5472222222222224 0.5375 0.5472222222222224 0.5375 0.6407407407407409 0.5880208333333333 0.6407407407407409
2 0.7182291666666667 0.3601851851851853 0.6786458333333333 0.3601851851851853 0.6786458333333333 0.4324074074074075 0.7182291666666667 0.4324074074074075
8 0.4473958333333333 0.28518518518518526 0.40625 0.28518518518518526 0.40625 0.3601851851851853 0.4473958333333333 0.3601851851851853
1 0.603125 0.6712962962962965 0.5526041666666667 0.6712962962962965 0.5526041666666667 0.7638888888888891 0.603125 0.7638888888888891
3 0.48541666666666666 0.6675925925925927 0.44427083333333334 0.6675925925925926 0.44427083333333334 0.7453703703703705 0.48541666666666666 0.7453703703703706
3 0.5166666666666667 0.5898148148148149 0.4734375 0.5898148148148148 0.4734375 0.6685185185185186 0.5166666666666667 0.6685185185185187
3 0.6166666666666667 0.47314814814814826 0.5760416666666667 0.47314814814814826 0.5760416666666667 0.5490740740740743 0.6166666666666667 0.5490740740740743
3 0.6317708333333333 0.26296296296296306 0.5916666666666667 0.26296296296296306 0.5916666666666667 0.3379629629629631 0.6317708333333333 0.3379629629629631
11 0.4270833333333333 0.3537037037037038 0.375 0.3537037037037038 0.375 0.44814814814814824 0.4270833333333333 0.44814814814814824
11 0.3385416666666667 0.5953703703703703 0.28802083333333334 0.5953703703703703 0.28802083333333334 0.687037037037037 0.3385416666666667 0.687037037037037
6 0.4338541666666667 0.8314814814814815 0.38333333333333336 0.8314814814814815 0.3833333333333334 0.9231481481481482 0.43385416666666676 0.9231481481481482
13 0.65 0.7129629629629631 0.5869791666666667 0.7129629629629631 0.5869791666666667 0.8259259259259262 0.65 0.8259259259259262
2 0.471875 0.5388888888888889 0.43020833333333336 0.5388888888888889 0.43020833333333336 0.6157407407407407 0.471875 0.6157407407407407
8 0.33697916666666666 0.2703703703703705 0.29635416666666664 0.2703703703703705 0.29635416666666664 0.3462962962962964 0.33697916666666666 0.3462962962962964
12 0.38229166666666664 0.175925925925926 0.31927083333333334 0.17592592592592599 0.31927083333333334 0.288888888888889 0.38229166666666664 0.288888888888889
10 0.7109375 0.689814814814815 0.6604166666666667 0.689814814814815 0.6604166666666667 0.7814814814814817 0.7109375 0.7814814814814817
10 0.3828125 0.31203703703703717 0.334375 0.31203703703703717 0.334375 0.3972222222222223 0.3828125 0.3972222222222223
3 0.4979166666666667 0.4583333333333334 0.45729166666666665 0.4583333333333334 0.45729166666666665 0.5324074074074076 0.4979166666666667 0.5324074074074077
2 0.5708333333333333 0.7638888888888891 0.5270833333333333 0.7638888888888891 0.5270833333333333 0.8425925925925928 0.5708333333333333 0.8425925925925928
9 0.7020833333333333 0.5740740740740743 0.6604166666666667 0.5740740740740743 0.6604166666666667 0.6500000000000002 0.7020833333333333 0.6500000000000002
2 0.5385416666666667 0.8490740740740743 0.49947916666666664 0.8490740740740743 0.49947916666666675 0.9185185185185187 0.5385416666666667 0.9185185185185187
0 0.39375 0.44537037037037047 0.3463541666666667 0.44537037037037047 0.3463541666666667 0.5287037037037037 0.39375 0.5287037037037037
4 0.5177083333333333 0.11296296296296307 0.4661458333333333 0.11296296296296307 0.4661458333333333 0.2037037037037038 0.5177083333333333 0.2037037037037038