5 0.6354166666666666 0.7703703703703706 0.596875 0.7703703703703706 0.596875 0.8287037037037039 0.6354166666666666 0.8287037037037039
4 0.6880208333333333 0.24722222222222232 0.65 0.24722222222222232 0.65 0.30555555555555564 0.6880208333333333 0.30555555555555564
12 0.584375 0.06851851851851863 0.5390625 0.06851851851851862 0.5390625 0.13981481481481492 0.584375 0.13981481481481492
7 0.6317708333333333 0.0777777777777779 0.5932291666666667 0.0777777777777779 0.5932291666666667 0.13611111111111124 0.6317708333333333 0.13611111111111127
1 0.4786458333333333 0.07777777777777788 0.43854166666666666 0.07777777777777788 0.43854166666666666 0.13796296296296306 0.4786458333333333 0.13796296296296306
4 0.5807291666666666 0.5064814814814816 0.5380208333333333 0.5064814814814816 0.5380208333333333 0.5675925925925928 0.5807291666666666 0.5675925925925928
6 0.6354166666666666 0.24166666666666678 0.5963541666666666 0.24166666666666678 0.5963541666666666 0.301851851851852 0.6354166666666666 0.301851851851852
9 0.521875 0.7685185185185187 0.48854166666666665 0.7685185185185187 0.48854166666666665 0.8185185185185188 0.521875 0.8185185185185188
3 0.5744791666666667 0.5916666666666669 0.5421875 0.5916666666666669 0.5421875 0.6407407407407409 0.5744791666666667 0.6407407407407409
7 0.7390625 0.5972222222222224 0.6994791666666667 0.5972222222222224 0.6994791666666667 0.6555555555555558 0.7390625 0.6555555555555558
8 0.5744791666666667 0.24166666666666678 0.5416666666666666 0.24166666666666678 0.5416666666666666 0.2898148148148149 0.5744791666666667 0.2898148148148149
3 0.4109375 0.5046296296296297 0.37864583333333335 0.5046296296296297 0.37864583333333335 0.5546296296296296 0.4109375 0.5546296296296296
2 0.6838541666666667 0.6879629629629632 0.6510416666666666 0.6879629629629632 0.6510416666666666 0.7333333333333335 0.6838541666666667 0.7333333333333335
3 0.6833333333333333 0.5037037037037039 0.65 0.5037037037037039 0.65 0.5583333333333336 0.6833333333333333 0.5583333333333336
9 0.5739583333333333 0.777777777777778 0.5427083333333333 0.777777777777778 0.5427083333333333 0.8259259259259262 0.5739583333333333 0.8259259259259262
2 0.6869791666666667 0.4212962962962964 0.6552083333333333 0.4212962962962964 0.6552083333333333 0.46944444444444455 0.6869791666666667 0.46944444444444455
10 0.5276041666666667 0.15555555555555567 0.48854166666666665 0.15555555555555567 0.48854166666666665 0.213888888888889 0.5276041666666667 0.213888888888889
13 0.47291666666666665 0.7555555555555555 0.425 0.7555555555555555 0.425 0.8296296296296296 0.47291666666666665 0.8296296296296296
2 0.4671875 0.4175925925925927 0.4348958333333333 0.4175925925925927 0.4348958333333333 0.46574074074074084 0.4671875 0.46574074074074084
3 0.46510416666666665 0.5092592592592593 0.43333333333333335 0.5092592592592593 0.43333333333333335 0.5564814814814815 0.46510416666666665 0.5564814814814815
1 0.46927083333333336 0.675 0.42916666666666664 0.675 0.42916666666666664 0.737037037037037 0.46927083333333336 0.737037037037037
3 0.51875 0.4129629629629631 0.4864583333333333 0.4129629629629631 0.4864583333333333 0.4601851851851853 0.51875 0.4601851851851853
8 0.5239583333333333 0.07314814814814825 0.49270833333333336 0.07314814814814825 0.49270833333333336 0.11851851851851862 0.5239583333333333 0.11851851851851862
11 0.528125 0.24166666666666678 0.48802083333333335 0.24166666666666678 0.48802083333333335 0.30277777777777787 0.528125 0.30277777777777787
0 0.5770833333333333 0.6759259259259262 0.5364583333333334 0.6759259259259262 0.5364583333333334 0.7379629629629632 0.5770833333333333 0.7379629629629632
6 0.30572916666666666 0.5027777777777778 0.2677083333333333 0.5027777777777778 0.2677083333333333 0.5648148148148148 0.30572916666666666 0.5648148148148148
0 0.4703125 0.2425925925925927 0.43020833333333336 0.2425925925925927 0.43020833333333336 0.29907407407407416 0.4703125 0.29907407407407416
2 0.4114583333333333 0.6787037037037037 0.37916666666666665 0.6787037037037037 0.37916666666666665 0.7305555555555555 0.4114583333333333 0.7305555555555555
11 0.3651041666666667 0.23796296296296307 0.3296875 0.23796296296296307 0.3296875 0.301851851851852 0.3651041666666667 0.301851851851852
10 0.5171875 0.8490740740740742 0.48072916666666665 0.8490740740740741 0.4807291666666667 0.9074074074074076 0.5171875000000001 0.9074074074074077
2 0.3541666666666667 0.6805555555555556 0.325 0.6805555555555556 0.325 0.7287037037037037 0.3541666666666667 0.7287037037037037
5 0.51875 0.5851851851851853 0.4817708333333333 0.5851851851851851 0.4817708333333333 0.6518518518518519 0.51875 0.651851851851852