4 0.5614583333333333 0.062037037037037154 0.5229166666666667 0.06203703703703714 0.5229166666666667 0.12037037037037047 0.5614583333333333 0.12037037037037047
2 0.39427083333333335 0.7453703703703703 0.36302083333333335 0.7453703703703703 0.36302083333333335 0.7944444444444444 0.39427083333333335 0.7944444444444444
7 0.5088541666666667 0.5731481481481483 0.46875 0.5731481481481482 0.46875 0.6342592592592594 0.5088541666666667 0.6342592592592595
0 0.5088541666666667 0.14351851851851863 0.46927083333333336 0.14351851851851863 0.46927083333333336 0.2037037037037038 0.5088541666666667 0.2037037037037038
13 0.5692708333333333 0.7379629629629632 0.5208333333333334 0.7379629629629632 0.5208333333333334 0.8129629629629632 0.5692708333333333 0.8129629629629632
2 0.6171875 0.8379629629629631 0.5859375 0.8379629629629631 0.5859375 0.8870370370370373 0.6171875 0.8870370370370373
7 0.4510416666666667 0.7462962962962963 0.41354166666666664 0.7462962962962963 0.41354166666666664 0.8083333333333333 0.4510416666666667 0.8083333333333333
3 0.6140625 0.15000000000000013 0.584375 0.1500000000000001 0.584375 0.19722222222222235 0.6140625 0.19722222222222238
9 0.509375 0.7583333333333334 0.4765625 0.7583333333333333 0.4765625 0.8074074074074075 0.509375 0.8074074074074076
3 0.6625 0.07592592592592606 0.6333333333333333 0.07592592592592606 0.6333333333333333 0.12592592592592608 0.6625 0.12592592592592608
11 0.5083333333333334 0.8324074074074075 0.46822916666666664 0.8324074074074074 0.46822916666666675 0.8953703703703705 0.5083333333333334 0.8953703703703706
3 0.39791666666666664 0.1490740740740742 0.36822916666666666 0.1490740740740742 0.36822916666666666 0.19537037037037047 0.39791666666666664 0.19537037037037047
8 0.5598958333333334 0.2212962962962964 0.5296875 0.2212962962962964 0.5296875 0.26944444444444454 0.5598958333333334 0.26944444444444454
6 0.46041666666666664 0.05925925925925935 0.421875 0.05925925925925934 0.421875 0.11759259259259268 0.46041666666666664 0.11759259259259269
10 0.5609375 0.13333333333333344 0.5239583333333333 0.13333333333333344 0.5239583333333333 0.2037037037037038 0.5609375 0.2037037037037038
10 0.5109375 0.055555555555555663 0.47604166666666664 0.055555555555555663 0.47604166666666664 0.11759259259259269 0.5109375 0.11759259259259269
0 0.46041666666666664 0.2185185185185186 0.42135416666666664 0.2185185185185186 0.42135416666666664 0.2842592592592594 0.46041666666666664 0.2842592592592594
12 0.4552083333333333 0.13055555555555567 0.41302083333333334 0.13055555555555567 0.41302083333333334 0.20925925925925937 0.4552083333333333 0.20925925925925937
4 0.5109375 0.21666666666666679 0.4744791666666667 0.21666666666666679 0.4744791666666667 0.2879629629629631 0.5109375 0.2879629629629631
6 0.5104166666666666 0.301851851851852 0.47239583333333335 0.301851851851852 0.47239583333333335 0.36666666666666675 0.5104166666666666 0.36666666666666675
3 0.6140625 0.06574074074074088 0.5864583333333333 0.06574074074074088 0.5864583333333333 0.11481481481481495 0.6140625 0.11481481481481495
5 0.45625 0.6601851851851852 0.4161458333333333 0.6601851851851852 0.4161458333333333 0.725 0.45625 0.725
1 0.5630208333333333 0.6611111111111113 0.5239583333333333 0.6611111111111113 0.5239583333333333 0.7212962962962965 0.5630208333333333 0.7212962962962965
11 0.5088541666666667 0.6564814814814816 0.46875 0.6564814814814814 0.46875 0.7222222222222223 0.5088541666666667 0.7222222222222224
2 0.6161458333333333 0.7555555555555558 0.5848958333333333 0.7555555555555558 0.5848958333333333 0.8083333333333336 0.6161458333333333 0.8083333333333336
3 0.39739583333333334 0.06388888888888897 0.36822916666666666 0.06388888888888897 0.36822916666666666 0.11388888888888897 0.39739583333333334 0.11388888888888897
5 0.4567708333333334 0.8277777777777777 0.41822916666666665 0.8277777777777777 0.4182291666666667 0.8916666666666667 0.45677083333333346 0.8916666666666667
1 0.5609375 0.8268518518518521 0.5213541666666667 0.8268518518518521 0.5213541666666667 0.8953703703703706 0.5609375 0.8953703703703706
2 0.66875 0.8425925925925928 0.6385416666666667 0.8425925925925928 0.6385416666666667 0.8953703703703706 0.66875 0.8953703703703706
2 0.39375000000000004 0.837037037037037 0.35885416666666664 0.837037037037037 0.35885416666666675 0.887962962962963 0.3937500000000001 0.887962962962963