6 0.6479166666666667 0.35092592592592603 0.6026041666666667 0.35092592592592603 0.6026041666666667 0.43333333333333346 0.6479166666666667 0.43333333333333346
0 0.5953125 0.21203703703703713 0.5484375 0.21203703703703713 0.5484375 0.2962962962962964 0.5953125 0.2962962962962964
12 0.6802083333333333 0.40555555555555567 0.6239583333333333 0.40555555555555567 0.6239583333333333 0.5083333333333335 0.6802083333333333 0.5083333333333335
4 0.5776041666666667 0.44166666666666676 0.5322916666666667 0.44166666666666676 0.5322916666666667 0.5240740740740742 0.5776041666666667 0.5240740740740742
10 0.7359375 0.5546296296296298 0.6901041666666666 0.5546296296296298 0.6901041666666666 0.6370370370370373 0.7359375 0.6370370370370373
4 0.671875 0.527777777777778 0.6265625 0.527777777777778 0.6265625 0.6111111111111113 0.671875 0.6111111111111113
3 0.44114583333333335 0.5111111111111111 0.40729166666666666 0.5111111111111111 0.40729166666666666 0.5731481481481482 0.44114583333333335 0.5731481481481482
7 0.46770833333333334 0.6833333333333333 0.42552083333333335 0.6833333333333333 0.42552083333333335 0.7601851851851852 0.46770833333333334 0.7601851851851852
7 0.5432291666666667 0.8629629629629632 0.5010416666666668 0.8629629629629632 0.5010416666666668 0.940740740740741 0.5432291666666667 0.940740740740741
13 0.4395833333333333 0.7157407407407408 0.3885416666666667 0.7157407407407408 0.3885416666666667 0.8092592592592592 0.4395833333333333 0.8092592592592592
5 0.4453125 0.6166666666666667 0.40208333333333335 0.6166666666666667 0.40208333333333335 0.6962962962962963 0.4453125 0.6962962962962963
6 0.640625 0.46203703703703713 0.59375 0.46203703703703713 0.59375 0.5453703703703706 0.640625 0.5453703703703706
11 0.5229166666666667 0.7000000000000001 0.4796875 0.7 0.4796875 0.7787037037037038 0.5229166666666667 0.7787037037037039
11 0.49895833333333334 0.6342592592592594 0.4552083333333333 0.6342592592592593 0.4552083333333333 0.7148148148148149 0.49895833333333334 0.714814814814815