10 0.4859375 0.18333333333333343 0.45208333333333334 0.18333333333333343 0.45208333333333334 0.23425925925925936 0.4859375 0.23425925925925936
9 0.51875 0.7888888888888891 0.48854166666666665 0.7888888888888891 0.48854166666666665 0.8407407407407409 0.51875 0.8407407407407409
6 0.6005208333333333 0.24814814814814826 0.5625 0.24814814814814826 0.5625 0.3064814814814816 0.6005208333333333 0.3064814814814816
3 0.49583333333333335 0.43703703703703717 0.46197916666666666 0.43703703703703717 0.46197916666666666 0.48333333333333345 0.49583333333333335 0.48333333333333356
1 0.434375 0.11481481481481491 0.39895833333333336 0.1148148148148149 0.39895833333333336 0.17037037037037048 0.434375 0.17037037037037048
4 0.6567708333333333 0.24074074074074084 0.61875 0.24074074074074084 0.61875 0.3000000000000001 0.6567708333333333 0.3000000000000001
2 0.6651041666666667 0.41574074074074086 0.6328125 0.41574074074074086 0.6328125 0.4629629629629631 0.6651041666666667 0.4629629629629631
2 0.6760416666666667 0.6796296296296298 0.6442708333333333 0.6796296296296298 0.6442708333333333 0.727777777777778 0.6760416666666667 0.727777777777778
7 0.7265625 0.5787037037037039 0.6890625 0.5787037037037039 0.6890625 0.6416666666666668 0.7265625 0.6416666666666668
5 0.634375 0.7712962962962965 0.5958333333333333 0.7712962962962965 0.5958333333333333 0.8342592592592595 0.634375 0.8342592592592595
6 0.290625 0.5712962962962963 0.24947916666666672 0.5712962962962963 0.24947916666666672 0.6333333333333333 0.290625 0.6333333333333333
3 0.665625 0.4990740740740743 0.6338541666666667 0.4990740740740743 0.6338541666666667 0.551851851851852 0.665625 0.551851851851852
1 0.4609375 0.7101851851851851 0.4239583333333333 0.7101851851851851 0.4239583333333333 0.7712962962962963 0.4609375 0.7712962962962963
3 0.39739583333333334 0.5537037037037037 0.3645833333333333 0.5537037037037037 0.3645833333333333 0.600925925925926 0.39739583333333334 0.600925925925926
12 0.5354166666666667 0.08240740740740751 0.4973958333333333 0.08240740740740751 0.4973958333333333 0.15277777777777787 0.5354166666666667 0.15277777777777787
8 0.5411458333333333 0.2583333333333334 0.509375 0.2583333333333334 0.509375 0.3074074074074075 0.5411458333333333 0.3074074074074075
3 0.44895833333333335 0.5462962962962963 0.4171875 0.5462962962962963 0.4171875 0.5953703703703703 0.44895833333333335 0.5953703703703703
3 0.5625 0.6083333333333335 0.53125 0.6083333333333335 0.53125 0.6574074074074077 0.5625 0.6574074074074077
13 0.4729166666666667 0.7935185185185185 0.425 0.7935185185185185 0.42500000000000004 0.8648148148148148 0.47291666666666676 0.8648148148148148
4 0.5614583333333333 0.5222222222222225 0.5229166666666667 0.5222222222222225 0.5229166666666667 0.5824074074074076 0.5614583333333333 0.5824074074074076
2 0.40729166666666666 0.725925925925926 0.37552083333333336 0.725925925925926 0.37552083333333336 0.774074074074074 0.40729166666666666 0.774074074074074
11 0.33489583333333334 0.2962962962962964 0.29635416666666664 0.2962962962962964 0.29635416666666664 0.3555555555555557 0.33489583333333334 0.3555555555555557
7 0.5895833333333333 0.07962962962962976 0.5526041666666667 0.07962962962962976 0.5526041666666667 0.14351851851851863 0.5895833333333333 0.14351851851851863
0 0.43854166666666666 0.275925925925926 0.4005208333333333 0.275925925925926 0.4005208333333333 0.33703703703703713 0.43854166666666666 0.33703703703703713
8 0.4796875 0.09907407407407418 0.4484375 0.09907407407407418 0.4484375 0.14444444444444454 0.4796875 0.14444444444444454
0 0.5677083333333334 0.6944444444444446 0.5307291666666667 0.6944444444444446 0.5307291666666667 0.7546296296296299 0.5677083333333334 0.7546296296296299
5 0.5104166666666666 0.612962962962963 0.4708333333333333 0.6129629629629629 0.4708333333333333 0.6750000000000002 0.5104166666666666 0.6750000000000002
2 0.44635416666666666 0.45185185185185195 0.4140625 0.45185185185185195 0.4140625 0.5 0.44635416666666666 0.5
10 0.5192708333333335 0.8712962962962965 0.48854166666666676 0.8712962962962965 0.48854166666666676 0.9305555555555558 0.5192708333333335 0.9305555555555558
9 0.5729166666666666 0.7898148148148151 0.5442708333333334 0.7898148148148151 0.5442708333333334 0.8416666666666669 0.5729166666666666 0.8416666666666669
2 0.35260416666666666 0.7351851851851852 0.32083333333333336 0.7351851851851852 0.32083333333333336 0.7888888888888889 0.35260416666666666 0.7888888888888889
11 0.4942708333333333 0.26574074074074083 0.45677083333333335 0.26574074074074083 0.45677083333333335 0.33240740740740754 0.4942708333333333 0.33240740740740754