6 0.48802083333333335 0.19537037037037047 0.44375 0.19537037037037047 0.44375 0.275925925925926 0.48802083333333335 0.275925925925926
2 0.41770833333333335 0.6555555555555556 0.38177083333333334 0.6555555555555556 0.38177083333333334 0.7222222222222222 0.41770833333333335 0.7222222222222222
2 0.4552083333333333 0.487962962962963 0.41875 0.487962962962963 0.41875 0.5537037037037037 0.4552083333333333 0.5537037037037037
3 0.5833333333333334 0.5981481481481483 0.5489583333333333 0.5981481481481483 0.5489583333333333 0.6611111111111113 0.5833333333333334 0.6611111111111113
0 0.2541666666666667 0.6907407407407408 0.20885416666666673 0.6907407407407408 0.20885416666666673 0.7712962962962963 0.2541666666666667 0.7712962962962963
2 0.54375 0.1675925925925927 0.5072916666666667 0.1675925925925927 0.5072916666666667 0.23333333333333345 0.54375 0.23333333333333345
3 0.6223958333333334 0.44166666666666676 0.5869791666666667 0.44166666666666676 0.5869791666666667 0.5064814814814816 0.6223958333333334 0.5064814814814816
5 0.6338541666666667 0.9064814814814817 0.5942708333333333 0.9064814814814817 0.5942708333333333 0.9796296296296296 0.6338541666666667 0.9796296296296296
2 0.5005208333333333 0.32685185185185195 0.46458333333333335 0.32685185185185195 0.46458333333333335 0.3935185185185186 0.5005208333333333 0.3935185185185186
3 0.6625 0.28518518518518526 0.6276041666666666 0.28518518518518526 0.6276041666666666 0.3500000000000001 0.6625 0.3500000000000001
6 0.3546875 0.7 0.3067708333333333 0.7 0.3067708333333333 0.7833333333333333 0.3546875 0.7833333333333333
3 0.5364583333333334 0.7555555555555558 0.5015625 0.7555555555555558 0.5015625 0.8194444444444446 0.5364583333333334 0.8194444444444446
2 0.37291666666666673 0.812962962962963 0.3375 0.812962962962963 0.3375000000000001 0.8777777777777778 0.3729166666666668 0.8777777777777778
5 0.7505208333333333 0.45092592592592606 0.7036458333333333 0.450925925925926 0.7036458333333333 0.5333333333333335 0.7505208333333333 0.5333333333333335
9 0.6697916666666667 0.7787037037037039 0.6359375 0.7787037037037039 0.6359375 0.839814814814815 0.6697916666666667 0.839814814814815
7 0.6776041666666667 0.3833333333333334 0.634375 0.3833333333333334 0.634375 0.46203703703703713 0.6776041666666667 0.46203703703703713
7 0.559375 0.8611111111111113 0.5161458333333334 0.8611111111111113 0.5161458333333334 0.939814814814815 0.559375 0.939814814814815
12 0.38333333333333336 0.41203703703703715 0.3255208333333333 0.41203703703703715 0.3255208333333333 0.512962962962963 0.38333333333333336 0.512962962962963
3 0.49270833333333347 0.900925925925926 0.4588541666666668 0.9009259259259259 0.4588541666666668 0.9629629629629629 0.49270833333333347 0.9629629629629629
4 0.4036458333333333 0.12685185185185194 0.3578125 0.1268518518518519 0.3578125 0.20925925925925934 0.4036458333333333 0.20925925925925937
8 0.35104166666666664 0.30462962962962975 0.31354166666666666 0.30462962962962975 0.31354166666666666 0.37314814814814823 0.35104166666666664 0.37314814814814823
9 0.7067708333333333 0.6175925925925928 0.6739583333333333 0.6175925925925928 0.6739583333333333 0.6787037037037039 0.7067708333333333 0.6787037037037039
8 0.30520833333333336 0.46203703703703713 0.26979166666666665 0.46203703703703713 0.26979166666666665 0.5268518518518519 0.30520833333333336 0.5268518518518519
13 0.6661458333333333 0.6453703703703706 0.615625 0.6453703703703706 0.615625 0.7370370370370373 0.6661458333333333 0.7370370370370373
1 0.7723958333333333 0.3916666666666669 0.7307291666666667 0.3916666666666669 0.7307291666666667 0.4675925925925928 0.7723958333333333 0.4675925925925928
0 0.42604166666666665 0.050000000000000086 0.378125 0.05000000000000008 0.378125 0.1351851851851853 0.42604166666666665 0.1351851851851853
4 0.30416666666666664 0.5314814814814814 0.25625000000000003 0.5314814814814814 0.25625000000000003 0.6185185185185185 0.30416666666666664 0.6185185185185185
1 0.6083333333333333 0.9787037037037037 0.5625 0.9787037037037037 0.5625 1 0.6083333333333333 1
11 0.6546875 0.8388888888888891 0.6104166666666667 0.8388888888888891 0.6104166666666667 0.915740740740741 0.6546875 0.915740740740741
11 0.734375 0.527777777777778 0.6880208333333333 0.527777777777778 0.6880208333333333 0.6111111111111113 0.734375 0.6111111111111113
10 0.28072916666666664 0.6148148148148148 0.2317708333333334 0.6148148148148148 0.2317708333333334 0.700925925925926 0.28072916666666664 0.700925925925926
10 0.38229166666666664 0.20555555555555563 0.3328125 0.2055555555555556 0.3328125 0.2916666666666668 0.38229166666666664 0.2916666666666668