13 0.39791666666666664 0.3675925925925927 0.340625 0.3675925925925927 0.340625 0.4703703703703705 0.39791666666666664 0.4703703703703705
4 0.6765625 0.8657407407407409 0.6239583333333333 0.8657407407407409 0.6239583333333333 0.9601851851851851 0.6765625 0.9601851851851851
4 0.7640625 0.5546296296296298 0.7125 0.5546296296296298 0.7125 0.6472222222222225 0.7640625 0.6472222222222225
2 0.5859375 0.5833333333333336 0.5453125 0.5833333333333336 0.5453125 0.6574074074074077 0.5859375 0.6574074074074077
1 0.43385416666666665 0.04814814814814823 0.384375 0.048148148148148225 0.384375 0.13796296296296306 0.43385416666666665 0.13796296296296306
7 0.36354166666666665 0.6287037037037037 0.3151041666666667 0.6287037037037037 0.3151041666666667 0.7157407407407408 0.36354166666666665 0.7157407407407408
7 0.49166666666666664 0.17592592592592604 0.4427083333333333 0.17592592592592604 0.4427083333333333 0.26481481481481495 0.49166666666666664 0.26481481481481495
9 0.3651041666666667 0.2722222222222223 0.3265625 0.2722222222222223 0.3265625 0.34259259259259267 0.3651041666666667 0.34259259259259267
3 0.421875 0.6074074074074074 0.38177083333333334 0.6074074074074074 0.38177083333333334 0.6805555555555556 0.421875 0.6805555555555556
11 0.39166666666666666 0.18425925925925934 0.3421875 0.18425925925925932 0.3421875 0.2740740740740742 0.39166666666666666 0.2740740740740742
3 0.5479166666666667 0.1601851851851853 0.5072916666666667 0.1601851851851853 0.5072916666666667 0.2351851851851853 0.5479166666666667 0.2351851851851853
5 0.31979166666666664 0.47962962962962963 0.26979166666666665 0.47962962962962963 0.26979166666666665 0.5694444444444444 0.31979166666666664 0.5694444444444444
3 0.46041666666666664 0.450925925925926 0.4203125 0.450925925925926 0.4203125 0.5231481481481481 0.46041666666666664 0.5231481481481481
2 0.5062500000000001 0.8935185185185186 0.46458333333333346 0.8935185185185185 0.46458333333333346 0.9694444444444444 0.5062500000000001 0.9694444444444444
5 0.4125 0.1250000000000001 0.3640625 0.1250000000000001 0.3640625 0.21203703703703713 0.4125 0.21203703703703713
2 0.6671875 0.2824074074074075 0.6255208333333333 0.2824074074074075 0.6255208333333333 0.3601851851851853 0.6671875 0.3601851851851853
3 0.5067708333333333 0.3037037037037038 0.4666666666666667 0.3037037037037038 0.4666666666666667 0.37592592592592605 0.5067708333333333 0.37592592592592605
9 0.3260416666666667 0.400925925925926 0.2875 0.400925925925926 0.2875 0.4703703703703705 0.3260416666666667 0.4703703703703705
2 0.6328125 0.43055555555555564 0.5916666666666667 0.43055555555555564 0.5916666666666667 0.5055555555555558 0.6328125 0.5055555555555558
3 0.3828125 0.7555555555555555 0.34375 0.7555555555555555 0.34375 0.8268518518518518 0.3828125 0.8268518518518518
2 0.5484375 0.7379629629629632 0.50625 0.7379629629629632 0.50625 0.8120370370370372 0.5484375 0.8120370370370372
6 0.6984375 0.38425925925925936 0.6479166666666667 0.38425925925925936 0.6479166666666667 0.47592592592592614 0.6984375 0.47592592592592614
1 0.27708333333333335 0.6138888888888889 0.22812500000000005 0.6138888888888889 0.22812500000000005 0.7037037037037037 0.27708333333333335 0.7037037037037037
6 0.5776041666666667 0.839814814814815 0.5260416666666666 0.839814814814815 0.5260416666666667 0.9333333333333336 0.5776041666666667 0.9333333333333336
12 0.6859375 0.6601851851851854 0.6244791666666667 0.6601851851851854 0.6244791666666667 0.7694444444444447 0.6859375 0.7694444444444447
0 0.8041666666666667 0.3925925925925928 0.7510416666666667 0.3925925925925928 0.7510416666666667 0.48703703703703727 0.8041666666666667 0.48703703703703727
11 0.29375 0.5509259259259259 0.24427083333333338 0.5509259259259259 0.24427083333333338 0.6398148148148148 0.29375 0.6398148148148148
8 0.7354166666666667 0.6435185185185187 0.6932291666666667 0.6435185185185187 0.6932291666666667 0.7203703703703705 0.7354166666666667 0.7203703703703705
8 0.6916666666666667 0.7898148148148151 0.6494791666666667 0.7898148148148151 0.6494791666666667 0.8638888888888892 0.6916666666666667 0.8638888888888892
10 0.7755208333333333 0.4694444444444446 0.7229166666666667 0.46944444444444455 0.7229166666666667 0.5638888888888891 0.7755208333333333 0.5638888888888891
10 0.6567708333333333 0.926851851851852 0.6020833333333333 0.926851851851852 0.6020833333333333 1 0.6567708333333333 1