3 0.6135416666666667 0.20185185185185198 0.5796875 0.20185185185185195 0.5796875 0.26944444444444454 0.6135416666666667 0.26944444444444454
13 0.6479166666666667 0.5685185185185188 0.5953125 0.5685185185185188 0.5953125 0.6675925925925928 0.6479166666666667 0.6675925925925928
4 0.3416666666666667 0.2157407407407408 0.3020833333333333 0.2157407407407408 0.3020833333333333 0.2925925925925927 0.3416666666666667 0.2925925925925927
7 0.6536458333333334 0.30092592592592604 0.6098958333333333 0.30092592592592604 0.6098958333333333 0.3851851851851853 0.6536458333333334 0.3851851851851853
8 0.3223958333333333 0.3064814814814816 0.290625 0.3064814814814816 0.290625 0.37222222222222234 0.3223958333333333 0.37222222222222234
1 0.7510416666666667 0.26666666666666683 0.70625 0.2666666666666668 0.70625 0.3527777777777779 0.7510416666666667 0.35277777777777797
3 0.5244791666666667 0.7101851851851854 0.48541666666666666 0.7101851851851854 0.48541666666666666 0.7824074074074077 0.5244791666666667 0.7824074074074077
8 0.2916666666666667 0.45370370370370383 0.2593750000000001 0.45370370370370383 0.2593750000000001 0.5185185185185185 0.2916666666666667 0.5185185185185185
3 0.5864583333333333 0.36203703703703716 0.5520833333333334 0.36203703703703716 0.5520833333333334 0.4287037037037038 0.5864583333333333 0.4287037037037038
7 0.5572916666666666 0.8222222222222224 0.5140625 0.8222222222222224 0.5140625000000001 0.9074074074074077 0.5572916666666666 0.9074074074074077
10 0.2713541666666667 0.6222222222222222 0.23072916666666674 0.6222222222222222 0.23072916666666674 0.7018518518518518 0.2713541666666667 0.7018518518518518
4 0.2786458333333333 0.5305555555555556 0.2380208333333334 0.5305555555555556 0.2380208333333334 0.6101851851851852 0.2786458333333333 0.6101851851851852
2 0.428125 0.45555555555555566 0.39427083333333335 0.45555555555555566 0.39427083333333335 0.525 0.428125 0.525
6 0.43072916666666666 0.1925925925925927 0.38958333333333334 0.1925925925925927 0.38958333333333334 0.27314814814814825 0.43072916666666666 0.27314814814814825
2 0.4552083333333333 0.29537037037037045 0.421875 0.29537037037037045 0.421875 0.36203703703703716 0.4552083333333333 0.36203703703703716
1 0.6296875 0.9370370370370372 0.584375 0.9370370370370372 0.584375 1 0.6296875 1
3 0.5598958333333334 0.5398148148148151 0.5208333333333334 0.5398148148148151 0.5208333333333334 0.6120370370370373 0.5598958333333334 0.6120370370370373
12 0.3484375 0.38796296296296306 0.2989583333333333 0.38796296296296306 0.2989583333333333 0.4842592592592593 0.3484375 0.4842592592592593
2 0.3703125 0.7888888888888889 0.33697916666666666 0.7888888888888889 0.33697916666666666 0.8527777777777777 0.3703125 0.8527777777777777
6 0.34322916666666664 0.6768518518518518 0.3020833333333333 0.6768518518518518 0.3020833333333333 0.7583333333333333 0.34322916666666664 0.7583333333333333
2 0.4859375 0.12222222222222233 0.4515625 0.12222222222222233 0.4515625 0.188888888888889 0.4859375 0.188888888888889
2 0.3932291666666667 0.625 0.35885416666666664 0.625 0.35885416666666664 0.6925925925925925 0.3932291666666667 0.6925925925925925
10 0.3567708333333333 0.14537037037037043 0.3151041666666667 0.14537037037037043 0.3151041666666667 0.22592592592592597 0.3567708333333333 0.22592592592592597
5 0.715625 0.4324074074074075 0.6708333333333333 0.4324074074074075 0.6708333333333333 0.5175925925925928 0.715625 0.5175925925925928
5 0.6458333333333334 0.8518518518518521 0.6010416666666667 0.8518518518518521 0.6010416666666667 0.9370370370370372 0.6458333333333334 0.9370370370370372
11 0.7395833333333334 0.33796296296296313 0.6932291666666667 0.3379629629629631 0.6932291666666667 0.426851851851852 0.7395833333333334 0.42685185185185204
11 0.6635416666666667 0.7731481481481484 0.6182291666666667 0.7731481481481484 0.6182291666666667 0.8611111111111113 0.6635416666666667 0.8611111111111113
3 0.4947916666666668 0.8722222222222223 0.4562500000000001 0.8722222222222222 0.4562500000000001 0.9425925925925926 0.4947916666666668 0.9425925925925928
9 0.671875 0.6972222222222224 0.6369791666666667 0.6972222222222224 0.6369791666666667 0.7648148148148151 0.671875 0.7648148148148151
9 0.7057291666666666 0.5324074074074077 0.6692708333333334 0.5324074074074077 0.6692708333333334 0.602777777777778 0.7057291666666666 0.602777777777778
0 0.24791666666666673 0.7037037037037037 0.20781250000000007 0.7037037037037037 0.20781250000000007 0.7796296296296297 0.24791666666666673 0.7796296296296297
0 0.37864583333333335 0.053703703703703774 0.33125 0.05370370370370377 0.33125 0.13888888888888898 0.37864583333333335 0.138888888888889