4 0.5682291666666667 0.677777777777778 0.5348958333333333 0.677777777777778 0.5348958333333333 0.7388888888888892 0.5682291666666667 0.7388888888888892
11 0.5541666666666667 0.13425925925925936 0.5213541666666667 0.13425925925925936 0.5213541666666667 0.19074074074074085 0.5541666666666667 0.19074074074074085
10 0.5140625 0.6009259259259261 0.4796875 0.600925925925926 0.4796875 0.6629629629629631 0.5140625 0.6629629629629632
12 0.4635416666666667 0.674074074074074 0.42135416666666664 0.674074074074074 0.42135416666666664 0.7490740740740741 0.4635416666666667 0.7490740740740741
10 0.4630208333333333 0.5981481481481481 0.42916666666666664 0.5981481481481481 0.42916666666666664 0.6601851851851852 0.4630208333333333 0.6601851851851852
13 0.4630208333333333 0.1324074074074075 0.4239583333333333 0.1324074074074075 0.4239583333333333 0.20185185185185195 0.4630208333333333 0.20185185185185195
7 0.41041666666666665 0.21666666666666679 0.3776041666666667 0.21666666666666679 0.3776041666666667 0.27314814814814825 0.41041666666666665 0.27314814814814825
4 0.3619791666666667 0.687037037037037 0.328125 0.687037037037037 0.328125 0.7472222222222222 0.3619791666666667 0.7472222222222222
7 0.6057291666666667 0.20555555555555569 0.5729166666666666 0.20555555555555566 0.5729166666666666 0.26481481481481495 0.6057291666666667 0.26481481481481495
6 0.41302083333333334 0.600925925925926 0.37916666666666665 0.600925925925926 0.37916666666666665 0.6611111111111111 0.41302083333333334 0.6611111111111111
6 0.5666666666666667 0.5935185185185188 0.5333333333333333 0.5935185185185188 0.5333333333333333 0.6555555555555558 0.5666666666666667 0.6555555555555558
9 0.5041666666666667 0.1462962962962964 0.47760416666666666 0.1462962962962964 0.47760416666666666 0.19166666666666676 0.5041666666666667 0.19166666666666676
1 0.4588541666666667 0.213888888888889 0.42604166666666665 0.213888888888889 0.42604166666666665 0.2712962962962964 0.4588541666666667 0.2712962962962964
3 0.35833333333333334 0.3000000000000001 0.3328125 0.3000000000000001 0.3328125 0.3453703703703705 0.35833333333333334 0.3453703703703705
11 0.509375 0.21203703703703713 0.4765625 0.21203703703703713 0.4765625 0.26944444444444454 0.509375 0.26944444444444454
5 0.603125 0.13055555555555567 0.5708333333333333 0.13055555555555567 0.5708333333333333 0.188888888888889 0.603125 0.188888888888889
3 0.5572916666666666 0.28518518518518526 0.53125 0.28518518518518526 0.53125 0.3314814814814816 0.5572916666666666 0.3314814814814816
3 0.4046875 0.2935185185185186 0.37916666666666665 0.2935185185185186 0.37916666666666665 0.3398148148148149 0.4046875 0.3398148148148149
2 0.5135416666666667 0.526851851851852 0.4869791666666667 0.526851851851852 0.4869791666666667 0.5759259259259262 0.5135416666666667 0.5759259259259262
9 0.40729166666666666 0.1490740740740742 0.38125 0.1490740740740742 0.38125 0.19537037037037047 0.40729166666666666 0.19537037037037047
8 0.4083333333333333 0.6925925925925925 0.38125 0.6925925925925925 0.38125 0.7407407407407407 0.4083333333333333 0.7407407407407407
1 0.5541666666666667 0.21018518518518528 0.521875 0.21018518518518528 0.521875 0.2685185185185186 0.5541666666666667 0.2685185185185186
3 0.45625 0.2879629629629631 0.43020833333333336 0.2879629629629631 0.43020833333333336 0.33425925925925937 0.45625 0.33425925925925937
2 0.46041666666666664 0.525 0.43333333333333335 0.525 0.43333333333333335 0.5722222222222222 0.46041666666666664 0.5722222222222222
3 0.5036458333333333 0.2925925925925927 0.47760416666666666 0.2925925925925927 0.47760416666666666 0.338888888888889 0.5036458333333333 0.338888888888889
2 0.40625 0.5296296296296297 0.3802083333333333 0.5296296296296297 0.3802083333333333 0.5777777777777777 0.40625 0.5777777777777777
2 0.35625 0.5268518518518519 0.3302083333333333 0.5268518518518519 0.3302083333333333 0.575925925925926 0.35625 0.575925925925926
5 0.35989583333333336 0.1518518518518519 0.32760416666666664 0.1518518518518519 0.32760416666666664 0.20740740740740746 0.35989583333333336 0.20740740740740746
0 0.6197916666666666 0.6712962962962965 0.5854166666666667 0.6712962962962965 0.5854166666666667 0.7324074074074076 0.6197916666666666 0.7324074074074076
2 0.5625 0.5194444444444447 0.5359375 0.5194444444444447 0.5359375 0.5685185185185188 0.5625 0.5685185185185188
0 0.3640625 0.6037037037037037 0.3307291666666667 0.6037037037037037 0.3307291666666667 0.6648148148148149 0.3640625 0.6648148148148149
8 0.5083333333333333 0.6842592592592593 0.4822916666666667 0.6842592592592592 0.4822916666666667 0.7314814814814816 0.5083333333333333 0.7314814814814817