6 0.20989583333333336 0.3675925925925926 0.15677083333333333 0.3675925925925926 0.15677083333333336 0.45555555555555555 0.2098958333333334 0.45555555555555555
3 0.6166666666666667 0.3037037037037038 0.5755208333333334 0.3037037037037038 0.5755208333333334 0.3712962962962964 0.6166666666666667 0.3712962962962964
13 0.465625 0.008333333333333429 0.403125 0.008333333333333422 0.403125 0.1111111111111112 0.465625 0.11111111111111122
7 0.584375 0.2000000000000001 0.5328125 0.2000000000000001 0.5328125 0.28333333333333344 0.584375 0.28333333333333344
2 0.37604166666666666 0.4064814814814816 0.3328125 0.4064814814814816 0.3328125 0.4777777777777778 0.37604166666666666 0.4777777777777778
2 0.5776041666666667 0.540740740740741 0.5338541666666666 0.540740740740741 0.5338541666666666 0.6120370370370373 0.5776041666666667 0.6120370370370373
5 0.609375 0.05740740740740753 0.5588541666666667 0.057407407407407525 0.5588541666666667 0.13981481481481495 0.609375 0.13981481481481497
0 0.1411458333333334 0.5009259259259259 0.08645833333333336 0.5009259259259259 0.08645833333333336 0.5916666666666667 0.1411458333333334 0.5916666666666667
2 0.47760416666666666 0.46944444444444455 0.43333333333333335 0.46944444444444455 0.43333333333333335 0.5407407407407407 0.47760416666666666 0.5407407407407407
12 0.35052083333333334 0.537962962962963 0.2859375 0.537962962962963 0.2859375 0.6453703703703704 0.35052083333333334 0.6453703703703704
6 0.525 0.5759259259259261 0.4713541666666667 0.575925925925926 0.4713541666666667 0.663888888888889 0.525 0.6638888888888891
3 0.5203125 0.23703703703703713 0.4796875 0.23703703703703713 0.4796875 0.30462962962962975 0.5203125 0.30462962962962975
8 0.28020833333333334 0.6194444444444445 0.2380208333333334 0.6194444444444445 0.2380208333333334 0.6898148148148148 0.28020833333333334 0.6898148148148148
7 0.29375 5.839750940378582e-17 0.24270833333333333 5.284124151876542e-17 0.24270833333333333 0.07037037037037042 0.29375 0.07037037037037042
3 0.22864583333333333 0.045370370370370415 0.1875 0.04537037037037041 0.1875 0.11296296296296301 0.22864583333333333 0.11296296296296301
3 0.32395833333333335 0.1046296296296297 0.2833333333333333 0.10462962962962968 0.2833333333333333 0.1731481481481482 0.32395833333333335 0.1731481481481482
9 0.509375 1.065329322036054e-16 0.46927083333333336 1.0216729315108937e-16 0.46927083333333336 0.05833333333333344 0.509375 0.05833333333333344
4 0.4901041666666667 0.7305555555555556 0.4375 0.7305555555555555 0.4375 0.8175925925925926 0.4901041666666667 0.8175925925925928
8 0.37864583333333335 0.675 0.3359375 0.675 0.3359375 0.7453703703703703 0.37864583333333335 0.7453703703703703
2 0.2760416666666667 0.3268518518518519 0.2328125 0.32685185185185184 0.2328125 0.3981481481481482 0.2760416666666667 0.39814814814814825
2 0.1796875 0.2675925925925926 0.1359375 0.2675925925925926 0.1359375 0.3398148148148148 0.1796875 0.3398148148148148
1 0.6536458333333334 0.07685185185185198 0.6036458333333333 0.07685185185185198 0.6036458333333333 0.15833333333333346 0.6536458333333334 0.1583333333333335
3 0.4276041666666667 0.16574074074074086 0.3859375 0.16574074074074086 0.3859375 0.23333333333333345 0.4276041666666667 0.23333333333333345
10 0.4375 0.7018518518518518 0.3854166666666667 0.7018518518518518 0.3854166666666667 0.787962962962963 0.4375 0.787962962962963
11 0.5635416666666667 0.016666666666666784 0.5145833333333333 0.016666666666666777 0.5145833333333333 0.09722222222222233 0.5635416666666667 0.09722222222222235
10 0.19218750000000007 0.5212962962962963 0.13854166666666673 0.5212962962962963 0.13854166666666673 0.6129629629629629 0.19218750000000007 0.6129629629629629
4 0.24375000000000005 0.5546296296296296 0.19062500000000007 0.5546296296296296 0.19062500000000007 0.6462962962962963 0.24375000000000005 0.6462962962962963
0 0.5380208333333333 0.7537037037037038 0.48333333333333334 0.7537037037037037 0.48333333333333334 0.8453703703703704 0.5380208333333333 0.8453703703703705