4 0.2760416666666667 0.7203703703703703 0.24062500000000006 0.7203703703703703 0.24062500000000006 0.7787037037037037 0.2760416666666667 0.7787037037037037
2 0.4078125 0.11574074074074082 0.3796875 0.11574074074074082 0.3796875 0.15462962962962973 0.4078125 0.15462962962962973
13 0.6447916666666667 0.4490740740740742 0.5994791666666667 0.4490740740740742 0.5994791666666667 0.5148148148148151 0.6447916666666667 0.5148148148148151
7 0.5875 0.1777777777777779 0.5526041666666667 0.1777777777777779 0.5526041666666667 0.23055555555555565 0.5875 0.23055555555555565
3 0.5484375 0.8092592592592595 0.5177083333333333 0.8092592592592595 0.5177083333333333 0.853703703703704 0.5484375 0.853703703703704
2 0.40989583333333335 0.28055555555555567 0.38125 0.28055555555555567 0.38125 0.32314814814814824 0.40989583333333335 0.32314814814814824
7 0.5864583333333333 0.7138888888888891 0.55 0.7138888888888891 0.55 0.7685185185185187 0.5864583333333333 0.7685185185185187
1 0.6635416666666667 0.10092592592592606 0.628125 0.10092592592592606 0.628125 0.15185185185185202 0.6635416666666667 0.15185185185185202
0 0.27812500000000007 0.8064814814814815 0.2411458333333334 0.8064814814814815 0.2411458333333334 0.8638888888888889 0.2781250000000001 0.8638888888888889
2 0.4072916666666667 0.8194444444444444 0.37604166666666666 0.8194444444444444 0.3760416666666667 0.8638888888888889 0.4072916666666668 0.8638888888888889
3 0.5473958333333333 0.4527777777777779 0.5171875 0.4527777777777779 0.5171875 0.4962962962962965 0.5473958333333333 0.4962962962962965
3 0.5421875 0.27685185185185196 0.5119791666666667 0.27685185185185196 0.5119791666666667 0.3212962962962964 0.5421875 0.3212962962962964
2 0.4046875 0.6361111111111111 0.37447916666666664 0.6361111111111111 0.37447916666666664 0.6805555555555556 0.4046875 0.6805555555555556
8 0.27239583333333334 0.3750000000000001 0.24427083333333333 0.3750000000000001 0.24427083333333333 0.4166666666666668 0.27239583333333334 0.4166666666666668
6 0.3671875 0.1824074074074075 0.33125 0.18240740740740746 0.33125 0.23796296296296307 0.3671875 0.23796296296296307
5 0.6692708333333334 0.19259259259259276 0.6338541666666667 0.19259259259259276 0.6338541666666667 0.2453703703703705 0.6692708333333334 0.2453703703703705
2 0.4 0.4546296296296297 0.37083333333333335 0.4546296296296297 0.37083333333333335 0.49722222222222223 0.4 0.49722222222222223
12 0.321875 0.43425925925925934 0.2796875 0.43425925925925934 0.2796875 0.5018518518518519 0.321875 0.5018518518518519
3 0.5463541666666667 0.6296296296296299 0.5161458333333333 0.6296296296296299 0.5161458333333333 0.6722222222222224 0.5463541666666667 0.6722222222222224
3 0.5380208333333333 0.11111111111111122 0.50625 0.11111111111111122 0.50625 0.16481481481481491 0.5380208333333333 0.16481481481481491
4 0.2864583333333333 0.2925925925925927 0.24791666666666667 0.2925925925925927 0.24791666666666667 0.35092592592592603 0.2864583333333333 0.35092592592592603
6 0.365625 0.725925925925926 0.32708333333333334 0.725925925925926 0.32708333333333334 0.7888888888888889 0.365625 0.7888888888888889
0 0.2828125 0.12407407407407413 0.246875 0.12407407407407413 0.246875 0.18333333333333338 0.2828125 0.18333333333333338
9 0.6760416666666667 0.34814814814814826 0.646875 0.34814814814814826 0.646875 0.3916666666666668 0.6760416666666667 0.3916666666666668
11 0.6744791666666666 0.2675925925925927 0.6390625 0.2675925925925927 0.6390625 0.32037037037037047 0.6744791666666666 0.32037037037037047
5 0.6828125 0.7120370370370372 0.6447916666666667 0.7120370370370372 0.6447916666666667 0.7685185185185187 0.6828125 0.7685185185185187
8 0.271875 0.5407407407407407 0.24322916666666672 0.5407407407407407 0.24322916666666672 0.5833333333333334 0.271875 0.5833333333333334
10 0.2859375 0.2083333333333334 0.25104166666666666 0.2083333333333334 0.25104166666666666 0.2601851851851853 0.2859375 0.2601851851851853
9 0.6765625 0.5324074074074077 0.646875 0.5324074074074077 0.646875 0.5768518518518521 0.6765625 0.5768518518518521
1 0.690625 0.790740740740741 0.6515625 0.790740740740741 0.6515625 0.8472222222222224 0.690625 0.8472222222222224
11 0.6838541666666667 0.6212962962962965 0.646875 0.6212962962962965 0.646875 0.677777777777778 0.6838541666666667 0.677777777777778
10 0.2755208333333333 0.6240740740740741 0.23906250000000007 0.6240740740740741 0.23906250000000007 0.6888888888888889 0.2755208333333333 0.6888888888888889