4 0.7619791666666667 0.364814814814815 0.7078125 0.3648148148148149 0.7078125 0.4638888888888891 0.7619791666666667 0.4638888888888891
3 0.46145833333333336 0.19351851851851862 0.41822916666666665 0.19351851851851862 0.41822916666666665 0.2722222222222223 0.46145833333333336 0.2722222222222223
9 0.475 0.5685185185185185 0.43385416666666665 0.5685185185185185 0.43385416666666665 0.6435185185185185 0.475 0.6435185185185185
2 0.31875 0.4777777777777778 0.2755208333333333 0.4777777777777778 0.2755208333333333 0.5564814814814815 0.31875 0.5564814814814815
6 0.4671875 0.7083333333333334 0.41510416666666666 0.7083333333333334 0.41510416666666666 0.8046296296296296 0.4671875 0.8046296296296296
2 0.6 0.4712962962962964 0.5557291666666667 0.4712962962962964 0.5557291666666667 0.551851851851852 0.6 0.551851851851852
8 0.4875 0.4925925925925927 0.44427083333333334 0.4925925925925926 0.44427083333333334 0.5722222222222223 0.4875 0.5722222222222224
6 0.6505208333333333 0.40185185185185196 0.5963541666666666 0.40185185185185196 0.5963541666666666 0.5000000000000002 0.6505208333333333 0.5000000000000002
2 0.44479166666666664 0.09537037037037047 0.40208333333333335 0.09537037037037045 0.40208333333333335 0.17222222222222233 0.44479166666666664 0.17222222222222233
8 0.6875 0.1907407407407409 0.6432291666666666 0.1907407407407409 0.6432291666666666 0.2712962962962964 0.6875 0.2712962962962964
3 0.596875 0.09444444444444458 0.5536458333333333 0.09444444444444458 0.5536458333333333 0.17314814814814825 0.596875 0.17314814814814825
2 0.7026041666666667 0.3212962962962964 0.6588541666666666 0.3212962962962964 0.6588541666666666 0.40185185185185196 0.7026041666666667 0.40185185185185196
11 0.6489583333333333 0.7000000000000002 0.5932291666666667 0.7000000000000002 0.5932291666666667 0.801851851851852 0.6489583333333333 0.801851851851852
4 0.4005208333333333 0.313888888888889 0.3458333333333333 0.313888888888889 0.3458333333333333 0.413888888888889 0.4005208333333333 0.413888888888889
7 0.521875 0.08425925925925937 0.46770833333333334 0.08425925925925937 0.46770833333333334 0.18240740740740752 0.521875 0.18240740740740752
1 0.621875 0.2787037037037038 0.5703125 0.2787037037037038 0.5703125 0.37314814814814823 0.621875 0.37314814814814823
10 0.5359375 0.5842592592592594 0.48072916666666665 0.5842592592592593 0.48072916666666665 0.6842592592592593 0.5359375 0.6842592592592595
3 0.5421875 0.5009259259259261 0.49895833333333334 0.5009259259259261 0.49895833333333334 0.5796296296296298 0.5421875 0.5796296296296298
3 0.5328125 0.8388888888888891 0.4895833333333333 0.8388888888888891 0.48958333333333337 0.9175925925925928 0.5328125000000001 0.9175925925925928
2 0.553125 0.3537037037037038 0.5098958333333333 0.3537037037037038 0.5098958333333333 0.43333333333333346 0.553125 0.43333333333333346
7 0.39375 0.6518518518518519 0.33958333333333335 0.6518518518518519 0.33958333333333335 0.7509259259259259 0.39375 0.7509259259259259
0 0.47291666666666665 0.2861111111111112 0.4197916666666667 0.2861111111111112 0.4197916666666667 0.3833333333333334 0.47291666666666665 0.3833333333333334
5 0.5588541666666667 1.1600126625256873e-16 0.5067708333333333 1.1033160514540507e-16 0.5067708333333333 0.06574074074074086 0.5588541666666667 0.06574074074074088
12 0.4515625 0.4166666666666668 0.3859375 0.4166666666666668 0.3859375 0.5361111111111111 0.4515625 0.5361111111111111
13 0.6317708333333333 0.5583333333333336 0.565625 0.5583333333333336 0.565625 0.6796296296296298 0.6317708333333333 0.6796296296296298
0 0.575 0.17962962962962972 0.5197916666666667 0.17962962962962972 0.5197916666666667 0.27962962962962973 0.575 0.27962962962962973
11 0.32135416666666666 0.3175925925925927 0.2671875 0.3175925925925927 0.2671875 0.41574074074074086 0.32135416666666666 0.41574074074074086
3 0.3828125 0.19444444444444453 0.33958333333333335 0.1944444444444445 0.33958333333333335 0.2740740740740742 0.3828125 0.2740740740740742
10 0.3854166666666667 0.4981481481481482 0.3328125 0.4981481481481482 0.3328125 0.5935185185185186 0.3854166666666667 0.5935185185185186
9 0.5291666666666667 0.6990740740740743 0.4864583333333333 0.6990740740740743 0.4864583333333333 0.776851851851852 0.5291666666666667 0.776851851851852
1 0.7057291666666666 0.5092592592592595 0.6510416666666666 0.5092592592592595 0.6510416666666666 0.6092592592592595 0.7057291666666666 0.6092592592592595
5 0.5213541666666667 0.2287037037037038 0.46510416666666665 0.2287037037037038 0.46510416666666665 0.33055555555555566 0.5213541666666667 0.33055555555555566