10 0.35052083333333334 0.41574074074074086 0.3182291666666667 0.41574074074074086 0.3182291666666667 0.47685185185185186 0.35052083333333334 0.47685185185185186
3 0.5385416666666667 0.5666666666666669 0.5114583333333333 0.5666666666666669 0.5114583333333333 0.6157407407407409 0.5385416666666667 0.6157407407407409
7 0.5921875 0.6388888888888891 0.5583333333333333 0.6388888888888891 0.5583333333333333 0.7000000000000002 0.5921875 0.7000000000000002
6 0.34739583333333335 0.3351851851851853 0.3151041666666667 0.3351851851851853 0.3151041666666667 0.3925925925925927 0.34739583333333335 0.3925925925925927
8 0.30885416666666665 0.512962962962963 0.2828125 0.512962962962963 0.2828125 0.5592592592592592 0.30885416666666665 0.5592592592592592
3 0.5291666666666667 0.4712962962962964 0.5026041666666666 0.4712962962962964 0.5026041666666666 0.5194444444444447 0.5291666666666667 0.5194444444444447
3 0.5208333333333334 0.3000000000000001 0.4953125 0.3000000000000001 0.4953125 0.3462962962962964 0.5208333333333334 0.3462962962962964
7 0.56875 0.288888888888889 0.5348958333333333 0.288888888888889 0.5348958333333333 0.34814814814814826 0.56875 0.34814814814814826
3 0.528125 0.38611111111111124 0.5015625 0.38611111111111124 0.5015625 0.4351851851851853 0.528125 0.4351851851851853
2 0.38697916666666665 0.32685185185185195 0.3609375 0.32685185185185195 0.3609375 0.37407407407407417 0.38697916666666665 0.37407407407407417
2 0.3921875 0.41574074074074086 0.365625 0.41574074074074086 0.365625 0.46203703703703713 0.3921875 0.46203703703703713
10 0.35260416666666666 0.5018518518518519 0.31927083333333334 0.5018518518518519 0.31927083333333334 0.562962962962963 0.35260416666666666 0.562962962962963
4 0.3145833333333333 0.6018518518518519 0.28125 0.6018518518518519 0.28125 0.6611111111111111 0.3145833333333333 0.6611111111111111
1 0.5838541666666667 0.5444444444444446 0.5505208333333333 0.5444444444444446 0.5505208333333333 0.6055555555555557 0.5838541666666667 0.6055555555555557
2 0.3848958333333333 0.24351851851851863 0.35989583333333336 0.24351851851851863 0.35989583333333336 0.2898148148148149 0.3848958333333333 0.2898148148148149
2 0.3932291666666667 0.5083333333333333 0.36666666666666664 0.5083333333333333 0.36666666666666664 0.5546296296296296 0.3932291666666667 0.5546296296296296
3 0.5145833333333333 0.2212962962962964 0.48802083333333335 0.2212962962962964 0.48802083333333335 0.2666666666666668 0.5145833333333333 0.2666666666666668
9 0.6203125 0.45925925925925937 0.5942708333333333 0.45925925925925937 0.5942708333333333 0.5074074074074076 0.6203125 0.5074074074074076
6 0.35885416666666664 0.5935185185185186 0.3255208333333333 0.5935185185185186 0.3255208333333333 0.6537037037037037 0.35885416666666664 0.6537037037037037
5 0.6390625 0.6296296296296299 0.6052083333333333 0.6296296296296299 0.6052083333333333 0.6916666666666669 0.6390625 0.6916666666666669
9 0.609375 0.2879629629629631 0.5822916666666667 0.2879629629629631 0.5822916666666667 0.3351851851851853 0.609375 0.3351851851851853
5 0.603125 0.19537037037037047 0.5713541666666667 0.19537037037037047 0.5713541666666667 0.25462962962962976 0.603125 0.25462962962962976
1 0.5729166666666666 0.37314814814814823 0.5401041666666667 0.37314814814814823 0.5401041666666667 0.43425925925925934 0.5729166666666666 0.43425925925925934
0 0.31927083333333334 0.6888888888888889 0.2864583333333333 0.6888888888888889 0.2864583333333333 0.75 0.31927083333333334 0.75
11 0.5796875 0.463888888888889 0.5458333333333333 0.463888888888889 0.5458333333333333 0.5240740740740742 0.5796875 0.5240740740740742
2 0.4005208333333333 0.5916666666666667 0.3734375 0.5916666666666667 0.3734375 0.6407407407407407 0.4005208333333333 0.6407407407407407
4 0.3015625 0.26111111111111124 0.26927083333333335 0.26111111111111124 0.26927083333333335 0.32037037037037047 0.3015625 0.32037037037037047
0 0.3453125 0.25462962962962976 0.31145833333333334 0.25462962962962976 0.31145833333333334 0.313888888888889 0.3453125 0.313888888888889
8 0.3015625 0.3453703703703705 0.27447916666666666 0.3453703703703705 0.27447916666666666 0.39444444444444454 0.3015625 0.39444444444444454
12 0.31197916666666664 0.4111111111111112 0.2708333333333333 0.4111111111111112 0.2708333333333333 0.4842592592592593 0.31197916666666664 0.4842592592592593
13 0.625 0.3592592592592594 0.5822916666666667 0.3592592592592594 0.5822916666666667 0.4351851851851853 0.625 0.4351851851851853
11 0.6338541666666667 0.5370370370370372 0.5979166666666667 0.5370370370370372 0.5979166666666667 0.6009259259259261 0.6338541666666667 0.6009259259259261