6 0.5265625 0.25925925925925936 0.49114583333333334 0.25925925925925936 0.49114583333333334 0.3212962962962964 0.5265625 0.3212962962962964
2 0.5432291666666667 0.3314814814814816 0.515625 0.3314814814814816 0.515625 0.3814814814814816 0.5432291666666667 0.3814814814814816
3 0.5791666666666667 0.0666666666666668 0.5510416666666667 0.0666666666666668 0.5510416666666667 0.1166666666666668 0.5791666666666667 0.1166666666666668
10 0.35 0.1555555555555556 0.3145833333333333 0.1555555555555556 0.3145833333333333 0.2157407407407408 0.35 0.2157407407407408
1 0.5067708333333333 0.5740740740740742 0.4713541666666667 0.5740740740740741 0.4713541666666667 0.6333333333333334 0.5067708333333333 0.6333333333333335
13 0.48802083333333335 0.05185185185185195 0.44479166666666664 0.05185185185185194 0.44479166666666664 0.1250000000000001 0.48802083333333335 0.1250000000000001
11 0.47604166666666664 0.4546296296296297 0.440625 0.4546296296296297 0.440625 0.5138888888888888 0.47604166666666664 0.5138888888888888
3 0.6635416666666667 0.2425925925925927 0.6364583333333333 0.2425925925925927 0.6364583333333333 0.29074074074074086 0.6635416666666667 0.29074074074074086
3 0.503125 0.36296296296296304 0.475 0.36296296296296304 0.475 0.41203703703703715 0.503125 0.41203703703703715
9 0.49322916666666666 0.12962962962962973 0.4640625 0.12962962962962973 0.4640625 0.1787037037037038 0.49322916666666666 0.1787037037037038
3 0.403125 0.36574074074074087 0.375 0.36574074074074087 0.375 0.413888888888889 0.403125 0.413888888888889
12 0.628125 0.48703703703703727 0.5859375 0.48703703703703727 0.5859375 0.5601851851851853 0.628125 0.5601851851851853
7 0.46145833333333336 0.039814814814814914 0.42916666666666664 0.03981481481481491 0.42916666666666664 0.05648148148148158 0.46145833333333336 0.056481481481481584
2 0.5828125 0.29907407407407416 0.5557291666666667 0.29907407407407416 0.5557291666666667 0.3472222222222223 0.5828125 0.3472222222222223
3 0.39010416666666664 0.5305555555555556 0.3619791666666667 0.5305555555555556 0.3619791666666667 0.5768518518518518 0.39010416666666664 0.5768518518518518
7 0.6104166666666667 0.20092592592592606 0.575 0.20092592592592604 0.575 0.26111111111111124 0.6104166666666667 0.26111111111111124
2 0.44375 0.33055555555555566 0.41510416666666666 0.33055555555555566 0.41510416666666666 0.37962962962962976 0.44375 0.37962962962962976
2 0.6729166666666667 0.08148148148148163 0.6453125 0.08148148148148161 0.6453125 0.12685185185185202 0.6729166666666667 0.12685185185185202
5 0.4625 0.612037037037037 0.428125 0.612037037037037 0.428125 0.6722222222222223 0.4625 0.6722222222222223
0 0.5598958333333334 0.16296296296296306 0.5244791666666667 0.16296296296296306 0.5244791666666667 0.22407407407407418 0.5598958333333334 0.22407407407407418
4 0.4473958333333333 0.5546296296296296 0.4125 0.5546296296296296 0.4125 0.6148148148148148 0.4473958333333333 0.6148148148148148
8 0.5411458333333333 0.5490740740740743 0.5135416666666667 0.5490740740740743 0.5135416666666667 0.5944444444444447 0.5411458333333333 0.5944444444444447
1 0.7322916666666667 0.32777777777777795 0.6979166666666666 0.3277777777777779 0.6979166666666666 0.3879629629629631 0.7322916666666667 0.3879629629629632
9 0.43645833333333334 0.09814814814814823 0.4083333333333333 0.09814814814814822 0.4083333333333333 0.14814814814814825 0.43645833333333334 0.14814814814814825
2 0.3453125 0.3361111111111112 0.3177083333333333 0.3361111111111112 0.3177083333333333 0.3851851851851853 0.3453125 0.3851851851851853
10 0.6010416666666667 0.35648148148148157 0.5651041666666666 0.35648148148148157 0.5651041666666666 0.4175925925925927 0.6010416666666667 0.4175925925925927
6 0.41302083333333334 0.1925925925925927 0.3776041666666667 0.1925925925925927 0.3776041666666667 0.2537037037037038 0.41302083333333334 0.2537037037037038
4 0.51875 0.42592592592592604 0.48385416666666664 0.42592592592592604 0.48385416666666664 0.4851851851851854 0.51875 0.4851851851851854
8 0.5255208333333333 0.4962962962962965 0.49895833333333334 0.4962962962962965 0.49895833333333334 0.540740740740741 0.5255208333333333 0.540740740740741
0 0.4713541666666667 0.2212962962962964 0.434375 0.2212962962962964 0.434375 0.2824074074074075 0.4713541666666667 0.2824074074074075
5 0.38958333333333334 0.2962962962962964 0.3541666666666667 0.2962962962962964 0.3541666666666667 0.3574074074074075 0.38958333333333334 0.3574074074074075