4 0.3411458333333333 0.2083333333333334 0.3046875 0.2083333333333334 0.3046875 0.2842592592592594 0.3411458333333333 0.2842592592592594
1 0.6635416666666667 0.853703703703704 0.6234375 0.853703703703704 0.6234375 0.9351851851851853 0.6635416666666667 0.9351851851851853
4 0.3020833333333333 0.55 0.2661458333333334 0.55 0.2661458333333334 0.6268518518518519 0.3020833333333333 0.6268518518518519
2 0.4432291666666667 0.4212962962962964 0.4119791666666667 0.4212962962962964 0.4119791666666667 0.4861111111111111 0.4432291666666667 0.4861111111111111
7 0.5895833333333333 0.7435185185185187 0.5505208333333333 0.7435185185185187 0.5505208333333333 0.8222222222222224 0.5895833333333333 0.8222222222222224
13 0.6692708333333334 0.48333333333333356 0.621875 0.48333333333333356 0.621875 0.5768518518518521 0.6692708333333334 0.5768518518518521
3 0.5994791666666667 0.28055555555555567 0.5640625 0.28055555555555567 0.5640625 0.3472222222222223 0.5994791666666667 0.3472222222222223
2 0.48802083333333335 0.0851851851851853 0.4588541666666667 0.0851851851851853 0.4588541666666667 0.14814814814814825 0.48802083333333335 0.14814814814814825
2 0.41822916666666665 0.5888888888888889 0.3885416666666667 0.5888888888888889 0.3885416666666667 0.6518518518518519 0.41822916666666665 0.6518518518518519
3 0.5255208333333334 0.8111111111111113 0.4947916666666667 0.8111111111111113 0.49479166666666674 0.8759259259259261 0.5255208333333334 0.8759259259259261
8 0.3255208333333333 0.30555555555555564 0.29739583333333336 0.30555555555555564 0.29739583333333336 0.36666666666666675 0.3255208333333333 0.36666666666666675
2 0.46197916666666666 0.2453703703703705 0.4317708333333333 0.2453703703703705 0.4317708333333333 0.3074074074074075 0.46197916666666666 0.3074074074074075
3 0.5494791666666666 0.6425925925925928 0.5192708333333333 0.6425925925925928 0.5192708333333333 0.7074074074074076 0.5494791666666666 0.7074074074074076
7 0.6604166666666667 0.20000000000000015 0.621875 0.20000000000000015 0.621875 0.27962962962962973 0.6604166666666667 0.27962962962962973
6 0.3692708333333333 0.6425925925925926 0.3338541666666667 0.6425925925925926 0.3338541666666667 0.7175925925925926 0.3692708333333333 0.7175925925925926
12 0.3614583333333333 0.37962962962962976 0.3171875 0.37962962962962976 0.3171875 0.4703703703703705 0.3614583333333333 0.4703703703703705
8 0.3109375 0.4629629629629631 0.28177083333333336 0.4629629629629631 0.28177083333333336 0.524074074074074 0.3109375 0.524074074074074
3 0.5791666666666667 0.46203703703703713 0.54375 0.46203703703703713 0.54375 0.527777777777778 0.5791666666666667 0.527777777777778
2 0.39479166666666665 0.7638888888888888 0.3645833333333333 0.7638888888888888 0.3645833333333333 0.825925925925926 0.39479166666666665 0.825925925925926
1 0.7583333333333333 0.15740740740740758 0.7182291666666667 0.15740740740740758 0.7182291666666667 0.23888888888888904 0.7583333333333333 0.2388888888888891
5 0.7447916666666666 0.2444444444444446 0.7052083333333333 0.24444444444444455 0.7052083333333333 0.3250000000000002 0.7447916666666666 0.32500000000000023
9 0.7005208333333334 0.5990740740740743 0.6682291666666667 0.5990740740740743 0.6682291666666667 0.6648148148148151 0.7005208333333334 0.6648148148148151
11 0.6760416666666667 0.7712962962962965 0.6354166666666666 0.7712962962962965 0.6354166666666666 0.853703703703704 0.6760416666666667 0.853703703703704
6 0.43697916666666664 0.13981481481481492 0.4 0.13981481481481492 0.4 0.2175925925925927 0.43697916666666664 0.2175925925925927
10 0.35885416666666664 0.12777777777777782 0.321875 0.12777777777777782 0.321875 0.20370370370370375 0.35885416666666664 0.20370370370370375
0 0.2838541666666667 0.7092592592592593 0.24635416666666674 0.7092592592592593 0.24635416666666674 0.7842592592592592 0.2838541666666667 0.7842592592592592
5 0.6833333333333333 0.6842592592592595 0.6432291666666666 0.6842592592592595 0.6432291666666666 0.7629629629629632 0.6833333333333333 0.7629629629629632
3 0.61875 0.11388888888888903 0.5854166666666667 0.11388888888888903 0.5854166666666667 0.18333333333333346 0.61875 0.1833333333333335
9 0.7197916666666667 0.426851851851852 0.6875 0.426851851851852 0.6875 0.49444444444444463 0.7197916666666667 0.49444444444444463
10 0.29270833333333335 0.6203703703703703 0.25625000000000003 0.6203703703703703 0.25625000000000003 0.6953703703703704 0.29270833333333335 0.6953703703703704
0 0.3645833333333333 0.031481481481481555 0.325 0.03148148148148155 0.325 0.11018518518518526 0.3645833333333333 0.11018518518518526
11 0.7390625 0.33240740740740754 0.6979166666666666 0.33240740740740754 0.6979166666666666 0.4120370370370372 0.7390625 0.41203703703703726