4 0.43854166666666666 0.06203703703703713 0.40208333333333335 0.06203703703703711 0.40208333333333335 0.11481481481481491 0.43854166666666666 0.11481481481481493
7 0.6875 0.6212962962962965 0.65 0.6212962962962965 0.65 0.677777777777778 0.6875 0.677777777777778
2 0.5307291666666667 0.3000000000000001 0.49947916666666664 0.3000000000000001 0.49947916666666664 0.3435185185185186 0.5307291666666667 0.3435185185185186
3 0.5265625 0.5462962962962965 0.49635416666666665 0.5462962962962965 0.49635416666666665 0.5907407407407409 0.5265625 0.5907407407407409
10 0.39166666666666666 0.07592592592592601 0.35572916666666665 0.07592592592592601 0.35572916666666665 0.1287037037037038 0.39166666666666666 0.12870370370370382
1 0.7369791666666666 0.7759259259259261 0.6984375 0.7759259259259261 0.6984375 0.8333333333333336 0.7369791666666666 0.8333333333333336
3 0.7296875 0.5361111111111113 0.6989583333333333 0.5361111111111113 0.6989583333333333 0.5805555555555557 0.7296875 0.5805555555555557
6 0.671875 0.2166666666666668 0.6354166666666666 0.2166666666666668 0.6354166666666666 0.26944444444444454 0.671875 0.26944444444444454
4 0.6333333333333333 0.07314814814814828 0.5973958333333333 0.07314814814814828 0.5973958333333333 0.12500000000000014 0.6333333333333333 0.12500000000000017
12 0.5369791666666667 0.1250000000000001 0.4942708333333333 0.1250000000000001 0.4942708333333333 0.1898148148148149 0.5369791666666667 0.1898148148148149
2 0.4296875 0.2925925925925927 0.39895833333333336 0.2925925925925927 0.39895833333333336 0.3351851851851853 0.4296875 0.3351851851851853
2 0.7270833333333333 0.2953703703703705 0.6984375 0.29537037037037045 0.6984375 0.3388888888888891 0.7270833333333333 0.3388888888888891
13 0.5375 0.6842592592592595 0.4942708333333333 0.6842592592592595 0.4942708333333333 0.7546296296296299 0.5375 0.7546296296296299
6 0.3828125 0.21851851851851858 0.3463541666666667 0.21851851851851858 0.3463541666666667 0.27314814814814825 0.3828125 0.27314814814814825
2 0.6286458333333333 0.2935185185185186 0.5973958333333333 0.2935185185185186 0.5973958333333333 0.3398148148148149 0.6286458333333333 0.3398148148148149
3 0.4239583333333333 0.5370370370370371 0.3927083333333333 0.5370370370370371 0.3927083333333333 0.5805555555555556 0.4239583333333333 0.5805555555555556
8 0.575 0.07962962962962976 0.5473958333333333 0.07962962962962976 0.5473958333333333 0.1212962962962964 0.575 0.1212962962962964
7 0.37604166666666666 0.6240740740740741 0.3385416666666667 0.6240740740740741 0.3385416666666667 0.6805555555555556 0.37604166666666666 0.6805555555555556
3 0.6333333333333333 0.5398148148148151 0.6026041666666667 0.5398148148148151 0.6026041666666667 0.5824074074074076 0.6333333333333333 0.5824074074074076
8 0.4890625 0.07314814814814825 0.46041666666666664 0.07314814814814825 0.46041666666666664 0.113888888888889 0.4890625 0.113888888888889
5 0.38645833333333335 0.7796296296296297 0.3489583333333333 0.7796296296296297 0.3489583333333333 0.8379629629629629 0.38645833333333335 0.8379629629629629
2 0.3380208333333333 0.30462962962962975 0.30885416666666665 0.30462962962962975 0.30885416666666665 0.3472222222222223 0.3380208333333333 0.3472222222222223
1 0.33489583333333334 0.7796296296296297 0.29739583333333336 0.7796296296296297 0.29739583333333336 0.8388888888888889 0.33489583333333334 0.8388888888888889
9 0.5796875 0.7888888888888891 0.5489583333333333 0.7888888888888891 0.5489583333333333 0.8351851851851854 0.5796875 0.8351851851851854
10 0.6734375 0.07592592592592608 0.6375 0.07592592592592606 0.6375 0.12870370370370385 0.6734375 0.12870370370370385
9 0.4822916666666667 0.7842592592592592 0.4510416666666667 0.7842592592592592 0.4510416666666667 0.8351851851851851 0.4822916666666667 0.8351851851851851
3 0.32916666666666666 0.5351851851851852 0.29791666666666666 0.5351851851851852 0.29791666666666666 0.5833333333333334 0.32916666666666666 0.5833333333333334
5 0.6354166666666666 0.7703703703703706 0.5979166666666667 0.7703703703703706 0.5979166666666667 0.8287037037037039 0.6354166666666666 0.8287037037037039
0 0.34010416666666665 0.0685185185185186 0.3046875 0.0685185185185186 0.3046875 0.12129629629629635 0.34010416666666665 0.12129629629629635
11 0.43333333333333335 0.7824074074074074 0.39427083333333335 0.7824074074074074 0.39427083333333335 0.8407407407407408 0.43333333333333335 0.8407407407407408
11 0.6890625 0.7703703703703706 0.65 0.7703703703703706 0.65 0.8333333333333336 0.6890625 0.8333333333333336
0 0.7270833333333333 0.07592592592592608 0.6911458333333333 0.07592592592592608 0.6911458333333333 0.1342592592592594 0.7270833333333333 0.1342592592592594