12 0.48020833333333335 0.7592592592592593 0.4375 0.7592592592592593 0.4375 0.8361111111111111 0.48020833333333335 0.8361111111111111
10 0.5302083333333333 0.6861111111111113 0.4953125 0.6861111111111113 0.4953125 0.7472222222222225 0.5302083333333333 0.7472222222222225
11 0.5671875 0.20925925925925937 0.534375 0.20925925925925937 0.534375 0.2666666666666668 0.5671875 0.2666666666666668
13 0.4744791666666667 0.2074074074074075 0.434375 0.2074074074074075 0.434375 0.2777777777777779 0.4744791666666667 0.2777777777777779
10 0.4791666666666667 0.6842592592592592 0.44427083333333334 0.6842592592592592 0.44427083333333334 0.7472222222222222 0.4791666666666667 0.7472222222222222
7 0.6192708333333333 0.2824074074074075 0.5864583333333333 0.2824074074074075 0.5864583333333333 0.34074074074074084 0.6192708333333333 0.34074074074074084
6 0.428125 0.687962962962963 0.39427083333333335 0.687962962962963 0.39427083333333335 0.7490740740740741 0.428125 0.7490740740740741
6 0.5833333333333334 0.676851851851852 0.5489583333333333 0.676851851851852 0.5489583333333333 0.7388888888888892 0.5833333333333334 0.7388888888888892
7 0.42135416666666664 0.2935185185185186 0.3880208333333333 0.2935185185185186 0.3880208333333333 0.35277777777777786 0.42135416666666664 0.35277777777777786
8 0.4244791666666667 0.7796296296296297 0.396875 0.7796296296296297 0.396875 0.8287037037037037 0.4244791666666667 0.8287037037037037
4 0.378125 0.7759259259259259 0.34427083333333336 0.7759259259259259 0.34427083333333336 0.837037037037037 0.378125 0.837037037037037
4 0.584375 0.7620370370370373 0.5510416666666667 0.7620370370370373 0.5510416666666667 0.8212962962962965 0.584375 0.8212962962962965
1 0.4703125 0.2916666666666668 0.4375 0.2916666666666668 0.4375 0.35092592592592603 0.4703125 0.35092592592592603
3 0.5166666666666667 0.3712962962962964 0.4901041666666667 0.3712962962962964 0.4901041666666667 0.41944444444444456 0.5166666666666667 0.41944444444444456
3 0.5713541666666667 0.36296296296296304 0.5442708333333334 0.36296296296296304 0.5442708333333334 0.41018518518518526 0.5713541666666667 0.41018518518518526
2 0.528125 0.6111111111111113 0.5015625 0.6111111111111113 0.5015625 0.6601851851851854 0.528125 0.6601851851851854
2 0.5776041666666667 0.602777777777778 0.5505208333333333 0.602777777777778 0.5505208333333333 0.651851851851852 0.5776041666666667 0.651851851851852
0 0.6364583333333333 0.7546296296296299 0.6015625 0.7546296296296299 0.6015625 0.814814814814815 0.6364583333333333 0.814814814814815
2 0.4739583333333333 0.6092592592592593 0.446875 0.6092592592592593 0.446875 0.6574074074074074 0.4739583333333333 0.6574074074074074
9 0.5161458333333333 0.2212962962962964 0.4895833333333333 0.2212962962962964 0.4895833333333333 0.2666666666666668 0.5161458333333333 0.2666666666666668
3 0.36875 0.37962962962962976 0.34322916666666664 0.37962962962962976 0.34322916666666664 0.42592592592592604 0.36875 0.42592592592592604
3 0.46822916666666664 0.36851851851851863 0.4421875 0.36851851851851863 0.4421875 0.4148148148148149 0.46822916666666664 0.4148148148148149
3 0.4166666666666667 0.3750000000000001 0.39010416666666664 0.3750000000000001 0.39010416666666664 0.42037037037037045 0.4166666666666667 0.42037037037037045
2 0.4203125 0.6148148148148148 0.39375 0.6148148148148148 0.39375 0.6638888888888889 0.4203125 0.6638888888888889
5 0.6166666666666667 0.20555555555555569 0.5838541666666667 0.20555555555555566 0.5838541666666667 0.26481481481481495 0.6166666666666667 0.26481481481481495
11 0.521875 0.288888888888889 0.4890625 0.288888888888889 0.4890625 0.3472222222222223 0.521875 0.3472222222222223
0 0.37864583333333335 0.6916666666666667 0.34479166666666666 0.6916666666666667 0.34479166666666666 0.7527777777777778 0.37864583333333335 0.7527777777777778
8 0.525 0.7675925925925928 0.4979166666666667 0.7675925925925928 0.4979166666666667 0.8166666666666669 0.525 0.8166666666666669
5 0.3697916666666667 0.22685185185185194 0.33697916666666666 0.22685185185185192 0.33697916666666666 0.28333333333333344 0.3697916666666667 0.28333333333333344
2 0.3692708333333333 0.6129629629629629 0.34322916666666664 0.6129629629629629 0.34322916666666664 0.6620370370370371 0.3692708333333333 0.6620370370370371
9 0.41822916666666665 0.22407407407407418 0.39166666666666666 0.22407407407407418 0.39166666666666666 0.2712962962962964 0.41822916666666665 0.2712962962962964
1 0.5677083333333334 0.288888888888889 0.534375 0.288888888888889 0.534375 0.3462962962962964 0.5677083333333334 0.3462962962962964