4 0.3385416666666667 0.22962962962962968 0.290625 0.22962962962962968 0.290625 0.30925925925925934 0.3385416666666667 0.30925925925925934
2 0.4869791666666667 0.3351851851851853 0.446875 0.3351851851851853 0.446875 0.40185185185185196 0.4869791666666667 0.40185185185185196
1 0.8041666666666667 0.5240740740740742 0.753125 0.5240740740740742 0.753125 0.6111111111111113 0.8041666666666667 0.6111111111111113
2 0.396875 0.43055555555555564 0.35885416666666664 0.43055555555555564 0.35885416666666664 0.4935185185185185 0.396875 0.4935185185185185
13 0.6177083333333333 0.6453703703703706 0.5557291666666667 0.6453703703703706 0.5557291666666667 0.7500000000000002 0.6177083333333333 0.7500000000000002
3 0.721875 0.3361111111111112 0.6822916666666666 0.3361111111111112 0.6822916666666666 0.40185185185185196 0.721875 0.40185185185185196
3 0.3859375 0.7324074074074074 0.3453125 0.7324074074074074 0.3453125 0.799074074074074 0.3859375 0.799074074074074
7 0.715625 0.44537037037037047 0.665625 0.44537037037037047 0.665625 0.527777777777778 0.715625 0.527777777777778
2 0.5666666666666667 0.23888888888888898 0.5276041666666667 0.23888888888888898 0.5276041666666667 0.3037037037037038 0.5666666666666667 0.3037037037037038
6 0.5848958333333333 0.1250000000000001 0.5364583333333334 0.1250000000000001 0.5364583333333334 0.20555555555555566 0.5848958333333333 0.20555555555555566
4 0.5052083333333334 0.04814814814814825 0.4578125 0.04814814814814825 0.4578125 0.12685185185185197 0.5052083333333334 0.12685185185185197
1 0.46718750000000014 0.9231481481481482 0.41458333333333347 0.9231481481481482 0.41458333333333347 1 0.46718750000000014 1
12 0.44583333333333336 0.18518518518518529 0.3880208333333333 0.18518518518518529 0.3880208333333333 0.2824074074074075 0.44583333333333336 0.2824074074074075
2 0.6494791666666667 0.1370370370370372 0.6098958333333333 0.1370370370370372 0.6098958333333333 0.20277777777777795 0.6494791666666667 0.20277777777777795
7 0.4546875 0.7537037037037037 0.403125 0.7537037037037037 0.403125 0.8398148148148148 0.4546875 0.8398148148148148
3 0.46822916666666664 0.6370370370370371 0.4265625 0.6370370370370371 0.4265625 0.7064814814814815 0.46822916666666664 0.7064814814814815
6 0.3416666666666667 0.41018518518518526 0.29270833333333335 0.41018518518518526 0.29270833333333335 0.4935185185185185 0.3416666666666667 0.4935185185185185
8 0.3802083333333333 0.1870370370370371 0.3416666666666667 0.18703703703703708 0.3416666666666667 0.2500000000000001 0.3802083333333333 0.2500000000000001
10 0.5416666666666666 0.007407407407407521 0.49375 0.007407407407407516 0.49375 0.08796296296296306 0.5416666666666666 0.08796296296296306
2 0.3234375 0.5277777777777778 0.2838541666666667 0.5277777777777778 0.2838541666666667 0.5935185185185186 0.3234375 0.5935185185185186
8 0.4578125 0.10740740740740749 0.4197916666666667 0.10740740740740749 0.4197916666666667 0.17037037037037048 0.4578125 0.17037037037037048
5 0.7192708333333333 0.6194444444444447 0.6677083333333333 0.6194444444444447 0.6677083333333333 0.7074074074074076 0.7192708333333333 0.7074074074074076
3 0.5578125 0.5398148148148151 0.515625 0.5398148148148151 0.515625 0.6101851851851854 0.5578125 0.6101851851851854
9 0.6744791666666666 0.6953703703703705 0.6317708333333333 0.6953703703703705 0.6317708333333333 0.7657407407407409 0.6744791666666666 0.7657407407407409
3 0.6442708333333333 0.43055555555555564 0.6036458333333333 0.43055555555555564 0.6036458333333333 0.5000000000000002 0.6442708333333333 0.5000000000000002
0 0.25677083333333334 0.3287037037037038 0.209375 0.3287037037037037 0.209375 0.4083333333333334 0.25677083333333334 0.40833333333333344
9 0.5890625 0.7879629629629632 0.5484375 0.7879629629629632 0.5484375 0.8555555555555557 0.5890625 0.8555555555555557
5 0.5109375000000002 0.8731481481481482 0.45937500000000014 0.8731481481481481 0.45937500000000014 0.9601851851851851 0.5109375000000002 0.9601851851851851
11 0.765625 0.5731481481481484 0.7135416666666666 0.5731481481481484 0.7135416666666666 0.6620370370370372 0.765625 0.6620370370370372
10 0.3020833333333333 0.2879629629629631 0.2546875 0.2879629629629631 0.2546875 0.3675925925925927 0.3020833333333333 0.3675925925925927
0 0.5869791666666667 0.007407407407407531 0.540625 0.007407407407407526 0.540625 0.038888888888889014 0.5869791666666667 0.03888888888888902
11 0.5520833333333334 0.8287037037037039 0.496875 0.8287037037037039 0.49687500000000007 0.9231481481481484 0.5520833333333334 0.9231481481481484