7 0.553125 0.45370370370370383 0.5104166666666666 0.45370370370370383 0.5104166666666666 0.5296296296296299 0.553125 0.5296296296296299
4 0.26093750000000004 0.5037037037037037 0.21979166666666672 0.5037037037037037 0.21979166666666672 0.575925925925926 0.26093750000000004 0.575925925925926
13 0.6463541666666667 0.5675925925925928 0.5953125 0.5675925925925928 0.5953125 0.6583333333333335 0.6463541666666667 0.6583333333333335
2 0.6776041666666667 0.6935185185185188 0.6427083333333333 0.6935185185185188 0.6427083333333333 0.7546296296296299 0.6776041666666667 0.7546296296296299
3 0.2458333333333334 0.6990740740740741 0.21093750000000006 0.6990740740740741 0.21093750000000006 0.7583333333333333 0.2458333333333334 0.7583333333333333
0 0.3171875 0.41574074074074086 0.275 0.41574074074074086 0.275 0.4925925925925926 0.3171875 0.4925925925925926
9 0.6494791666666667 0.48981481481481504 0.6151041666666667 0.48981481481481504 0.6151041666666667 0.551851851851852 0.6494791666666667 0.551851851851852
2 0.6604166666666667 0.2861111111111112 0.6260416666666667 0.2861111111111112 0.6260416666666667 0.3462962962962964 0.6604166666666667 0.3462962962962964
3 0.2953125 0.6148148148148148 0.2583333333333334 0.6148148148148148 0.2583333333333334 0.6824074074074075 0.2953125 0.6824074074074075
7 0.6614583333333334 0.37592592592592605 0.6182291666666667 0.37592592592592605 0.6182291666666667 0.45185185185185195 0.6614583333333334 0.45185185185185195
5 0.709375 0.39074074074074083 0.6661458333333333 0.39074074074074083 0.6661458333333333 0.46759259259259267 0.709375 0.46759259259259267
5 0.6140625 0.37685185185185194 0.5703125 0.37685185185185194 0.5703125 0.45740740740740754 0.6140625 0.45740740740740754
3 0.3296875 0.23611111111111116 0.29322916666666665 0.23611111111111116 0.29322916666666665 0.2981481481481483 0.3296875 0.2981481481481483
3 0.28177083333333336 0.2305555555555556 0.24791666666666667 0.2305555555555556 0.24791666666666667 0.2916666666666668 0.28177083333333336 0.2916666666666668
6 0.2796875 0.3231481481481482 0.23541666666666666 0.32314814814814813 0.23541666666666666 0.4046296296296297 0.2796875 0.40462962962962973
2 0.6682291666666667 0.7861111111111113 0.6348958333333333 0.7861111111111113 0.6348958333333333 0.8490740740740743 0.6682291666666667 0.8490740740740743
11 0.6984375 0.47962962962962985 0.6546875 0.47962962962962985 0.6546875 0.5564814814814817 0.6984375 0.5564814814814817
1 0.5979166666666667 0.5611111111111113 0.5541666666666667 0.5611111111111113 0.5541666666666667 0.6388888888888891 0.5979166666666667 0.6388888888888891
12 0.3296875 0.31203703703703717 0.278125 0.31203703703703717 0.278125 0.4064814814814816 0.3296875 0.4064814814814816
3 0.24947916666666672 0.6064814814814815 0.21302083333333338 0.6064814814814815 0.21302083333333338 0.6759259259259259 0.24947916666666672 0.6759259259259259
0 0.3692708333333333 0.33703703703703713 0.3265625 0.33703703703703713 0.3265625 0.41203703703703715 0.3692708333333333 0.41203703703703715
10 0.3046875 0.5148148148148148 0.26406250000000003 0.5148148148148148 0.26406250000000003 0.5888888888888889 0.3046875 0.5888888888888889
10 0.2682291666666667 0.41851851851851857 0.22760416666666666 0.4185185185185185 0.2276041666666667 0.49074074074074076 0.2682291666666667 0.49074074074074076
4 0.3609375 0.4314814814814816 0.315625 0.4314814814814816 0.315625 0.5055555555555555 0.3609375 0.5055555555555555
6 0.40729166666666666 0.43796296296296305 0.3609375 0.43796296296296305 0.3609375 0.5148148148148148 0.40729166666666666 0.5148148148148148
2 0.6328125 0.676851851851852 0.5979166666666667 0.676851851851852 0.5979166666666667 0.7416666666666669 0.6328125 0.7416666666666669
8 0.3463541666666667 0.5314814814814814 0.31145833333333334 0.5314814814814814 0.31145833333333334 0.5944444444444444 0.3463541666666667 0.5944444444444444
1 0.6916666666666667 0.577777777777778 0.6432291666666666 0.577777777777778 0.6432291666666666 0.6601851851851854 0.6916666666666667 0.6601851851851854
11 0.6052083333333333 0.4629629629629631 0.5583333333333333 0.4629629629629631 0.5583333333333333 0.540740740740741 0.6052083333333333 0.540740740740741
2 0.7161458333333334 0.2861111111111112 0.6770833333333334 0.2861111111111112 0.6770833333333334 0.35277777777777786 0.7161458333333334 0.35277777777777786