0 0.6515625 0.8481481481481483 0.6052083333333333 0.8481481481481483 0.6052083333333333 0.9194444444444446 0.6515625 0.9194444444444446
4 0.32864583333333336 0.6444444444444445 0.28229166666666666 0.6444444444444445 0.28229166666666666 0.725 0.32864583333333336 0.725
2 0.42864583333333334 0.450925925925926 0.390625 0.450925925925926 0.390625 0.5148148148148148 0.42864583333333334 0.5148148148148148
2 0.5213541666666667 0.513888888888889 0.48333333333333334 0.5138888888888888 0.48333333333333334 0.5777777777777778 0.5213541666666667 0.577777777777778
1 0.46041666666666664 9.536369982249297e-17 0.415625 9.048779127033221e-17 0.415625 0.03611111111111121 0.46041666666666664 0.03611111111111122
3 0.5755208333333334 0.2750000000000001 0.5401041666666667 0.2750000000000001 0.5401041666666667 0.33703703703703713 0.5755208333333334 0.33703703703703713
12 0.49895833333333334 0.6546296296296298 0.44375 0.6546296296296297 0.44375 0.7527777777777779 0.49895833333333334 0.752777777777778
13 0.6140625 0.11759259259259272 0.5625 0.11759259259259272 0.5625 0.2101851851851853 0.6140625 0.21018518518518534
2 0.33541666666666664 0.3925925925925927 0.29739583333333336 0.3925925925925927 0.29739583333333336 0.4564814814814816 0.33541666666666664 0.4564814814814816
11 0.7161458333333334 0.12222222222222238 0.671875 0.12222222222222238 0.671875 0.2009259259259261 0.7161458333333334 0.2009259259259261
1 0.7989583333333333 0.19444444444444461 0.7557291666666667 0.19444444444444461 0.7557291666666667 0.2685185185185187 0.7989583333333333 0.2685185185185187
2 0.6182291666666667 0.5611111111111113 0.5802083333333333 0.5611111111111113 0.5802083333333333 0.6268518518518521 0.6182291666666667 0.6268518518518521
3 0.3958333333333333 0.16944444444444454 0.35989583333333336 0.1694444444444445 0.35989583333333336 0.23055555555555562 0.3958333333333333 0.23055555555555565
7 0.46041666666666664 0.13055555555555567 0.415625 0.13055555555555567 0.415625 0.20925925925925937 0.46041666666666664 0.20925925925925937
5 0.4947916666666667 1.0279095587287737e-16 0.44947916666666665 9.785835070964499e-17 0.44947916666666665 0.06944444444444454 0.4947916666666667 0.06944444444444454
2 0.7088541666666667 0.6231481481481483 0.6713541666666667 0.6231481481481483 0.6713541666666667 0.6861111111111113 0.7088541666666667 0.6861111111111113
4 0.559375 0.777777777777778 0.5130208333333334 0.777777777777778 0.5130208333333334 0.8620370370370373 0.559375 0.8620370370370373
3 0.4859375 0.22314814814814826 0.44895833333333335 0.22314814814814826 0.44895833333333335 0.2861111111111112 0.4859375 0.2861111111111112
11 0.5416666666666666 0.012962962962963077 0.4979166666666667 0.012962962962963072 0.4979166666666667 0.08981481481481492 0.5416666666666666 0.08981481481481492
7 0.734375 0.28981481481481497 0.6911458333333333 0.2898148148148149 0.6911458333333333 0.364814814814815 0.734375 0.36481481481481504
3 0.665625 0.34259259259259267 0.6296875 0.34259259259259267 0.6296875 0.40462962962962973 0.665625 0.40462962962962973
3 0.7494791666666667 0.4009259259259261 0.7145833333333333 0.400925925925926 0.7145833333333333 0.46296296296296313 0.7494791666666667 0.4629629629629632
5 0.7541666666666667 0.15462962962962978 0.7119791666666667 0.15462962962962978 0.7119791666666667 0.2296296296296298 0.7541666666666667 0.2296296296296298
9 0.5807291666666666 0.05092592592592605 0.5453125 0.05092592592592604 0.5453125 0.11203703703703717 0.5807291666666666 0.11203703703703717
8 0.5109375 0.7814814814814816 0.4744791666666667 0.7814814814814814 0.4744791666666667 0.8472222222222223 0.5109375 0.8472222222222224
6 0.36041666666666666 0.48703703703703705 0.3151041666666667 0.48703703703703705 0.3151041666666667 0.5666666666666667 0.36041666666666666 0.5666666666666667
9 0.6744791666666666 0.101851851851852 0.6385416666666667 0.10185185185185198 0.6385416666666667 0.16388888888888906 0.6744791666666666 0.16388888888888906
6 0.653125 0.6675925925925928 0.60625 0.6675925925925928 0.60625 0.7509259259259261 0.653125 0.7509259259259261
0 0.2875 0.6101851851851852 0.24010416666666673 0.6101851851851852 0.24010416666666673 0.6944444444444444 0.2875 0.6944444444444444
10 0.3765625 0.674074074074074 0.32864583333333336 0.674074074074074 0.32864583333333336 0.7592592592592593 0.3765625 0.7592592592592593
10 0.6098958333333333 0.8083333333333336 0.5640625 0.8083333333333336 0.5640625 0.8916666666666668 0.6098958333333333 0.8916666666666668
8 0.421875 0.7166666666666667 0.38385416666666666 0.7166666666666667 0.38385416666666666 0.7898148148148149 0.421875 0.7898148148148149