0 0.7619791666666667 0.2194444444444446 0.7130208333333333 0.2194444444444446 0.7130208333333333 0.3009259259259261 0.7619791666666667 0.30092592592592615
4 0.7171875 0.19259259259259276 0.6677083333333333 0.19259259259259276 0.6677083333333333 0.2722222222222223 0.7171875 0.2722222222222223
5 0.5250000000000001 0.8935185185185186 0.4734375000000001 0.8935185185185185 0.4734375000000001 0.9675925925925926 0.5250000000000001 0.9675925925925926
6 0.5786458333333333 0.07962962962962974 0.5291666666666667 0.07962962962962973 0.5291666666666667 0.1611111111111112 0.5786458333333333 0.1611111111111112
7 0.38802083333333337 0.7768518518518519 0.33645833333333336 0.7768518518518519 0.3364583333333334 0.8648148148148148 0.3880208333333334 0.8648148148148148
5 0.3296875 0.7398148148148148 0.27760416666666665 0.7398148148148148 0.27760416666666665 0.825925925925926 0.3296875 0.825925925925926
0 0.48489583333333336 0.003703703703703803 0.43385416666666665 0.0037037037037037975 0.43385416666666665 0.08796296296296306 0.48489583333333336 0.08796296296296306
7 0.47812500000000013 0.8611111111111112 0.4265625000000001 0.8611111111111112 0.4265625000000001 0.9453703703703704 0.47812500000000013 0.9453703703703704
2 0.7026041666666667 0.46759259259259267 0.6614583333333334 0.46759259259259267 0.6614583333333334 0.5351851851851854 0.7026041666666667 0.5351851851851854
13 0.478125 0.6601851851851852 0.4166666666666667 0.6601851851851852 0.4166666666666667 0.7611111111111111 0.478125 0.7611111111111111
3 0.6427083333333333 0.7092592592592595 0.6015625 0.7092592592592595 0.6015625 0.7750000000000002 0.6427083333333333 0.7750000000000002
1 0.28541666666666665 0.6953703703703704 0.2333333333333334 0.6953703703703704 0.2333333333333334 0.7833333333333333 0.28541666666666665 0.7833333333333333
10 0.4390625 9.026100482604566e-17 0.39010416666666664 8.493152338531181e-17 0.39010416666666664 0.05555555555555564 0.4390625 0.05555555555555565
2 0.746875 0.5009259259259261 0.7067708333333333 0.5009259259259261 0.7067708333333333 0.5675925925925928 0.746875 0.5675925925925928
3 0.46979166666666666 0.4666666666666668 0.4276041666666667 0.4666666666666668 0.4276041666666667 0.5342592592592592 0.46979166666666666 0.5342592592592592
12 0.5880208333333333 0.25462962962962976 0.528125 0.25462962962962976 0.528125 0.35277777777777786 0.5880208333333333 0.35277777777777786
2 0.4171875 0.23888888888888898 0.375 0.23888888888888898 0.375 0.30555555555555564 0.4171875 0.30555555555555564
2 0.37135416666666665 0.19629629629629639 0.32916666666666666 0.19629629629629636 0.32916666666666666 0.2675925925925927 0.37135416666666665 0.2675925925925927
3 0.3458333333333333 0.4666666666666668 0.30416666666666664 0.4666666666666668 0.30416666666666664 0.5342592592592592 0.3458333333333333 0.5342592592592592
2 0.5869791666666667 0.46759259259259267 0.5458333333333333 0.46759259259259267 0.5458333333333333 0.5351851851851854 0.5869791666666667 0.5351851851851854
3 0.3015625 0.43333333333333346 0.2598958333333334 0.43333333333333346 0.2598958333333334 0.5018518518518519 0.3015625 0.5018518518518519
8 0.6265625 0.30833333333333346 0.5848958333333333 0.30833333333333346 0.5848958333333333 0.3750000000000001 0.6265625 0.3750000000000001
9 0.4192708333333333 0.6361111111111111 0.375 0.6361111111111111 0.375 0.7111111111111111 0.4192708333333333 0.7111111111111111
6 0.6713541666666667 0.14907407407407422 0.6197916666666666 0.14907407407407422 0.6197916666666666 0.23240740740740756 0.6713541666666667 0.23240740740740756
10 0.80625 0.26574074074074094 0.7572916666666667 0.26574074074074094 0.7572916666666667 0.3481481481481484 0.80625 0.3481481481481484
1 0.5796875 0.9333333333333336 0.5286458333333335 0.9333333333333336 0.5286458333333335 0.9648148148148148 0.5796875 0.9648148148148148
9 0.5192708333333333 0.712962962962963 0.475 0.7129629629629629 0.475 0.7833333333333334 0.5192708333333333 0.7833333333333335
4 0.5302083333333333 0.03796296296296307 0.4796875 0.037962962962963066 0.4796875 0.1212962962962964 0.5302083333333333 0.1212962962962964
3 0.6916666666666667 0.7490740740740743 0.646875 0.7490740740740743 0.646875 0.8185185185185188 0.6916666666666667 0.8185185185185188
8 0.5307291666666667 0.2324074074074075 0.4895833333333333 0.2324074074074075 0.4895833333333333 0.2962962962962964 0.5307291666666667 0.2962962962962964
11 0.2447916666666667 0.6583333333333333 0.19322916666666673 0.6583333333333333 0.19322916666666673 0.7444444444444445 0.2447916666666667 0.7444444444444445