5 0.35625 0.7518518518518519 0.32083333333333336 0.7518518518518519 0.32083333333333336 0.8157407407407408 0.35625 0.8157407407407408
2 0.365625 0.3500000000000001 0.33958333333333335 0.3500000000000001 0.33958333333333335 0.39444444444444454 0.365625 0.39444444444444454
7 0.5505208333333333 0.6083333333333335 0.515625 0.6083333333333335 0.515625 0.6703703703703706 0.5505208333333333 0.6703703703703706
3 0.5880208333333333 0.5194444444444447 0.5609375 0.5194444444444447 0.5609375 0.5675925925925928 0.5880208333333333 0.5675925925925928
7 0.34791666666666665 0.6685185185185185 0.31354166666666666 0.6685185185185185 0.31354166666666666 0.7296296296296296 0.34791666666666665 0.7296296296296296
1 0.4005208333333333 0.6509259259259259 0.36614583333333334 0.6509259259259259 0.36614583333333334 0.7111111111111111 0.4005208333333333 0.7111111111111111
5 0.6114583333333333 0.6685185185185187 0.5770833333333333 0.6685185185185187 0.5770833333333333 0.7314814814814817 0.6114583333333333 0.7314814814814817
3 0.48802083333333335 0.5546296296296297 0.4609375 0.5546296296296296 0.4609375 0.6037037037037039 0.48802083333333335 0.603703703703704
4 0.5505208333333333 0.13981481481481492 0.5177083333333333 0.13981481481481492 0.5177083333333333 0.1962962962962964 0.5505208333333333 0.1962962962962964
0 0.31302083333333336 0.21296296296296302 0.28125 0.21296296296296302 0.28125 0.2712962962962964 0.31302083333333336 0.2712962962962964
11 0.40677083333333336 0.737037037037037 0.371875 0.737037037037037 0.371875 0.799074074074074 0.40677083333333336 0.799074074074074
6 0.509375 0.22685185185185194 0.4765625 0.22685185185185194 0.4765625 0.28518518518518526 0.509375 0.28518518518518526
2 0.4640625 0.3212962962962964 0.43854166666666666 0.3212962962962964 0.43854166666666666 0.36666666666666675 0.4640625 0.36666666666666675
2 0.4114583333333333 0.33055555555555566 0.3859375 0.33055555555555566 0.3859375 0.3777777777777779 0.4114583333333333 0.3777777777777779
3 0.43854166666666666 0.562037037037037 0.4109375 0.562037037037037 0.4109375 0.612037037037037 0.43854166666666666 0.612037037037037
1 0.49895833333333334 0.6222222222222223 0.46510416666666665 0.6222222222222222 0.46510416666666665 0.6842592592592593 0.49895833333333334 0.6842592592592595
13 0.5109375 0.6990740740740742 0.46822916666666664 0.6990740740740741 0.46822916666666664 0.775925925925926 0.5109375 0.7759259259259261
11 0.446875 0.6388888888888888 0.4125 0.6388888888888888 0.4125 0.6990740740740741 0.446875 0.6990740740740741
10 0.46197916666666666 0.23888888888888898 0.42916666666666664 0.23888888888888898 0.42916666666666664 0.2981481481481483 0.46197916666666666 0.2981481481481483
6 0.3640625 0.26944444444444454 0.33125 0.26944444444444454 0.33125 0.3277777777777779 0.3640625 0.3277777777777779
2 0.515625 0.30277777777777787 0.4895833333333333 0.30277777777777787 0.4895833333333333 0.3490740740740742 0.515625 0.3490740740740742
4 0.359375 0.19629629629629636 0.3265625 0.19629629629629636 0.3265625 0.2527777777777779 0.359375 0.2527777777777779
0 0.5567708333333333 0.21203703703703713 0.5229166666666667 0.21203703703703713 0.5229166666666667 0.2703703703703705 0.5567708333333333 0.2703703703703705
12 0.4640625 0.1601851851851853 0.42291666666666666 0.1601851851851853 0.42291666666666666 0.22962962962962974 0.4640625 0.22962962962962974
9 0.5546875 0.6962962962962965 0.5265625 0.6962962962962965 0.5265625 0.7462962962962965 0.5546875 0.7462962962962965
3 0.3854166666666667 0.5842592592592593 0.35833333333333334 0.5842592592592593 0.35833333333333334 0.6333333333333333 0.3854166666666667 0.6333333333333333
3 0.5395833333333333 0.5370370370370372 0.5130208333333334 0.5370370370370372 0.5130208333333334 0.5851851851851854 0.5395833333333333 0.5851851851851854
8 0.4083333333333333 0.1898148148148149 0.38177083333333334 0.1898148148148149 0.38177083333333334 0.2351851851851853 0.4083333333333333 0.2351851851851853
10 0.41458333333333336 0.2500000000000001 0.38125 0.2500000000000001 0.38125 0.30833333333333346 0.41458333333333336 0.30833333333333346
8 0.5015625 0.15740740740740752 0.475 0.15740740740740752 0.475 0.2027777777777779 0.5015625 0.2027777777777779
2 0.5651041666666666 0.2925925925925927 0.5390625 0.2925925925925927 0.5390625 0.3398148148148149 0.5651041666666666 0.3398148148148149
9 0.45208333333333334 0.725 0.4239583333333333 0.725 0.4239583333333333 0.775 0.45208333333333334 0.775