13 0.3692708333333333 0.6527777777777778 0.3125 0.6527777777777778 0.3125 0.7509259259259259 0.3692708333333333 0.7509259259259259
4 0.7307291666666667 0.4453703703703705 0.6791666666666667 0.44537037037037047 0.6791666666666667 0.5342592592592594 0.7307291666666667 0.5342592592592594
4 0.5552083333333333 0.11296296296296308 0.5026041666666666 0.11296296296296307 0.5026041666666666 0.2037037037037038 0.5552083333333333 0.2037037037037038
0 0.48802083333333335 0.011111111111111212 0.43854166666666666 0.011111111111111207 0.43854166666666666 0.05648148148148158 0.48802083333333335 0.056481481481481584
2 0.5203125 0.3972222222222223 0.475 0.3972222222222223 0.475 0.47592592592592603 0.5203125 0.47592592592592614
3 0.4859375 0.6981481481481483 0.44583333333333336 0.6981481481481482 0.44583333333333336 0.7675925925925927 0.4859375 0.7675925925925928
7 0.49843750000000003 0.7944444444444445 0.4505208333333333 0.7944444444444444 0.45052083333333337 0.8777777777777779 0.49843750000000014 0.877777777777778
3 0.5526041666666667 0.827777777777778 0.5135416666666667 0.827777777777778 0.5135416666666667 0.8953703703703706 0.5526041666666667 0.8953703703703706
2 0.5895833333333333 0.5398148148148151 0.5473958333333333 0.5398148148148151 0.5473958333333333 0.614814814814815 0.5895833333333333 0.614814814814815
6 0.6645833333333333 0.5574074074074076 0.6145833333333334 0.5574074074074076 0.6145833333333334 0.6444444444444447 0.6645833333333333 0.6444444444444447
2 0.6578125 0.6759259259259262 0.6151041666666667 0.6759259259259262 0.6151041666666667 0.7500000000000002 0.6578125 0.7500000000000002
5 0.4369791666666668 0.8898148148148148 0.3885416666666668 0.8898148148148148 0.3885416666666668 0.9731481481481481 0.4369791666666668 0.9731481481481481
3 0.4166666666666667 0.5703703703703704 0.3776041666666667 0.5703703703703704 0.3776041666666667 0.6370370370370371 0.4166666666666667 0.6370370370370371
9 0.3651041666666667 0.762962962962963 0.32083333333333336 0.762962962962963 0.32083333333333336 0.8398148148148148 0.3651041666666667 0.8398148148148148
12 0.5901041666666667 0.2722222222222223 0.5291666666666667 0.2722222222222223 0.5291666666666667 0.3787037037037038 0.5901041666666667 0.3787037037037038
7 0.28854166666666664 0.4055555555555556 0.24114583333333334 0.40555555555555556 0.24114583333333336 0.48703703703703705 0.28854166666666664 0.48703703703703705
3 0.29010416666666666 0.30092592592592604 0.25104166666666666 0.30092592592592604 0.25104166666666666 0.3675925925925927 0.29010416666666666 0.3675925925925927
5 0.2395833333333334 0.5074074074074074 0.19218750000000007 0.5074074074074074 0.19218750000000007 0.5888888888888889 0.2395833333333334 0.5888888888888889
3 0.35052083333333334 0.4314814814814816 0.31197916666666664 0.4314814814814816 0.31197916666666664 0.4981481481481482 0.35052083333333334 0.4981481481481482
9 0.2916666666666667 0.6370370370370371 0.25312500000000004 0.6370370370370371 0.25312500000000004 0.7037037037037037 0.2916666666666667 0.7037037037037037
11 0.40156250000000004 0.8314814814814815 0.3536458333333333 0.8314814814814815 0.3536458333333334 0.9138888888888889 0.4015625000000001 0.9138888888888889
2 0.44479166666666664 0.2703703703703705 0.403125 0.2703703703703705 0.403125 0.3435185185185186 0.44479166666666664 0.3435185185185186
1 0.45989583333333345 0.9481481481481482 0.4109375000000001 0.9481481481481482 0.4109375000000001 1 0.45989583333333345 1
11 0.26875 0.5712962962962963 0.2213541666666667 0.5712962962962963 0.2213541666666667 0.6527777777777778 0.26875 0.6527777777777778
8 0.5875 0.17222222222222233 0.546875 0.17222222222222233 0.546875 0.24166666666666678 0.5875 0.24166666666666678
2 0.3776041666666667 0.13425925925925933 0.3385416666666667 0.1342592592592593 0.3385416666666667 0.20185185185185192 0.3776041666666667 0.20185185185185195
6 0.4453125 0.13055555555555567 0.3953125 0.13055555555555567 0.3953125 0.21666666666666679 0.4453125 0.21666666666666679
1 0.20937500000000006 0.43333333333333335 0.16250000000000006 0.43333333333333335 0.16250000000000006 0.5138888888888888 0.20937500000000006 0.5138888888888888
8 0.6510416666666666 0.30555555555555564 0.609375 0.30555555555555564 0.609375 0.37685185185185194 0.6510416666666666 0.37685185185185194
10 0.5166666666666667 0.040740740740740855 0.465625 0.04074074074074085 0.465625 0.12870370370370382 0.5166666666666667 0.12870370370370382
10 0.696875 0.37222222222222234 0.6411458333333333 0.37222222222222234 0.6411458333333333 0.46759259259259267 0.696875 0.46759259259259267
0 0.7609375 0.5138888888888891 0.7088541666666667 0.5138888888888891 0.7088541666666667 0.603703703703704 0.7609375 0.603703703703704