11 0.5244791666666667 0.08240740740740751 0.47291666666666665 0.08240740740740751 0.47291666666666665 0.1740740740740742 0.5244791666666667 0.1740740740740742
1 0.6682291666666667 0.14537037037037054 0.6161458333333333 0.14537037037037054 0.6161458333333333 0.24074074074074084 0.6682291666666667 0.24074074074074084
3 0.4817708333333333 0.6064814814814815 0.4401041666666667 0.6064814814814815 0.4401041666666667 0.6814814814814815 0.4817708333333333 0.6814814814814815
2 0.3171875 0.3435185185185186 0.2760416666666667 0.3435185185185186 0.2760416666666667 0.4166666666666668 0.3171875 0.4166666666666668
4 0.7119791666666667 0.5564814814814817 0.6604166666666667 0.5564814814814817 0.6604166666666667 0.6500000000000002 0.7119791666666667 0.6500000000000002
1 0.38958333333333334 0.48703703703703705 0.3338541666666667 0.48703703703703705 0.3338541666666667 0.5851851851851851 0.38958333333333334 0.5851851851851851
9 0.3734375 0.6296296296296297 0.3328125 0.6296296296296297 0.3328125 0.7018518518518518 0.3734375 0.7018518518518518
5 0.44062500000000004 0.7805555555555556 0.3885416666666667 0.7805555555555556 0.38854166666666673 0.8740740740740741 0.4406250000000001 0.8740740740740741
0 0.446875 0.649074074074074 0.3953125 0.649074074074074 0.3953125 0.7398148148148148 0.446875 0.7398148148148148
3 0.43020833333333336 0.32037037037037047 0.3885416666666667 0.32037037037037047 0.3885416666666667 0.39444444444444454 0.43020833333333336 0.39444444444444454
7 0.5776041666666667 0.8314814814814817 0.5255208333333333 0.8314814814814817 0.5255208333333334 0.9250000000000002 0.5776041666666667 0.9250000000000002
2 0.6286458333333333 0.6685185185185187 0.5869791666666667 0.6685185185185187 0.5869791666666667 0.7444444444444447 0.6286458333333333 0.7444444444444447
7 0.759375 0.37129629629629646 0.7067708333333333 0.3712962962962964 0.7067708333333333 0.4657407407407409 0.759375 0.46574074074074095
4 0.525 0.550925925925926 0.4734375 0.5509259259259259 0.4734375 0.6444444444444446 0.525 0.6444444444444447
6 0.3671875 0.1537037037037038 0.3145833333333333 0.15370370370370376 0.3145833333333333 0.24814814814814826 0.3671875 0.24814814814814826
5 0.45416666666666666 0.5166666666666667 0.4041666666666667 0.5166666666666667 0.4041666666666667 0.6074074074074074 0.45416666666666666 0.6074074074074074
10 0.3390625 0.662962962962963 0.28854166666666664 0.662962962962963 0.28854166666666664 0.7527777777777778 0.3390625 0.7527777777777778
8 0.6479166666666667 0.3953703703703705 0.6005208333333333 0.3953703703703705 0.6005208333333333 0.4787037037037039 0.6479166666666667 0.4787037037037039
0 0.5885416666666666 0.2324074074074075 0.5322916666666667 0.2324074074074075 0.5322916666666667 0.33240740740740754 0.5885416666666666 0.33240740740740754
3 0.5869791666666667 0.7074074074074076 0.5432291666666667 0.7074074074074076 0.5432291666666667 0.7870370370370372 0.5869791666666667 0.7870370370370372
3 0.4583333333333333 0.4000000000000001 0.41770833333333335 0.4000000000000001 0.41770833333333335 0.47314814814814826 0.4583333333333333 0.47314814814814826
8 0.6979166666666666 0.2166666666666668 0.6552083333333333 0.2166666666666668 0.6552083333333333 0.29444444444444456 0.6979166666666666 0.29444444444444456
2 0.5036458333333333 0.8148148148148149 0.4635416666666667 0.8148148148148148 0.46354166666666674 0.8861111111111112 0.5036458333333335 0.8861111111111113
3 0.5375 0.413888888888889 0.49166666666666664 0.413888888888889 0.49166666666666664 0.49444444444444463 0.5375 0.49444444444444463
10 0.6609375 0.26481481481481495 0.609375 0.26481481481481495 0.609375 0.35648148148148157 0.6609375 0.35648148148148157
12 0.7354166666666667 0.2851851851851853 0.6723958333333333 0.28518518518518526 0.6723958333333333 0.3981481481481483 0.7354166666666667 0.39814814814814836
2 0.3489583333333333 0.42222222222222233 0.309375 0.42222222222222233 0.309375 0.4935185185185185 0.3489583333333333 0.4935185185185185
6 0.6817708333333333 0.4750000000000002 0.6286458333333333 0.4750000000000002 0.6286458333333333 0.5694444444444446 0.6817708333333333 0.5694444444444446
2 0.5041666666666667 0.3462962962962964 0.45989583333333334 0.3462962962962964 0.45989583333333334 0.4212962962962964 0.5041666666666667 0.4212962962962964
9 0.40260416666666665 0.7092592592592593 0.359375 0.7092592592592593 0.359375 0.7861111111111111 0.40260416666666665 0.7861111111111111
11 0.6197916666666666 0.32037037037037047 0.5703125 0.32037037037037047 0.5703125 0.4074074074074075 0.6197916666666666 0.4074074074074075
13 0.3536458333333333 0.5287037037037037 0.29010416666666666 0.5287037037037037 0.29010416666666666 0.6407407407407407 0.3536458333333333 0.6407407407407407