4 0.6463541666666667 0.13518518518518535 0.60625 0.13518518518518535 0.60625 0.20648148148148163 0.6463541666666667 0.20648148148148163
7 0.3848958333333333 0.21759259259259267 0.3416666666666667 0.21759259259259264 0.3416666666666667 0.29074074074074086 0.3848958333333333 0.29074074074074086
6 0.6609375 0.400925925925926 0.6203125 0.400925925925926 0.6203125 0.4712962962962964 0.6609375 0.4712962962962964
11 0.421875 0.3814814814814816 0.3796875 0.3814814814814816 0.3796875 0.4546296296296297 0.421875 0.4546296296296297
0 0.6276041666666666 0.058333333333333466 0.5875 0.058333333333333466 0.5875 0.12870370370370385 0.6276041666666666 0.12870370370370385
3 0.4390625 0.2750000000000001 0.40520833333333334 0.2750000000000001 0.40520833333333334 0.3333333333333334 0.4390625 0.3333333333333334
5 0.34010416666666665 0.24814814814814826 0.29635416666666664 0.24814814814814826 0.29635416666666664 0.3250000000000001 0.34010416666666665 0.3250000000000001
1 0.44166666666666665 0.4685185185185186 0.39895833333333336 0.4685185185185186 0.39895833333333336 0.5425925925925926 0.44166666666666665 0.5425925925925926
4 0.7161458333333334 0.4527777777777779 0.6776041666666667 0.4527777777777779 0.6776041666666667 0.5231481481481484 0.7161458333333334 0.5231481481481484
2 0.5630208333333333 0.1925925925925927 0.53125 0.1925925925925927 0.53125 0.24814814814814826 0.5630208333333333 0.24814814814814826
6 0.6067708333333334 0.15925925925925938 0.5666666666666667 0.15925925925925938 0.5666666666666667 0.23055555555555568 0.6067708333333334 0.2305555555555557
12 0.6880208333333333 0.29444444444444456 0.6395833333333333 0.29444444444444456 0.6395833333333333 0.3814814814814816 0.6880208333333333 0.3814814814814816
0 0.6786458333333333 0.47777777777777797 0.6380208333333334 0.47777777777777797 0.6380208333333334 0.5509259259259262 0.6786458333333333 0.5509259259259262
10 0.628125 0.24074074074074084 0.5875 0.24074074074074084 0.5875 0.31203703703703717 0.628125 0.31203703703703717
1 0.40572916666666664 0.30462962962962975 0.36302083333333335 0.30462962962962975 0.36302083333333335 0.3787037037037038 0.40572916666666664 0.3787037037037038
13 0.40260416666666665 0.49166666666666664 0.3494791666666667 0.49166666666666664 0.3494791666666667 0.5833333333333334 0.40260416666666665 0.5833333333333334
3 0.4625 0.363888888888889 0.42864583333333334 0.363888888888889 0.42864583333333334 0.4212962962962964 0.4625 0.4212962962962964
11 0.359375 0.33425925925925937 0.31614583333333335 0.33425925925925937 0.31614583333333335 0.40833333333333344 0.359375 0.40833333333333344
7 0.45989583333333334 0.5527777777777778 0.4171875 0.5527777777777778 0.4171875 0.6277777777777778 0.45989583333333334 0.6277777777777778
5 0.4401041666666667 0.6731481481481482 0.396875 0.6731481481481482 0.396875 0.7481481481481481 0.4401041666666667 0.7481481481481481
10 0.64375 0.3212962962962964 0.603125 0.3212962962962964 0.603125 0.3925925925925927 0.64375 0.3925925925925927
2 0.5994791666666667 0.35648148148148157 0.5677083333333334 0.35648148148148157 0.5677083333333334 0.41203703703703715 0.5994791666666667 0.41203703703703715
8 0.6598958333333333 0.2296296296296298 0.628125 0.2296296296296298 0.628125 0.28703703703703715 0.6598958333333333 0.28703703703703715
9 0.4125 0.5925925925925926 0.378125 0.5925925925925926 0.378125 0.6518518518518519 0.4125 0.6518518518518519
2 0.5838541666666667 0.2675925925925927 0.5510416666666667 0.2675925925925927 0.5510416666666667 0.3240740740740742 0.5838541666666667 0.3240740740740742
9 0.37552083333333336 0.4212962962962964 0.3411458333333333 0.4212962962962964 0.3411458333333333 0.48148148148148145 0.37552083333333336 0.48148148148148145
3 0.496875 0.5333333333333334 0.4640625 0.5333333333333333 0.4640625 0.5907407407407409 0.496875 0.5907407407407409
3 0.5166666666666667 0.612962962962963 0.48333333333333334 0.6129629629629629 0.48333333333333334 0.6712962962962964 0.5166666666666667 0.6712962962962965
3 0.4765625 0.44814814814814824 0.4427083333333333 0.44814814814814824 0.4427083333333333 0.5055555555555555 0.4765625 0.5055555555555555
2 0.6364583333333333 0.5250000000000002 0.6046875 0.5250000000000002 0.6046875 0.5805555555555557 0.6364583333333333 0.5805555555555557
8 0.6963541666666667 0.3833333333333334 0.6651041666666667 0.3833333333333334 0.6651041666666667 0.4407407407407408 0.6963541666666667 0.4407407407407408
2 0.6197916666666666 0.4407407407407408 0.5880208333333333 0.4407407407407408 0.5880208333333333 0.49722222222222245 0.6197916666666666 0.49722222222222245