1 0.575 0.8629629629629632 0.5364583333333334 0.8629629629629632 0.5364583333333334 0.9231481481481484 0.575 0.9231481481481484
9 0.5140625 0.18148148148148158 0.4817708333333333 0.18148148148148158 0.4817708333333333 0.2287037037037038 0.5140625 0.2287037037037038
1 0.575 0.25925925925925936 0.5354166666666667 0.25925925925925936 0.5354166666666667 0.32037037037037047 0.575 0.32037037037037047
2 0.35625 0.26944444444444454 0.32447916666666665 0.26944444444444454 0.32447916666666665 0.31666666666666676 0.35625 0.31666666666666676
10 0.5255208333333333 0.7824074074074077 0.4869791666666667 0.7824074074074077 0.4869791666666667 0.8416666666666669 0.5255208333333333 0.8416666666666669
3 0.5223958333333333 0.5314814814814817 0.4890625 0.5314814814814817 0.4890625 0.5796296296296298 0.5223958333333333 0.5796296296296298
6 0.7401041666666667 0.4203703703703705 0.7041666666666667 0.42037037037037045 0.7041666666666667 0.4814814814814817 0.7401041666666667 0.4814814814814817
3 0.5744791666666667 0.4324074074074075 0.5427083333333333 0.4324074074074075 0.5427083333333333 0.47962962962962985 0.5744791666666667 0.47962962962962985
7 0.3078125 0.3500000000000001 0.26927083333333335 0.3500000000000001 0.26927083333333335 0.41018518518518526 0.3078125 0.41018518518518526
2 0.3541666666666667 0.5314814814814814 0.32135416666666666 0.5314814814814814 0.32135416666666666 0.5796296296296296 0.3541666666666667 0.5796296296296296
2 0.5729166666666666 0.5250000000000002 0.5416666666666666 0.5250000000000002 0.5416666666666666 0.5740740740740743 0.5729166666666666 0.5740740740740743
8 0.46979166666666666 0.7055555555555556 0.43645833333333334 0.7055555555555556 0.43645833333333334 0.7537037037037037 0.46979166666666666 0.7537037037037037
3 0.4640625 0.35277777777777786 0.4322916666666667 0.35277777777777786 0.4322916666666667 0.400925925925926 0.4640625 0.400925925925926
3 0.6276041666666666 0.43425925925925934 0.5953125 0.43425925925925934 0.5953125 0.48333333333333356 0.6276041666666666 0.48333333333333356
5 0.4078125 0.17314814814814825 0.3692708333333333 0.17314814814814825 0.3692708333333333 0.23333333333333345 0.4078125 0.23333333333333345
11 0.684375 0.690740740740741 0.6458333333333334 0.690740740740741 0.6458333333333334 0.7518518518518521 0.684375 0.7518518518518521
6 0.4140625 0.7 0.37552083333333336 0.7 0.37552083333333336 0.7601851851851852 0.4140625 0.7601851851851852
4 0.35885416666666664 0.6972222222222222 0.31979166666666664 0.6972222222222222 0.31979166666666664 0.7583333333333333 0.35885416666666664 0.7583333333333333
3 0.3578125 0.4490740740740742 0.3255208333333333 0.4490740740740742 0.3255208333333333 0.49722222222222223 0.3578125 0.49722222222222223
12 0.47500000000000014 0.8638888888888889 0.4291666666666668 0.8638888888888889 0.4291666666666668 0.9388888888888889 0.47500000000000014 0.9388888888888889
7 0.4192708333333334 0.8694444444444445 0.37916666666666676 0.8694444444444445 0.37916666666666676 0.9314814814814815 0.4192708333333334 0.9314814814814815
2 0.6786458333333333 0.25462962962962976 0.6463541666666667 0.25462962962962976 0.6463541666666667 0.3074074074074075 0.6786458333333333 0.3074074074074075
5 0.525 0.34814814814814826 0.4859375 0.34814814814814826 0.4859375 0.40833333333333344 0.525 0.40833333333333344
4 0.46770833333333334 0.426851851851852 0.42864583333333334 0.426851851851852 0.42864583333333334 0.487962962962963 0.46770833333333334 0.487962962962963
0 0.46822916666666664 0.25925925925925936 0.42864583333333334 0.25925925925925936 0.42864583333333334 0.31666666666666676 0.46822916666666664 0.31666666666666676
8 0.5244791666666668 0.8842592592592595 0.49062500000000014 0.8842592592592595 0.49062500000000014 0.9324074074074076 0.5244791666666668 0.9324074074074076
10 0.5203125 0.0925925925925927 0.4859375 0.0925925925925927 0.4859375 0.15277777777777787 0.5203125 0.15277777777777787
9 0.4609375 0.17685185185185195 0.43072916666666666 0.17685185185185195 0.43072916666666666 0.22314814814814826 0.4609375 0.22314814814814826
2 0.621875 0.2601851851851853 0.5927083333333333 0.2601851851851853 0.5927083333333333 0.3111111111111112 0.621875 0.3111111111111112
11 0.521875 0.6972222222222224 0.48541666666666666 0.6972222222222224 0.48541666666666666 0.7564814814814816 0.521875 0.7564814814814816
0 0.5791666666666667 0.690740740740741 0.5442708333333334 0.690740740740741 0.5442708333333334 0.7509259259259261 0.5791666666666667 0.7509259259259261
13 0.5734375 0.16574074074074086 0.5333333333333333 0.16574074074074086 0.5333333333333333 0.23611111111111122 0.5734375 0.23611111111111122