9 0.5145833333333333 0.6703703703703705 0.4739583333333333 0.6703703703703704 0.4739583333333333 0.7314814814814816 0.5145833333333333 0.7314814814814817
4 0.725 0.26574074074074083 0.675 0.26574074074074083 0.675 0.3435185185185186 0.725 0.3435185185185186
12 0.4557291666666667 0.5722222222222222 0.3953125 0.5722222222222222 0.3953125 0.6648148148148149 0.4557291666666667 0.6648148148148149
8 0.5052083333333334 0.5972222222222223 0.46458333333333335 0.5972222222222222 0.46458333333333335 0.6601851851851853 0.5052083333333334 0.6601851851851854
9 0.5979166666666667 0.7370370370370373 0.5578125 0.7370370370370373 0.5578125 0.7990740740740743 0.5979166666666667 0.7990740740740743
7 0.4645833333333334 0.8166666666666667 0.415625 0.8166666666666667 0.4156250000000001 0.8925925925925926 0.46458333333333346 0.8925925925925926
8 0.6036458333333333 0.17592592592592604 0.5640625 0.17592592592592604 0.5640625 0.23703703703703713 0.6036458333333333 0.23703703703703713
6 0.6286458333333333 0.38981481481481495 0.5802083333333333 0.38981481481481495 0.5802083333333333 0.46574074074074084 0.6286458333333333 0.46574074074074084
2 0.6541666666666667 0.26944444444444454 0.6130208333333333 0.26944444444444454 0.6130208333333333 0.33240740740740754 0.6541666666666667 0.33240740740740754
7 0.4244791666666667 0.22962962962962974 0.37604166666666666 0.22962962962962974 0.37604166666666666 0.30462962962962975 0.4244791666666667 0.30462962962962975
11 0.7109375 0.6472222222222225 0.6614583333333334 0.6472222222222225 0.6614583333333334 0.7222222222222224 0.7109375 0.7222222222222224
2 0.5989583333333334 0.48425925925925944 0.5588541666666667 0.48425925925925944 0.5588541666666667 0.5444444444444446 0.5989583333333334 0.5444444444444446
6 0.546875 0.8000000000000002 0.49895833333333334 0.8000000000000002 0.4989583333333334 0.8731481481481483 0.546875 0.8731481481481483
4 0.37916666666666665 0.525 0.32708333333333334 0.525 0.32708333333333334 0.6018518518518519 0.37916666666666665 0.6018518518518519
3 0.49270833333333336 0.1675925925925927 0.45364583333333336 0.1675925925925927 0.45364583333333336 0.22777777777777788 0.49270833333333336 0.22777777777777788
2 0.34427083333333336 0.7268518518518519 0.30572916666666666 0.7268518518518519 0.30572916666666666 0.7870370370370371 0.34427083333333336 0.7870370370370371
0 0.43697916666666664 0.4407407407407408 0.3880208333333333 0.4407407407407408 0.3880208333333333 0.5166666666666667 0.43697916666666664 0.5166666666666667
5 0.42604166666666665 0.09907407407407416 0.37916666666666665 0.09907407407407415 0.37916666666666665 0.17222222222222233 0.42604166666666665 0.17222222222222233
1 0.5697916666666667 0.3101851851851853 0.5213541666666667 0.3101851851851853 0.5213541666666667 0.38611111111111124 0.5697916666666667 0.38611111111111124
3 0.39739583333333334 0.3648148148148149 0.3578125 0.3648148148148149 0.3578125 0.426851851851852 0.39739583333333334 0.426851851851852
2 0.5260416666666666 0.42777777777777787 0.4859375 0.42777777777777787 0.4859375 0.48796296296296315 0.5260416666666666 0.48796296296296315
0 0.5020833333333333 0.2620370370370371 0.45208333333333334 0.2620370370370371 0.45208333333333334 0.338888888888889 0.5020833333333333 0.338888888888889
3 0.32447916666666665 0.4324074074074075 0.2864583333333333 0.4324074074074075 0.2864583333333333 0.4962962962962963 0.32447916666666665 0.4962962962962963
11 0.3046875 0.5935185185185186 0.25625000000000003 0.5935185185185186 0.25625000000000003 0.675 0.3046875 0.675
2 0.35520833333333335 0.3000000000000001 0.315625 0.3000000000000001 0.315625 0.3574074074074075 0.35520833333333335 0.3574074074074075
3 0.5546875 0.5546296296296298 0.51875 0.5546296296296298 0.51875 0.6129629629629632 0.5546875 0.6129629629629632
10 0.41302083333333334 0.6888888888888889 0.3651041666666667 0.6888888888888889 0.3651041666666667 0.7648148148148148 0.41302083333333334 0.7648148148148148
13 0.6541666666666667 0.5425925925925928 0.6005208333333333 0.5425925925925928 0.6005208333333333 0.6324074074074076 0.6541666666666667 0.6324074074074076
3 0.6380208333333334 0.852777777777778 0.6010416666666667 0.852777777777778 0.6010416666666667 0.9120370370370372 0.6380208333333334 0.9120370370370372
1 0.7104166666666667 0.4314814814814816 0.6598958333333333 0.4314814814814816 0.6598958333333333 0.5101851851851854 0.7104166666666667 0.5101851851851854
5 0.46197916666666666 0.35185185185185197 0.415625 0.35185185185185197 0.415625 0.42962962962962975 0.46197916666666666 0.42962962962962975
10 0.5744791666666667 0.6435185185185187 0.528125 0.6435185185185187 0.528125 0.7157407407407409 0.5744791666666667 0.7157407407407409