7 0.5203125 0.5796296296296298 0.4859375 0.5796296296296298 0.4859375 0.6407407407407409 0.5203125 0.6407407407407409
11 0.415625 0.5805555555555556 0.38177083333333334 0.5805555555555556 0.38177083333333334 0.6407407407407407 0.415625 0.6407407407407407
4 0.3703125 0.1287037037037038 0.3390625 0.12870370370370376 0.3390625 0.18425925925925934 0.3703125 0.18425925925925937
13 0.47239583333333335 0.6564814814814814 0.43072916666666666 0.6564814814814814 0.43072916666666666 0.7324074074074074 0.47239583333333335 0.7324074074074074
10 0.4666666666666667 0.19537037037037047 0.43385416666666665 0.19537037037037047 0.43385416666666665 0.2537037037037038 0.4666666666666667 0.2537037037037038
7 0.3171875 0.5842592592592593 0.2833333333333333 0.5842592592592593 0.2833333333333333 0.6444444444444445 0.3171875 0.6444444444444445
3 0.3619791666666667 0.5120370370370371 0.334375 0.5120370370370371 0.334375 0.5601851851851852 0.3619791666666667 0.5601851851851852
10 0.41875 0.19351851851851862 0.38697916666666665 0.19351851851851862 0.38697916666666665 0.25185185185185194 0.41875 0.25185185185185194
3 0.46510416666666665 0.5111111111111111 0.43802083333333336 0.5111111111111111 0.43802083333333336 0.5592592592592592 0.46510416666666665 0.5592592592592592
3 0.4166666666666667 0.5037037037037037 0.3890625 0.5037037037037037 0.3890625 0.5518518518518518 0.4166666666666667 0.5518518518518518
6 0.5135416666666667 0.19444444444444456 0.4817708333333333 0.19444444444444456 0.4817708333333333 0.25185185185185194 0.5135416666666667 0.25185185185185194
2 0.5140625 0.2722222222222223 0.4895833333333333 0.2722222222222223 0.4895833333333333 0.3175925925925927 0.5140625 0.3175925925925927
3 0.5177083333333333 0.5064814814814816 0.49114583333333334 0.5064814814814816 0.49114583333333334 0.5546296296296298 0.5177083333333333 0.5546296296296298
8 0.5125 0.12592592592592602 0.4875 0.12592592592592602 0.4875 0.1712962962962964 0.5125 0.1712962962962964
6 0.36875 0.20185185185185192 0.33645833333333336 0.2018518518518519 0.33645833333333336 0.25740740740740753 0.36875 0.25740740740740753
2 0.4625 0.27685185185185196 0.4359375 0.27685185185185196 0.4359375 0.32222222222222235 0.4625 0.32222222222222235
12 0.4744791666666667 0.11759259259259269 0.434375 0.11759259259259269 0.434375 0.18518518518518529 0.4744791666666667 0.18518518518518529
2 0.41041666666666665 0.2740740740740742 0.3854166666666667 0.2740740740740742 0.3854166666666667 0.31851851851851865 0.41041666666666665 0.31851851851851865
1 0.46875 0.5796296296296296 0.434375 0.5796296296296296 0.434375 0.6416666666666667 0.46875 0.6416666666666667
2 0.5635416666666667 0.27314814814814825 0.5375 0.27314814814814825 0.5375 0.31944444444444453 0.5635416666666667 0.31944444444444453
9 0.5182291666666666 0.6685185185185187 0.4901041666666667 0.6685185185185187 0.4901041666666667 0.7175925925925928 0.5182291666666666 0.7175925925925928
8 0.41875 0.1351851851851853 0.39375 0.1351851851851853 0.39375 0.1787037037037038 0.41875 0.1787037037037038
3 0.5671875 0.502777777777778 0.5401041666666667 0.502777777777778 0.5401041666666667 0.5500000000000002 0.5671875 0.5500000000000002
2 0.3640625 0.27962962962962973 0.3390625 0.27962962962962973 0.3390625 0.3250000000000001 0.3640625 0.3250000000000001
0 0.5609375 0.19166666666666676 0.5291666666666667 0.19166666666666676 0.5291666666666667 0.24814814814814826 0.5609375 0.24814814814814826
5 0.5755208333333334 0.6555555555555558 0.5411458333333333 0.6555555555555558 0.5411458333333333 0.7175925925925928 0.5755208333333334 0.7175925925925928
5 0.3171875 0.6675925925925926 0.2828125 0.6675925925925926 0.2828125 0.7296296296296296 0.3171875 0.7296296296296296
9 0.41354166666666664 0.6675925925925926 0.38645833333333335 0.6675925925925926 0.38645833333333335 0.7166666666666667 0.41354166666666664 0.7166666666666667
4 0.5619791666666667 0.11944444444444455 0.5302083333333333 0.11944444444444455 0.5302083333333333 0.1750000000000001 0.5619791666666667 0.1750000000000001
0 0.3234375 0.13518518518518524 0.2911458333333333 0.13518518518518524 0.2911458333333333 0.1916666666666667 0.3234375 0.1916666666666667
1 0.3692708333333333 0.5777777777777777 0.33541666666666664 0.5777777777777777 0.33541666666666664 0.6416666666666667 0.3692708333333333 0.6416666666666667
11 0.36822916666666666 0.6638888888888889 0.3328125 0.6638888888888889 0.3328125 0.7287037037037037 0.36822916666666666 0.7287037037037037