7 0.38229166666666664 0.6277777777777778 0.3385416666666667 0.6277777777777778 0.3385416666666667 0.6944444444444444 0.38229166666666664 0.6944444444444444
4 0.6848958333333334 0.16296296296296311 0.6390625 0.16296296296296311 0.6390625 0.23518518518518533 0.6848958333333334 0.23518518518518533
13 0.5229166666666667 0.7370370370370372 0.4708333333333333 0.737037037037037 0.4708333333333333 0.8185185185185186 0.5229166666666667 0.8185185185185188
7 0.675 0.7435185185185187 0.63125 0.7435185185185187 0.63125 0.8111111111111113 0.675 0.8111111111111113
1 0.6927083333333334 0.8925925925925928 0.6479166666666667 0.8925925925925928 0.6479166666666667 0.9592592592592593 0.6927083333333334 0.9592592592592593
1 0.3229166666666667 0.7490740740740741 0.2796875 0.7490740740740741 0.2796875 0.8138888888888889 0.3229166666666667 0.8138888888888889
4 0.48125 0.08796296296296306 0.43385416666666665 0.08796296296296306 0.43385416666666665 0.1611111111111112 0.48125 0.1611111111111112
2 0.459375 0.33240740740740754 0.421875 0.33240740740740754 0.421875 0.38796296296296306 0.459375 0.38796296296296306
3 0.7223958333333333 0.6870370370370372 0.6859375 0.6870370370370372 0.6859375 0.739814814814815 0.7223958333333333 0.739814814814815
3 0.4296875 0.5731481481481482 0.3932291666666667 0.5731481481481482 0.3932291666666667 0.6268518518518519 0.4296875 0.6268518518518519
11 0.6052083333333333 0.8620370370370373 0.5614583333333333 0.8620370370370373 0.5614583333333333 0.9296296296296298 0.6052083333333333 0.9296296296296298
6 0.425 0.2287037037037038 0.3796875 0.2287037037037038 0.3796875 0.2981481481481483 0.425 0.2981481481481483
12 0.5817708333333333 0.19166666666666676 0.528125 0.19166666666666676 0.528125 0.27685185185185196 0.5817708333333333 0.27685185185185196
5 0.6463541666666667 0.8740740740740743 0.6036458333333333 0.8740740740740743 0.6036458333333333 0.939814814814815 0.6463541666666667 0.939814814814815
2 0.6583333333333333 0.40833333333333344 0.6192708333333333 0.40833333333333344 0.6192708333333333 0.4648148148148149 0.6583333333333333 0.4648148148148149
5 0.41770833333333335 0.7768518518518519 0.37447916666666664 0.7768518518518519 0.37447916666666664 0.8453703703703703 0.41770833333333335 0.8453703703703703
2 0.5541666666666667 0.3750000000000001 0.5171875 0.3750000000000001 0.5171875 0.43055555555555564 0.5541666666666667 0.43055555555555564
3 0.5296875 0.6175925925925928 0.4942708333333333 0.6175925925925928 0.4942708333333333 0.6722222222222224 0.5296875 0.6722222222222224
2 0.7473958333333334 0.4583333333333335 0.7109375 0.4583333333333334 0.7109375 0.5138888888888891 0.7473958333333334 0.5138888888888891
2 0.35833333333333334 0.288888888888889 0.3223958333333333 0.288888888888889 0.3223958333333333 0.3453703703703705 0.35833333333333334 0.3453703703703705
6 0.7182291666666667 0.35185185185185197 0.6734375 0.35185185185185197 0.6734375 0.42222222222222233 0.7182291666666667 0.42222222222222233
3 0.6307291666666667 0.6500000000000002 0.5942708333333333 0.6500000000000002 0.5942708333333333 0.7046296296296298 0.6307291666666667 0.7046296296296298
3 0.3375 0.5333333333333333 0.30052083333333335 0.5333333333333333 0.30052083333333335 0.587037037037037 0.3375 0.587037037037037
9 0.5510416666666667 0.8500000000000002 0.5161458333333333 0.8500000000000002 0.5161458333333334 0.901851851851852 0.5510416666666667 0.901851851851852
0 0.7854166666666667 0.2055555555555557 0.7390625 0.2055555555555557 0.7390625 0.2787037037037039 0.7854166666666667 0.2787037037037039
9 0.45833333333333337 0.8185185185185185 0.4244791666666667 0.8185185185185185 0.42447916666666674 0.8703703703703703 0.4583333333333334 0.8703703703703703
8 0.5302083333333333 0.11851851851851862 0.49322916666666666 0.11851851851851862 0.49322916666666666 0.17592592592592604 0.5302083333333333 0.17592592592592604
11 0.3671875 0.762962962962963 0.3229166666666667 0.762962962962963 0.3229166666666667 0.8333333333333334 0.3671875 0.8333333333333334
8 0.6255208333333333 0.15092592592592605 0.5885416666666666 0.15092592592592602 0.5885416666666666 0.2092592592592594 0.6255208333333333 0.20925925925925942
0 0.37916666666666665 0.051851851851851934 0.33645833333333336 0.051851851851851934 0.33645833333333336 0.13055555555555565 0.37916666666666665 0.13055555555555567
10 0.434375 0.07314814814814824 0.3927083333333333 0.07314814814814823 0.3927083333333333 0.14537037037037048 0.434375 0.14537037037037048
10 0.7307291666666667 0.19722222222222238 0.6854166666666667 0.19722222222222238 0.6854166666666667 0.27037037037037054 0.7307291666666667 0.2703703703703706