7 0.35052083333333334 0.65 0.31302083333333336 0.65 0.31302083333333336 0.7148148148148148 0.35052083333333334 0.7148148148148148
5 0.7302083333333333 0.7379629629629632 0.6963541666666667 0.7379629629629632 0.6963541666666667 0.7981481481481484 0.7302083333333333 0.7981481481481484
6 0.5838541666666667 0.2981481481481483 0.5463541666666667 0.2981481481481483 0.5463541666666667 0.3611111111111112 0.5838541666666667 0.3611111111111112
9 0.7328125 0.5712962962962965 0.7057291666666666 0.5712962962962965 0.7057291666666666 0.6194444444444447 0.7328125 0.6194444444444447
2 0.5276041666666667 0.47592592592592614 0.4984375 0.47592592592592614 0.4984375 0.527777777777778 0.5276041666666667 0.527777777777778
3 0.6083333333333333 0.8342592592592595 0.5807291666666666 0.8342592592592595 0.5807291666666666 0.8833333333333335 0.6083333333333333 0.8833333333333335
12 0.4484375 0.5416666666666666 0.40260416666666665 0.5416666666666666 0.40260416666666665 0.6194444444444445 0.4484375 0.6194444444444445
2 0.48541666666666666 0.3037037037037038 0.4552083333333333 0.3037037037037038 0.4552083333333333 0.35277777777777786 0.48541666666666666 0.35277777777777786
0 0.35416666666666674 0.8314814814814815 0.3171875 0.8314814814814815 0.31718750000000007 0.8944444444444445 0.3541666666666668 0.8944444444444445
3 0.6114583333333333 0.39814814814814825 0.5833333333333334 0.39814814814814825 0.5833333333333334 0.4462962962962964 0.6114583333333333 0.4462962962962964
0 0.3671875 0.11574074074074082 0.3296875 0.11574074074074082 0.3296875 0.17962962962962972 0.3671875 0.17962962962962972
3 0.6130208333333333 0.4861111111111113 0.584375 0.4861111111111113 0.584375 0.5351851851851854 0.6130208333333333 0.5351851851851854
2 0.475 0.6592592592592592 0.4453125 0.6592592592592592 0.4453125 0.7092592592592593 0.475 0.7092592592592593
3 0.6166666666666667 0.21666666666666679 0.5885416666666666 0.21666666666666679 0.5885416666666666 0.26481481481481495 0.6166666666666667 0.26481481481481495
7 0.4473958333333333 0.2027777777777779 0.40989583333333335 0.2027777777777779 0.40989583333333335 0.26574074074074083 0.4473958333333333 0.26574074074074083
4 0.353125 0.39074074074074083 0.31614583333333335 0.39074074074074083 0.31614583333333335 0.4546296296296297 0.353125 0.4546296296296297
11 0.740625 0.32129629629629647 0.7067708333333333 0.3212962962962964 0.7067708333333333 0.38148148148148164 0.740625 0.3814814814814817
3 0.6078125 0.6583333333333335 0.5791666666666667 0.6583333333333335 0.5791666666666667 0.7074074074074076 0.6078125 0.7074074074074076
9 0.7375 0.4083333333333335 0.7114583333333333 0.40833333333333344 0.7114583333333333 0.4555555555555557 0.7375 0.45555555555555577
8 0.3984375 0.3814814814814816 0.3692708333333333 0.3814814814814816 0.3692708333333333 0.4314814814814816 0.3984375 0.4314814814814816
8 0.3921875 0.4722222222222223 0.36302083333333335 0.4722222222222223 0.36302083333333335 0.525 0.3921875 0.525
2 0.47656250000000006 0.8287037037037037 0.4479166666666667 0.8287037037037037 0.44791666666666674 0.8787037037037037 0.4765625000000001 0.8787037037037037
5 0.6619791666666667 0.29537037037037045 0.6265625 0.29537037037037045 0.6265625 0.3574074074074075 0.6619791666666667 0.3574074074074075
2 0.5338541666666666 0.1314814814814816 0.5036458333333333 0.1314814814814816 0.5036458333333333 0.18333333333333343 0.5338541666666666 0.18333333333333343
10 0.5697916666666667 0.5601851851851853 0.5338541666666666 0.5601851851851853 0.5338541666666666 0.6231481481481483 0.5697916666666667 0.6231481481481483
6 0.43854166666666666 0.7435185185185185 0.40208333333333335 0.7435185185185185 0.40208333333333335 0.8046296296296296 0.43854166666666666 0.8046296296296296
4 0.44166666666666665 0.6453703703703704 0.4046875 0.6453703703703704 0.4046875 0.7074074074074074 0.44166666666666665 0.7074074074074074
1 0.6583333333333333 0.727777777777778 0.6234375 0.727777777777778 0.6234375 0.7888888888888891 0.6583333333333333 0.7888888888888891
10 0.6979166666666666 0.6509259259259261 0.6635416666666667 0.6509259259259261 0.6635416666666667 0.7111111111111114 0.6979166666666666 0.7111111111111114
13 0.6645833333333333 0.3851851851851853 0.6213541666666667 0.3851851851851853 0.6213541666666667 0.4601851851851853 0.6645833333333333 0.4601851851851853
1 0.7020833333333333 0.226851851851852 0.6677083333333333 0.226851851851852 0.6677083333333333 0.2861111111111112 0.7020833333333333 0.2861111111111112
11 0.5755208333333334 0.6555555555555558 0.5375 0.6555555555555558 0.5375 0.7231481481481483 0.5755208333333334 0.7231481481481483