5 0.73125 0.3388888888888891 0.6880208333333333 0.338888888888889 0.6880208333333333 0.4157407407407409 0.73125 0.41574074074074097
12 0.4864583333333333 0.2879629629629631 0.4322916666666667 0.2879629629629631 0.4322916666666667 0.3833333333333334 0.4864583333333333 0.3833333333333334
2 0.47291666666666665 0.4212962962962964 0.43697916666666664 0.4212962962962964 0.43697916666666664 0.4842592592592593 0.47291666666666665 0.4842592592592593
7 0.3776041666666667 0.2740740740740742 0.3328125 0.2740740740740742 0.3328125 0.35462962962962974 0.3776041666666667 0.35462962962962974
7 0.5885416666666666 0.03611111111111124 0.5447916666666667 0.03611111111111123 0.5447916666666667 0.11018518518518532 0.5885416666666666 0.11018518518518532
3 0.7208333333333333 0.23518518518518533 0.6869791666666667 0.23518518518518533 0.6869791666666667 0.2962962962962964 0.7208333333333333 0.2962962962962964
3 0.5239583333333333 0.7074074074074076 0.490625 0.7074074074074076 0.490625 0.7657407407407409 0.5239583333333333 0.7657407407407409
0 0.3260416666666667 0.4185185185185186 0.28020833333333334 0.4185185185185186 0.28020833333333334 0.4981481481481482 0.3260416666666667 0.4981481481481482
11 0.7890625 0.4472222222222224 0.7473958333333334 0.4472222222222224 0.7473958333333334 0.5222222222222225 0.7890625 0.5222222222222225
9 0.7057291666666666 0.6416666666666668 0.671875 0.6416666666666668 0.671875 0.7018518518518521 0.7057291666666666 0.7018518518518521
2 0.590625 0.15925925925925938 0.5546875 0.15925925925925938 0.5546875 0.2212962962962964 0.590625 0.2212962962962964
3 0.6359375 0.43981481481481494 0.6010416666666667 0.43981481481481494 0.6010416666666667 0.5000000000000002 0.6359375 0.5000000000000002
2 0.6723958333333333 0.11111111111111126 0.6458333333333334 0.11111111111111124 0.6458333333333334 0.13888888888888903 0.6723958333333333 0.13888888888888903
2 0.5703125 0.33425925925925937 0.534375 0.33425925925925937 0.534375 0.39814814814814825 0.5703125 0.39814814814814825
3 0.578125 0.5675925925925928 0.54375 0.5675925925925928 0.54375 0.6296296296296299 0.578125 0.6296296296296299
8 0.4661458333333333 0.1898148148148149 0.43072916666666666 0.1898148148148149 0.43072916666666666 0.25185185185185194 0.4661458333333333 0.25185185185185194
9 0.7609375 0.5194444444444447 0.7270833333333333 0.5194444444444447 0.7270833333333333 0.5787037037037039 0.7609375 0.5787037037037039
3 0.6614583333333334 0.3712962962962964 0.6270833333333333 0.3712962962962964 0.6270833333333333 0.4314814814814816 0.6614583333333334 0.4314814814814816
13 0.7057291666666666 0.4064814814814816 0.6526041666666667 0.4064814814814816 0.6526041666666667 0.5000000000000002 0.7057291666666666 0.5000000000000002
2 0.42291666666666666 0.5555555555555556 0.3875 0.5555555555555556 0.3875 0.6175925925925926 0.42291666666666666 0.6175925925925926
5 0.6520833333333333 0.7629629629629632 0.6109375 0.7629629629629632 0.6109375 0.8361111111111114 0.6520833333333333 0.8361111111111114
8 0.496875 0.12592592592592602 0.46041666666666664 0.12592592592592602 0.46041666666666664 0.19074074074074085 0.496875 0.19074074074074085
6 0.6682291666666667 0.2564814814814816 0.6244791666666667 0.2564814814814816 0.6244791666666667 0.33425925925925937 0.6682291666666667 0.33425925925925937
4 0.4510416666666667 0.3675925925925927 0.40572916666666664 0.3675925925925927 0.40572916666666664 0.4462962962962964 0.4510416666666667 0.4462962962962964
4 0.4578125 0.0750000000000001 0.4125 0.07500000000000008 0.4125 0.15555555555555567 0.4578125 0.15555555555555567
10 0.6526041666666667 0.6583333333333335 0.609375 0.6583333333333335 0.609375 0.7361111111111113 0.6526041666666667 0.7361111111111113
1 0.7859375 0.3287037037037039 0.7447916666666666 0.3287037037037039 0.7447916666666666 0.402777777777778 0.7859375 0.402777777777778
6 0.4197916666666667 0.4407407407407408 0.37552083333333336 0.4407407407407408 0.37552083333333336 0.5194444444444445 0.4197916666666667 0.5194444444444445
10 0.5791666666666667 0.44166666666666676 0.5348958333333333 0.44166666666666676 0.5348958333333333 0.5203703703703706 0.5791666666666667 0.5203703703703706
1 0.5979166666666667 0.6694444444444446 0.5541666666666667 0.6694444444444446 0.5541666666666667 0.7481481481481483 0.5979166666666667 0.7481481481481483
11 0.5520833333333334 0.5231481481481484 0.5088541666666667 0.5231481481481484 0.5088541666666667 0.6000000000000002 0.5520833333333334 0.6000000000000002