3 0.5385416666666667 0.3416666666666668 0.496875 0.3416666666666668 0.496875 0.4092592592592594 0.5385416666666667 0.4092592592592594
9 0.38333333333333336 0.48333333333333334 0.34270833333333334 0.48333333333333334 0.34270833333333334 0.5509259259259259 0.38333333333333336 0.5509259259259259
10 0.6244791666666667 0.7268518518518521 0.5739583333333333 0.7268518518518521 0.5739583333333333 0.8101851851851853 0.6244791666666667 0.8101851851851853
7 0.4791666666666667 0.36203703703703716 0.42604166666666665 0.36203703703703716 0.42604166666666665 0.4500000000000001 0.4791666666666667 0.4500000000000001
4 0.7291666666666666 0.551851851851852 0.6807291666666667 0.551851851851852 0.6807291666666667 0.6333333333333335 0.7291666666666666 0.6333333333333335
12 0.6895833333333333 0.6787037037037039 0.6307291666666667 0.6787037037037039 0.6307291666666667 0.7759259259259261 0.6895833333333333 0.7759259259259261
7 0.38125 0.6675925925925926 0.32916666666666666 0.6675925925925926 0.32916666666666666 0.7537037037037037 0.38125 0.7537037037037037
0 0.609375 0.9046296296296299 0.5614583333333333 0.9046296296296299 0.5614583333333333 0.9842592592592593 0.609375 0.9842592592592593
4 0.634375 0.8351851851851854 0.5859375 0.8351851851851854 0.5859375 0.9166666666666669 0.634375 0.9166666666666669
13 0.41770833333333335 0.3870370370370371 0.3541666666666667 0.3870370370370371 0.3541666666666667 0.4925925925925926 0.41770833333333335 0.4925925925925926
8 0.7026041666666667 0.6287037037037039 0.6625 0.6287037037037039 0.6625 0.6944444444444446 0.7026041666666667 0.6944444444444446
11 0.42864583333333334 0.5212962962962963 0.3770833333333333 0.5212962962962963 0.3770833333333333 0.6055555555555555 0.42864583333333334 0.6055555555555555
11 0.36354166666666665 0.5472222222222223 0.31145833333333334 0.5472222222222223 0.31145833333333334 0.6333333333333333 0.36354166666666665 0.6333333333333333
3 0.4864583333333333 0.4898148148148149 0.44427083333333334 0.4898148148148148 0.44427083333333334 0.5592592592592593 0.4864583333333333 0.5592592592592595
9 0.4322916666666667 0.32685185185185195 0.39010416666666664 0.32685185185185195 0.39010416666666664 0.3962962962962964 0.4322916666666667 0.3962962962962964
3 0.4375 0.6453703703703704 0.3958333333333333 0.6453703703703704 0.3958333333333333 0.7138888888888889 0.4375 0.7138888888888889
0 0.69375 0.5092592592592595 0.6432291666666666 0.5092592592592595 0.6432291666666666 0.5935185185185188 0.69375 0.5935185185185188
5 0.3390625 0.6231481481481481 0.2864583333333333 0.6231481481481481 0.2864583333333333 0.7092592592592593 0.3390625 0.7092592592592593
10 0.646875 0.651851851851852 0.5953125 0.651851851851852 0.5953125 0.7370370370370373 0.646875 0.7370370370370373
1 0.4078125 0.5898148148148148 0.35520833333333335 0.5898148148148148 0.35520833333333335 0.6759259259259259 0.4078125 0.6759259259259259
8 0.6536458333333334 0.7657407407407409 0.6140625 0.7657407407407409 0.6140625 0.8324074074074076 0.6536458333333334 0.8324074074074076
6 0.5973958333333333 0.7990740740740743 0.5473958333333333 0.7990740740740743 0.5473958333333333 0.8824074074074076 0.5973958333333333 0.8824074074074076
1 0.4546875 0.4407407407407408 0.40260416666666665 0.4407407407407408 0.40260416666666665 0.5268518518518519 0.4546875 0.5268518518518519
6 0.6697916666666667 0.5814814814814817 0.6192708333333333 0.5814814814814817 0.6192708333333333 0.665740740740741 0.6697916666666667 0.665740740740741
3 0.5135416666666667 0.413888888888889 0.471875 0.413888888888889 0.471875 0.4824074074074075 0.5135416666666667 0.4824074074074076
3 0.4661458333333333 0.5685185185185185 0.425 0.5685185185185185 0.425 0.6361111111111111 0.4661458333333333 0.6361111111111111
2 0.6526041666666667 0.46944444444444455 0.6119791666666666 0.46944444444444455 0.6119791666666666 0.5361111111111113 0.6526041666666667 0.5361111111111113
5 0.4661458333333333 0.23981481481481493 0.4140625 0.23981481481481493 0.4140625 0.3250000000000001 0.4661458333333333 0.3250000000000001
2 0.5802083333333333 0.702777777777778 0.540625 0.702777777777778 0.540625 0.7675925925925928 0.5802083333333333 0.7675925925925928
2 0.5557291666666667 0.7703703703703706 0.5151041666666667 0.7703703703703706 0.5151041666666667 0.8361111111111114 0.5557291666666667 0.8361111111111114
2 0.6026041666666667 0.6240740740740743 0.5630208333333333 0.6240740740740743 0.5630208333333333 0.6879629629629632 0.6026041666666667 0.6879629629629632
2 0.6296875 0.5472222222222224 0.5901041666666667 0.5472222222222224 0.5901041666666667 0.6111111111111113 0.6296875 0.6111111111111113