1 0.47708333333333336 0.039814814814814914 0.42916666666666664 0.03981481481481491 0.42916666666666664 0.08148148148148159 0.47708333333333336 0.08148148148148159
7 0.6791666666666667 0.5009259259259261 0.6328125 0.5009259259259261 0.6328125 0.5870370370370372 0.6791666666666667 0.5870370370370372
7 0.44947916666666665 0.1324074074074075 0.40260416666666665 0.1324074074074075 0.40260416666666665 0.22037037037037047 0.44947916666666665 0.22037037037037047
3 0.6786458333333333 0.627777777777778 0.6401041666666667 0.627777777777778 0.6401041666666667 0.7000000000000002 0.6786458333333333 0.7000000000000002
4 0.44010416666666674 0.8555555555555555 0.3890625 0.8555555555555555 0.38906250000000003 0.950925925925926 0.4401041666666668 0.950925925925926
2 0.44479166666666664 0.5555555555555556 0.4046875 0.5555555555555556 0.4046875 0.6305555555555555 0.44479166666666664 0.6305555555555555
3 0.5322916666666667 0.37685185185185194 0.4947916666666667 0.37685185185185194 0.4947916666666667 0.44722222222222235 0.5322916666666667 0.44722222222222235
3 0.4557291666666667 0.25740740740740753 0.4161458333333333 0.25740740740740753 0.4161458333333333 0.3314814814814816 0.4557291666666667 0.3314814814814816
13 0.5942708333333333 0.26481481481481495 0.5395833333333333 0.26481481481481495 0.5395833333333333 0.36666666666666675 0.5942708333333333 0.36666666666666675
2 0.2994791666666667 0.313888888888889 0.2598958333333333 0.313888888888889 0.2598958333333333 0.38796296296296306 0.2994791666666667 0.38796296296296306
11 0.5489583333333333 0.10000000000000012 0.5020833333333333 0.1000000000000001 0.5020833333333333 0.18796296296296308 0.5489583333333333 0.18796296296296308
6 0.5307291666666667 0.7861111111111112 0.4786458333333333 0.7861111111111111 0.4786458333333334 0.8833333333333334 0.5307291666666668 0.8833333333333335
2 0.51875 0.6824074074074075 0.4786458333333333 0.6824074074074075 0.4786458333333333 0.7564814814814815 0.51875 0.7564814814814816
5 0.5130208333333334 0.051851851851851954 0.4671875 0.051851851851851954 0.4671875 0.13703703703703715 0.5130208333333334 0.13703703703703715
5 0.6890625 0.34074074074074084 0.6411458333333333 0.34074074074074084 0.6411458333333333 0.43055555555555564 0.6890625 0.43055555555555564
1 0.7625 0.451851851851852 0.7161458333333334 0.45185185185185195 0.7161458333333334 0.5370370370370372 0.7625 0.5370370370370372
3 0.38333333333333336 0.14814814814814822 0.34479166666666666 0.1481481481481482 0.34479166666666666 0.21944444444444453 0.38333333333333336 0.21944444444444455
4 0.28229166666666666 0.6064814814814815 0.23125000000000007 0.6064814814814815 0.23125000000000007 0.7018518518518518 0.28229166666666666 0.7018518518518518
2 0.5973958333333333 0.8138888888888891 0.5572916666666666 0.8138888888888891 0.5572916666666666 0.8879629629629632 0.5973958333333333 0.8879629629629632
3 0.6072916666666667 0.5064814814814816 0.56875 0.5064814814814816 0.56875 0.577777777777778 0.6072916666666667 0.577777777777778
12 0.39114583333333336 0.6648148148148149 0.33177083333333335 0.6648148148148149 0.33177083333333335 0.775 0.39114583333333336 0.775
9 0.5791666666666667 0.16666666666666677 0.5416666666666666 0.16666666666666677 0.5416666666666666 0.23611111111111122 0.5791666666666667 0.23611111111111122
9 0.65 0.275925925925926 0.6125 0.275925925925926 0.6125 0.3453703703703705 0.65 0.3453703703703705
2 0.365625 0.43425925925925934 0.3265625 0.43425925925925934 0.3265625 0.5074074074074074 0.365625 0.5074074074074074
8 0.3916666666666667 0.7953703703703704 0.3515625 0.7953703703703704 0.35156250000000006 0.8703703703703703 0.3916666666666668 0.8703703703703703
6 0.3026041666666667 0.4175925925925927 0.25416666666666665 0.4175925925925927 0.2541666666666667 0.5083333333333333 0.3026041666666667 0.5083333333333333
0 0.2057291666666667 0.47314814814814815 0.15468750000000006 0.47314814814814815 0.15468750000000006 0.5675925925925925 0.2057291666666667 0.5675925925925925
11 0.7296875 0.3981481481481483 0.6817708333333333 0.39814814814814825 0.6817708333333333 0.48796296296296315 0.7296875 0.48796296296296315
10 0.25000000000000006 0.5333333333333333 0.1989583333333334 0.5333333333333333 0.1989583333333334 0.6277777777777778 0.25000000000000006 0.6277777777777778
8 0.31927083333333334 0.6833333333333333 0.2796875 0.6833333333333333 0.2796875 0.7574074074074074 0.31927083333333334 0.7574074074074074
0 0.5208333333333335 0.975925925925926 0.47083333333333344 0.975925925925926 0.47083333333333344 1 0.5208333333333335 1
10 0.47291666666666676 0.9083333333333333 0.42395833333333344 0.9083333333333333 0.42395833333333344 1 0.47291666666666676 1