11 0.5557291666666667 0.8074074074074076 0.5171875 0.8074074074074076 0.5171875 0.8722222222222225 0.5557291666666667 0.8722222222222225
12 0.525 0.22500000000000012 0.4744791666666667 0.22500000000000012 0.4744791666666667 0.313888888888889 0.525 0.313888888888889
6 0.46510416666666665 0.3000000000000001 0.425 0.3000000000000001 0.425 0.37222222222222234 0.46510416666666665 0.37222222222222234
7 0.421875 0.687037037037037 0.38229166666666664 0.687037037037037 0.38229166666666664 0.7564814814814815 0.421875 0.7564814814814815
6 0.6171875 0.35092592592592603 0.5760416666666667 0.35092592592592603 0.5760416666666667 0.4212962962962964 0.6171875 0.4212962962962964
11 0.5197916666666667 0.7185185185185187 0.48072916666666665 0.7185185185185186 0.48072916666666665 0.7861111111111112 0.5197916666666667 0.7861111111111113
10 0.5151041666666667 0.3157407407407408 0.4739583333333333 0.3157407407407408 0.4739583333333333 0.38796296296296306 0.5151041666666667 0.38796296296296306
13 0.4671875 0.7722222222222223 0.4197916666666667 0.7722222222222223 0.4197916666666667 0.8527777777777777 0.4671875 0.8527777777777777
10 0.5651041666666666 0.3277777777777779 0.5239583333333333 0.3277777777777779 0.5239583333333333 0.3990740740740742 0.5651041666666666 0.3990740740740742
3 0.4234375 0.6212962962962963 0.39166666666666666 0.6212962962962963 0.39166666666666666 0.6759259259259259 0.4234375 0.6759259259259259
4 0.4234375 0.20092592592592604 0.3828125 0.20092592592592604 0.3828125 0.2712962962962964 0.4234375 0.2712962962962964
7 0.6145833333333334 0.7481481481481483 0.5755208333333334 0.7481481481481483 0.5755208333333334 0.814814814814815 0.6145833333333334 0.814814814814815
3 0.47291666666666665 0.6407407407407407 0.44166666666666665 0.6407407407407407 0.44166666666666665 0.6953703703703704 0.47291666666666665 0.6953703703703704
0 0.4166666666666667 0.2842592592592594 0.37552083333333336 0.2842592592592594 0.37552083333333336 0.3555555555555557 0.4166666666666667 0.3555555555555557
2 0.5546875 0.4166666666666668 0.5229166666666667 0.4166666666666668 0.5229166666666667 0.4722222222222223 0.5546875 0.4722222222222223
8 0.5671875 0.2601851851851853 0.534375 0.2601851851851853 0.534375 0.3157407407407408 0.5671875 0.3157407407407408
3 0.5213541666666667 0.6490740740740742 0.4895833333333333 0.6490740740740742 0.4895833333333333 0.702777777777778 0.5213541666666667 0.702777777777778
4 0.6260416666666667 0.2675925925925927 0.5854166666666667 0.2675925925925927 0.5854166666666667 0.3379629629629631 0.6260416666666667 0.3379629629629631
3 0.5734375 0.6694444444444446 0.5416666666666666 0.6694444444444446 0.5416666666666666 0.7240740740740743 0.5734375 0.7240740740740743
2 0.44947916666666665 0.3851851851851853 0.4171875 0.3851851851851853 0.4171875 0.44166666666666676 0.44947916666666665 0.44166666666666676
1 0.46979166666666666 0.7018518518518518 0.43072916666666666 0.7018518518518518 0.43072916666666666 0.7703703703703704 0.46979166666666666 0.7703703703703704
2 0.39895833333333336 0.37314814814814823 0.3671875 0.37314814814814823 0.3671875 0.42962962962962975 0.39895833333333336 0.42962962962962975
3 0.3765625 0.6046296296296296 0.3453125 0.6046296296296296 0.3453125 0.6583333333333333 0.3765625 0.6583333333333333
5 0.6041666666666666 0.8212962962962965 0.5645833333333333 0.8212962962962965 0.5645833333333333 0.8879629629629632 0.6041666666666666 0.8879629629629632
2 0.603125 0.4361111111111112 0.5703125 0.4361111111111112 0.5703125 0.49351851851851875 0.603125 0.49351851851851875
9 0.4109375 0.7675925925925926 0.3796875 0.7675925925925926 0.3796875 0.8222222222222222 0.4109375 0.8222222222222222
8 0.46822916666666664 0.22222222222222232 0.4354166666666667 0.22222222222222232 0.4354166666666667 0.2787037037037038 0.46822916666666664 0.2787037037037038
2 0.5015625 0.40462962962962973 0.46927083333333336 0.40462962962962973 0.46927083333333336 0.4611111111111112 0.5015625 0.4611111111111112
5 0.3651041666666667 0.7416666666666667 0.3260416666666667 0.7416666666666667 0.3260416666666667 0.8083333333333333 0.3651041666666667 0.8083333333333333
0 0.6755208333333333 0.2879629629629631 0.634375 0.2879629629629631 0.634375 0.35833333333333345 0.6755208333333333 0.35833333333333345
9 0.50625 0.7962962962962964 0.47552083333333334 0.7962962962962963 0.47552083333333334 0.8490740740740742 0.50625 0.8490740740740743
1 0.5640625 0.7296296296296299 0.5244791666666667 0.7296296296296299 0.5244791666666667 0.7972222222222224 0.5640625 0.7972222222222224