7 0.4567708333333334 0.8222222222222222 0.40208333333333335 0.8222222222222222 0.4020833333333334 0.9203703703703704 0.45677083333333346 0.9203703703703704
1 0.3458333333333333 0.6268518518518519 0.29270833333333335 0.6268518518518519 0.29270833333333335 0.7212962962962963 0.3458333333333333 0.7212962962962963
9 0.6484375 0.2009259259259261 0.6052083333333333 0.2009259259259261 0.6052083333333333 0.2777777777777779 0.6484375 0.2777777777777779
1 0.58125 0.18240740740740752 0.5260416666666666 0.18240740740740752 0.5260416666666666 0.28055555555555567 0.58125 0.28055555555555567
2 0.47291666666666665 0.38055555555555565 0.42864583333333334 0.38055555555555565 0.42864583333333334 0.45925925925925937 0.47291666666666665 0.45925925925925937
5 0.5838541666666667 0.30833333333333346 0.5286458333333334 0.30833333333333346 0.5286458333333334 0.40555555555555567 0.5838541666666667 0.40555555555555567
2 0.7286458333333333 0.45740740740740754 0.6859375 0.45740740740740754 0.6859375 0.5351851851851854 0.7286458333333333 0.5351851851851854
2 0.6307291666666667 0.652777777777778 0.5859375 0.652777777777778 0.5859375 0.7314814814814817 0.6307291666666667 0.7314814814814817
3 0.5067708333333333 0.44722222222222235 0.46197916666666666 0.44722222222222235 0.46197916666666666 0.5268518518518519 0.5067708333333333 0.526851851851852
10 0.4114583333333333 0.6324074074074074 0.3614583333333333 0.6324074074074074 0.3614583333333333 0.7212962962962963 0.4114583333333333 0.7212962962962963
6 0.39791666666666664 0.09722222222222231 0.3421875 0.09722222222222231 0.3421875 0.19629629629629639 0.39791666666666664 0.1962962962962964
6 0.5260416666666666 0.6972222222222223 0.471875 0.6972222222222222 0.471875 0.7935185185185186 0.5260416666666666 0.7935185185185187
3 0.5078125 0.31203703703703717 0.4640625 0.31203703703703717 0.4640625 0.39074074074074083 0.5078125 0.39074074074074083
7 0.7385416666666667 0.5750000000000002 0.6848958333333334 0.5750000000000002 0.6848958333333334 0.6703703703703706 0.7385416666666667 0.6703703703703706
8 0.4786458333333333 0.6425925925925926 0.4348958333333333 0.6425925925925926 0.4348958333333333 0.7203703703703703 0.4786458333333333 0.7203703703703703
3 0.46875 0.24814814814814826 0.425 0.24814814814814826 0.425 0.325925925925926 0.46875 0.325925925925926
3 0.6177083333333333 0.388888888888889 0.5744791666666667 0.388888888888889 0.5744791666666667 0.46574074074074084 0.6177083333333333 0.46574074074074084
12 0.4234375000000001 0.7472222222222222 0.3572916666666667 0.7472222222222222 0.35729166666666673 0.8648148148148148 0.42343750000000013 0.8648148148148148
0 0.6578125 0.31296296296296305 0.6036458333333333 0.31296296296296305 0.6036458333333333 0.4092592592592594 0.6578125 0.4092592592592594
8 0.3703125 0.7055555555555556 0.3265625 0.7055555555555556 0.3265625 0.7833333333333333 0.3703125 0.7833333333333333
4 0.5927083333333333 0.43703703703703717 0.5380208333333333 0.43703703703703717 0.5380208333333333 0.5351851851851854 0.5927083333333333 0.5351851851851854
3 0.659375 0.5851851851851854 0.615625 0.5851851851851854 0.615625 0.6629629629629632 0.659375 0.6629629629629632
4 0.5666666666666667 0.7657407407407409 0.5119791666666667 0.7657407407407409 0.5119791666666668 0.8620370370370373 0.5666666666666667 0.8620370370370373
11 0.3328125 0.36296296296296304 0.2786458333333333 0.36296296296296304 0.2786458333333333 0.4583333333333334 0.3328125 0.4583333333333334
2 0.5364583333333334 0.12685185185185197 0.49375 0.12685185185185197 0.49375 0.2037037037037038 0.5364583333333334 0.2037037037037038
5 0.7348958333333333 0.32407407407407424 0.6807291666666667 0.3240740740740742 0.6807291666666667 0.4203703703703705 0.7348958333333333 0.42037037037037056
0 0.4083333333333333 0.4925925925925926 0.353125 0.4925925925925926 0.353125 0.5907407407407408 0.4083333333333333 0.5907407407407408
2 0.4984375 0.056481481481481584 0.4552083333333333 0.056481481481481584 0.4552083333333333 0.13333333333333344 0.4984375 0.13333333333333344
11 0.44895833333333335 0.5638888888888889 0.3958333333333333 0.5638888888888889 0.3958333333333333 0.6583333333333333 0.44895833333333335 0.6583333333333333
13 0.6182291666666667 0.1166666666666668 0.5578125 0.1166666666666668 0.5578125 0.2231481481481483 0.6182291666666667 0.22314814814814832
9 0.6890625 0.2601851851851853 0.646875 0.2601851851851853 0.646875 0.3351851851851853 0.6890625 0.3351851851851853
10 0.6796875 0.1333333333333335 0.6322916666666667 0.1333333333333335 0.6322916666666667 0.2166666666666668 0.6796875 0.2166666666666668