13 0.5270833333333333 0.7055555555555557 0.48541666666666666 0.7055555555555557 0.48541666666666666 0.7759259259259261 0.5270833333333333 0.7759259259259261
8 0.4791666666666667 0.08703703703703715 0.4515625 0.08703703703703715 0.4515625 0.12870370370370382 0.4791666666666667 0.12870370370370382
3 0.42239583333333336 0.549074074074074 0.39375 0.549074074074074 0.39375 0.5962962962962963 0.42239583333333336 0.5962962962962963
2 0.7234375 0.31481481481481494 0.696875 0.31481481481481494 0.696875 0.3592592592592594 0.7234375 0.3592592592592594
4 0.38125 0.08148148148148156 0.346875 0.08148148148148156 0.346875 0.13518518518518527 0.38125 0.1351851851851853
12 0.5364583333333334 0.1462962962962964 0.49583333333333335 0.1462962962962964 0.49583333333333335 0.21203703703703713 0.5364583333333334 0.21203703703703713
2 0.6244791666666667 0.31666666666666676 0.5973958333333333 0.31666666666666676 0.5973958333333333 0.3611111111111112 0.6244791666666667 0.3611111111111112
5 0.37604166666666666 0.7768518518518519 0.33958333333333335 0.7768518518518519 0.33958333333333335 0.8361111111111111 0.37604166666666666 0.8361111111111111
2 0.42291666666666666 0.3064814814814816 0.3953125 0.3064814814814816 0.3953125 0.35185185185185197 0.42291666666666666 0.35185185185185197
7 0.3734375 0.6083333333333333 0.3385416666666667 0.6083333333333333 0.3385416666666667 0.6648148148148149 0.3734375 0.6648148148148149
6 0.6807291666666667 0.23240740740740756 0.6473958333333333 0.23240740740740756 0.6473958333333333 0.2879629629629631 0.6807291666666667 0.2879629629629631
3 0.32083333333333336 0.5481481481481482 0.29322916666666665 0.5481481481481482 0.29322916666666665 0.5944444444444444 0.32083333333333336 0.5944444444444444
2 0.5234375 0.3037037037037038 0.49583333333333335 0.3037037037037038 0.49583333333333335 0.3490740740740742 0.5234375 0.3490740740740742
3 0.7244791666666667 0.5462962962962965 0.696875 0.5462962962962965 0.696875 0.5916666666666669 0.7244791666666667 0.5916666666666669
7 0.6869791666666667 0.627777777777778 0.6505208333333333 0.627777777777778 0.6505208333333333 0.6861111111111113 0.6869791666666667 0.6861111111111113
5 0.6765625 0.7842592592592594 0.6416666666666667 0.7842592592592594 0.6416666666666667 0.8444444444444447 0.6765625 0.8444444444444447
3 0.5213541666666667 0.5555555555555558 0.49322916666666666 0.5555555555555558 0.49322916666666666 0.6018518518518521 0.5213541666666667 0.6018518518518521
6 0.371875 0.22777777777777786 0.3380208333333333 0.22777777777777783 0.3380208333333333 0.28333333333333344 0.371875 0.28333333333333344
2 0.32760416666666664 0.3064814814814816 0.2989583333333333 0.3064814814814816 0.2989583333333333 0.3500000000000001 0.32760416666666664 0.3500000000000001
3 0.6255208333333333 0.5490740740740743 0.596875 0.5490740740740743 0.596875 0.5953703703703705 0.6255208333333333 0.5953703703703705
0 0.3385416666666667 0.08333333333333341 0.30364583333333334 0.08333333333333341 0.30364583333333334 0.13888888888888895 0.3385416666666667 0.13888888888888895
10 0.43020833333333336 0.07685185185185195 0.39739583333333334 0.07685185185185194 0.39739583333333334 0.1351851851851853 0.43020833333333336 0.1351851851851853
8 0.5734375 0.07777777777777789 0.54375 0.07777777777777788 0.54375 0.1212962962962964 0.5734375 0.1212962962962964
4 0.6213541666666667 0.0916666666666668 0.5833333333333334 0.0916666666666668 0.5833333333333334 0.15092592592592605 0.6213541666666667 0.15092592592592607
10 0.6682291666666667 0.09259259259259274 0.6333333333333333 0.09259259259259273 0.6333333333333333 0.1481481481481483 0.6682291666666667 0.1481481481481483
0 0.7151041666666667 0.08425925925925942 0.6802083333333333 0.08425925925925942 0.6802083333333333 0.13888888888888903 0.7151041666666667 0.13888888888888903
1 0.3328125 0.7842592592592592 0.2921875 0.7842592592592592 0.2921875 0.8462962962962963 0.3328125 0.8462962962962963
11 0.4276041666666667 0.7814814814814814 0.3885416666666667 0.7814814814814814 0.3885416666666667 0.8435185185185186 0.4276041666666667 0.8435185185185186
9 0.47239583333333335 0.7833333333333333 0.44635416666666666 0.7833333333333333 0.44635416666666666 0.8361111111111111 0.47239583333333335 0.8361111111111111
9 0.5828125 0.7925925925925928 0.5526041666666667 0.7925925925925928 0.5526041666666667 0.839814814814815 0.5828125 0.839814814814815
11 0.6338541666666667 0.7870370370370372 0.5994791666666667 0.7870370370370372 0.5994791666666667 0.8509259259259261 0.6338541666666667 0.8509259259259261
1 0.73125 0.7657407407407409 0.6973958333333333 0.7657407407407409 0.6973958333333333 0.8324074074074076 0.73125 0.8324074074074076