0 0.5890625 0.589814814814815 0.553125 0.589814814814815 0.553125 0.6546296296296299 0.5890625 0.6546296296296299
2 0.38958333333333334 0.525 0.3614583333333333 0.525 0.3614583333333333 0.5768518518518518 0.38958333333333334 0.5768518518518518
12 0.5005208333333333 0.6666666666666667 0.45625 0.6666666666666666 0.45625 0.7453703703703705 0.5005208333333333 0.7453703703703706
13 0.49166666666666664 0.1064814814814816 0.4479166666666667 0.1064814814814816 0.4479166666666667 0.18333333333333343 0.49166666666666664 0.18333333333333343
7 0.3463541666666667 0.2157407407407408 0.31302083333333336 0.2157407407407408 0.31302083333333336 0.27685185185185196 0.3463541666666667 0.27685185185185196
4 0.3958333333333333 0.6768518518518518 0.3614583333333333 0.6768518518518518 0.3614583333333333 0.7388888888888889 0.3958333333333333 0.7388888888888889
6 0.5401041666666667 0.5916666666666669 0.5041666666666667 0.5916666666666669 0.5041666666666667 0.6546296296296299 0.5401041666666667 0.6546296296296299
0 0.35 0.674074074074074 0.3171875 0.674074074074074 0.3171875 0.7361111111111112 0.35 0.7361111111111112
11 0.39375 0.1296296296296297 0.359375 0.12962962962962968 0.359375 0.19074074074074082 0.39375 0.19074074074074085
11 0.4390625 0.20185185185185195 0.4041666666666667 0.20185185185185195 0.4041666666666667 0.26481481481481495 0.4390625 0.26481481481481495
8 0.5401041666666667 0.6796296296296298 0.5114583333333333 0.6796296296296298 0.5114583333333333 0.7296296296296299 0.5401041666666667 0.7296296296296299
7 0.5390625 0.18611111111111123 0.5020833333333333 0.18611111111111123 0.5020833333333333 0.25092592592592605 0.5390625 0.25092592592592605
5 0.5916666666666667 0.10370370370370384 0.5557291666666667 0.10370370370370384 0.5557291666666667 0.16851851851851862 0.5916666666666667 0.16851851851851862
6 0.39427083333333335 0.5981481481481481 0.35989583333333336 0.5981481481481481 0.35989583333333336 0.6592592592592592 0.39427083333333335 0.6592592592592592
1 0.3953125 0.20925925925925934 0.36041666666666666 0.2092592592592593 0.36041666666666666 0.2712962962962964 0.3953125 0.2712962962962964
1 0.4895833333333333 0.19351851851851862 0.45364583333333336 0.19351851851851862 0.45364583333333336 0.2583333333333334 0.4895833333333333 0.2583333333333334
10 0.44375 0.600925925925926 0.4088541666666667 0.600925925925926 0.4088541666666667 0.6648148148148149 0.44375 0.6648148148148149
9 0.5348958333333333 0.113888888888889 0.5057291666666667 0.113888888888889 0.5057291666666667 0.16574074074074086 0.5348958333333333 0.16574074074074086
2 0.4859375 0.5185185185185186 0.4578125 0.5185185185185185 0.4578125 0.5694444444444445 0.4859375 0.5694444444444446
3 0.5859375 0.2685185185185186 0.5572916666666666 0.2685185185185186 0.5572916666666666 0.3212962962962964 0.5859375 0.3212962962962964
4 0.5911458333333334 0.6731481481481484 0.5557291666666667 0.6731481481481484 0.5557291666666667 0.7379629629629632 0.5911458333333334 0.7379629629629632
9 0.43645833333333334 0.13055555555555567 0.4083333333333333 0.13055555555555567 0.4083333333333333 0.18148148148148158 0.43645833333333334 0.18148148148148158
3 0.5369791666666667 0.2722222222222223 0.5083333333333333 0.2722222222222223 0.5083333333333333 0.3240740740740742 0.5369791666666667 0.3240740740740742
10 0.4921875 0.5944444444444446 0.45677083333333335 0.5944444444444444 0.45677083333333335 0.6583333333333334 0.4921875 0.6583333333333335
2 0.5390625 0.5185185185185187 0.509375 0.5185185185185187 0.509375 0.5712962962962965 0.5390625 0.5712962962962965
5 0.34739583333333335 0.13611111111111115 0.31302083333333336 0.13611111111111115 0.31302083333333336 0.19907407407407413 0.34739583333333335 0.19907407407407413
3 0.4864583333333333 0.2740740740740742 0.45677083333333335 0.2740740740740742 0.45677083333333335 0.32685185185185195 0.4864583333333333 0.32685185185185195
3 0.4390625 0.2879629629629631 0.4109375 0.2879629629629631 0.4109375 0.3379629629629631 0.4390625 0.3379629629629631
8 0.44427083333333334 0.6768518518518518 0.4161458333333333 0.6768518518518518 0.4161458333333333 0.7277777777777777 0.44427083333333334 0.7277777777777777
2 0.5895833333333333 0.5111111111111113 0.5604166666666667 0.5111111111111113 0.5604166666666667 0.5629629629629632 0.5895833333333333 0.5629629629629632
2 0.4348958333333333 0.5277777777777778 0.40729166666666666 0.5277777777777778 0.40729166666666666 0.5777777777777777 0.4348958333333333 0.5777777777777777
3 0.38697916666666665 0.288888888888889 0.35989583333333336 0.288888888888889 0.35989583333333336 0.3379629629629631 0.38697916666666665 0.3379629629629631