4 0.4578125 0.5166666666666667 0.403125 0.5166666666666667 0.403125 0.6157407407407407 0.4578125 0.6157407407407407
4 0.7135416666666666 0.5500000000000002 0.659375 0.5500000000000002 0.659375 0.6472222222222225 0.7135416666666666 0.6472222222222225
12 0.6848958333333334 0.33425925925925937 0.6208333333333333 0.33425925925925937 0.6208333333333333 0.45185185185185195 0.6848958333333334 0.45185185185185195
8 0.6744791666666666 0.22037037037037052 0.6307291666666667 0.22037037037037052 0.6307291666666667 0.3000000000000001 0.6744791666666666 0.3000000000000001
11 0.5338541666666666 0.6805555555555557 0.478125 0.6805555555555556 0.478125 0.7814814814814816 0.5338541666666666 0.7814814814814817
2 0.5973958333333333 0.4685185185185186 0.5526041666666667 0.4685185185185186 0.5526041666666667 0.5490740740740743 0.5973958333333333 0.5490740740740743
6 0.4953125 0.5972222222222223 0.4421875 0.5972222222222222 0.4421875 0.6935185185185186 0.4953125 0.6935185185185188
2 0.45625 0.14166666666666677 0.4140625 0.14166666666666677 0.4140625 0.2185185185185186 0.45625 0.2185185185185186
2 0.4942708333333333 0.20925925925925937 0.4505208333333333 0.20925925925925937 0.4505208333333333 0.2879629629629631 0.4942708333333333 0.2879629629629631
8 0.7489583333333333 0.39259259259259277 0.7057291666666666 0.3925925925925927 0.7057291666666666 0.47037037037037055 0.7489583333333333 0.4703703703703706
2 0.675 0.6157407407407409 0.63125 0.6157407407407409 0.63125 0.6944444444444446 0.675 0.6944444444444446
3 0.5979166666666667 0.8490740740740743 0.5541666666666667 0.8490740740740743 0.5541666666666667 0.927777777777778 0.5979166666666667 0.927777777777778
13 0.39010416666666664 0.7398148148148148 0.3260416666666667 0.7398148148148148 0.3260416666666667 0.8564814814814815 0.39010416666666664 0.8564814814814815
5 0.4583333333333334 0.9120370370370371 0.4036458333333334 0.9120370370370371 0.4036458333333334 1 0.4583333333333334 1
10 0.7864583333333334 0.4592592592592595 0.73125 0.4592592592592595 0.73125 0.5601851851851853 0.7864583333333334 0.5601851851851853
0 0.421875 0.7046296296296296 0.36875 0.7046296296296296 0.36875 0.8 0.421875 0.8
3 0.5734375 0.7870370370370372 0.5291666666666667 0.7870370370370372 0.5291666666666667 0.864814814814815 0.5734375 0.864814814814815