11 0.6890625 0.6703703703703706 0.6494791666666667 0.6703703703703706 0.6494791666666667 0.7305555555555557 0.6890625 0.7305555555555557
1 0.5786458333333333 0.8388888888888891 0.5380208333333333 0.8388888888888891 0.5380208333333333 0.8990740740740742 0.5786458333333333 0.8990740740740742
9 0.5229166666666667 0.15462962962962973 0.49114583333333334 0.15462962962962973 0.49114583333333334 0.20092592592592604 0.5229166666666667 0.20092592592592604
1 0.5838541666666667 0.23055555555555565 0.5432291666666667 0.23055555555555565 0.5432291666666667 0.29074074074074086 0.5838541666666667 0.29074074074074086
5 0.4171875 0.14351851851851863 0.37864583333333335 0.14351851851851863 0.37864583333333335 0.2000000000000001 0.4171875 0.2000000000000001
12 0.47968750000000004 0.8351851851851851 0.43020833333333336 0.8351851851851851 0.4302083333333334 0.9101851851851852 0.4796875000000001 0.9101851851851852
7 0.4223958333333334 0.8425925925925926 0.38229166666666664 0.8425925925925926 0.38229166666666675 0.9027777777777778 0.42239583333333347 0.9027777777777778
3 0.471875 0.32314814814814824 0.4401041666666667 0.32314814814814824 0.4401041666666667 0.37037037037037046 0.471875 0.37037037037037046
3 0.5270833333333333 0.5083333333333335 0.49583333333333335 0.5083333333333335 0.49583333333333335 0.5564814814814817 0.5270833333333333 0.5564814814814817
9 0.4708333333333333 0.14537037037037048 0.4401041666666667 0.14537037037037048 0.4401041666666667 0.19166666666666676 0.4708333333333333 0.19166666666666676
2 0.359375 0.5 0.328125 0.5 0.328125 0.5472222222222223 0.359375 0.5472222222222223
8 0.47291666666666665 0.675 0.4395833333333333 0.675 0.4395833333333333 0.7231481481481481 0.47291666666666665 0.7231481481481481
7 0.31666666666666665 0.30925925925925934 0.27760416666666665 0.30925925925925934 0.27760416666666665 0.3694444444444446 0.31666666666666665 0.3694444444444446
0 0.478125 0.22777777777777788 0.4390625 0.22777777777777788 0.4390625 0.288888888888889 0.478125 0.288888888888889
3 0.6338541666666667 0.4092592592592594 0.6015625 0.4092592592592594 0.6015625 0.4583333333333334 0.6338541666666667 0.4583333333333334
2 0.6869791666666667 0.23518518518518533 0.6557291666666667 0.23518518518518533 0.6557291666666667 0.2814814814814816 0.6869791666666667 0.2814814814814816
3 0.3645833333333333 0.41203703703703715 0.3328125 0.41203703703703715 0.3328125 0.45925925925925937 0.3645833333333333 0.45925925925925937
2 0.3645833333333333 0.23333333333333342 0.3338541666666667 0.2333333333333334 0.3338541666666667 0.28055555555555567 0.3645833333333333 0.28055555555555567
4 0.4744791666666667 0.3990740740740742 0.4359375 0.3990740740740742 0.4359375 0.4583333333333334 0.4744791666666667 0.4583333333333334
6 0.7510416666666667 0.3962962962962965 0.7109375 0.3962962962962964 0.7109375 0.45740740740740754 0.7510416666666667 0.4574074074074076
13 0.5869791666666667 0.14166666666666677 0.540625 0.14166666666666677 0.540625 0.21203703703703713 0.5869791666666667 0.21203703703703713
3 0.5817708333333333 0.40185185185185196 0.5473958333333333 0.40185185185185196 0.5473958333333333 0.4601851851851853 0.5817708333333333 0.4601851851851853
0 0.584375 0.6694444444444446 0.5458333333333333 0.6694444444444446 0.5458333333333333 0.7314814814814817 0.584375 0.7314814814814817
6 0.41875 0.6657407407407407 0.37916666666666665 0.6657407407407407 0.37916666666666665 0.7240740740740741 0.41875 0.7240740740740741
5 0.5296875 0.31851851851851865 0.49270833333333336 0.31851851851851865 0.49270833333333336 0.37592592592592605 0.5296875 0.37592592592592605
10 0.5276041666666667 0.7574074074074076 0.4875 0.7574074074074076 0.4875 0.815740740740741 0.5276041666666667 0.815740740740741
8 0.5276041666666668 0.8574074074074076 0.4942708333333333 0.8574074074074076 0.4942708333333334 0.9046296296296299 0.5276041666666668 0.9046296296296299
10 0.5307291666666667 0.063888888888889 0.496875 0.063888888888889 0.496875 0.12685185185185197 0.5307291666666667 0.12685185185185197
11 0.5244791666666667 0.6629629629629632 0.4895833333333333 0.6629629629629632 0.4895833333333333 0.7342592592592595 0.5244791666666667 0.7342592592592595
4 0.3645833333333333 0.6601851851851852 0.32447916666666665 0.6601851851851852 0.32447916666666665 0.7277777777777777 0.3645833333333333 0.7277777777777777
2 0.6322916666666667 0.23611111111111124 0.6020833333333333 0.23611111111111122 0.6020833333333333 0.2824074074074075 0.6322916666666667 0.2824074074074075
2 0.5786458333333333 0.49444444444444463 0.5473958333333333 0.49444444444444463 0.5473958333333333 0.5500000000000002 0.5786458333333333 0.5500000000000002