4 0.30625 0.512962962962963 0.26093750000000004 0.512962962962963 0.26093750000000004 0.5972222222222222 0.30625 0.5972222222222222
7 0.7015625 0.6712962962962965 0.6541666666666667 0.6712962962962965 0.6541666666666667 0.7583333333333335 0.7015625 0.7583333333333335
2 0.4625 0.5731481481481482 0.425 0.5731481481481482 0.425 0.6425925925925926 0.4625 0.6425925925925926
3 0.6744791666666666 0.7916666666666669 0.6369791666666667 0.7916666666666669 0.6369791666666667 0.8611111111111113 0.6744791666666666 0.8611111111111113
4 0.40312500000000007 0.8222222222222222 0.35885416666666664 0.8222222222222222 0.35885416666666675 0.9055555555555556 0.4031250000000001 0.9055555555555556
1 0.8010416666666667 0.6814814814814817 0.7515625 0.6814814814814817 0.7515625 0.7722222222222225 0.8010416666666667 0.7722222222222225
8 0.375 0.7435185185185185 0.33958333333333335 0.7435185185185185 0.33958333333333335 0.8101851851851852 0.375 0.8101851851851852
2 0.371875 0.2620370370370371 0.33541666666666664 0.2620370370370371 0.33541666666666664 0.33055555555555566 0.371875 0.33055555555555566
3 0.5296875 0.3000000000000001 0.49166666666666664 0.3000000000000001 0.49166666666666664 0.37222222222222234 0.5296875 0.37222222222222234
13 0.6682291666666667 0.38611111111111124 0.6098958333333333 0.38611111111111124 0.6098958333333333 0.4962962962962965 0.6682291666666667 0.4962962962962965
2 0.5057291666666667 0.7259259259259261 0.46927083333333336 0.725925925925926 0.46927083333333336 0.7953703703703705 0.5057291666666667 0.7953703703703706
6 0.49479166666666674 0.8259259259259261 0.44947916666666665 0.825925925925926 0.4494791666666667 0.9083333333333334 0.4947916666666668 0.9083333333333335
7 0.5510416666666667 0.17037037037037048 0.503125 0.17037037037037048 0.503125 0.2583333333333334 0.5510416666666667 0.2583333333333334
2 0.409375 0.41203703703703715 0.3723958333333333 0.41203703703703715 0.3723958333333333 0.48148148148148145 0.409375 0.48148148148148145
2 0.5552083333333333 0.8953703703703706 0.5182291666666667 0.8953703703703706 0.5182291666666667 0.9648148148148148 0.5552083333333333 0.9648148148148148
3 0.6291666666666667 0.6324074074074076 0.5911458333333334 0.6324074074074076 0.5911458333333334 0.7037037037037039 0.6291666666666667 0.7037037037037039
8 0.32708333333333334 0.6027777777777777 0.2921875 0.6027777777777777 0.2921875 0.6694444444444444 0.32708333333333334 0.6694444444444444
10 0.29010416666666666 0.4287037037037038 0.2453125 0.4287037037037038 0.24531250000000002 0.512962962962963 0.29010416666666666 0.512962962962963
1 0.6088541666666667 0.03703703703703716 0.5614583333333333 0.03703703703703715 0.5614583333333333 0.12407407407407421 0.6088541666666667 0.12407407407407423
12 0.39166666666666666 0.6268518518518519 0.33645833333333336 0.6268518518518519 0.33645833333333336 0.7277777777777777 0.39166666666666666 0.7277777777777777
3 0.4822916666666667 0.14537037037037048 0.44479166666666664 0.14537037037037048 0.44479166666666664 0.21574074074074084 0.4822916666666667 0.21574074074074084
6 0.35520833333333335 0.3555555555555557 0.309375 0.3555555555555557 0.309375 0.43981481481481494 0.35520833333333335 0.43981481481481494
9 0.7265625 0.44259259259259276 0.6890625 0.4425925925925927 0.6890625 0.5129629629629632 0.7265625 0.5129629629629632
9 0.6791666666666667 0.2861111111111112 0.640625 0.2861111111111112 0.640625 0.35833333333333345 0.6791666666666667 0.35833333333333345
3 0.58125 0.463888888888889 0.5421875 0.463888888888889 0.5421875 0.5370370370370372 0.58125 0.5370370370370372
5 0.7520833333333333 0.5259259259259261 0.7026041666666667 0.5259259259259261 0.7026041666666667 0.6175925925925928 0.7520833333333333 0.6175925925925928
0 0.4531250000000001 0.9694444444444444 0.40781250000000013 0.9694444444444444 0.40781250000000013 1 0.4531250000000001 1
11 0.7802083333333333 0.603703703703704 0.7302083333333333 0.603703703703704 0.7302083333333333 0.6953703703703705 0.7802083333333333 0.6953703703703705
0 0.2604166666666667 0.35000000000000003 0.21145833333333333 0.35 0.21145833333333336 0.43518518518518523 0.26041666666666674 0.4351851851851853
5 0.6338541666666667 0.11851851851851865 0.5848958333333333 0.11851851851851862 0.5848958333333333 0.20740740740740754 0.6338541666666667 0.20740740740740757
11 0.6588541666666666 0.19166666666666682 0.609375 0.19166666666666682 0.609375 0.2814814814814816 0.6588541666666666 0.2814814814814816
10 0.4276041666666668 0.8861111111111111 0.3796875000000001 0.8861111111111111 0.3796875000000001 0.9722222222222222 0.4276041666666668 0.9722222222222222