11 0.35260416666666666 0.28703703703703715 0.3125 0.28703703703703715 0.3125 0.3490740740740742 0.35260416666666666 0.3490740740740742
1 0.45364583333333336 0.10833333333333342 0.41822916666666665 0.1083333333333334 0.41822916666666665 0.1675925925925927 0.45364583333333336 0.1675925925925927
5 0.6458333333333334 0.7787037037037039 0.6057291666666667 0.7787037037037039 0.6057291666666667 0.839814814814815 0.6458333333333334 0.839814814814815
7 0.7375 0.5888888888888891 0.7026041666666667 0.5888888888888891 0.7026041666666667 0.6472222222222225 0.7375 0.6472222222222225
7 0.6088541666666667 0.08333333333333347 0.5708333333333333 0.08333333333333347 0.5708333333333333 0.14629629629629642 0.6088541666666667 0.14629629629629645
10 0.5036458333333333 0.1777777777777779 0.4713541666666667 0.1777777777777779 0.4713541666666667 0.23796296296296307 0.5036458333333333 0.23796296296296307
2 0.6807291666666667 0.42222222222222233 0.6479166666666667 0.42222222222222233 0.6479166666666667 0.4703703703703705 0.6807291666666667 0.4703703703703705
9 0.5322916666666667 0.7935185185185187 0.4984375 0.7935185185185187 0.4984375 0.8416666666666669 0.5322916666666667 0.8416666666666669
2 0.6880208333333333 0.6870370370370372 0.65625 0.6870370370370372 0.65625 0.7351851851851854 0.6880208333333333 0.7351851851851854
8 0.5583333333333333 0.25925925925925936 0.5255208333333333 0.25925925925925936 0.5255208333333333 0.30833333333333346 0.5583333333333333 0.30833333333333346
3 0.4625 0.5435185185185185 0.4296875 0.5435185185185185 0.4296875 0.5925925925925926 0.4625 0.5925925925925926
2 0.4625 0.44537037037037047 0.4270833333333333 0.44537037037037047 0.4270833333333333 0.5018518518518519 0.4625 0.5018518518518519
6 0.6192708333333333 0.25092592592592605 0.5802083333333333 0.25092592592592605 0.5802083333333333 0.3111111111111112 0.6192708333333333 0.3111111111111112
3 0.4109375 0.5472222222222223 0.378125 0.5472222222222223 0.378125 0.5962962962962963 0.4109375 0.5962962962962963
3 0.5755208333333334 0.6129629629629632 0.54375 0.6129629629629632 0.54375 0.6629629629629632 0.5755208333333334 0.6629629629629632
3 0.5114583333333333 0.43333333333333346 0.4786458333333333 0.43333333333333346 0.4786458333333333 0.48703703703703716 0.5114583333333333 0.48703703703703727
3 0.6796875 0.5055555555555558 0.6484375 0.5055555555555558 0.6484375 0.5537037037037039 0.6796875 0.5537037037037039
8 0.49895833333333334 0.09722222222222232 0.4666666666666667 0.09722222222222232 0.4666666666666667 0.14351851851851863 0.49895833333333334 0.14351851851851863
6 0.3026041666666667 0.562962962962963 0.26562500000000006 0.562962962962963 0.26562500000000006 0.6240740740740741 0.3026041666666667 0.6240740740740741
2 0.3645833333333333 0.7324074074074074 0.33177083333333335 0.7324074074074074 0.33177083333333335 0.7805555555555556 0.3645833333333333 0.7805555555555556
2 0.41770833333333335 0.7203703703703703 0.3880208333333333 0.7203703703703703 0.3880208333333333 0.7722222222222223 0.41770833333333335 0.7722222222222223
11 0.5125 0.26296296296296306 0.4734375 0.26296296296296306 0.4734375 0.3250000000000001 0.5125 0.3250000000000001
10 0.5291666666666668 0.8731481481481483 0.4968750000000001 0.8731481481481483 0.4968750000000001 0.9296296296296298 0.5291666666666668 0.9296296296296298
12 0.5583333333333333 0.08240740740740753 0.5135416666666667 0.08240740740740751 0.5135416666666667 0.15740740740740752 0.5583333333333333 0.15740740740740752
4 0.5776041666666667 0.5240740740740742 0.5380208333333333 0.5240740740740742 0.5380208333333333 0.5851851851851854 0.5776041666666667 0.5851851851851854
0 0.5807291666666666 0.6916666666666669 0.5427083333333333 0.6916666666666669 0.5427083333333333 0.7574074074074076 0.5807291666666666 0.7574074074074076
5 0.5229166666666667 0.613888888888889 0.48333333333333334 0.6138888888888889 0.48333333333333334 0.675925925925926 0.5229166666666667 0.6759259259259262
13 0.4786458333333334 0.7898148148148149 0.43802083333333336 0.7898148148148149 0.4380208333333334 0.8629629629629629 0.47864583333333344 0.8629629629629629
9 0.5817708333333333 0.7925925925925928 0.5520833333333334 0.7925925925925928 0.5520833333333334 0.8416666666666669 0.5817708333333333 0.8416666666666669
0 0.4552083333333333 0.2703703703703705 0.41770833333333335 0.2703703703703705 0.41770833333333335 0.33240740740740754 0.4552083333333333 0.33240740740740754
4 0.6723958333333333 0.24074074074074084 0.634375 0.24074074074074084 0.634375 0.3064814814814816 0.6723958333333333 0.3064814814814816
1 0.4744791666666667 0.7055555555555556 0.4390625 0.7055555555555556 0.4390625 0.7675925925925926 0.4744791666666667 0.7675925925925926