7 0.7072916666666667 0.5074074074074076 0.6583333333333333 0.5074074074074076 0.6583333333333333 0.5944444444444447 0.7072916666666667 0.5944444444444447
2 0.3416666666666667 0.363888888888889 0.30364583333333334 0.363888888888889 0.30364583333333334 0.4324074074074075 0.3416666666666667 0.4324074074074075
3 0.6520833333333333 0.1296296296296298 0.6140625 0.1296296296296298 0.6140625 0.1981481481481483 0.6520833333333333 0.1981481481481483
6 0.4791666666666667 0.6787037037037037 0.43020833333333336 0.6787037037037037 0.43020833333333336 0.7657407407407407 0.4791666666666667 0.7657407407407407
12 0.6635416666666667 0.31944444444444453 0.6041666666666666 0.31944444444444453 0.6041666666666666 0.42592592592592604 0.6635416666666667 0.42592592592592604
0 0.37447916666666664 0.65 0.32708333333333334 0.65 0.32708333333333334 0.737037037037037 0.37447916666666664 0.737037037037037
5 0.5927083333333333 0.26296296296296306 0.54375 0.26296296296296306 0.54375 0.35092592592592603 0.5927083333333333 0.35092592592592603
4 0.459375 0.37685185185185194 0.4119791666666667 0.37685185185185194 0.4119791666666667 0.463888888888889 0.459375 0.463888888888889
2 0.43020833333333336 0.7138888888888889 0.3921875 0.7138888888888889 0.3921875 0.7824074074074074 0.43020833333333336 0.7824074074074074
7 0.6083333333333333 0.15092592592592605 0.559375 0.15092592592592602 0.559375 0.23796296296296307 0.6083333333333333 0.23796296296296307
8 0.7208333333333333 0.3925925925925927 0.6822916666666666 0.3925925925925927 0.6822916666666666 0.4648148148148149 0.7208333333333333 0.4648148148148149
0 0.32708333333333334 0.4740740740740741 0.28020833333333334 0.4740740740740741 0.28020833333333334 0.5601851851851852 0.32708333333333334 0.5601851851851852
1 0.7463541666666667 0.26851851851851866 0.6963541666666667 0.2685185185185186 0.6963541666666667 0.35740740740740756 0.7463541666666667 0.3574074074074076
4 0.5026041666666666 0.5537037037037038 0.453125 0.5537037037037037 0.453125 0.6425925925925927 0.5026041666666666 0.6425925925925928
8 0.6744791666666666 0.21851851851851867 0.6364583333333333 0.21851851851851867 0.6364583333333333 0.2861111111111112 0.6744791666666666 0.2861111111111112
1 0.6994791666666667 0.30555555555555564 0.6515625 0.30555555555555564 0.6515625 0.3916666666666668 0.6994791666666667 0.3916666666666668
6 0.38958333333333334 0.3175925925925927 0.3421875 0.3175925925925927 0.3421875 0.40185185185185196 0.38958333333333334 0.40185185185185196
3 0.6276041666666666 0.24907407407407417 0.5901041666666667 0.24907407407407417 0.5901041666666667 0.31851851851851865 0.6276041666666666 0.31851851851851865
13 0.4390625 0.4888888888888889 0.38177083333333334 0.4888888888888889 0.38177083333333334 0.5944444444444444 0.4390625 0.5944444444444444
10 0.3932291666666667 0.5342592592592592 0.3453125 0.5342592592592592 0.3453125 0.6212962962962963 0.3932291666666667 0.6212962962962963
3 0.746875 0.49166666666666686 0.7067708333333333 0.49166666666666686 0.7067708333333333 0.5620370370370372 0.746875 0.5620370370370372
2 0.4744791666666667 0.4712962962962964 0.4348958333333333 0.4712962962962964 0.4348958333333333 0.5444444444444444 0.4744791666666667 0.5444444444444444
11 0.7229166666666667 0.18148148148148163 0.6760416666666667 0.18148148148148163 0.6760416666666667 0.2601851851851853 0.7229166666666667 0.2601851851851853
11 0.7651041666666667 0.35555555555555574 0.7161458333333334 0.3555555555555557 0.7161458333333334 0.4379629629629631 0.7651041666666667 0.43796296296296316
9 0.3692708333333333 0.44351851851851865 0.328125 0.44351851851851865 0.328125 0.5166666666666667 0.3692708333333333 0.5166666666666667
2 0.4510416666666667 0.5935185185185186 0.4125 0.5935185185185186 0.4125 0.6592592592592592 0.4510416666666667 0.6592592592592592
9 0.41354166666666664 0.6305555555555555 0.375 0.6305555555555555 0.375 0.700925925925926 0.41354166666666664 0.700925925925926
2 0.40520833333333334 0.40833333333333344 0.365625 0.40833333333333344 0.365625 0.47962962962962963 0.40520833333333334 0.47962962962962963
3 0.6109375 0.3777777777777779 0.5697916666666667 0.3777777777777779 0.5697916666666667 0.4500000000000001 0.6109375 0.4500000000000001
10 0.35052083333333334 0.5574074074074075 0.3 0.5574074074074075 0.3 0.6435185185185185 0.35052083333333334 0.6435185185185185
5 0.6401041666666667 0.4500000000000001 0.5880208333333333 0.4500000000000001 0.5880208333333333 0.5416666666666669 0.6401041666666667 0.5416666666666669
3 0.6817708333333333 0.4314814814814816 0.6364583333333333 0.4314814814814816 0.6364583333333333 0.5037037037037039 0.6817708333333333 0.5037037037037039