7 0.49947916666666664 0.11574074074074085 0.4609375 0.11574074074074085 0.4609375 0.17592592592592604 0.49947916666666664 0.17592592592592604
7 0.6510416666666666 0.6250000000000002 0.6114583333333333 0.6250000000000002 0.6114583333333333 0.6851851851851853 0.6510416666666666 0.6851851851851853
5 0.5109375 0.626851851851852 0.46927083333333336 0.6268518518518519 0.46927083333333336 0.688888888888889 0.5109375 0.6888888888888891
8 0.5244791666666667 0.8444444444444447 0.49270833333333336 0.8444444444444447 0.4927083333333334 0.8898148148148151 0.5244791666666668 0.8898148148148151
6 0.38385416666666666 0.6287037037037037 0.34375 0.6287037037037037 0.34375 0.6898148148148148 0.38385416666666666 0.6898148148148148
12 0.5614583333333333 0.3361111111111112 0.5140625 0.3361111111111112 0.5140625 0.40555555555555567 0.5614583333333333 0.40555555555555567
4 0.6458333333333334 0.3935185185185186 0.60625 0.3935185185185186 0.60625 0.4527777777777779 0.6458333333333334 0.4527777777777779
5 0.4708333333333333 0.7722222222222223 0.4322916666666667 0.7722222222222223 0.4322916666666667 0.8324074074074074 0.4708333333333333 0.8324074074074074
2 0.6333333333333333 0.18703703703703717 0.6015625 0.18703703703703714 0.6015625 0.2342592592592594 0.6333333333333333 0.23425925925925942
2 0.6078125 0.7037037037037039 0.5765625 0.7037037037037039 0.5765625 0.7509259259259261 0.6078125 0.7509259259259261
3 0.3182291666666667 0.5657407407407408 0.28854166666666664 0.5657407407407408 0.28854166666666664 0.6175925925925926 0.3182291666666667 0.6175925925925926
9 0.37552083333333336 0.2685185185185186 0.34375 0.2685185185185186 0.34375 0.31851851851851865 0.37552083333333336 0.31851851851851865
6 0.42083333333333334 0.17222222222222233 0.38229166666666664 0.17222222222222233 0.38229166666666664 0.23055555555555565 0.42083333333333334 0.23055555555555565
3 0.45625 0.5555555555555556 0.4234375 0.5555555555555556 0.4234375 0.6055555555555555 0.45625 0.6055555555555555
1 0.5609375 0.7462962962962965 0.521875 0.7462962962962965 0.521875 0.8074074074074076 0.5609375 0.8074074074074076
3 0.4557291666666667 0.4287037037037038 0.42291666666666666 0.4287037037037038 0.42291666666666666 0.47685185185185186 0.4557291666666667 0.47685185185185186
3 0.31614583333333335 0.17870370370370375 0.28489583333333335 0.17870370370370375 0.28489583333333335 0.22685185185185192 0.31614583333333335 0.22685185185185192
2 0.6447916666666667 0.8268518518518521 0.6125 0.8268518518518521 0.6125 0.8731481481481483 0.6447916666666667 0.8731481481481483
0 0.5161458333333333 0.4611111111111112 0.47604166666666664 0.4611111111111112 0.47604166666666664 0.5203703703703705 0.5161458333333333 0.5203703703703706
4 0.7036458333333333 0.5555555555555558 0.6640625 0.5555555555555558 0.6640625 0.6157407407407409 0.7036458333333333 0.6157407407407409
10 0.5697916666666667 0.213888888888889 0.5322916666666667 0.213888888888889 0.5322916666666667 0.2777777777777779 0.5697916666666667 0.2777777777777779
1 0.2984375 0.7157407407407408 0.2645833333333334 0.7157407407407408 0.2645833333333334 0.774074074074074 0.2984375 0.774074074074074
2 0.38906250000000003 0.8444444444444444 0.36354166666666665 0.8444444444444444 0.3635416666666667 0.8925925925925926 0.38906250000000014 0.8925925925925926
10 0.35885416666666664 0.75 0.3234375 0.75 0.3234375 0.8074074074074075 0.35885416666666664 0.8074074074074075
3 0.5953125 0.47777777777777797 0.5645833333333333 0.47777777777777797 0.5645833333333333 0.5287037037037039 0.5953125 0.5287037037037039
8 0.6932291666666667 0.7314814814814817 0.6635416666666667 0.7314814814814817 0.6635416666666667 0.7796296296296299 0.6932291666666667 0.7796296296296299
2 0.4484375 0.6990740740740741 0.42083333333333334 0.6990740740740741 0.42083333333333334 0.7472222222222222 0.4484375 0.7472222222222222
13 0.39375 0.41574074074074086 0.3484375 0.41574074074074086 0.3484375 0.4981481481481482 0.39375 0.4981481481481482
9 0.47291666666666665 0.2981481481481483 0.4421875 0.2981481481481483 0.4421875 0.3472222222222223 0.47291666666666665 0.3472222222222223
0 0.5692708333333333 0.577777777777778 0.5317708333333333 0.577777777777778 0.5317708333333333 0.6398148148148151 0.5692708333333333 0.6398148148148151
11 0.2916666666666667 0.4000000000000001 0.2552083333333333 0.4000000000000001 0.25520833333333337 0.4629629629629631 0.2916666666666667 0.4629629629629631
11 0.6932291666666667 0.29722222222222233 0.6557291666666667 0.29722222222222233 0.6557291666666667 0.3675925925925927 0.6932291666666667 0.3675925925925927