12 0.5177083333333333 0.2703703703703705 0.4588541666666667 0.2703703703703705 0.4588541666666667 0.37407407407407417 0.5177083333333333 0.37407407407407417
13 0.6755208333333333 0.776851851851852 0.6161458333333333 0.776851851851852 0.6161458333333333 0.8814814814814816 0.6755208333333333 0.8814814814814816
10 0.5546875 0.9361111111111113 0.5041666666666668 0.9361111111111113 0.5041666666666668 1 0.5546875 1
7 0.6588541666666666 0.5000000000000002 0.6114583333333333 0.5000000000000002 0.6114583333333333 0.5842592592592595 0.6588541666666666 0.5842592592592595
1 0.6520833333333333 0.22777777777777794 0.6057291666666667 0.22777777777777794 0.6057291666666667 0.30925925925925934 0.6520833333333333 0.30925925925925934
9 0.6265625 0.8425925925925928 0.5875 0.8425925925925928 0.5875 0.9111111111111113 0.6265625 0.9111111111111113
3 0.7098958333333333 0.6416666666666668 0.671875 0.6416666666666668 0.671875 0.7083333333333336 0.7098958333333333 0.7083333333333336
3 0.365625 0.6361111111111111 0.32447916666666665 0.6361111111111111 0.32447916666666665 0.7083333333333334 0.365625 0.7083333333333334
11 0.45416666666666666 0.5388888888888889 0.403125 0.5388888888888889 0.403125 0.6259259259259259 0.45416666666666666 0.6259259259259259
3 0.6619791666666667 0.39814814814814825 0.6239583333333333 0.39814814814814825 0.6239583333333333 0.4648148148148149 0.6619791666666667 0.4648148148148149
3 0.5213541666666667 0.5685185185185186 0.4828125 0.5685185185185185 0.4828125 0.6351851851851853 0.5213541666666667 0.6351851851851854
2 0.5567708333333333 0.5250000000000002 0.5177083333333333 0.5250000000000002 0.5177083333333333 0.5935185185185188 0.5567708333333333 0.5935185185185188
2 0.50625 0.6833333333333335 0.4666666666666667 0.6833333333333333 0.4666666666666667 0.7527777777777779 0.50625 0.752777777777778
6 0.5875 0.589814814814815 0.5385416666666667 0.589814814814815 0.5385416666666667 0.6759259259259262 0.5875 0.6759259259259262
10 0.571875 0.41203703703703715 0.5239583333333333 0.41203703703703715 0.5239583333333333 0.4962962962962965 0.571875 0.4962962962962965
3 0.4661458333333333 0.7305555555555555 0.42604166666666665 0.7305555555555555 0.42604166666666665 0.8009259259259259 0.4661458333333333 0.8009259259259259
2 0.5953125 0.48703703703703727 0.5567708333333333 0.48703703703703727 0.5567708333333333 0.5537037037037039 0.5953125 0.5537037037037039
6 0.5661458333333333 0.8111111111111113 0.515625 0.8111111111111113 0.5156250000000001 0.8990740740740742 0.5661458333333333 0.8990740740740742
8 0.4375 0.37962962962962976 0.39791666666666664 0.37962962962962976 0.39791666666666664 0.44722222222222235 0.4375 0.44722222222222235
7 0.6927083333333334 0.8509259259259261 0.6432291666666666 0.8509259259259261 0.6432291666666666 0.9370370370370372 0.6927083333333334 0.9370370370370372
2 0.7473958333333334 0.4888888888888891 0.7098958333333333 0.4888888888888891 0.7098958333333333 0.5546296296296298 0.7473958333333334 0.5546296296296298
5 0.36041666666666666 0.4527777777777779 0.3098958333333333 0.4527777777777779 0.3098958333333333 0.5416666666666666 0.36041666666666666 0.5416666666666666
5 0.5000000000000001 0.788888888888889 0.4479166666666667 0.7888888888888889 0.44791666666666674 0.8796296296296298 0.5000000000000001 0.8796296296296299
2 0.45625000000000004 0.8444444444444444 0.4166666666666667 0.8444444444444444 0.41666666666666674 0.9138888888888889 0.4562500000000001 0.9138888888888889
9 0.6375 0.7361111111111113 0.5984375 0.7361111111111113 0.5984375 0.8046296296296298 0.6375 0.8046296296296298
4 0.3854166666666667 0.5203703703703704 0.33541666666666664 0.5203703703703704 0.33541666666666664 0.6083333333333333 0.3854166666666667 0.6083333333333333
0 0.653125 0.6064814814814817 0.6041666666666666 0.6064814814814817 0.6041666666666666 0.6916666666666669 0.653125 0.6916666666666669
1 0.40260416666666665 0.4092592592592594 0.353125 0.4092592592592594 0.353125 0.49537037037037035 0.40260416666666665 0.49537037037037035
11 0.7713541666666667 0.6546296296296299 0.7244791666666667 0.6546296296296299 0.7244791666666667 0.7370370370370373 0.7713541666666667 0.7370370370370373
0 0.5791666666666667 0.7074074074074076 0.5307291666666667 0.7074074074074076 0.5307291666666667 0.7925925925925928 0.5791666666666667 0.7925925925925928
8 0.45989583333333334 0.43981481481481494 0.4192708333333333 0.43981481481481494 0.4192708333333333 0.5101851851851852 0.45989583333333334 0.5101851851851852
4 0.49375 0.4925925925925927 0.44427083333333334 0.4925925925925926 0.44427083333333334 0.5796296296296297 0.49375 0.5796296296296298