5 0.41302083333333334 0.0435185185185186 0.359375 0.043518518518518595 0.359375 0.13703703703703712 0.41302083333333334 0.13703703703703715
7 0.37552083333333336 0.11388888888888897 0.3229166666666667 0.11388888888888897 0.3229166666666667 0.20648148148148157 0.37552083333333336 0.2064814814814816
5 0.2755208333333333 0.34259259259259267 0.22239583333333332 0.3425925925925926 0.22239583333333338 0.4370370370370371 0.2755208333333333 0.43703703703703717
4 0.7458333333333333 0.5305555555555558 0.6953125 0.5305555555555558 0.6953125 0.6203703703703706 0.7458333333333333 0.6203703703703706
1 0.24739583333333337 0.4175925925925926 0.19322916666666667 0.41759259259259257 0.1932291666666667 0.5120370370370371 0.2473958333333334 0.5120370370370371
0 0.7796875 0.4638888888888891 0.7291666666666666 0.4638888888888891 0.7291666666666666 0.5537037037037039 0.7796875 0.5537037037037039
0 0.5817708333333333 0.8879629629629632 0.5302083333333335 0.8879629629629632 0.5302083333333335 0.9787037037037037 0.5817708333333333 0.9787037037037037
7 0.3177083333333333 0.2620370370370371 0.26458333333333334 0.2620370370370371 0.26458333333333334 0.3555555555555557 0.3177083333333333 0.3555555555555557
10 0.5479166666666667 0.9546296296296296 0.4973958333333334 0.9546296296296296 0.4973958333333334 0.9935185185185185 0.5479166666666667 0.9935185185185185
2 0.6697916666666667 0.30092592592592604 0.6276041666666666 0.30092592592592604 0.6276041666666666 0.37407407407407417 0.6697916666666667 0.37407407407407417
10 0.8088541666666667 0.3851851851851854 0.7588541666666667 0.3851851851851854 0.7588541666666667 0.47407407407407426 0.8088541666666667 0.47407407407407426
12 0.6130208333333333 0.5638888888888891 0.5484375 0.5638888888888891 0.5484375 0.677777777777778 0.6130208333333333 0.677777777777778
3 0.5614583333333333 0.12592592592592602 0.5192708333333333 0.12592592592592602 0.5192708333333333 0.2000000000000001 0.5614583333333333 0.2000000000000001
2 0.7005208333333334 0.23148148148148165 0.659375 0.23148148148148165 0.659375 0.30277777777777787 0.7005208333333334 0.30277777777777787
1 0.4515625 9.252886926891113e-17 0.3984375 8.674581493960417e-17 0.3984375 0.05648148148148158 0.4515625 0.05648148148148158
9 0.37864583333333335 0.3712962962962964 0.3307291666666667 0.3712962962962964 0.3307291666666667 0.4564814814814816 0.37864583333333335 0.4564814814814816
13 0.42552083333333335 0.2787037037037038 0.3572916666666667 0.2787037037037038 0.3572916666666667 0.3990740740740742 0.42552083333333335 0.3990740740740742
3 0.35260416666666666 0.5953703703703703 0.3098958333333333 0.5953703703703703 0.3098958333333333 0.6703703703703704 0.35260416666666666 0.6703703703703704
2 0.5682291666666667 0.3953703703703705 0.5265625 0.3953703703703705 0.5265625 0.46944444444444455 0.5682291666666667 0.46944444444444455
4 0.615625 0.8240740740740743 0.5645833333333333 0.8240740740740743 0.5645833333333333 0.9148148148148151 0.615625 0.9148148148148151
2 0.4380208333333334 0.8185185185185185 0.3953125 0.8185185185185185 0.39531250000000007 0.8925925925925926 0.43802083333333347 0.8925925925925926
8 0.5703125 0.6574074074074077 0.5260416666666666 0.6574074074074077 0.5260416666666666 0.7351851851851854 0.5703125 0.7351851851851854
6 0.65 0.7490740740740743 0.5984375 0.7490740740740743 0.5984375 0.839814814814815 0.65 0.839814814814815
3 0.3203125 0.6592592592592592 0.278125 0.6592592592592592 0.278125 0.7342592592592593 0.3203125 0.7342592592592593
6 0.7135416666666666 0.6046296296296299 0.6619791666666667 0.6046296296296299 0.6619791666666667 0.6962962962962965 0.7135416666666666 0.6962962962962965
8 0.6375 0.5046296296296299 0.5927083333333333 0.5046296296296299 0.5927083333333333 0.5842592592592595 0.6375 0.5842592592592595
3 0.4609375 0.49537037037037035 0.4203125 0.49537037037037035 0.4203125 0.5666666666666667 0.4609375 0.5666666666666667
9 0.4484375 0.22777777777777788 0.40572916666666664 0.22777777777777788 0.40572916666666664 0.30277777777777787 0.4484375 0.30277777777777787
11 0.21718750000000006 0.4898148148148148 0.16354166666666672 0.4898148148148148 0.16354166666666672 0.5842592592592593 0.21718750000000006 0.5842592592592593
3 0.5947916666666667 0.05092592592592605 0.5520833333333334 0.05092592592592604 0.5520833333333334 0.12592592592592602 0.5947916666666667 0.12592592592592602
2 0.4666666666666667 0.7435185185185185 0.425 0.7435185185185185 0.425 0.8166666666666667 0.4666666666666667 0.8166666666666667