7 0.7119791666666667 0.363888888888889 0.6567708333333333 0.363888888888889 0.6567708333333333 0.46203703703703713 0.7119791666666667 0.46203703703703713
10 0.4046875 0.05648148148148157 0.35 0.05648148148148156 0.35 0.15277777777777785 0.4046875 0.15277777777777787
7 0.5520833333333334 0.6324074074074076 0.49635416666666665 0.6324074074074076 0.49635416666666665 0.7305555555555557 0.5520833333333334 0.7305555555555557
3 0.5760416666666667 0.7083333333333336 0.53125 0.7083333333333336 0.53125 0.7888888888888891 0.5760416666666667 0.7888888888888891
11 0.6557291666666667 0.6851851851851853 0.5994791666666667 0.6851851851851853 0.5994791666666667 0.7851851851851854 0.6557291666666667 0.7851851851851854
2 0.5052083333333334 0.003703703703703809 0.4630208333333333 0.003703703703703804 0.4630208333333333 0.07962962962962973 0.5052083333333334 0.07962962962962973
1 0.6916666666666667 0.6296296296296299 0.6395833333333333 0.6296296296296299 0.6395833333333333 0.7240740740740743 0.6916666666666667 0.7240740740740743
9 0.47291666666666665 0.0675925925925927 0.43020833333333336 0.0675925925925927 0.43020833333333336 0.14351851851851863 0.47291666666666665 0.14351851851851863
0 0.3619791666666667 0.12592592592592597 0.30885416666666665 0.12592592592592597 0.30885416666666665 0.2194444444444445 0.3619791666666667 0.2194444444444445
10 0.4317708333333333 0.12037037037037047 0.3770833333333333 0.12037037037037047 0.3770833333333333 0.21666666666666679 0.4317708333333333 0.21666666666666679
3 0.7390625 0.4453703703703705 0.69375 0.44537037037037047 0.69375 0.5259259259259261 0.7390625 0.5259259259259261
12 0.6401041666666667 0.48703703703703727 0.5697916666666667 0.48703703703703727 0.5697916666666667 0.6111111111111113 0.6401041666666667 0.6111111111111113
2 0.3494791666666667 0.24814814814814826 0.30625 0.24814814814814826 0.30625 0.3250000000000001 0.3494791666666667 0.3250000000000001
13 0.4744791666666667 0.163888888888889 0.4046875 0.163888888888889 0.4046875 0.2879629629629631 0.4744791666666667 0.2879629629629631
8 0.7020833333333333 0.5074074074074076 0.65625 0.5074074074074076 0.65625 0.5888888888888891 0.7020833333333333 0.5888888888888891
2 0.4234375 0.24722222222222232 0.3807291666666667 0.24722222222222232 0.3807291666666667 0.3240740740740742 0.4234375 0.3240740740740742
6 0.3848958333333333 0.30277777777777787 0.32916666666666666 0.30277777777777787 0.32916666666666666 0.4027777777777779 0.3848958333333333 0.4027777777777779
0 0.44114583333333335 9.014761160390239e-17 0.38697916666666665 8.425116405245217e-17 0.38697916666666665 0.0898148148148149 0.44114583333333335 0.08981481481481492
2 0.50625 0.11574074074074085 0.46145833333333336 0.11574074074074085 0.46145833333333336 0.19537037037037047 0.50625 0.19537037037037047
6 0.5473958333333333 0.046296296296296405 0.49270833333333336 0.046296296296296405 0.49270833333333336 0.14351851851851863 0.5473958333333333 0.14351851851851863
1 0.6588541666666666 0.5666666666666669 0.6067708333333334 0.5666666666666669 0.6067708333333334 0.6592592592592594 0.6588541666666666 0.6592592592592594
8 0.6192708333333333 0.6379629629629632 0.5739583333333333 0.6379629629629632 0.5739583333333333 0.7194444444444447 0.6192708333333333 0.7194444444444447
4 0.4609375 0.30462962962962975 0.40520833333333334 0.30462962962962975 0.40520833333333334 0.40462962962962973 0.4609375 0.40462962962962973
11 0.7348958333333333 0.565740740740741 0.6822916666666666 0.565740740740741 0.6822916666666666 0.6601851851851854 0.7348958333333333 0.6601851851851854
5 0.5598958333333334 0.502777777777778 0.5036458333333333 0.502777777777778 0.5036458333333333 0.602777777777778 0.5598958333333334 0.602777777777778
3 0.5833333333333334 0.5768518518518521 0.5401041666666667 0.5768518518518521 0.5401041666666667 0.6537037037037039 0.5833333333333334 0.6537037037037039
3 0.5916666666666667 0.44444444444444453 0.5453125 0.44444444444444453 0.5453125 0.527777777777778 0.5916666666666667 0.527777777777778
9 0.3875 0.19907407407407415 0.34427083333333336 0.19907407407407413 0.34427083333333336 0.2750000000000001 0.3875 0.2750000000000001
4 0.5390625 0.18240740740740752 0.48541666666666666 0.18240740740740752 0.48541666666666666 0.2787037037037038 0.5390625 0.2787037037037038
2 0.49635416666666665 0.2453703703703705 0.44947916666666665 0.2453703703703705 0.44947916666666665 0.3296296296296297 0.49635416666666665 0.3296296296296297
3 0.6666666666666666 0.438888888888889 0.6213541666666667 0.438888888888889 0.6213541666666667 0.5212962962962965 0.6666666666666666 0.5212962962962965
5 0.64375 0.3648148148148149 0.5880208333333333 0.3648148148148149 0.5880208333333333 0.4648148148148149 0.64375 0.4648148148148149