3 0.475 0.29074074074074086 0.4473958333333333 0.29074074074074086 0.4473958333333333 0.3351851851851853 0.475 0.3351851851851853
13 0.4822916666666667 0.1361111111111112 0.44166666666666665 0.1361111111111112 0.44166666666666665 0.20185185185185195 0.4822916666666667 0.20185185185185195
7 0.3234375 0.22870370370370377 0.290625 0.22870370370370377 0.290625 0.2824074074074075 0.3234375 0.2824074074074075
3 0.6703125 0.28518518518518526 0.6421875 0.28518518518518526 0.6421875 0.3277777777777779 0.6703125 0.3277777777777779
2 0.4786458333333333 0.5425925925925926 0.4505208333333333 0.5425925925925926 0.4505208333333333 0.5879629629629629 0.4786458333333333 0.5879629629629629
3 0.5713541666666667 0.2916666666666668 0.5432291666666667 0.2916666666666668 0.5432291666666667 0.33425925925925937 0.5713541666666667 0.33425925925925937
2 0.58125 0.5314814814814817 0.5520833333333334 0.5314814814814817 0.5520833333333334 0.577777777777778 0.58125 0.577777777777778
0 0.28958333333333336 0.7842592592592592 0.2541666666666667 0.7842592592592592 0.2541666666666667 0.8481481481481481 0.28958333333333336 0.8481481481481481
7 0.6203125 0.22222222222222235 0.5854166666666667 0.22222222222222232 0.5854166666666667 0.2777777777777779 0.6203125 0.2777777777777779
2 0.6828125 0.5259259259259261 0.6541666666666667 0.5259259259259261 0.6541666666666667 0.5722222222222224 0.6828125 0.5722222222222224
9 0.4166666666666667 0.0861111111111112 0.38958333333333334 0.0861111111111112 0.38958333333333334 0.12685185185185197 0.4166666666666667 0.12685185185185197
5 0.6166666666666667 0.07685185185185198 0.5828125 0.07685185185185198 0.5828125 0.13148148148148162 0.6166666666666667 0.13148148148148164
9 0.515625 0.08611111111111122 0.48854166666666665 0.08611111111111122 0.48854166666666665 0.12592592592592602 0.515625 0.12592592592592602
2 0.375 0.537962962962963 0.34739583333333335 0.537962962962963 0.34739583333333335 0.5842592592592593 0.375 0.5842592592592593
3 0.37604166666666666 0.3074074074074075 0.3494791666666667 0.3074074074074075 0.3494791666666667 0.35185185185185197 0.37604166666666666 0.35185185185185197
2 0.27760416666666665 0.549074074074074 0.2510416666666667 0.549074074074074 0.2510416666666667 0.5944444444444444 0.27760416666666665 0.5944444444444444
12 0.48385416666666664 0.6851851851851853 0.440625 0.6851851851851852 0.440625 0.7583333333333334 0.48385416666666664 0.7583333333333335
3 0.28125 0.32037037037037047 0.25416666666666665 0.32037037037037047 0.25416666666666665 0.36203703703703716 0.28125 0.36203703703703716
11 0.5703125 0.07500000000000012 0.5364583333333334 0.07500000000000011 0.5364583333333334 0.12870370370370382 0.5703125 0.12870370370370382
4 0.6421875 0.7601851851851854 0.6072916666666667 0.7601851851851854 0.6072916666666667 0.8259259259259262 0.6421875 0.8259259259259262
4 0.39010416666666664 0.7675925925925926 0.3541666666666667 0.7675925925925926 0.3541666666666667 0.8240740740740741 0.39010416666666664 0.8240740740740741
5 0.33541666666666664 0.09166666666666673 0.3015625 0.09166666666666672 0.3015625 0.14351851851851857 0.33541666666666664 0.14351851851851857
6 0.6432291666666666 0.6000000000000002 0.6083333333333333 0.6000000000000002 0.6083333333333333 0.6574074074074077 0.6432291666666666 0.6574074074074077
1 0.2838541666666667 0.10555555555555561 0.25052083333333336 0.10555555555555561 0.25052083333333336 0.15833333333333338 0.2838541666666667 0.15833333333333338
8 0.43333333333333335 0.7935185185185185 0.4046875 0.7935185185185185 0.4046875 0.8398148148148148 0.43333333333333335 0.8398148148148148
6 0.325 0.6222222222222222 0.2911458333333333 0.6222222222222222 0.2911458333333333 0.6805555555555556 0.325 0.6805555555555556
11 0.3765625 0.08333333333333341 0.34270833333333334 0.08333333333333341 0.34270833333333334 0.13703703703703712 0.3765625 0.13703703703703715
8 0.5302083333333333 0.7787037037037039 0.5010416666666667 0.7787037037037039 0.5010416666666667 0.8250000000000002 0.5302083333333333 0.8250000000000002
10 0.3390625 0.7685185185185185 0.30052083333333335 0.7685185185185185 0.30052083333333335 0.837037037037037 0.3390625 0.837037037037037
10 0.5901041666666667 0.7620370370370373 0.55625 0.7620370370370373 0.55625 0.8324074074074076 0.5901041666666667 0.8324074074074076
0 0.6916666666666667 0.7509259259259261 0.6546875 0.7509259259259261 0.6546875 0.8212962962962965 0.6916666666666667 0.8212962962962965
1 0.6588541666666666 0.060185185185185314 0.6244791666666667 0.060185185185185314 0.6244791666666667 0.12222222222222238 0.6588541666666666 0.12222222222222238