11 0.4552083333333333 0.4629629629629631 0.4239583333333333 0.4629629629629631 0.4239583333333333 0.5157407407407407 0.4552083333333333 0.5157407407407407
13 0.24687500000000007 0.5824074074074074 0.21093750000000006 0.5824074074074074 0.21093750000000006 0.6481481481481481 0.24687500000000007 0.6481481481481481
9 0.27395833333333336 0.6546296296296297 0.24843750000000006 0.6546296296296297 0.24843750000000006 0.6981481481481482 0.27395833333333336 0.6981481481481482
2 0.33125 0.34259259259259267 0.3072916666666667 0.34259259259259267 0.3072916666666667 0.38425925925925936 0.33125 0.38425925925925936
9 0.271875 0.5509259259259259 0.24687500000000007 0.5509259259259259 0.24687500000000007 0.5944444444444444 0.271875 0.5944444444444444
3 0.3880208333333333 0.4546296296296297 0.365625 0.4546296296296297 0.365625 0.4981481481481482 0.3880208333333333 0.4981481481481482
2 0.359375 0.4000000000000001 0.3359375 0.4000000000000001 0.3359375 0.44166666666666676 0.359375 0.44166666666666676
3 0.21406250000000002 0.42962962962962964 0.190625 0.42962962962962964 0.19062500000000002 0.47314814814814815 0.21406250000000007 0.47314814814814815
7 0.22083333333333338 0.6435185185185185 0.1911458333333334 0.6435185185185185 0.1911458333333334 0.6981481481481482 0.22083333333333338 0.6981481481481482
6 0.33697916666666666 0.4500000000000001 0.3072916666666667 0.4500000000000001 0.3072916666666667 0.5037037037037037 0.33697916666666666 0.5037037037037037
3 0.5145833333333333 0.5824074074074076 0.49114583333333334 0.5824074074074076 0.49114583333333334 0.6250000000000002 0.5145833333333333 0.6250000000000002
3 0.2755208333333333 0.2333333333333334 0.2526041666666667 0.2333333333333334 0.2526041666666667 0.2750000000000001 0.2755208333333333 0.2750000000000001
10 0.3390625 0.775 0.309375 0.775 0.309375 0.8296296296296296 0.3390625 0.8296296296296296
3 0.425 0.6185185185185185 0.4010416666666667 0.6185185185185185 0.4010416666666667 0.6611111111111111 0.425 0.6611111111111111
12 0.42552083333333335 0.2000000000000001 0.39010416666666664 0.2000000000000001 0.39010416666666664 0.26296296296296306 0.42552083333333335 0.26296296296296306
7 0.27708333333333335 0.3314814814814816 0.24739583333333334 0.3314814814814816 0.24739583333333334 0.3851851851851853 0.27708333333333335 0.3851851851851853
2 0.4276041666666667 0.725 0.403125 0.725 0.403125 0.7675925925925926 0.4276041666666667 0.7675925925925926
10 0.3614583333333333 0.29444444444444456 0.33177083333333335 0.29444444444444456 0.33177083333333335 0.34814814814814826 0.3614583333333333 0.34814814814814826
2 0.3927083333333333 0.5601851851851852 0.3692708333333333 0.5601851851851852 0.3692708333333333 0.6037037037037037 0.3927083333333333 0.6037037037037037
2 0.18697916666666667 0.2712962962962963 0.1640625 0.2712962962962963 0.1640625 0.31296296296296294 0.18697916666666667 0.31296296296296294
4 0.5125 0.4787037037037038 0.48333333333333334 0.4787037037037037 0.48333333333333334 0.5305555555555557 0.5125 0.5305555555555558
5 0.5375 0.43333333333333346 0.5083333333333333 0.43333333333333346 0.5083333333333333 0.48425925925925944 0.5375 0.48425925925925944
4 0.42291666666666666 0.40555555555555567 0.39375 0.40555555555555567 0.39375 0.45925925925925937 0.42291666666666666 0.45925925925925937
0 0.3359375 0.5537037037037037 0.30625 0.5537037037037037 0.30625 0.6083333333333333 0.3359375 0.6083333333333333
1 0.503125 0.3712962962962964 0.4734375 0.3712962962962964 0.4734375 0.4231481481481483 0.503125 0.4231481481481483
8 0.4713541666666667 0.3240740740740742 0.4484375 0.3240740740740742 0.4484375 0.36574074074074087 0.4713541666666667 0.36574074074074087
1 0.3046875 0.08518518518518525 0.2755208333333333 0.08518518518518524 0.2755208333333333 0.1370370370370371 0.3046875 0.1370370370370371
0 0.275 0.42962962962962975 0.24583333333333332 0.42962962962962975 0.24583333333333338 0.4824074074074074 0.275 0.4824074074074074
11 0.15937500000000002 0.4148148148148148 0.12968750000000004 0.4148148148148148 0.12968750000000004 0.47129629629629627 0.15937500000000007 0.47129629629629627
5 0.4 0.662962962962963 0.3692708333333333 0.662962962962963 0.3692708333333333 0.7185185185185186 0.4 0.7185185185185186
6 0.3385416666666667 0.6574074074074074 0.30885416666666665 0.6574074074074074 0.30885416666666665 0.712037037037037 0.3385416666666667 0.712037037037037
8 0.45 0.3694444444444446 0.4276041666666667 0.3694444444444446 0.4276041666666667 0.4111111111111112 0.45 0.4111111111111112