4 0.41302083333333334 0.46944444444444455 0.3609375 0.46944444444444455 0.3609375 0.5555555555555556 0.41302083333333334 0.5555555555555556
11 0.8421875 0.3518518518518521 0.7921875 0.3518518518518521 0.7921875 0.4351851851851854 0.8421875 0.4351851851851854
3 0.615625 0.19351851851851865 0.5744791666666667 0.19351851851851862 0.5744791666666667 0.2620370370370371 0.615625 0.2620370370370371
3 0.7942708333333334 0.6324074074074076 0.7557291666666667 0.6324074074074076 0.7557291666666667 0.6962962962962965 0.7942708333333334 0.6962962962962965
7 0.7994791666666666 0.5138888888888891 0.7494791666666667 0.5138888888888891 0.7494791666666667 0.5962962962962965 0.7994791666666666 0.5962962962962965
3 0.7380208333333333 0.49166666666666686 0.6994791666666667 0.49166666666666686 0.6994791666666667 0.5555555555555558 0.7380208333333333 0.5555555555555558
2 0.56875 0.48981481481481504 0.5270833333333333 0.48981481481481504 0.5270833333333333 0.5583333333333336 0.56875 0.5583333333333336
3 0.5505208333333333 0.04722222222222233 0.509375 0.047222222222222325 0.509375 0.11574074074074085 0.5505208333333333 0.11574074074074087
6 0.4390625 0.2898148148148149 0.38645833333333335 0.2898148148148149 0.38645833333333335 0.3777777777777779 0.4390625 0.3777777777777779
2 0.509375 0.33055555555555566 0.46770833333333334 0.33055555555555566 0.46770833333333334 0.39814814814814825 0.509375 0.39814814814814825
0 0.5921875 0.8861111111111113 0.5432291666666667 0.8861111111111113 0.5432291666666667 0.9675925925925926 0.5921875 0.9675925925925926
2 0.6890625 0.7722222222222225 0.65 0.7722222222222225 0.65 0.8361111111111114 0.6890625 0.8361111111111114
1 0.8947916666666667 0.4805555555555558 0.8442708333333333 0.4805555555555558 0.8442708333333333 0.565740740740741 0.8947916666666667 0.565740740740741
12 0.5041666666666667 0.550925925925926 0.4432291666666667 0.5509259259259259 0.4432291666666667 0.6537037037037038 0.5041666666666667 0.6537037037037039
3 0.6859375 0.34259259259259267 0.6432291666666666 0.34259259259259267 0.6432291666666666 0.4148148148148149 0.6859375 0.4148148148148149
2 0.6302083333333334 0.6268518518518521 0.590625 0.6268518518518521 0.590625 0.6935185185185188 0.6302083333333334 0.6935185185185188
4 0.5625 0.8240740740740743 0.5135416666666667 0.8240740740740743 0.5135416666666667 0.9064814814814817 0.5625 0.9064814814814817
7 0.6229166666666667 0.05370370370370383 0.5708333333333333 0.05370370370370382 0.5708333333333333 0.14074074074074086 0.6229166666666667 0.1407407407407409
2 0.4401041666666667 0.1777777777777779 0.39739583333333334 0.1777777777777779 0.39739583333333334 0.24907407407407417 0.4401041666666667 0.24907407407407417
5 0.8661458333333333 0.42407407407407427 0.8171875 0.42407407407407427 0.8171875 0.5046296296296299 0.8661458333333333 0.5046296296296299
6 0.634375 0.7481481481481483 0.5848958333333333 0.7481481481481483 0.5848958333333333 0.8296296296296298 0.634375 0.8296296296296298
13 0.7630208333333334 0.24166666666666684 0.7026041666666667 0.24166666666666678 0.7026041666666667 0.34351851851851867 0.7630208333333334 0.3435185185185187
8 0.42552083333333335 0.5564814814814815 0.3848958333333333 0.5564814814814815 0.3848958333333333 0.6231481481481481 0.42552083333333335 0.6231481481481481
11 0.7255208333333333 0.046296296296296446 0.6739583333333333 0.04629629629629644 0.6739583333333333 0.13148148148148164 0.7255208333333333 0.13148148148148164
5 0.6953125 0.008333333333333479 0.6458333333333334 0.008333333333333475 0.6458333333333334 0.06574074074074089 0.6953125 0.0657407407407409
8 0.490625 0.688888888888889 0.45 0.6888888888888889 0.45 0.7564814814814815 0.490625 0.7564814814814816
10 0.3770833333333333 0.3925925925925927 0.3255208333333333 0.3925925925925927 0.3255208333333333 0.4777777777777778 0.3770833333333333 0.4777777777777778
0 0.3390625 0.3240740740740742 0.2869791666666667 0.3240740740740742 0.2869791666666667 0.4111111111111112 0.3390625 0.4111111111111112
9 0.80625 0.2851851851851854 0.7661458333333333 0.2851851851851854 0.7661458333333333 0.3518518518518521 0.80625 0.3518518518518521
10 0.5333333333333333 0.751851851851852 0.48020833333333335 0.7518518518518519 0.48020833333333335 0.8425925925925927 0.5333333333333333 0.8425925925925928
9 0.7489583333333333 0.12777777777777793 0.7088541666666667 0.12777777777777793 0.7088541666666667 0.19629629629629644 0.7489583333333333 0.19629629629629644