4 0.721875 0.6666666666666669 0.6692708333333334 0.6666666666666669 0.6692708333333334 0.7583333333333335 0.721875 0.7583333333333335
0 0.6510416666666666 0.6675925925925928 0.5979166666666667 0.6675925925925928 0.5979166666666667 0.7611111111111113 0.6510416666666666 0.7611111111111113
7 0.48802083333333335 0.35277777777777786 0.4354166666666667 0.35277777777777786 0.4354166666666667 0.44537037037037047 0.48802083333333335 0.44537037037037047
3 0.7291666666666666 0.5425925925925928 0.6833333333333333 0.5425925925925928 0.6833333333333333 0.6231481481481483 0.7291666666666666 0.6231481481481483
6 0.6447916666666667 0.7851851851851854 0.59375 0.7851851851851854 0.59375 0.8750000000000002 0.6447916666666667 0.8750000000000002
7 0.38333333333333336 0.2879629629629631 0.3307291666666667 0.2879629629629631 0.3307291666666667 0.38055555555555565 0.38333333333333336 0.38055555555555565
1 0.4973958333333333 0.21574074074074084 0.4421875 0.21574074074074084 0.4421875 0.31203703703703717 0.4973958333333333 0.31203703703703717
3 0.565625 0.8092592592592595 0.5239583333333333 0.8092592592592595 0.5239583333333334 0.8814814814814816 0.565625 0.8814814814814816
5 0.3541666666666667 0.21666666666666673 0.30052083333333335 0.21666666666666673 0.30052083333333335 0.3111111111111112 0.3541666666666667 0.3111111111111112
2 0.34010416666666665 0.36851851851851863 0.296875 0.36851851851851863 0.296875 0.44351851851851865 0.34010416666666665 0.44351851851851865
9 0.4203125 0.2212962962962964 0.3776041666666667 0.2212962962962964 0.3776041666666667 0.29722222222222233 0.4203125 0.29722222222222233
13 0.4734375 0.14444444444444454 0.4078125 0.14444444444444454 0.4078125 0.2601851851851853 0.4734375 0.2601851851851853
3 0.7588541666666667 0.6055555555555557 0.7151041666666667 0.6055555555555557 0.7151041666666667 0.6814814814814817 0.7588541666666667 0.6814814814814817
5 0.4161458333333333 0.3416666666666668 0.3619791666666667 0.3416666666666668 0.3619791666666667 0.43703703703703717 0.4161458333333333 0.43703703703703717
11 0.3932291666666667 0.16018518518518526 0.3380208333333333 0.16018518518518524 0.3380208333333333 0.25740740740740753 0.3932291666666667 0.25740740740740753
1 0.43333333333333335 0.0898148148148149 0.378125 0.08981481481481489 0.378125 0.18796296296296308 0.43333333333333335 0.18796296296296308
3 0.5984375 0.8722222222222225 0.5578125 0.8722222222222225 0.5578125 0.9416666666666669 0.5984375 0.9416666666666669
10 0.6859375 0.727777777777778 0.6328125 0.727777777777778 0.6328125 0.8212962962962965 0.6859375 0.8212962962962965
10 0.6916666666666667 0.6101851851851854 0.6395833333333333 0.6101851851851854 0.6395833333333333 0.702777777777778 0.6916666666666667 0.702777777777778
3 0.7890625 0.5444444444444446 0.7489583333333333 0.5444444444444446 0.7489583333333333 0.6157407407407409 0.7890625 0.6157407407407409
0 0.5838541666666667 0.6712962962962965 0.5322916666666667 0.6712962962962965 0.5322916666666667 0.7620370370370373 0.5838541666666667 0.7620370370370373
4 0.6234375 0.6055555555555557 0.5713541666666667 0.6055555555555557 0.5713541666666667 0.6962962962962965 0.6234375 0.6962962962962965
8 0.6598958333333333 0.5500000000000002 0.6145833333333334 0.5500000000000002 0.6145833333333334 0.6296296296296299 0.6598958333333333 0.6296296296296299
6 0.5932291666666667 0.5416666666666669 0.5369791666666667 0.5416666666666669 0.5369791666666667 0.6416666666666668 0.5932291666666667 0.6416666666666668
11 0.4578125 0.28518518518518526 0.40208333333333335 0.28518518518518526 0.40208333333333335 0.3833333333333334 0.4578125 0.3833333333333334
12 0.6166666666666667 0.728703703703704 0.5536458333333333 0.728703703703704 0.5536458333333333 0.8407407407407409 0.6166666666666667 0.8407407407407409
2 0.5010416666666667 0.09444444444444455 0.45677083333333335 0.09444444444444455 0.45677083333333335 0.17314814814814825 0.5010416666666667 0.17314814814814825
2 0.30416666666666664 0.29907407407407416 0.2598958333333333 0.29907407407407416 0.2598958333333333 0.37685185185185194 0.30416666666666664 0.37685185185185194
2 0.509375 1.0619275253717558e-16 0.4661458333333333 1.0148693381822973e-16 0.4661458333333333 0.04074074074074085 0.509375 0.04074074074074085
2 0.4713541666666667 0.029629629629629728 0.4265625 0.02962962962962972 0.4265625 0.1074074074074075 0.4713541666666667 0.1074074074074075