6 0.4375 0.26111111111111124 0.39114583333333336 0.26111111111111124 0.39114583333333336 0.338888888888889 0.4375 0.338888888888889
3 0.5901041666666667 0.10833333333333346 0.5520833333333334 0.10833333333333346 0.5520833333333334 0.1740740740740742 0.5901041666666667 0.1740740740740742
11 0.746875 0.2009259259259261 0.7005208333333334 0.2009259259259261 0.7005208333333334 0.2805555555555557 0.746875 0.2805555555555558
7 0.7546875 0.6740740740740743 0.7067708333333333 0.6740740740740743 0.7067708333333333 0.7555555555555558 0.7546875 0.7555555555555558
2 0.49375 0.338888888888889 0.45416666666666666 0.338888888888889 0.45416666666666666 0.4037037037037038 0.49375 0.4037037037037038
4 0.4317708333333333 0.7212962962962963 0.38125 0.7212962962962963 0.38125 0.812037037037037 0.4317708333333333 0.812037037037037
1 0.8432291666666667 0.7166666666666669 0.796875 0.7166666666666669 0.796875 0.7962962962962965 0.8432291666666667 0.7962962962962965
7 0.64375 0.16759259259259274 0.5973958333333333 0.1675925925925927 0.5973958333333333 0.2453703703703705 0.64375 0.2453703703703705
3 0.6244791666666667 0.263888888888889 0.584375 0.263888888888889 0.584375 0.3314814814814816 0.6244791666666667 0.3314814814814816
3 0.7177083333333333 0.7833333333333335 0.678125 0.7833333333333335 0.678125 0.8490740740740743 0.7177083333333333 0.8490740740740743
2 0.45729166666666665 0.17962962962962972 0.4192708333333333 0.17962962962962972 0.4192708333333333 0.24351851851851863 0.45729166666666665 0.24351851851851863
3 0.6880208333333333 0.6074074074074076 0.6489583333333333 0.6074074074074076 0.6489583333333333 0.6731481481481484 0.6880208333333333 0.6731481481481484
3 0.6583333333333333 0.4250000000000001 0.6182291666666667 0.4250000000000001 0.6182291666666667 0.49537037037037057 0.6583333333333333 0.49537037037037057
5 0.8328125 0.6101851851851854 0.7838541666666666 0.6101851851851854 0.7838541666666666 0.6981481481481484 0.8328125 0.6981481481481484
4 0.3546875 0.31666666666666676 0.30833333333333335 0.31666666666666676 0.30833333333333335 0.3953703703703705 0.3546875 0.3953703703703705
2 0.5598958333333334 0.6796296296296298 0.5197916666666667 0.6796296296296298 0.5197916666666667 0.7462962962962965 0.5598958333333334 0.7462962962962965
9 0.7989583333333333 0.46574074074074095 0.7604166666666666 0.46574074074074095 0.7604166666666666 0.5305555555555558 0.7989583333333333 0.5305555555555558
2 0.5859375 0.8601851851851854 0.5458333333333333 0.8601851851851854 0.5458333333333333 0.927777777777778 0.5859375 0.927777777777778
2 0.521875 0.5027777777777779 0.4828125 0.5027777777777778 0.4828125 0.5685185185185186 0.521875 0.5685185185185188
6 0.5312500000000001 0.7925925925925927 0.4817708333333333 0.7925925925925926 0.48177083333333337 0.8787037037037038 0.5312500000000001 0.8787037037037039
12 0.44895833333333335 0.5435185185185185 0.3885416666666667 0.5435185185185185 0.3885416666666667 0.6462962962962963 0.44895833333333335 0.6462962962962963
8 0.403125 0.6648148148148149 0.3640625 0.6648148148148149 0.3640625 0.7314814814814815 0.403125 0.7314814814814815
9 0.7588541666666667 0.28981481481481497 0.7208333333333333 0.2898148148148149 0.7208333333333333 0.35740740740740756 0.7588541666666667 0.3574074074074076
8 0.37864583333333335 0.5 0.33958333333333335 0.5 0.33958333333333335 0.5638888888888889 0.37864583333333335 0.5638888888888889
5 0.725 0.12407407407407423 0.6802083333333333 0.12407407407407423 0.6802083333333333 0.201851851851852 0.725 0.201851851851852
13 0.7463541666666667 0.36759259259259275 0.6901041666666666 0.3675925925925927 0.6901041666666666 0.46481481481481496 0.7463541666666667 0.464814814814815
11 0.81875 0.5314814814814817 0.76875 0.5314814814814817 0.76875 0.6203703703703706 0.81875 0.6203703703703706
1 0.7166666666666667 0.07962962962962979 0.6713541666666667 0.07962962962962979 0.6713541666666667 0.12870370370370385 0.7166666666666667 0.12870370370370385
0 0.34479166666666666 0.24444444444444455 0.2984375 0.24444444444444455 0.2984375 0.32222222222222235 0.34479166666666666 0.32222222222222235
10 0.36822916666666666 0.3953703703703705 0.31979166666666664 0.3953703703703705 0.31979166666666664 0.48148148148148145 0.36822916666666666 0.48148148148148145
10 0.44479166666666675 0.8175925925925925 0.396875 0.8175925925925925 0.39687500000000003 0.9046296296296297 0.4447916666666668 0.9046296296296297
0 0.45364583333333347 0.9074074074074074 0.40468750000000014 0.9074074074074074 0.40468750000000014 0.9935185185185185 0.45364583333333347 0.9935185185185185