9 0.7145833333333333 0.3851851851851853 0.6770833333333334 0.3851851851851853 0.6770833333333334 0.45740740740740754 0.7145833333333333 0.45740740740740754
5 0.7333333333333333 0.5750000000000002 0.6932291666666667 0.5750000000000002 0.6932291666666667 0.6574074074074077 0.7333333333333333 0.6574074074074077
7 0.6536458333333334 0.7796296296296299 0.6140625 0.7796296296296299 0.6140625 0.8629629629629632 0.6536458333333334 0.8629629629629632
1 0.325 0.40555555555555567 0.28489583333333335 0.40555555555555567 0.28489583333333335 0.48518518518518516 0.325 0.48518518518518516
8 0.42552083333333335 0.5611111111111111 0.39114583333333336 0.5611111111111111 0.39114583333333336 0.6314814814814815 0.42552083333333335 0.6314814814814815
1 0.6609375 0.29722222222222233 0.6161458333333333 0.29722222222222233 0.6161458333333333 0.38055555555555565 0.6609375 0.38055555555555565
11 0.4010416666666667 0.18148148148148155 0.3609375 0.18148148148148152 0.3609375 0.2620370370370371 0.4010416666666667 0.2620370370370371
13 0.715625 0.2722222222222223 0.6640625 0.2722222222222223 0.6640625 0.37222222222222234 0.715625 0.37222222222222234
2 0.540625 0.7314814814814817 0.5088541666666667 0.7314814814814817 0.5088541666666667 0.8000000000000002 0.540625 0.8000000000000002
3 0.5119791666666667 0.438888888888889 0.48020833333333335 0.438888888888889 0.48020833333333335 0.5074074074074075 0.5119791666666667 0.5074074074074076
5 0.6213541666666667 0.4000000000000001 0.5791666666666667 0.4000000000000001 0.5791666666666667 0.4861111111111113 0.6213541666666667 0.4861111111111113
2 0.6880208333333333 0.6851851851851853 0.6572916666666667 0.6851851851851853 0.6572916666666667 0.7518518518518521 0.6880208333333333 0.7518518518518521
11 0.4239583333333333 0.4666666666666668 0.38333333333333336 0.4666666666666668 0.38333333333333336 0.55 0.4239583333333333 0.55
3 0.5494791666666666 0.23796296296296307 0.5182291666666666 0.23796296296296307 0.5182291666666666 0.30555555555555564 0.5494791666666666 0.30555555555555564
6 0.43854166666666666 0.6574074074074074 0.3984375 0.6574074074074074 0.3984375 0.7388888888888889 0.43854166666666666 0.7388888888888889
4 0.5833333333333334 0.5138888888888891 0.5421875 0.5138888888888891 0.5421875 0.5962962962962965 0.5833333333333334 0.5962962962962965
7 0.34427083333333336 0.674074074074074 0.30416666666666664 0.674074074074074 0.30416666666666664 0.7592592592592593 0.34427083333333336 0.7592592592592593
0 0.415625 0.3648148148148149 0.37604166666666666 0.3648148148148149 0.37604166666666666 0.44814814814814824 0.415625 0.44814814814814824
2 0.6494791666666667 0.21111111111111128 0.6182291666666667 0.21111111111111128 0.6182291666666667 0.2703703703703705 0.6494791666666667 0.2703703703703705
3 0.6229166666666667 0.5083333333333335 0.590625 0.5083333333333335 0.590625 0.5750000000000002 0.6229166666666667 0.5750000000000002
3 0.5869791666666667 0.7129629629629631 0.55625 0.7129629629629631 0.55625 0.7796296296296299 0.5869791666666667 0.7796296296296299
4 0.4505208333333333 0.7518518518518519 0.40989583333333335 0.7518518518518519 0.40989583333333335 0.8333333333333334 0.4505208333333333 0.8333333333333334
9 0.7234375 0.4787037037037039 0.6916666666666667 0.4787037037037039 0.6916666666666667 0.5444444444444446 0.7234375 0.5444444444444446
8 0.31875 0.49907407407407406 0.28802083333333334 0.49907407407407406 0.28802083333333334 0.5685185185185185 0.31875 0.5685185185185185
2 0.6416666666666667 0.11388888888888903 0.6098958333333333 0.11388888888888903 0.6098958333333333 0.18055555555555572 0.6416666666666667 0.18055555555555572
12 0.33958333333333335 0.5768518518518518 0.2911458333333333 0.5768518518518518 0.2911458333333333 0.6768518518518518 0.33958333333333335 0.6768518518518518
3 0.5588541666666667 0.3296296296296297 0.5270833333333333 0.3296296296296297 0.5270833333333333 0.3990740740740742 0.5588541666666667 0.3990740740740742
10 0.7630208333333334 0.35740740740740756 0.7229166666666667 0.3574074074074075 0.7229166666666667 0.439814814814815 0.7630208333333334 0.43981481481481505
6 0.54375 0.033333333333333444 0.49947916666666664 0.03333333333333344 0.49947916666666664 0.11296296296296307 0.54375 0.11296296296296307
10 0.37447916666666664 0.4824074074074074 0.3338541666666667 0.4824074074074074 0.3338541666666667 0.5555555555555556 0.37447916666666664 0.5555555555555556
0 0.6786458333333333 0.48333333333333356 0.6328125 0.48333333333333356 0.6328125 0.5611111111111113 0.6786458333333333 0.5611111111111113
2 0.5104166666666666 0.3490740740740742 0.4739583333333333 0.3490740740740742 0.4739583333333333 0.41574074074074086 0.5104166666666666 0.41574074074074086