0 0.31822916666666673 0.8055555555555556 0.28177083333333336 0.8055555555555556 0.2817708333333334 0.8629629629629629 0.3182291666666668 0.8629629629629629
4 0.6765625 0.8222222222222224 0.6390625 0.8222222222222224 0.6390625 0.8787037037037039 0.6765625 0.8787037037037039
4 0.421875 0.8 0.3854166666666667 0.8 0.3854166666666667 0.8583333333333333 0.421875 0.8583333333333333
13 0.5348958333333333 0.1787037037037038 0.4942708333333333 0.1787037037037038 0.4942708333333333 0.24166666666666678 0.5348958333333333 0.24166666666666678
3 0.6223958333333334 0.3435185185185186 0.5932291666666667 0.3435185185185186 0.5932291666666667 0.38611111111111124 0.6223958333333334 0.38611111111111124
7 0.6713541666666667 0.2777777777777779 0.6354166666666666 0.2777777777777779 0.6354166666666666 0.33055555555555566 0.6713541666666667 0.33055555555555566
3 0.42239583333333336 0.33240740740740754 0.3927083333333333 0.33240740740740754 0.3927083333333333 0.37407407407407417 0.42239583333333336 0.37407407407407417
5 0.671875 0.13148148148148164 0.6348958333333333 0.13148148148148164 0.6348958333333333 0.18425925925925943 0.671875 0.18425925925925943
6 0.3625 0.6435185185185185 0.3260416666666667 0.6435185185185185 0.3260416666666667 0.6981481481481482 0.3625 0.6981481481481482
11 0.6244791666666667 0.12407407407407421 0.5895833333333333 0.12407407407407418 0.5895833333333333 0.17592592592592607 0.6244791666666667 0.1759259259259261
2 0.5208333333333334 0.5796296296296298 0.4890625 0.5796296296296298 0.4890625 0.6240740740740743 0.5208333333333334 0.6240740740740743
2 0.6208333333333333 0.5796296296296298 0.5901041666666667 0.5796296296296298 0.5901041666666667 0.6240740740740743 0.6208333333333333 0.6240740740740743
3 0.5239583333333333 0.3296296296296297 0.49635416666666665 0.3296296296296297 0.49635416666666665 0.37314814814814823 0.5239583333333333 0.37314814814814823
7 0.3765625 0.24907407407407417 0.3421875 0.24907407407407417 0.3421875 0.30092592592592604 0.3765625 0.30092592592592604
3 0.7177083333333333 0.3472222222222223 0.6885416666666667 0.3472222222222223 0.6885416666666667 0.388888888888889 0.7177083333333333 0.388888888888889
3 0.3296875 0.33240740740740754 0.30104166666666665 0.33240740740740754 0.30104166666666665 0.37314814814814823 0.3296875 0.37314814814814823
2 0.3151041666666667 0.562962962962963 0.28541666666666665 0.562962962962963 0.28541666666666665 0.6064814814814815 0.3151041666666667 0.6064814814814815
2 0.7203125 0.5870370370370372 0.6901041666666666 0.5870370370370372 0.6901041666666666 0.6296296296296299 0.7203125 0.6296296296296299
1 0.33645833333333336 0.12222222222222227 0.3015625 0.12222222222222227 0.3015625 0.1731481481481482 0.33645833333333336 0.1731481481481482
1 0.7140625 0.12500000000000017 0.6796875 0.12500000000000017 0.6796875 0.17870370370370386 0.7140625 0.17870370370370386
11 0.4322916666666667 0.10648148148148158 0.396875 0.10648148148148157 0.396875 0.15833333333333344 0.4322916666666667 0.15833333333333344
2 0.4166666666666667 0.5638888888888889 0.38645833333333335 0.5638888888888889 0.38645833333333335 0.6083333333333333 0.4166666666666667 0.6083333333333333
12 0.51875 0.7296296296296297 0.4734375 0.7296296296296296 0.4734375 0.7981481481481483 0.51875 0.7981481481481484
10 0.3692708333333333 0.7972222222222223 0.3328125 0.7972222222222223 0.3328125 0.8555555555555555 0.3692708333333333 0.8555555555555555
6 0.6796875 0.6592592592592594 0.64375 0.6592592592592594 0.64375 0.7157407407407409 0.6796875 0.7157407407407409
9 0.5729166666666666 0.12685185185185197 0.5442708333333334 0.12685185185185197 0.5442708333333334 0.16666666666666677 0.5729166666666666 0.16666666666666677
5 0.38958333333333334 0.1148148148148149 0.3546875 0.1148148148148149 0.3546875 0.1648148148148149 0.38958333333333334 0.16481481481481491
0 0.7229166666666667 0.8185185185185188 0.6848958333333334 0.8185185185185188 0.6848958333333334 0.8787037037037039 0.7229166666666667 0.8787037037037039
9 0.47291666666666665 0.113888888888889 0.44375 0.113888888888889 0.44375 0.15462962962962973 0.47291666666666665 0.15462962962962973
8 0.46041666666666675 0.8268518518518518 0.4322916666666667 0.8268518518518518 0.43229166666666674 0.8731481481481481 0.4604166666666668 0.8731481481481481
8 0.5619791666666667 0.8268518518518521 0.5333333333333333 0.8268518518518521 0.5333333333333333 0.8712962962962965 0.5619791666666667 0.8712962962962965
10 0.6197916666666666 0.815740740740741 0.5854166666666667 0.815740740740741 0.5854166666666667 0.8759259259259261 0.6197916666666666 0.8759259259259261