0 0.715625 0.7694444444444447 0.6802083333333333 0.7694444444444447 0.6802083333333333 0.8407407407407409 0.715625 0.8407407407407409
4 0.4322916666666667 0.6861111111111111 0.39479166666666665 0.6861111111111111 0.39479166666666665 0.7583333333333333 0.4322916666666667 0.7583333333333333
3 0.640625 0.2777777777777779 0.6140625 0.2777777777777779 0.6140625 0.3351851851851853 0.640625 0.3351851851851853
7 0.6953125 0.22870370370370385 0.659375 0.22870370370370385 0.659375 0.2981481481481483 0.6953125 0.2981481481481483
7 0.39739583333333334 0.11111111111111119 0.35625 0.11111111111111119 0.35625 0.1833333333333334 0.39739583333333334 0.18333333333333343
4 0.6713541666666667 0.7620370370370373 0.6380208333333334 0.7620370370370373 0.6380208333333334 0.8333333333333336 0.6713541666666667 0.8333333333333336
11 0.6520833333333333 0.07962962962962976 0.6197916666666666 0.07962962962962976 0.6197916666666666 0.11759259259259272 0.6520833333333333 0.11759259259259272
3 0.546875 0.24351851851851863 0.5197916666666667 0.24351851851851863 0.5197916666666667 0.30092592592592604 0.546875 0.30092592592592604
1 0.7390625 0.09907407407407423 0.7072916666666667 0.09907407407407423 0.7072916666666667 0.15000000000000016 0.7390625 0.15000000000000016
3 0.7338541666666667 0.3083333333333335 0.7088541666666667 0.30833333333333346 0.7088541666666667 0.36759259259259275 0.7338541666666667 0.3675925925925928
2 0.5348958333333333 0.4962962962962965 0.5078125 0.4962962962962965 0.5078125 0.5546296296296298 0.5348958333333333 0.5546296296296298
2 0.6317708333333333 0.5203703703703706 0.6026041666666667 0.5203703703703706 0.6026041666666667 0.5814814814814817 0.6317708333333333 0.5814814814814817
2 0.7265625 0.5537037037037039 0.7005208333333334 0.5537037037037039 0.7005208333333334 0.6101851851851854 0.7265625 0.6101851851851854
6 0.6864583333333333 0.6055555555555557 0.6489583333333333 0.6055555555555557 0.6489583333333333 0.6814814814814817 0.6864583333333333 0.6814814814814817
6 0.3734375 0.524074074074074 0.3359375 0.524074074074074 0.3359375 0.5981481481481481 0.3734375 0.5981481481481481
3 0.3380208333333333 0.18888888888888894 0.309375 0.18888888888888894 0.309375 0.24814814814814826 0.3380208333333333 0.24814814814814826
3 0.44166666666666665 0.2175925925925927 0.41354166666666664 0.2175925925925927 0.41354166666666664 0.275925925925926 0.44166666666666665 0.275925925925926
2 0.3234375 0.43333333333333346 0.29583333333333334 0.43333333333333346 0.29583333333333334 0.49074074074074076 0.3234375 0.49074074074074076
2 0.4296875 0.4583333333333334 0.40208333333333335 0.4583333333333334 0.40208333333333335 0.5157407407407407 0.4296875 0.5157407407407407
13 0.5625 0.07777777777777789 0.5213541666666667 0.07777777777777788 0.5213541666666667 0.1611111111111112 0.5625 0.1611111111111112
12 0.5270833333333333 0.6324074074074076 0.48385416666666664 0.6324074074074076 0.48385416666666664 0.7231481481481483 0.5270833333333333 0.7231481481481483
8 0.5666666666666667 0.7444444444444447 0.5375 0.7444444444444447 0.5375 0.802777777777778 0.5666666666666667 0.802777777777778
10 0.3776041666666667 0.6768518518518518 0.3411458333333333 0.6768518518518518 0.3411458333333333 0.7472222222222222 0.3776041666666667 0.7472222222222222
8 0.4713541666666667 0.7268518518518519 0.44375 0.7268518518518519 0.44375 0.7851851851851852 0.4713541666666667 0.7851851851851852
9 0.5994791666666667 0.06851851851851865 0.5734375 0.06851851851851865 0.5734375 0.10000000000000013 0.5994791666666667 0.10000000000000013
0 0.325 0.675 0.28854166666666664 0.675 0.28854166666666664 0.7490740740740741 0.325 0.7490740740740741
10 0.6239583333333333 0.7453703703703706 0.5854166666666667 0.7453703703703706 0.5854166666666667 0.8185185185185188 0.6239583333333333 0.8185185185185188
5 0.7005208333333334 0.08888888888888903 0.6630208333333333 0.08888888888888902 0.6630208333333333 0.1472222222222224 0.7005208333333334 0.1472222222222224