7 0.3536458333333333 0.7101851851851851 0.3098958333333333 0.7101851851851851 0.3098958333333333 0.7888888888888889 0.3536458333333333 0.7888888888888889
5 0.4354166666666667 0.04259259259259268 0.39427083333333335 0.04259259259259268 0.39427083333333335 0.11388888888888898 0.4354166666666667 0.113888888888889
6 0.6166666666666667 0.44722222222222235 0.5739583333333333 0.44722222222222235 0.5739583333333333 0.5250000000000002 0.6166666666666667 0.5250000000000002
9 0.5239583333333333 0.10185185185185196 0.49114583333333334 0.10185185185185196 0.49114583333333334 0.15833333333333344 0.5239583333333333 0.15833333333333344
2 0.5046875 0.4805555555555557 0.4703125 0.48055555555555557 0.4703125 0.5416666666666667 0.5046875 0.5416666666666669
3 0.34375 0.2157407407407408 0.3109375 0.2157407407407408 0.3109375 0.27314814814814825 0.34375 0.27314814814814825
12 0.4432291666666667 0.5814814814814815 0.390625 0.5814814814814815 0.390625 0.6768518518518518 0.4432291666666667 0.6768518518518518
2 0.5807291666666666 0.6138888888888892 0.5473958333333333 0.6138888888888892 0.5473958333333333 0.6759259259259262 0.5807291666666666 0.6759259259259262
0 0.2598958333333334 0.637962962962963 0.21666666666666673 0.637962962962963 0.21666666666666673 0.7157407407407408 0.2598958333333334 0.7157407407407408
3 0.5739583333333333 0.36851851851851863 0.5411458333333333 0.36851851851851863 0.5411458333333333 0.426851851851852 0.5739583333333333 0.426851851851852
0 0.6401041666666667 0.8768518518518521 0.5963541666666666 0.8768518518518521 0.5963541666666666 0.9546296296296296 0.6401041666666667 0.9546296296296296
3 0.528125 0.3333333333333334 0.4947916666666667 0.3333333333333334 0.4947916666666667 0.3925925925925927 0.528125 0.3925925925925927
2 0.39114583333333336 0.5027777777777778 0.3572916666666667 0.5027777777777778 0.3572916666666667 0.5638888888888889 0.39114583333333336 0.5638888888888889
3 0.6708333333333333 0.426851851851852 0.6385416666666667 0.426851851851852 0.6385416666666667 0.48425925925925944 0.6708333333333333 0.48425925925925944
7 0.6213541666666667 0.7111111111111114 0.578125 0.7111111111111114 0.578125 0.7888888888888891 0.6213541666666667 0.7888888888888891
4 0.4911458333333334 0.8000000000000002 0.4473958333333333 0.8 0.4473958333333334 0.8777777777777779 0.49114583333333345 0.877777777777778
11 0.6567708333333333 0.176851851851852 0.6171875 0.176851851851852 0.6171875 0.24722222222222232 0.6567708333333333 0.24722222222222232
3 0.4359375 0.28055555555555567 0.40260416666666665 0.28055555555555567 0.40260416666666665 0.3398148148148149 0.4359375 0.3398148148148149
9 0.6109375 0.15462962962962976 0.5791666666666667 0.15462962962962973 0.5791666666666667 0.2092592592592594 0.6109375 0.20925925925925942
8 0.5114583333333333 0.7324074074074075 0.47708333333333336 0.7324074074074074 0.47708333333333336 0.7925925925925927 0.5114583333333333 0.7925925925925928
8 0.46145833333333336 0.7092592592592593 0.42604166666666665 0.7092592592592593 0.42604166666666665 0.7694444444444445 0.46145833333333336 0.7694444444444445
2 0.3026041666666667 0.43796296296296305 0.26875 0.43796296296296305 0.26875 0.49722222222222223 0.3026041666666667 0.49722222222222223
5 0.6447916666666667 0.31666666666666676 0.6026041666666667 0.31666666666666676 0.6026041666666667 0.3916666666666668 0.6447916666666667 0.3916666666666668
2 0.6875 0.5953703703703705 0.653125 0.5953703703703705 0.653125 0.6564814814814817 0.6875 0.6564814814814817
10 0.4744791666666667 0.3750000000000001 0.4322916666666667 0.3750000000000001 0.4322916666666667 0.4500000000000001 0.4744791666666667 0.4500000000000001
6 0.334375 0.5305555555555556 0.2921875 0.5305555555555556 0.2921875 0.6055555555555555 0.334375 0.6055555555555555
4 0.3875 0.5601851851851852 0.34427083333333336 0.5601851851851852 0.34427083333333336 0.6370370370370371 0.3875 0.6370370370370371
1 0.4166666666666667 0.16666666666666677 0.375 0.16666666666666677 0.375 0.23888888888888898 0.4166666666666667 0.23888888888888898
10 0.4703125 0.12870370370370382 0.42916666666666664 0.12870370370370382 0.42916666666666664 0.2000000000000001 0.4703125 0.2000000000000001
13 0.5973958333333333 0.27685185185185196 0.5473958333333333 0.27685185185185196 0.5473958333333333 0.36666666666666675 0.5973958333333333 0.36666666666666675
1 0.69375 0.2750000000000001 0.6536458333333334 0.2750000000000001 0.6536458333333334 0.3462962962962964 0.69375 0.3462962962962964
11 0.4265625 0.33055555555555566 0.3807291666666667 0.33055555555555566 0.3807291666666667 0.4092592592592594 0.4265625 0.4092592592592594