7 0.7005208333333334 0.5703703703703705 0.6510416666666666 0.5703703703703705 0.6510416666666666 0.6592592592592594 0.7005208333333334 0.6592592592592594
8 0.38697916666666665 0.05740740740740748 0.3489583333333333 0.05740740740740748 0.3489583333333333 0.125925925925926 0.38697916666666665 0.12592592592592602
7 0.37395833333333334 0.7157407407407408 0.32760416666666664 0.7157407407407408 0.32760416666666664 0.8 0.37395833333333334 0.8
2 0.37395833333333334 0.36296296296296304 0.33541666666666664 0.36296296296296304 0.33541666666666664 0.43425925925925934 0.37395833333333334 0.43425925925925934
2 0.5921875 0.25462962962962976 0.5526041666666667 0.25462962962962976 0.5526041666666667 0.325925925925926 0.5921875 0.325925925925926
3 0.31197916666666664 0.6509259259259259 0.2760416666666667 0.6509259259259259 0.2760416666666667 0.7175925925925926 0.31197916666666664 0.7175925925925926
3 0.6296875 0.527777777777778 0.5895833333333333 0.527777777777778 0.5895833333333333 0.6009259259259261 0.6296875 0.6009259259259261
2 0.2708333333333333 0.40740740740740744 0.234375 0.4074074074074074 0.23437500000000003 0.475 0.2708333333333333 0.475
4 0.35 0.09537037037037044 0.3020833333333333 0.09537037037037042 0.3020833333333333 0.18425925925925932 0.35 0.18425925925925932
2 0.48072916666666665 0.29907407407407416 0.4427083333333333 0.29907407407407416 0.4427083333333333 0.3694444444444446 0.48072916666666665 0.3694444444444446
12 0.4588541666666667 0.11388888888888898 0.4 0.11388888888888897 0.4 0.21944444444444455 0.4588541666666667 0.21944444444444455
2 0.7072916666666667 0.201851851851852 0.6671875 0.201851851851852 0.6671875 0.2740740740740742 0.7072916666666667 0.2740740740740742
3 0.5229166666666667 0.5787037037037039 0.48489583333333336 0.5787037037037039 0.48489583333333336 0.6509259259259261 0.5229166666666667 0.6509259259259261
1 0.3526041666666668 0.8787037037037037 0.3093750000000001 0.8787037037037037 0.3093750000000001 0.9592592592592593 0.3526041666666668 0.9592592592592593
0 0.24583333333333332 0.13611111111111115 0.2 0.13611111111111115 0.2 0.2194444444444445 0.24583333333333332 0.2194444444444445
3 0.7395833333333334 0.4824074074074076 0.7020833333333333 0.4824074074074076 0.7020833333333333 0.552777777777778 0.7395833333333334 0.552777777777778
3 0.41354166666666664 0.6157407407407407 0.37552083333333336 0.6157407407407407 0.37552083333333336 0.6851851851851852 0.41354166666666664 0.6851851851851852
8 0.4901041666666667 0.012962962962963065 0.4515625 0.012962962962963061 0.4515625 0.08333333333333344 0.4901041666666667 0.08333333333333344
5 0.4109375000000001 0.8694444444444445 0.36562500000000014 0.8694444444444445 0.36562500000000014 0.9518518518518518 0.4109375000000001 0.9518518518518518
10 0.29635416666666664 0.12222222222222227 0.25 0.12222222222222227 0.25 0.2083333333333334 0.29635416666666664 0.2083333333333334
10 0.559375 1.1571778319721054e-16 0.5036458333333333 1.0965124581254543e-16 0.5036458333333333 0.06851851851851863 0.559375 0.06851851851851865
4 0.6177083333333333 1.28758003743687e-16 0.5651041666666666 1.2303164602545168e-16 0.5651041666666666 0.03518518518518531 0.6177083333333333 0.03518518518518532
0 0.6708333333333333 1.4015402256908596e-16 0.6166666666666667 1.3425757501763575e-16 0.6166666666666667 0.018518518518518656 0.6708333333333333 0.018518518518518663
11 0.45833333333333337 0.8583333333333333 0.409375 0.8583333333333333 0.40937500000000004 0.9416666666666667 0.4583333333333334 0.9416666666666667
9 0.4989583333333334 0.851851851851852 0.4588541666666667 0.8518518518518519 0.45885416666666673 0.9212962962962964 0.49895833333333345 0.9212962962962965
9 0.6078125 0.8037037037037039 0.5682291666666667 0.8037037037037039 0.5682291666666667 0.8731481481481483 0.6078125 0.8731481481481483
13 0.5640625 0.7296296296296299 0.4984375 0.7296296296296299 0.4984375 0.8379629629629631 0.5640625 0.8379629629629631
11 0.6729166666666667 0.777777777777778 0.6197916666666666 0.777777777777778 0.6197916666666666 0.864814814814815 0.6729166666666667 0.864814814814815
5 0.7239583333333334 0.7490740740740743 0.6744791666666666 0.7490740740740743 0.6744791666666666 0.8333333333333336 0.7239583333333334 0.8333333333333336
1 0.7765625 0.7361111111111113 0.725 0.7361111111111113 0.725 0.8324074074074076 0.7765625 0.8324074074074076
6 0.3109375 0.288888888888889 0.26197916666666665 0.288888888888889 0.26197916666666665 0.37314814814814823 0.3109375 0.37314814814814823
6 0.6489583333333333 0.1277777777777779 0.596875 0.12777777777777788 0.596875 0.21944444444444458 0.6489583333333333 0.2194444444444446