7 0.38645833333333335 0.3314814814814816 0.3515625 0.3314814814814816 0.3515625 0.3953703703703705 0.38645833333333335 0.3953703703703705
6 0.6078125 0.29722222222222233 0.5703125 0.29722222222222233 0.5703125 0.363888888888889 0.6078125 0.363888888888889
10 0.6114583333333333 0.4750000000000002 0.5744791666666667 0.4750000000000002 0.5744791666666667 0.5435185185185187 0.6114583333333333 0.5435185185185187
4 0.6536458333333334 0.19629629629629644 0.6171875 0.19629629629629644 0.6171875 0.263888888888889 0.6536458333333334 0.263888888888889
4 0.65625 0.5638888888888891 0.6192708333333333 0.5638888888888891 0.6192708333333333 0.6296296296296299 0.65625 0.6296296296296299
13 0.34791666666666665 0.42037037037037045 0.30572916666666666 0.42037037037037045 0.30572916666666666 0.4981481481481482 0.34791666666666665 0.4981481481481482
0 0.6067708333333334 0.20740740740740754 0.5703125 0.2074074074074075 0.5703125 0.275925925925926 0.6067708333333334 0.275925925925926
6 0.6088541666666667 0.5703703703703705 0.5723958333333333 0.5703703703703705 0.5723958333333333 0.6379629629629632 0.6088541666666667 0.6379629629629632
1 0.3875 0.4175925925925927 0.353125 0.4175925925925927 0.353125 0.4824074074074074 0.3875 0.4824074074074074
11 0.346875 0.5962962962962963 0.31302083333333336 0.5962962962962963 0.31302083333333336 0.6592592592592592 0.346875 0.6592592592592592
7 0.39114583333333336 0.6796296296296296 0.35625 0.6796296296296296 0.35625 0.7435185185185185 0.39114583333333336 0.7435185185185185
12 0.6583333333333333 0.363888888888889 0.6130208333333333 0.363888888888889 0.6130208333333333 0.44722222222222235 0.6583333333333333 0.44722222222222235
9 0.3416666666666667 0.34444444444444455 0.31354166666666666 0.34444444444444455 0.31354166666666666 0.39814814814814825 0.3416666666666667 0.39814814814814825
3 0.4234375 0.4185185185185186 0.3953125 0.4185185185185186 0.3953125 0.46944444444444455 0.4234375 0.46944444444444455
9 0.34427083333333336 0.5185185185185185 0.3171875 0.5185185185185185 0.3171875 0.5703703703703704 0.34427083333333336 0.5703703703703704
10 0.6078125 0.38425925925925936 0.5713541666666667 0.38425925925925936 0.5713541666666667 0.45370370370370383 0.6078125 0.45370370370370383
2 0.5604166666666667 0.5833333333333336 0.53125 0.5833333333333336 0.53125 0.6361111111111113 0.5604166666666667 0.6361111111111113
3 0.4239583333333333 0.2425925925925927 0.3963541666666667 0.2425925925925927 0.3963541666666667 0.29444444444444456 0.4239583333333333 0.29444444444444456
3 0.4239583333333333 0.3277777777777779 0.3958333333333333 0.3277777777777779 0.3958333333333333 0.37962962962962976 0.4239583333333333 0.37962962962962976
8 0.6520833333333333 0.2925925925925927 0.6223958333333334 0.2925925925925927 0.6223958333333334 0.34444444444444455 0.6520833333333333 0.34444444444444455
11 0.3885416666666667 0.5092592592592593 0.3536458333333333 0.5092592592592593 0.3536458333333333 0.5731481481481482 0.3885416666666667 0.5731481481481482
2 0.5583333333333333 0.4000000000000001 0.5296875 0.4000000000000001 0.5296875 0.45370370370370383 0.5583333333333333 0.45370370370370383
2 0.5619791666666667 0.4962962962962965 0.5328125 0.4962962962962965 0.5328125 0.5481481481481484 0.5619791666666667 0.5481481481481484
3 0.4265625 0.5981481481481481 0.3984375 0.5981481481481481 0.3984375 0.6509259259259259 0.4265625 0.6509259259259259
2 0.5557291666666667 0.21481481481481493 0.5260416666666666 0.21481481481481493 0.5260416666666666 0.2675925925925927 0.5557291666666667 0.2675925925925927
3 0.428125 0.5046296296296297 0.4 0.5046296296296297 0.4 0.5546296296296296 0.428125 0.5546296296296296
8 0.6494791666666667 0.4722222222222223 0.6203125 0.4722222222222223 0.6203125 0.5250000000000002 0.6494791666666667 0.5250000000000002
1 0.390625 0.5898148148148148 0.35625 0.5898148148148148 0.35625 0.6527777777777778 0.390625 0.6527777777777778
2 0.559375 0.30555555555555564 0.5302083333333333 0.30555555555555564 0.5302083333333333 0.35833333333333345 0.559375 0.35833333333333345
5 0.3484375 0.6824074074074075 0.3140625 0.6824074074074075 0.3140625 0.7453703703703703 0.3484375 0.7453703703703703
0 0.6546875 0.6537037037037039 0.6182291666666667 0.6537037037037039 0.6182291666666667 0.7203703703703705 0.6546875 0.7203703703703705
5 0.3458333333333333 0.24814814814814826 0.31145833333333334 0.24814814814814826 0.31145833333333334 0.31203703703703717 0.3458333333333333 0.31203703703703717