6 0.6234375 0.689814814814815 0.5770833333333333 0.689814814814815 0.5770833333333333 0.7638888888888891 0.6234375 0.7638888888888891
3 0.4682291666666668 0.8666666666666667 0.43020833333333347 0.8666666666666667 0.43020833333333347 0.9277777777777778 0.4682291666666668 0.9277777777777778
11 0.31666666666666665 0.7722222222222223 0.2703125 0.7722222222222223 0.2703125 0.8472222222222222 0.31666666666666665 0.8472222222222222
7 0.2947916666666667 0.29907407407407416 0.24635416666666668 0.29907407407407416 0.24635416666666668 0.3750000000000001 0.2947916666666667 0.3750000000000001
2 0.5583333333333333 0.6296296296296299 0.51875 0.6296296296296299 0.51875 0.689814814814815 0.5583333333333333 0.689814814814815
4 0.6182291666666667 0.21759259259259273 0.5677083333333334 0.2175925925925927 0.5677083333333334 0.30277777777777787 0.6182291666666667 0.30277777777777787
1 0.20364583333333333 0.26481481481481484 0.15677083333333333 0.26481481481481484 0.15677083333333333 0.34074074074074073 0.20364583333333333 0.34074074074074073
7 0.4208333333333334 0.8 0.37447916666666664 0.8 0.37447916666666675 0.8722222222222222 0.42083333333333345 0.8722222222222222
3 0.43125 0.712037037037037 0.390625 0.712037037037037 0.390625 0.775 0.43125 0.775
3 0.31979166666666664 0.20277777777777783 0.28020833333333334 0.20277777777777783 0.28020833333333334 0.263888888888889 0.31979166666666664 0.263888888888889
2 0.5984375 0.7870370370370372 0.5604166666666667 0.7870370370370372 0.5604166666666667 0.8462962962962965 0.5984375 0.8462962962962965
3 0.35520833333333335 0.37685185185185194 0.315625 0.37685185185185194 0.315625 0.43796296296296305 0.35520833333333335 0.43796296296296305
3 0.39166666666666666 0.5509259259259259 0.35208333333333336 0.5509259259259259 0.35208333333333336 0.6175925925925926 0.39166666666666666 0.6175925925925926
5 0.2197916666666667 0.36203703703703705 0.17083333333333334 0.36203703703703705 0.17083333333333336 0.44537037037037036 0.21979166666666672 0.44537037037037036
4 0.7046875 0.627777777777778 0.6578125 0.627777777777778 0.6578125 0.7009259259259262 0.7046875 0.7009259259259262
2 0.48125 0.2935185185185186 0.44114583333333335 0.2935185185185186 0.44114583333333335 0.3555555555555557 0.48125 0.3555555555555557
9 0.24843750000000006 0.5268518518518519 0.2098958333333334 0.5268518518518519 0.2098958333333334 0.5879629629629629 0.24843750000000006 0.5879629629629629
2 0.44895833333333335 0.11388888888888898 0.409375 0.11388888888888897 0.409375 0.17685185185185195 0.44895833333333335 0.17685185185185195
2 0.5244791666666667 0.46759259259259267 0.48541666666666666 0.46759259259259267 0.48541666666666666 0.5287037037037039 0.5244791666666667 0.5287037037037039
6 0.515625 0.15925925925925938 0.4661458333333333 0.15925925925925938 0.4661458333333333 0.23981481481481493 0.515625 0.23981481481481493
12 0.6161458333333333 0.3851851851851853 0.5557291666666667 0.3851851851851853 0.5557291666666667 0.4814814814814817 0.6161458333333333 0.4814814814814817
8 0.6380208333333334 0.2962962962962964 0.5984375 0.2962962962962964 0.5984375 0.35833333333333345 0.6380208333333334 0.35833333333333345
9 0.29375 0.6972222222222222 0.25572916666666673 0.6972222222222222 0.25572916666666673 0.7601851851851852 0.29375 0.7601851851851852
8 0.6671875 0.4611111111111112 0.628125 0.4611111111111112 0.628125 0.5203703703703706 0.6671875 0.5203703703703706
5 0.33906250000000004 0.8490740740740741 0.2942708333333333 0.8490740740740741 0.29427083333333337 0.9222222222222223 0.3390625000000001 0.9222222222222223
13 0.32135416666666666 0.5888888888888889 0.26510416666666675 0.5888888888888889 0.26510416666666675 0.6805555555555556 0.32135416666666666 0.6805555555555556
11 0.2369791666666667 0.4398148148148148 0.18697916666666672 0.4398148148148148 0.18697916666666672 0.5231481481481481 0.2369791666666667 0.5231481481481481
1 0.35052083333333345 0.9222222222222223 0.3046875000000001 0.9222222222222223 0.3046875000000001 0.9861111111111112 0.35052083333333345 0.9861111111111112
0 0.7166666666666667 0.6990740740740743 0.6703125 0.6990740740740743 0.6703125 0.7731481481481484 0.7166666666666667 0.7731481481481484
10 0.690625 0.5425925925925928 0.6416666666666667 0.5425925925925928 0.6416666666666667 0.6231481481481483 0.690625 0.6231481481481483
10 0.5994791666666667 0.1250000000000001 0.5515625 0.1250000000000001 0.5515625 0.20833333333333343 0.5994791666666667 0.20833333333333343
0 0.5885416666666666 0.03796296296296309 0.5395833333333333 0.03796296296296308 0.5395833333333333 0.11851851851851862 0.5885416666666666 0.11851851851851862