5 0.5697916666666667 0.06018518518518531 0.5265625 0.06018518518518529 0.5265625 0.13333333333333344 0.5697916666666667 0.13333333333333344
7 0.5927083333333333 0.1250000000000001 0.5489583333333333 0.1250000000000001 0.5489583333333333 0.19814814814814824 0.5927083333333333 0.19814814814814824
5 0.35625 0.23981481481481493 0.31197916666666664 0.23981481481481493 0.31197916666666664 0.31666666666666676 0.35625 0.31666666666666676
11 0.528125 0.09351851851851863 0.484375 0.09351851851851863 0.484375 0.1675925925925927 0.528125 0.1675925925925927
1 0.5494791666666666 0.16296296296296306 0.5057291666666667 0.16296296296296306 0.5057291666666667 0.23703703703703713 0.5494791666666666 0.23703703703703713
12 0.6046875 0.6425925925925928 0.5473958333333333 0.6425925925925928 0.5473958333333333 0.7407407407407409 0.6046875 0.7407407407407409
3 0.48072916666666665 0.3000000000000001 0.4453125 0.3000000000000001 0.4453125 0.3601851851851853 0.48072916666666665 0.3601851851851853
8 0.5541666666666667 0.7018518518518521 0.5171875 0.7018518518518521 0.5171875 0.7657407407407409 0.5541666666666667 0.7657407407407409
13 0.45 0.1500000000000001 0.3953125 0.1500000000000001 0.3953125 0.24444444444444455 0.45 0.24444444444444455
4 0.6895833333333333 0.565740740740741 0.6432291666666666 0.565740740740741 0.6432291666666666 0.6444444444444447 0.6895833333333333 0.6444444444444447
4 0.5171875 0.7324074074074075 0.46979166666666666 0.7324074074074074 0.46979166666666666 0.8129629629629631 0.5171875 0.8129629629629632
2 0.5994791666666667 0.47407407407407426 0.5619791666666667 0.47407407407407426 0.5619791666666667 0.5370370370370372 0.5994791666666667 0.5370370370370372
6 0.5364583333333334 0.6138888888888892 0.4895833333333333 0.6138888888888892 0.4895833333333333 0.6944444444444446 0.5364583333333334 0.6944444444444446
0 0.7291666666666666 0.5240740740740742 0.6838541666666667 0.5240740740740742 0.6838541666666667 0.602777777777778 0.7291666666666666 0.602777777777778
6 0.6661458333333333 0.49351851851851875 0.6192708333333333 0.49351851851851875 0.6192708333333333 0.5740740740740743 0.6661458333333333 0.5740740740740743
1 0.465625 0.2287037037037038 0.42083333333333334 0.2287037037037038 0.42083333333333334 0.30555555555555564 0.465625 0.30555555555555564
0 0.4942708333333333 0.6564814814814816 0.4473958333333333 0.6564814814814814 0.4473958333333333 0.7370370370370372 0.4942708333333333 0.7370370370370373
11 0.5104166666666666 0.1925925925925927 0.4661458333333333 0.1925925925925927 0.4661458333333333 0.2685185185185186 0.5104166666666666 0.2685185185185186
7 0.42291666666666666 0.26481481481481495 0.3776041666666667 0.26481481481481495 0.3776041666666667 0.34259259259259267 0.42291666666666666 0.34259259259259267
3 0.3958333333333333 0.38055555555555565 0.35885416666666664 0.38055555555555565 0.35885416666666664 0.44166666666666676 0.3958333333333333 0.44166666666666676
3 0.525 0.2703703703703705 0.4895833333333333 0.2703703703703705 0.4895833333333333 0.3314814814814816 0.525 0.3314814814814816
3 0.5692708333333333 0.22592592592592603 0.5333333333333333 0.22592592592592603 0.5333333333333333 0.28703703703703715 0.5692708333333333 0.28703703703703715
10 0.5796875 0.5750000000000002 0.5328125 0.5750000000000002 0.5328125 0.6555555555555558 0.5796875 0.6555555555555558
9 0.396875 0.20462962962962972 0.3619791666666667 0.2046296296296297 0.3619791666666667 0.2666666666666668 0.396875 0.2666666666666668
10 0.6234375 0.5379629629629632 0.5770833333333333 0.5379629629629632 0.5770833333333333 0.6194444444444447 0.6234375 0.6194444444444447
2 0.5515625 0.5101851851851854 0.5151041666666667 0.5101851851851854 0.5151041666666667 0.5722222222222224 0.5515625 0.5722222222222224
2 0.4609375 0.5907407407407408 0.4234375 0.5907407407407408 0.4234375 0.6555555555555556 0.4609375 0.6555555555555556
9 0.48385416666666664 0.1361111111111112 0.4484375 0.1361111111111112 0.4484375 0.19722222222222233 0.48385416666666664 0.19722222222222233
8 0.6369791666666667 0.6157407407407409 0.6015625 0.6157407407407409 0.6015625 0.677777777777778 0.6369791666666667 0.677777777777778
2 0.6380208333333334 0.43055555555555564 0.6015625 0.43055555555555564 0.6015625 0.49444444444444463 0.6380208333333334 0.49444444444444463
3 0.4375 0.3398148148148149 0.4010416666666667 0.3398148148148149 0.4010416666666667 0.4027777777777779 0.4375 0.4027777777777779
2 0.5067708333333333 0.5555555555555557 0.46927083333333336 0.5555555555555556 0.46927083333333336 0.6203703703703705 0.5067708333333333 0.6203703703703706