1 0.4869791666666667 0.1601851851851853 0.43854166666666666 0.1601851851851853 0.43854166666666666 0.24074074074074084 0.4869791666666667 0.24074074074074084
5 0.4385416666666668 0.9083333333333333 0.3885416666666668 0.9083333333333333 0.3885416666666668 0.9888888888888889 0.4385416666666668 0.9888888888888889
4 0.30885416666666665 0.4231481481481483 0.26145833333333335 0.4231481481481483 0.26145833333333335 0.5009259259259259 0.30885416666666665 0.5009259259259259
6 0.35989583333333336 0.39444444444444454 0.31197916666666664 0.39444444444444454 0.31197916666666664 0.47685185185185186 0.35989583333333336 0.47685185185185186
11 0.6208333333333333 0.26574074074074083 0.5729166666666666 0.26574074074074083 0.5729166666666666 0.34814814814814826 0.6208333333333333 0.34814814814814826
7 0.3140625000000001 0.7898148148148149 0.26562500000000006 0.7898148148148149 0.26562500000000006 0.8694444444444445 0.31406250000000013 0.8694444444444445
4 0.4557291666666667 0.6259259259259259 0.40572916666666664 0.6259259259259259 0.40572916666666664 0.7083333333333334 0.4557291666666667 0.7083333333333334
7 0.3390625 0.22592592592592597 0.2890625 0.22592592592592597 0.2890625 0.3074074074074075 0.3390625 0.3074074074074075
2 0.3296875 0.5944444444444444 0.29010416666666666 0.5944444444444444 0.29010416666666666 0.6601851851851852 0.3296875 0.6601851851851852
3 0.4921875 0.5083333333333334 0.4510416666666667 0.5083333333333333 0.4510416666666667 0.5740740740740742 0.4921875 0.5740740740740743
9 0.5421875 0.8564814814814817 0.5015625 0.8564814814814817 0.5015625 0.9212962962962965 0.5421875 0.9212962962962965
13 0.6072916666666667 0.8111111111111113 0.5463541666666667 0.8111111111111113 0.5463541666666667 0.9166666666666669 0.6072916666666667 0.9166666666666669
6 0.721875 0.4962962962962965 0.6708333333333333 0.4962962962962965 0.6708333333333333 0.5787037037037039 0.721875 0.5787037037037039
3 0.6067708333333334 0.5509259259259262 0.5677083333333334 0.5509259259259262 0.5677083333333334 0.6166666666666669 0.6067708333333334 0.6166666666666669
3 0.3463541666666667 0.6768518518518518 0.3067708333333333 0.6768518518518518 0.3067708333333333 0.7416666666666667 0.3463541666666667 0.7416666666666667
2 0.37239583333333337 0.8527777777777777 0.3333333333333333 0.8527777777777777 0.33333333333333337 0.9166666666666666 0.3723958333333334 0.9166666666666666
3 0.55625 0.5824074074074076 0.5166666666666667 0.5824074074074076 0.5166666666666667 0.6481481481481484 0.55625 0.6481481481481484
8 0.4125 0.3712962962962964 0.3729166666666667 0.3712962962962964 0.3729166666666667 0.4361111111111112 0.4125 0.4361111111111112
0 0.48385416666666675 0.7925925925925927 0.43385416666666665 0.7925925925925926 0.4338541666666667 0.875925925925926 0.4838541666666668 0.8759259259259261
1 0.5859375 0.739814814814815 0.5364583333333334 0.739814814814815 0.5364583333333334 0.8231481481481484 0.5859375 0.8231481481481484
12 0.39375 0.18981481481481488 0.33541666666666664 0.18981481481481488 0.33541666666666664 0.2935185185185186 0.39375 0.2935185185185186
8 0.4348958333333333 0.1777777777777779 0.3963541666666667 0.1777777777777779 0.3963541666666667 0.24166666666666678 0.4348958333333333 0.24166666666666678
10 0.45260416666666664 0.25740740740740753 0.4036458333333333 0.25740740740740753 0.4036458333333333 0.338888888888889 0.45260416666666664 0.338888888888889
2 0.6338541666666667 0.7203703703703705 0.5927083333333333 0.7203703703703705 0.5927083333333333 0.7870370370370372 0.6338541666666667 0.7870370370370372
3 0.4635416666666667 0.7148148148148148 0.4239583333333333 0.7148148148148148 0.4239583333333333 0.7796296296296297 0.4635416666666667 0.7796296296296297
11 0.465625 0.3435185185185186 0.4161458333333333 0.3435185185185186 0.4161458333333333 0.4250000000000001 0.465625 0.4250000000000001
0 0.51875 0.31481481481481494 0.4703125 0.31481481481481494 0.4703125 0.3953703703703705 0.51875 0.3953703703703705
2 0.6848958333333334 0.6972222222222224 0.6458333333333334 0.6972222222222224 0.6458333333333334 0.7611111111111113 0.6848958333333334 0.7611111111111113
5 0.5229166666666667 0.6796296296296297 0.47291666666666665 0.6796296296296296 0.47291666666666665 0.7629629629629631 0.5229166666666667 0.7629629629629632
9 0.4901041666666668 0.8879629629629631 0.4500000000000001 0.887962962962963 0.4500000000000001 0.9527777777777777 0.4901041666666668 0.9527777777777777
10 0.5625 0.9287037037037039 0.5145833333333335 0.9287037037037039 0.5145833333333335 1 0.5625 1
2 0.5401041666666667 0.48981481481481504 0.5020833333333333 0.48981481481481504 0.5020833333333333 0.5555555555555558 0.5401041666666667 0.5555555555555558