3 0.5708333333333333 0.5157407407407409 0.5307291666666667 0.5157407407407409 0.5307291666666667 0.5842592592592595 0.5708333333333333 0.5842592592592595
12 0.8119791666666667 0.7166666666666669 0.7546875 0.7166666666666669 0.7546875 0.8185185185185188 0.8119791666666667 0.8185185185185188
10 0.7109375 0.11111111111111126 0.6645833333333333 0.11111111111111124 0.6645833333333333 0.19259259259259276 0.7109375 0.19259259259259276
7 0.6442708333333333 0.6018518518518521 0.5947916666666667 0.6018518518518521 0.5947916666666667 0.689814814814815 0.6442708333333333 0.689814814814815
2 0.740625 0.5305555555555558 0.7036458333333333 0.5305555555555558 0.7036458333333333 0.5962962962962965 0.740625 0.5962962962962965
13 0.6161458333333333 0.30555555555555564 0.5578125 0.30555555555555564 0.5578125 0.40833333333333344 0.6161458333333333 0.40833333333333344
9 0.6401041666666667 0.3712962962962964 0.6015625 0.3712962962962964 0.6015625 0.43703703703703717 0.6401041666666667 0.43703703703703717
3 0.7677083333333333 0.4611111111111113 0.7302083333333333 0.4611111111111113 0.7302083333333333 0.5259259259259261 0.7677083333333333 0.5259259259259261
10 0.7416666666666667 0.6379629629629632 0.69375 0.6379629629629632 0.69375 0.7212962962962965 0.7416666666666667 0.7212962962962965
7 0.5791666666666667 0.26296296296296306 0.5302083333333333 0.26296296296296306 0.5302083333333333 0.3472222222222223 0.5791666666666667 0.3472222222222223
5 0.9234375 0.4537037037037039 0.8791666666666667 0.4537037037037039 0.8791666666666667 0.5324074074074077 0.9234375 0.5324074074074077
3 0.8947916666666667 0.3037037037037039 0.859375 0.3037037037037039 0.859375 0.36481481481481504 0.8947916666666667 0.36481481481481504
3 0.6395833333333333 0.739814814814815 0.6010416666666667 0.739814814814815 0.6010416666666667 0.8064814814814817 0.6395833333333333 0.8064814814814817
1 0.6682291666666667 0.8981481481481484 0.621875 0.8981481481481484 0.621875 0.940740740740741 0.6682291666666667 0.940740740740741
0 0.7109375 0.34259259259259267 0.6640625 0.34259259259259267 0.6640625 0.4250000000000001 0.7109375 0.4250000000000001
2 0.8015625 0.16388888888888906 0.7645833333333333 0.16388888888888906 0.7645833333333333 0.22870370370370385 0.8015625 0.22870370370370385
2 0.5364583333333334 0.7083333333333336 0.49635416666666665 0.7083333333333336 0.49635416666666665 0.777777777777778 0.5364583333333334 0.777777777777778
11 0.5057291666666667 0.5268518518518519 0.45729166666666665 0.5268518518518519 0.45729166666666665 0.6120370370370372 0.5057291666666667 0.6120370370370373
11 0.840625 0.4287037037037039 0.79375 0.4287037037037039 0.79375 0.5111111111111113 0.840625 0.5111111111111113
1 0.8927083333333333 0.5203703703703706 0.8479166666666667 0.5203703703703706 0.8479166666666667 0.5990740740740743 0.8927083333333333 0.5990740740740743
2 0.7723958333333333 0.339814814814815 0.734375 0.339814814814815 0.734375 0.4055555555555558 0.7723958333333333 0.4055555555555558
2 0.7052083333333333 0.5981481481481483 0.665625 0.5981481481481483 0.665625 0.6666666666666669 0.7052083333333333 0.6666666666666669
8 0.8578125 0.6000000000000002 0.8223958333333333 0.6000000000000002 0.8223958333333333 0.6629629629629632 0.8578125 0.6629629629629632
6 0.7135416666666666 0.2305555555555557 0.6671875 0.2305555555555557 0.6671875 0.31203703703703717 0.7135416666666666 0.31203703703703717
6 0.715625 0.4611111111111112 0.6666666666666666 0.4611111111111112 0.6666666666666666 0.5462962962962965 0.715625 0.5462962962962965
9 0.6427083333333333 0.25740740740740753 0.6057291666666667 0.25740740740740753 0.6057291666666667 0.3212962962962964 0.6427083333333333 0.3212962962962964
4 0.8979166666666667 0.4055555555555558 0.853125 0.4055555555555558 0.853125 0.4851851851851854 0.8979166666666667 0.4851851851851854
0 0.6453125 0.48981481481481504 0.596875 0.48981481481481504 0.596875 0.5740740740740743 0.6453125 0.5740740740740743
5 0.7802083333333333 0.21481481481481499 0.7322916666666667 0.21481481481481499 0.7322916666666667 0.2981481481481484 0.7802083333333333 0.2981481481481484
8 0.8364583333333333 0.5472222222222224 0.7989583333333333 0.5472222222222224 0.7989583333333333 0.6138888888888892 0.8364583333333333 0.6138888888888892
4 0.8104166666666667 0.4962962962962965 0.7635416666666667 0.4962962962962965 0.7635416666666667 0.5796296296296298 0.8104166666666667 0.5796296296296298
3 0.8041666666666667 0.27592592592592613 0.7671875 0.27592592592592613 0.7671875 0.339814814814815 0.8041666666666667 0.339814814814815