4 0.43645833333333334 0.35462962962962974 0.39375 0.35462962962962974 0.39375 0.4324074074074075 0.43645833333333334 0.4324074074074075
7 0.6807291666666667 0.6925925925925928 0.6395833333333333 0.6925925925925928 0.6395833333333333 0.7666666666666668 0.6807291666666667 0.7666666666666668
13 0.6567708333333333 0.7879629629629632 0.6067708333333334 0.7879629629629632 0.6067708333333334 0.877777777777778 0.6567708333333333 0.877777777777778
6 0.5963541666666666 0.32870370370370383 0.553125 0.32870370370370383 0.553125 0.4092592592592594 0.5963541666666666 0.4092592592592594
10 0.5510416666666667 0.3601851851851853 0.5078125 0.3601851851851853 0.5078125 0.44166666666666676 0.5510416666666667 0.44166666666666676
5 0.5197916666666668 0.888888888888889 0.4796875000000001 0.8888888888888888 0.4796875000000001 0.962037037037037 0.5197916666666668 0.962037037037037
7 0.5020833333333334 0.8194444444444445 0.4609375 0.8194444444444444 0.46093750000000006 0.8953703703703705 0.5020833333333334 0.8953703703703706
4 0.6239583333333333 0.21759259259259273 0.5817708333333333 0.2175925925925927 0.5817708333333333 0.29537037037037045 0.6239583333333333 0.29537037037037045
12 0.5411458333333333 0.2740740740740742 0.4869791666666667 0.2740740740740742 0.4869791666666667 0.37222222222222234 0.5411458333333333 0.37222222222222234
2 0.5130208333333334 0.47685185185185197 0.4791666666666667 0.47685185185185186 0.4791666666666667 0.538888888888889 0.5130208333333334 0.5388888888888891
5 0.740625 0.7250000000000002 0.7005208333333334 0.7250000000000002 0.7005208333333334 0.7981481481481484 0.740625 0.7981481481481484
6 0.4557291666666667 0.4314814814814816 0.41302083333333334 0.4314814814814816 0.41302083333333334 0.5092592592592593 0.4557291666666667 0.5092592592592593
11 0.5895833333333333 0.7574074074074076 0.5494791666666666 0.7574074074074076 0.5494791666666666 0.8314814814814817 0.5895833333333333 0.8314814814814817
10 0.503125 0.39074074074074083 0.4609375 0.39074074074074083 0.4609375 0.46944444444444455 0.503125 0.46944444444444455
11 0.5640625 0.8564814814814817 0.5234375 0.8564814814814817 0.5234375000000001 0.9305555555555558 0.5640625 0.9305555555555558
3 0.6630208333333333 0.6314814814814816 0.6302083333333334 0.6314814814814816 0.6302083333333334 0.690740740740741 0.6630208333333333 0.690740740740741
3 0.7052083333333333 0.5972222222222224 0.6729166666666667 0.5972222222222224 0.6729166666666667 0.6564814814814817 0.7052083333333333 0.6564814814814817
3 0.5723958333333333 0.6925925925925928 0.5395833333333333 0.6925925925925928 0.5395833333333333 0.7518518518518521 0.5723958333333333 0.7518518518518521
3 0.525 0.7314814814814817 0.49114583333333334 0.7314814814814817 0.49114583333333334 0.7916666666666669 0.525 0.7916666666666669
8 0.5744791666666667 0.2564814814814816 0.5411458333333333 0.2564814814814816 0.5411458333333333 0.3175925925925927 0.5744791666666667 0.3175925925925927
3 0.6177083333333333 0.6675925925925928 0.5848958333333333 0.6675925925925928 0.5848958333333333 0.7268518518518521 0.6177083333333333 0.7268518518518521
2 0.5640625 0.4462962962962964 0.5296875 0.4462962962962964 0.5296875 0.5092592592592595 0.5640625 0.5092592592592595
2 0.6119791666666666 0.4074074074074075 0.5776041666666667 0.4074074074074075 0.5776041666666667 0.4703703703703705 0.6119791666666666 0.4703703703703705
0 0.39114583333333336 0.38981481481481495 0.34739583333333335 0.38981481481481495 0.34739583333333335 0.46944444444444455 0.39114583333333336 0.46944444444444455
2 0.4703125 0.5138888888888888 0.4348958333333333 0.5138888888888888 0.4348958333333333 0.5768518518518518 0.4703125 0.5768518518518518
1 0.6364583333333333 0.7240740740740743 0.5953125 0.7240740740740743 0.5953125 0.7972222222222224 0.6364583333333333 0.7972222222222224
2 0.659375 0.3787037037037038 0.6244791666666667 0.3787037037037038 0.6244791666666667 0.44166666666666676 0.659375 0.44166666666666676
9 0.6911458333333333 0.7685185185185187 0.6583333333333333 0.7685185185185187 0.6583333333333333 0.8287037037037039 0.6911458333333333 0.8287037037037039
8 0.48385416666666664 0.3277777777777779 0.44895833333333335 0.3277777777777779 0.44895833333333335 0.39074074074074083 0.48385416666666664 0.39074074074074083
0 0.640625 0.29537037037037045 0.5979166666666667 0.29537037037037045 0.5979166666666667 0.37314814814814823 0.640625 0.37314814814814823
9 0.603125 0.8314814814814817 0.5703125 0.8314814814814817 0.5703125 0.8898148148148151 0.603125 0.8898148148148151
1 0.5479166666666667 0.7851851851851854 0.5072916666666667 0.7851851851851854 0.5072916666666667 0.8583333333333335 0.5479166666666667 0.8583333333333335