9 0.5375 0.6611111111111113 0.50625 0.6611111111111113 0.50625 0.7101851851851854 0.5375 0.7101851851851854
2 0.6109375 0.21944444444444458 0.578125 0.21944444444444455 0.578125 0.2703703703703705 0.6109375 0.2703703703703705
4 0.6765625 0.18981481481481496 0.6380208333333334 0.18981481481481496 0.6380208333333334 0.2500000000000001 0.6765625 0.2500000000000001
11 0.728125 0.5611111111111113 0.6880208333333333 0.5611111111111113 0.6880208333333333 0.6231481481481483 0.728125 0.6231481481481483
8 0.5177083333333333 0.5962962962962965 0.48489583333333336 0.5962962962962965 0.48489583333333336 0.6462962962962965 0.5177083333333333 0.6462962962962965
7 0.5145833333333334 0.8212962962962964 0.47604166666666664 0.8212962962962963 0.47604166666666675 0.8814814814814815 0.5145833333333335 0.8814814814814816
2 0.5916666666666667 0.4462962962962964 0.5588541666666667 0.4462962962962964 0.5588541666666667 0.49351851851851875 0.5916666666666667 0.49351851851851875
8 0.5447916666666667 0.14814814814814825 0.5130208333333334 0.14814814814814825 0.5130208333333334 0.19722222222222233 0.5447916666666667 0.19722222222222233
7 0.38125 0.275925925925926 0.34270833333333334 0.275925925925926 0.34270833333333334 0.3379629629629631 0.38125 0.3379629629629631
4 0.3828125 0.5805555555555556 0.34427083333333336 0.5805555555555556 0.34427083333333336 0.6398148148148148 0.3828125 0.6398148148148148
12 0.46822916666666664 0.6018518518518519 0.42083333333333334 0.6018518518518519 0.42083333333333334 0.6731481481481482 0.46822916666666664 0.6731481481481482
3 0.690625 0.7842592592592594 0.6588541666666666 0.7842592592592594 0.6588541666666666 0.8333333333333336 0.690625 0.8333333333333336
10 0.5932291666666667 0.6129629629629632 0.5541666666666667 0.6129629629629632 0.5541666666666667 0.6722222222222224 0.5932291666666667 0.6722222222222224
2 0.32447916666666665 0.3675925925925927 0.29270833333333335 0.3675925925925927 0.29270833333333335 0.4148148148148149 0.32447916666666665 0.4148148148148149
2 0.3848958333333333 0.7833333333333333 0.3541666666666667 0.7833333333333333 0.3541666666666667 0.8305555555555556 0.3848958333333333 0.8305555555555556
1 0.5333333333333333 0.2935185185185186 0.49635416666666665 0.2935185185185186 0.49635416666666665 0.35185185185185197 0.5333333333333333 0.35185185185185197
6 0.59375 0.7740740740740742 0.5546875 0.7740740740740742 0.5546875 0.8351851851851854 0.59375 0.8351851851851854
6 0.6041666666666666 0.3453703703703705 0.5666666666666667 0.3453703703703705 0.5666666666666667 0.40462962962962973 0.6041666666666666 0.40462962962962973
1 0.6932291666666667 0.3555555555555557 0.6541666666666667 0.3555555555555557 0.6541666666666667 0.4175925925925927 0.6932291666666667 0.4175925925925927
3 0.43802083333333336 0.18796296296296308 0.40729166666666666 0.18796296296296308 0.40729166666666666 0.23703703703703713 0.43802083333333336 0.23703703703703713
5 0.3614583333333333 0.15000000000000005 0.3223958333333333 0.15000000000000005 0.3223958333333333 0.21203703703703708 0.3614583333333333 0.21203703703703708
3 0.5614583333333333 0.5342592592592594 0.5296875 0.5342592592592594 0.5296875 0.5833333333333336 0.5614583333333333 0.5833333333333336
13 0.6609375 0.49166666666666686 0.6130208333333333 0.49166666666666686 0.6130208333333333 0.5620370370370372 0.6609375 0.5620370370370372
9 0.6302083333333334 0.6925925925925928 0.603125 0.6925925925925928 0.603125 0.7388888888888892 0.6302083333333334 0.7388888888888892
0 0.4588541666666667 0.27685185185185196 0.421875 0.27685185185185196 0.421875 0.3416666666666668 0.4588541666666667 0.3416666666666668
10 0.44479166666666664 0.7222222222222222 0.4083333333333333 0.7222222222222222 0.4083333333333333 0.7842592592592592 0.44479166666666664 0.7842592592592592
11 0.325 0.6768518518518518 0.2890625 0.6768518518518518 0.2890625 0.7398148148148148 0.325 0.7398148148148148
3 0.37552083333333336 0.4148148148148149 0.34479166666666666 0.4148148148148149 0.34479166666666666 0.46759259259259267 0.37552083333333336 0.46759259259259267
2 0.5098958333333333 0.4175925925925927 0.4791666666666667 0.4175925925925927 0.4791666666666667 0.46944444444444455 0.5098958333333333 0.46944444444444455
0 0.4239583333333333 0.4740740740740741 0.39010416666666664 0.4740740740740741 0.39010416666666664 0.5398148148148149 0.4239583333333333 0.5398148148148149
5 0.4395833333333333 0.3777777777777779 0.4010416666666667 0.3777777777777779 0.4010416666666667 0.44444444444444453 0.4395833333333333 0.44444444444444453
3 0.3182291666666667 0.5157407407407407 0.28802083333333334 0.5157407407407407 0.28802083333333334 0.562037037037037 0.3182291666666667 0.562037037037037