12 0.6380208333333334 0.5000000000000002 0.5963541666666666 0.5000000000000002 0.5963541666666666 0.5907407407407409 0.6380208333333334 0.5907407407407409
7 0.6364583333333333 0.31851851851851865 0.6026041666666667 0.31851851851851865 0.6026041666666667 0.38611111111111124 0.6364583333333333 0.38611111111111124
2 0.33489583333333334 0.2962962962962964 0.30833333333333335 0.2962962962962964 0.30833333333333335 0.3555555555555557 0.33489583333333334 0.3555555555555557
7 0.628125 0.7055555555555557 0.5927083333333333 0.7055555555555557 0.5927083333333333 0.7796296296296299 0.628125 0.7796296296296299
11 0.7286458333333333 0.42500000000000016 0.69375 0.4250000000000001 0.69375 0.5000000000000002 0.7286458333333333 0.5000000000000002
6 0.3875 0.28703703703703715 0.35208333333333336 0.28703703703703715 0.35208333333333336 0.3611111111111112 0.3875 0.3611111111111112
2 0.33489583333333334 0.6731481481481482 0.3078125 0.6731481481481482 0.3078125 0.7314814814814815 0.33489583333333334 0.7314814814814815
4 0.43697916666666664 0.3935185185185186 0.4010416666666667 0.3935185185185186 0.4010416666666667 0.4685185185185186 0.43697916666666664 0.4685185185185186
3 0.6760416666666667 0.7064814814814817 0.6489583333333333 0.7064814814814817 0.6489583333333333 0.7685185185185187 0.6760416666666667 0.7685185185185187
0 0.29635416666666664 0.37592592592592605 0.2630208333333333 0.37592592592592605 0.26302083333333337 0.4490740740740742 0.29635416666666664 0.4490740740740742
11 0.7296875 0.6101851851851854 0.6953125 0.6101851851851854 0.6953125 0.6888888888888891 0.7296875 0.6888888888888891
10 0.3385416666666667 0.47685185185185186 0.3046875 0.47685185185185186 0.3046875 0.549074074074074 0.3385416666666667 0.549074074074074
5 0.5848958333333333 0.6064814814814817 0.5494791666666666 0.6064814814814817 0.5494791666666666 0.6824074074074076 0.5848958333333333 0.6824074074074076
3 0.6786458333333333 0.325925925925926 0.6520833333333333 0.325925925925926 0.6520833333333333 0.3870370370370371 0.6786458333333333 0.3870370370370371
0 0.29322916666666665 0.5694444444444444 0.2598958333333334 0.5694444444444444 0.2598958333333334 0.6425925925925926 0.29322916666666665 0.6425925925925926
1 0.728125 0.5138888888888891 0.6927083333333334 0.5138888888888891 0.6927083333333334 0.589814814814815 0.728125 0.589814814814815
4 0.4395833333333333 0.5842592592592593 0.4046875 0.5842592592592593 0.4046875 0.6564814814814814 0.4395833333333333 0.6564814814814814
6 0.3875 0.6814814814814815 0.35260416666666666 0.6814814814814815 0.35260416666666666 0.7537037037037037 0.3875 0.7537037037037037
8 0.6776041666666667 0.6129629629629632 0.65 0.6129629629629632 0.65 0.6722222222222224 0.6776041666666667 0.6722222222222224
1 0.6786458333333333 0.5064814814814816 0.6432291666666666 0.5064814814814816 0.6432291666666666 0.5814814814814817 0.6786458333333333 0.5814814814814817
13 0.38697916666666665 0.48148148148148145 0.346875 0.48148148148148145 0.346875 0.5648148148148148 0.38697916666666665 0.5648148148148148
8 0.6796875 0.4231481481481483 0.6526041666666667 0.4231481481481483 0.6526041666666667 0.4851851851851854 0.6796875 0.4851851851851854
2 0.38333333333333336 0.5935185185185186 0.35572916666666665 0.5935185185185186 0.35572916666666665 0.6564814814814814 0.38333333333333336 0.6564814814814814
3 0.63125 0.413888888888889 0.6026041666666667 0.413888888888889 0.6026041666666667 0.4750000000000002 0.63125 0.4750000000000002
3 0.6270833333333333 0.6120370370370373 0.5989583333333334 0.6120370370370373 0.5989583333333334 0.6722222222222224 0.6270833333333333 0.6722222222222224
9 0.34010416666666665 0.5851851851851851 0.31302083333333336 0.5851851851851851 0.31302083333333336 0.6444444444444445 0.34010416666666665 0.6444444444444445
2 0.43072916666666666 0.4962962962962963 0.40260416666666665 0.4962962962962963 0.40260416666666665 0.5574074074074075 0.43072916666666666 0.5574074074074075
10 0.2942708333333333 0.48055555555555557 0.2598958333333334 0.48055555555555557 0.2598958333333334 0.5527777777777778 0.2942708333333333 0.5527777777777778
9 0.33958333333333335 0.38981481481481495 0.30885416666666665 0.38981481481481495 0.30885416666666665 0.44351851851851865 0.33958333333333335 0.44351851851851865
5 0.5890625 0.40462962962962973 0.5505208333333333 0.40462962962962973 0.5505208333333333 0.47407407407407426 0.5890625 0.47407407407407426
3 0.5791666666666667 0.5018518518518521 0.5505208333333333 0.5018518518518521 0.5505208333333333 0.5629629629629632 0.5791666666666667 0.5629629629629632
2 0.38229166666666664 0.40462962962962973 0.35520833333333335 0.40462962962962973 0.35520833333333335 0.4601851851851853 0.38229166666666664 0.4601851851851853