4 0.45 0.11388888888888898 0.41354166666666664 0.11388888888888897 0.41354166666666664 0.16574074074074086 0.45 0.16574074074074086
1 0.7380208333333333 0.8305555555555557 0.6994791666666667 0.8305555555555557 0.6994791666666667 0.8888888888888891 0.7380208333333333 0.8888888888888891
13 0.5432291666666667 0.7379629629629632 0.496875 0.7379629629629632 0.496875 0.8064814814814817 0.5432291666666667 0.8064814814814817
7 0.37864583333333335 0.6666666666666666 0.340625 0.6666666666666666 0.340625 0.7212962962962963 0.37864583333333335 0.7212962962962963
7 0.6885416666666667 0.6759259259259262 0.6520833333333333 0.6759259259259262 0.6520833333333333 0.7305555555555557 0.6885416666666667 0.7305555555555557
2 0.5380208333333333 0.3537037037037038 0.5083333333333333 0.3537037037037038 0.5083333333333333 0.3953703703703705 0.5380208333333333 0.3953703703703705
12 0.546875 0.18425925925925937 0.5046875 0.18425925925925937 0.5046875 0.24907407407407417 0.546875 0.24907407407407417
3 0.7317708333333334 0.5916666666666669 0.7015625 0.5916666666666669 0.7015625 0.6407407407407409 0.7317708333333334 0.6407407407407409
2 0.4375 0.3435185185185186 0.40729166666666666 0.3435185185185186 0.40729166666666666 0.3851851851851853 0.4375 0.3851851851851853
3 0.5338541666666666 0.5981481481481483 0.5020833333333333 0.5981481481481483 0.5020833333333333 0.6425925925925928 0.5338541666666666 0.6425925925925928
3 0.6375 0.5925925925925928 0.6046875 0.5925925925925928 0.6046875 0.6398148148148151 0.6375 0.6398148148148151
2 0.634375 0.35462962962962974 0.6046875 0.35462962962962974 0.6046875 0.3972222222222223 0.634375 0.3972222222222223
6 0.6791666666666667 0.2740740740740742 0.64375 0.2740740740740742 0.64375 0.3277777777777779 0.6791666666666667 0.3277777777777779
3 0.43020833333333336 0.5842592592592593 0.39895833333333336 0.5842592592592593 0.39895833333333336 0.6351851851851852 0.43020833333333336 0.6351851851851852
2 0.3458333333333333 0.35092592592592603 0.315625 0.35092592592592603 0.315625 0.3916666666666668 0.3458333333333333 0.3916666666666668
1 0.3364583333333334 0.8203703703703704 0.2989583333333333 0.8203703703703704 0.2989583333333334 0.8805555555555555 0.33645833333333347 0.8805555555555555
8 0.4973958333333333 0.12685185185185197 0.46822916666666664 0.12685185185185197 0.46822916666666664 0.16666666666666677 0.4973958333333333 0.16666666666666677
2 0.7338541666666667 0.35555555555555574 0.7057291666666666 0.3555555555555557 0.7057291666666666 0.40000000000000013 0.7338541666666667 0.4000000000000002
6 0.3927083333333333 0.26574074074074083 0.3567708333333333 0.26574074074074083 0.3567708333333333 0.32037037037037047 0.3927083333333333 0.32037037037037047
9 0.5817708333333333 0.8407407407407409 0.55 0.8407407407407409 0.55 0.8916666666666668 0.5817708333333333 0.8916666666666668
4 0.640625 0.13148148148148164 0.6057291666666667 0.13148148148148164 0.6057291666666667 0.18518518518518534 0.640625 0.18518518518518534
0 0.7359375 0.14259259259259274 0.7010416666666667 0.14259259259259274 0.7010416666666667 0.19444444444444461 0.7359375 0.19444444444444461
10 0.6833333333333333 0.1333333333333335 0.646875 0.1333333333333335 0.646875 0.1870370370370372 0.6833333333333333 0.1870370370370372
5 0.38854166666666673 0.8222222222222222 0.3515625 0.8222222222222222 0.35156250000000006 0.8814814814814815 0.3885416666666668 0.8814814814814815
5 0.6375 0.8203703703703705 0.6 0.8203703703703705 0.6 0.8796296296296299 0.6375 0.8796296296296299
11 0.43541666666666673 0.8296296296296296 0.3963541666666667 0.8296296296296296 0.39635416666666673 0.887962962962963 0.4354166666666668 0.887962962962963
8 0.5859375 0.1361111111111112 0.5578125 0.1361111111111112 0.5578125 0.1750000000000001 0.5859375 0.1750000000000001
0 0.35 0.11388888888888897 0.3145833333333333 0.11388888888888897 0.3145833333333333 0.1657407407407408 0.35 0.1657407407407408
3 0.33541666666666664 0.5824074074074074 0.3026041666666667 0.5824074074074074 0.3026041666666667 0.625 0.33541666666666664 0.625
9 0.4848958333333334 0.8342592592592594 0.45260416666666664 0.8342592592592593 0.45260416666666675 0.8851851851851853 0.48489583333333347 0.8851851851851854
11 0.6916666666666667 0.8324074074074076 0.6520833333333333 0.8324074074074076 0.6520833333333333 0.8907407407407409 0.6916666666666667 0.8907407407407409
10 0.40260416666666665 0.12314814814814826 0.365625 0.12314814814814826 0.365625 0.18148148148148158 0.40260416666666665 0.18148148148148158