4 0.6161458333333333 0.49537037037037057 0.5671875 0.49537037037037057 0.5671875 0.589814814814815 0.6161458333333333 0.589814814814815
4 0.3692708333333333 0.5842592592592593 0.32083333333333336 0.5842592592592593 0.32083333333333336 0.6777777777777778 0.3692708333333333 0.6777777777777778
11 0.5703125 0.6712962962962965 0.5208333333333334 0.6712962962962965 0.5208333333333334 0.7638888888888891 0.5703125 0.7638888888888891
12 0.37083333333333335 0.36851851851851863 0.3125 0.36851851851851863 0.3125 0.47962962962962963 0.37083333333333335 0.47962962962962963
8 0.334375 0.2564814814814816 0.2947916666666667 0.2564814814814816 0.2947916666666667 0.32870370370370383 0.334375 0.32870370370370383
6 0.5927083333333333 0.577777777777778 0.5447916666666667 0.577777777777778 0.5447916666666667 0.6731481481481484 0.5927083333333333 0.6731481481481484
2 0.40572916666666664 0.6472222222222223 0.3692708333333333 0.6472222222222223 0.3692708333333333 0.7166666666666667 0.40572916666666664 0.7166666666666667
2 0.5328125 0.12962962962962973 0.4942708333333333 0.12962962962962973 0.4942708333333333 0.20092592592592604 0.5328125 0.20092592592592604
3 0.5395833333333333 0.7861111111111113 0.5005208333333333 0.7861111111111113 0.5005208333333333 0.8592592592592595 0.5395833333333333 0.8592592592592595
2 0.509375 0.2027777777777779 0.46979166666666666 0.2027777777777779 0.46979166666666666 0.2750000000000001 0.509375 0.2750000000000001
8 0.2916666666666667 0.44537037037037047 0.25468750000000007 0.44537037037037047 0.25468750000000007 0.5203703703703704 0.2916666666666667 0.5203703703703704
5 0.6859375 0.8805555555555558 0.6401041666666667 0.8805555555555558 0.6401041666666667 0.9675925925925926 0.6859375 0.9675925925925926
13 0.7328125 0.690740740740741 0.6744791666666666 0.690740740740741 0.6744791666666666 0.8046296296296298 0.7328125 0.8046296296296298
3 0.5265625 0.853703703703704 0.4869791666666667 0.853703703703704 0.48697916666666674 0.9250000000000002 0.5265625000000002 0.9250000000000002
2 0.4552083333333333 0.48055555555555557 0.4161458333333333 0.48055555555555557 0.4161458333333333 0.5527777777777778 0.4552083333333333 0.5527777777777778
10 0.28125 0.5185185185185185 0.2333333333333334 0.5185185185185185 0.2333333333333334 0.6129629629629629 0.28125 0.6129629629629629
0 0.6807291666666667 0.6712962962962965 0.6359375 0.6712962962962965 0.6359375 0.7537037037037039 0.6807291666666667 0.7537037037037039