2 0.6453125 0.23611111111111127 0.6046875 0.23611111111111127 0.6046875 0.30462962962962975 0.6453125 0.30462962962962975
2 0.3104166666666667 0.6777777777777778 0.2713541666666667 0.6777777777777778 0.2713541666666667 0.7444444444444445 0.3104166666666667 0.7444444444444445
3 0.47708333333333336 0.15185185185185196 0.4359375 0.15185185185185196 0.4359375 0.22037037037037047 0.47708333333333336 0.22037037037037047
3 0.38958333333333334 0.2620370370370371 0.3494791666666667 0.2620370370370371 0.3494791666666667 0.3296296296296297 0.38958333333333334 0.3296296296296297
7 0.2588541666666667 0.36759259259259264 0.21041666666666667 0.3675925925925926 0.2104166666666667 0.45000000000000007 0.2588541666666667 0.4500000000000001
4 0.6302083333333334 0.5333333333333335 0.5776041666666667 0.5333333333333335 0.5776041666666667 0.6222222222222225 0.6302083333333334 0.6222222222222225
3 0.5645833333333333 0.03888888888888901 0.5197916666666667 0.03888888888888901 0.5197916666666667 0.11574074074074085 0.5645833333333333 0.11574074074074087
7 0.5046875 0.012962962962963067 0.45208333333333334 0.012962962962963061 0.45208333333333334 0.10277777777777788 0.5046875 0.10277777777777788
3 0.2380208333333334 0.47962962962962963 0.19479166666666672 0.47962962962962963 0.19479166666666672 0.5518518518518518 0.2380208333333334 0.5518518518518518
2 0.39114583333333336 0.5685185185185185 0.34791666666666665 0.5685185185185185 0.34791666666666665 0.6407407407407407 0.39114583333333336 0.6407407407407407
3 0.31145833333333334 0.37222222222222234 0.26979166666666665 0.37222222222222234 0.26979166666666665 0.4425925925925927 0.31145833333333334 0.4425925925925927
13 0.35 0.12592592592592597 0.2859375 0.12592592592592597 0.2859375 0.2342592592592593 0.35 0.2342592592592593
12 0.5375 0.5675925925925926 0.475 0.5675925925925925 0.475 0.6722222222222223 0.5375 0.6722222222222224
4 0.42812500000000003 0.8018518518518518 0.378125 0.8018518518518518 0.37812500000000004 0.8870370370370371 0.42812500000000014 0.8870370370370371
2 0.47291666666666665 0.46944444444444455 0.4322916666666667 0.46944444444444455 0.4322916666666667 0.5388888888888889 0.47291666666666665 0.5388888888888889
2 0.5567708333333333 0.3435185185185186 0.5125 0.3435185185185186 0.5125 0.4185185185185186 0.5567708333333333 0.4185185185185186
6 0.37447916666666664 0.6824074074074075 0.3229166666666667 0.6824074074074075 0.3229166666666667 0.7694444444444445 0.37447916666666664 0.7694444444444445
6 0.640625 0.34259259259259267 0.5828125 0.34259259259259267 0.5828125 0.43981481481481494 0.640625 0.43981481481481494
0 0.39062500000000006 0.8435185185185186 0.33958333333333335 0.8435185185185186 0.3395833333333334 0.9296296296296296 0.3906250000000001 0.9296296296296296
0 0.7244791666666667 0.43981481481481494 0.6723958333333333 0.43981481481481494 0.6723958333333333 0.527777777777778 0.7244791666666667 0.527777777777778
8 0.5098958333333333 0.701851851851852 0.46875 0.7018518518518518 0.46875 0.7731481481481483 0.5098958333333333 0.7731481481481484
11 0.4083333333333333 0.004629629629629715 0.37447916666666664 0.004629629629629712 0.37447916666666664 0.0398148148148149 0.4083333333333333 0.03981481481481491
10 0.4734375 0.7462962962962963 0.41822916666666665 0.7462962962962963 0.41822916666666665 0.8398148148148148 0.4734375 0.8398148148148148
10 0.6791666666666667 0.47777777777777797 0.6239583333333333 0.47777777777777797 0.6239583333333333 0.5703703703703705 0.6791666666666667 0.5703703703703705
8 0.5953125 0.6083333333333335 0.5536458333333333 0.6083333333333335 0.5536458333333333 0.6796296296296298 0.5953125 0.6796296296296298