6 0.4 0.18796296296296305 0.3546875 0.18796296296296303 0.3546875 0.2712962962962964 0.4 0.2712962962962964
12 0.515625 0.1462962962962964 0.45729166666666665 0.1462962962962964 0.45729166666666665 0.2527777777777779 0.515625 0.2527777777777779
6 0.5369791666666667 0.2500000000000001 0.4890625 0.2500000000000001 0.4890625 0.3379629629629631 0.5369791666666667 0.3379629629629631
5 0.26927083333333335 0.6101851851851852 0.2223958333333334 0.6101851851851852 0.2223958333333334 0.6962962962962963 0.26927083333333335 0.6962962962962963
0 0.5838541666666667 0.2675925925925927 0.5348958333333333 0.2675925925925927 0.5348958333333333 0.3574074074074075 0.5838541666666667 0.3574074074074075
0 0.3723958333333333 0.09907407407407415 0.32708333333333334 0.09907407407407415 0.32708333333333334 0.18148148148148155 0.3723958333333333 0.18148148148148158
4 0.6005208333333333 0.19351851851851862 0.5515625 0.19351851851851862 0.5515625 0.2824074074074075 0.6005208333333333 0.2824074074074075
1 0.32916666666666666 0.5564814814814815 0.28177083333333336 0.5564814814814815 0.28177083333333336 0.6435185185185185 0.32916666666666666 0.6435185185185185
7 0.46197916666666666 0.6370370370370371 0.4140625 0.6370370370370371 0.4140625 0.725925925925926 0.46197916666666666 0.725925925925926
13 0.40520833333333334 0.6796296296296296 0.346875 0.6796296296296296 0.346875 0.7870370370370371 0.40520833333333334 0.7870370370370371
3 0.42604166666666665 0.5453703703703704 0.38645833333333335 0.5453703703703704 0.38645833333333335 0.6175925925925926 0.42604166666666665 0.6175925925925926
8 0.5505208333333333 0.18333333333333343 0.5125 0.18333333333333343 0.5125 0.25185185185185194 0.5505208333333333 0.25185185185185194
2 0.5197916666666667 0.3333333333333334 0.4817708333333333 0.3333333333333334 0.4817708333333333 0.4037037037037038 0.5197916666666667 0.4037037037037038
4 0.415625 0.1148148148148149 0.3692708333333333 0.1148148148148149 0.3692708333333333 0.19907407407407418 0.415625 0.19907407407407418
2 0.3796875 0.2675925925925927 0.3421875 0.2675925925925927 0.3421875 0.3361111111111112 0.3796875 0.3361111111111112
3 0.5213541666666667 0.5916666666666668 0.48072916666666665 0.5916666666666667 0.48072916666666665 0.664814814814815 0.5213541666666667 0.6648148148148151
3 0.38333333333333336 0.5148148148148148 0.34479166666666666 0.5148148148148148 0.34479166666666666 0.5842592592592593 0.38333333333333336 0.5842592592592593
10 0.4473958333333333 0.2037037037037038 0.4005208333333333 0.2037037037037038 0.4005208333333333 0.2898148148148149 0.4473958333333333 0.2898148148148149
11 0.31197916666666664 0.6361111111111111 0.26562500000000006 0.6361111111111111 0.26562500000000006 0.7222222222222222 0.31197916666666664 0.7222222222222222
5 0.49895833333333334 0.738888888888889 0.44947916666666665 0.7388888888888889 0.44947916666666665 0.8287037037037038 0.49895833333333334 0.8287037037037039
2 0.4703125 0.31203703703703717 0.4317708333333333 0.31203703703703717 0.4317708333333333 0.3814814814814816 0.4703125 0.3814814814814816
3 0.475 0.5685185185185185 0.4348958333333333 0.5685185185185185 0.4348958333333333 0.6407407407407407 0.475 0.6407407407407407
8 0.459375 0.14722222222222234 0.42239583333333336 0.14722222222222234 0.42239583333333336 0.21574074074074084 0.459375 0.21574074074074084
7 0.284375 0.5324074074074074 0.23750000000000007 0.5324074074074074 0.23750000000000007 0.6175925925925926 0.284375 0.6175925925925926
1 0.4171875 0.6074074074074074 0.36822916666666666 0.6074074074074074 0.36822916666666666 0.6990740740740741 0.4171875 0.6990740740740741
3 0.334375 0.4935185185185185 0.29583333333333334 0.4935185185185185 0.29583333333333334 0.5638888888888889 0.334375 0.5638888888888889
9 0.35052083333333334 0.6685185185185185 0.31302083333333336 0.6685185185185185 0.31302083333333336 0.737037037037037 0.35052083333333334 0.737037037037037
11 0.3697916666666667 0.5814814814814815 0.32135416666666666 0.5814814814814815 0.32135416666666666 0.6694444444444444 0.3697916666666667 0.6694444444444444
2 0.5677083333333334 0.3592592592592594 0.5276041666666667 0.3592592592592594 0.5276041666666667 0.4324074074074075 0.5677083333333334 0.4324074074074075
2 0.4234375 0.28518518518518526 0.3859375 0.28518518518518526 0.3859375 0.35185185185185197 0.4234375 0.35185185185185197
10 0.49166666666666664 0.2287037037037038 0.44479166666666664 0.2287037037037038 0.44479166666666664 0.31481481481481494 0.49166666666666664 0.31481481481481494
9 0.4427083333333333 0.7240740740740741 0.4036458333333333 0.7240740740740741 0.4036458333333333 0.7953703703703704 0.4427083333333333 0.7953703703703704