6 0.5005208333333333 0.23796296296296307 0.44947916666666665 0.23796296296296307 0.44947916666666665 0.3277777777777779 0.5005208333333333 0.3277777777777779
9 0.41875 0.7722222222222223 0.375 0.7722222222222223 0.375 0.8481481481481481 0.41875 0.8481481481481481
2 0.3953125 0.31203703703703717 0.35 0.31203703703703717 0.35 0.39074074074074083 0.3953125 0.39074074074074083
4 0.453125 0.17592592592592604 0.4010416666666667 0.17592592592592604 0.4010416666666667 0.2675925925925927 0.453125 0.2675925925925927
5 0.32916666666666666 0.6407407407407407 0.2765625 0.6407407407407407 0.2765625 0.7342592592592593 0.32916666666666666 0.7342592592592593
8 0.6432291666666666 0.23055555555555568 0.5994791666666667 0.23055555555555565 0.5994791666666667 0.3074074074074075 0.6432291666666666 0.3074074074074075
7 0.30104166666666665 0.39444444444444454 0.24739583333333334 0.39444444444444454 0.24739583333333337 0.4888888888888889 0.30104166666666665 0.4888888888888889
4 0.4630208333333333 0.5046296296296297 0.40729166666666666 0.5046296296296297 0.40729166666666666 0.6037037037037037 0.4630208333333333 0.6037037037037037
13 0.4755208333333334 0.8194444444444444 0.4125 0.8194444444444444 0.41250000000000003 0.9305555555555556 0.47552083333333345 0.9305555555555556
8 0.5447916666666667 0.3074074074074075 0.5026041666666666 0.3074074074074075 0.5026041666666666 0.3814814814814816 0.5447916666666667 0.3814814814814816
10 0.3989583333333334 0.8324074074074074 0.346875 0.8324074074074074 0.34687500000000004 0.924074074074074 0.39895833333333347 0.924074074074074
3 0.5927083333333333 0.6962962962962965 0.5494791666666666 0.6962962962962965 0.5494791666666666 0.7722222222222225 0.5927083333333333 0.7722222222222225
2 0.5348958333333333 0.8324074074074076 0.4921875 0.8324074074074076 0.49218750000000006 0.9064814814814817 0.5348958333333333 0.9064814814814817
11 0.5921875 0.3537037037037038 0.5359375 0.3537037037037038 0.5359375 0.45370370370370383 0.5921875 0.45370370370370383
3 0.36875 0.3870370370370371 0.3255208333333333 0.3870370370370371 0.3255208333333333 0.46203703703703713 0.36875 0.46203703703703713
2 0.31145833333333334 0.525 0.26927083333333335 0.525 0.26927083333333335 0.6 0.31145833333333334 0.6
3 0.5359375 0.5018518518518521 0.49322916666666666 0.5018518518518521 0.49322916666666666 0.577777777777778 0.5359375 0.577777777777778
9 0.371875 0.7194444444444444 0.3296875 0.7194444444444444 0.3296875 0.7935185185185185 0.371875 0.7935185185185185
1 0.6838541666666667 0.2842592592592594 0.63125 0.2842592592592594 0.63125 0.3777777777777779 0.6838541666666667 0.3777777777777779
3 0.546875 0.6388888888888891 0.5041666666666667 0.6388888888888891 0.5041666666666667 0.7138888888888891 0.546875 0.7138888888888891
3 0.43020833333333336 0.5814814814814815 0.3880208333333333 0.5814814814814815 0.3880208333333333 0.6555555555555556 0.43020833333333336 0.6555555555555556
2 0.5807291666666666 0.8925925925925928 0.5375 0.8925925925925928 0.5375 0.9675925925925926 0.5807291666666666 0.9675925925925926
6 0.6875 0.8175925925925928 0.6338541666666667 0.8175925925925928 0.6338541666666667 0.9120370370370372 0.6875 0.9120370370370372
12 0.60625 0.15925925925925938 0.5427083333333333 0.15925925925925938 0.5427083333333333 0.2712962962962964 0.60625 0.2712962962962964
0 0.4083333333333333 0.6425925925925926 0.3546875 0.6425925925925926 0.3546875 0.7379629629629629 0.4083333333333333 0.7379629629629629
7 0.5588541666666667 0.10833333333333345 0.5052083333333334 0.10833333333333343 0.5052083333333334 0.20185185185185195 0.5588541666666667 0.20185185185185195
0 0.6359375 0.42222222222222233 0.5833333333333334 0.42222222222222233 0.5833333333333334 0.5148148148148151 0.6359375 0.5148148148148151
1 0.4984375 0.7564814814814815 0.44427083333333334 0.7564814814814815 0.44427083333333334 0.8537037037037039 0.4984375 0.853703703703704
5 0.4828125 0.6324074074074074 0.42864583333333334 0.6324074074074074 0.42864583333333334 0.7314814814814815 0.4828125 0.7314814814814815
11 0.7234375 0.5370370370370372 0.6682291666666667 0.5370370370370372 0.6682291666666667 0.6379629629629632 0.7234375 0.6379629629629632
10 0.6177083333333333 0.29074074074074086 0.5666666666666667 0.29074074074074086 0.5666666666666667 0.3833333333333334 0.6177083333333333 0.3833333333333334
2 0.5765625 0.5601851851851853 0.5322916666666667 0.5601851851851853 0.5322916666666667 0.6416666666666668 0.5765625 0.6416666666666668