7 0.4453125 0.37685185185185194 0.4046875 0.37685185185185194 0.4046875 0.45740740740740754 0.4453125 0.45740740740740754
11 0.3072916666666667 0.3490740740740742 0.2677083333333333 0.3490740740740742 0.2677083333333333 0.42592592592592604 0.3072916666666667 0.42592592592592604
2 0.3177083333333333 0.162962962962963 0.2869791666666667 0.162962962962963 0.2869791666666667 0.2231481481481482 0.3177083333333333 0.2231481481481482
2 0.3338541666666667 0.5564814814814815 0.3026041666666667 0.5564814814814815 0.3026041666666667 0.6203703703703703 0.3338541666666667 0.6203703703703703
1 0.4046875 0.2685185185185186 0.3651041666666667 0.2685185185185186 0.3651041666666667 0.3472222222222223 0.4046875 0.3472222222222223
0 0.6875 0.4166666666666668 0.646875 0.4166666666666668 0.646875 0.4962962962962965 0.6875 0.4962962962962965
4 0.7458333333333333 0.3333333333333335 0.7057291666666666 0.3333333333333334 0.7057291666666666 0.4120370370370372 0.7458333333333333 0.41203703703703726
6 0.7307291666666667 0.5157407407407409 0.6895833333333333 0.5157407407407409 0.6895833333333333 0.5972222222222224 0.7307291666666667 0.5972222222222224
7 0.3416666666666667 0.4601851851851853 0.3026041666666667 0.4601851851851853 0.3026041666666667 0.5370370370370371 0.3416666666666667 0.5370370370370371
3 0.7489583333333333 0.15000000000000016 0.7171875 0.15000000000000016 0.7171875 0.2120370370370372 0.7489583333333333 0.2120370370370372
2 0.2859375 0.5546296296296296 0.25468750000000007 0.5546296296296296 0.25468750000000007 0.6166666666666667 0.2859375 0.6166666666666667
2 0.3614583333333333 0.17500000000000004 0.3302083333333333 0.17500000000000004 0.3302083333333333 0.23518518518518525 0.3614583333333333 0.23518518518518525
9 0.34375 0.3592592592592594 0.3125 0.3592592592592594 0.3125 0.42222222222222233 0.34375 0.42222222222222233
5 0.2994791666666667 0.43333333333333346 0.26041666666666674 0.43333333333333346 0.26041666666666674 0.512962962962963 0.2994791666666667 0.512962962962963
5 0.3885416666666667 0.46203703703703713 0.346875 0.46203703703703713 0.346875 0.5435185185185185 0.3885416666666667 0.5435185185185185
4 0.6416666666666667 0.4037037037037038 0.6015625 0.4037037037037038 0.6015625 0.4814814814814817 0.6416666666666667 0.4814814814814817
1 0.3151041666666667 0.2601851851851853 0.2765625 0.2601851851851853 0.2765625 0.3361111111111112 0.3151041666666667 0.3361111111111112
8 0.6473958333333333 0.32037037037037047 0.6145833333333334 0.32037037037037047 0.6145833333333334 0.38425925925925936 0.6473958333333333 0.38425925925925936
11 0.39739583333333334 0.363888888888889 0.3567708333333333 0.363888888888889 0.3567708333333333 0.44537037037037047 0.39739583333333334 0.44537037037037047
3 0.6682291666666667 0.6203703703703706 0.6359375 0.6203703703703706 0.6359375 0.6888888888888891 0.6682291666666667 0.6888888888888891
13 0.36354166666666665 0.25462962962962976 0.3151041666666667 0.25462962962962976 0.3151041666666667 0.3472222222222223 0.36354166666666665 0.3472222222222223
3 0.6994791666666667 0.22314814814814832 0.6682291666666667 0.22314814814814832 0.6682291666666667 0.28518518518518526 0.6994791666666667 0.28518518518518526
3 0.7484375 0.23425925925925942 0.715625 0.23425925925925942 0.715625 0.2972222222222224 0.7484375 0.29722222222222244
2 0.32708333333333334 0.07222222222222228 0.29322916666666665 0.07222222222222227 0.29322916666666665 0.13888888888888895 0.32708333333333334 0.13888888888888895
6 0.5958333333333333 0.3935185185185186 0.5515625 0.3935185185185186 0.5515625 0.4787037037037039 0.5958333333333333 0.4787037037037039
0 0.6354166666666666 0.5018518518518521 0.5911458333333334 0.5018518518518521 0.5911458333333334 0.5796296296296298 0.6354166666666666 0.5796296296296298
12 0.6854166666666667 0.5037037037037039 0.6348958333333333 0.5037037037037039 0.6348958333333333 0.6046296296296299 0.6854166666666667 0.6046296296296299
10 0.7395833333333334 0.42500000000000016 0.6979166666666666 0.4250000000000001 0.6979166666666666 0.502777777777778 0.7395833333333334 0.502777777777778
10 0.7 0.325925925925926 0.6572916666666667 0.325925925925926 0.6572916666666667 0.4027777777777779 0.7 0.4027777777777779
3 0.7182291666666667 0.6305555555555558 0.6864583333333333 0.6305555555555558 0.6864583333333333 0.6944444444444446 0.7182291666666667 0.6944444444444446