5 0.6515625 0.7638888888888891 0.6125 0.7638888888888891 0.6125 0.827777777777778 0.6515625 0.827777777777778
10 0.5119791666666667 0.16944444444444454 0.4739583333333333 0.16944444444444454 0.4739583333333333 0.2287037037037038 0.5119791666666667 0.2287037037037038
9 0.5338541666666666 0.7805555555555558 0.5036458333333333 0.7805555555555558 0.5036458333333333 0.8305555555555557 0.5338541666666666 0.8305555555555557
7 0.7442708333333333 0.577777777777778 0.7046875 0.577777777777778 0.7046875 0.6379629629629632 0.7442708333333333 0.6379629629629632
6 0.6223958333333334 0.24166666666666678 0.5838541666666667 0.24166666666666678 0.5838541666666667 0.3000000000000001 0.6223958333333334 0.3000000000000001
1 0.4609375 0.09814814814814823 0.42135416666666664 0.09814814814814822 0.42135416666666664 0.15740740740740752 0.4609375 0.15740740740740752
2 0.6932291666666667 0.676851851851852 0.6609375 0.676851851851852 0.6609375 0.7240740740740743 0.6932291666666667 0.7240740740740743
3 0.41458333333333336 0.5370370370370371 0.38229166666666664 0.5370370370370371 0.38229166666666664 0.5861111111111111 0.41458333333333336 0.5861111111111111
2 0.6859375 0.4111111111111112 0.653125 0.4111111111111112 0.653125 0.4564814814814816 0.6859375 0.4564814814814816
8 0.5036458333333333 0.08888888888888899 0.4734375 0.08888888888888899 0.4734375 0.13333333333333344 0.5036458333333333 0.13333333333333344
8 0.5625 0.25092592592592605 0.53125 0.25092592592592605 0.53125 0.2962962962962964 0.5625 0.2962962962962964
3 0.5161458333333333 0.426851851851852 0.484375 0.426851851851852 0.484375 0.47407407407407426 0.5161458333333333 0.47407407407407426
3 0.5796875 0.6018518518518521 0.5489583333333333 0.6018518518518521 0.5489583333333333 0.6500000000000002 0.5796875 0.6500000000000002
13 0.48854166666666665 0.7796296296296298 0.440625 0.7796296296296297 0.440625 0.851851851851852 0.48854166666666665 0.8518518518518521
3 0.4671875 0.5351851851851852 0.4354166666666667 0.5351851851851852 0.4354166666666667 0.5833333333333334 0.4671875 0.5833333333333334
4 0.6791666666666667 0.23703703703703713 0.6401041666666667 0.23703703703703713 0.6401041666666667 0.2981481481481483 0.6791666666666667 0.2981481481481483
2 0.3697916666666667 0.7222222222222222 0.33645833333333336 0.7222222222222222 0.33645833333333336 0.7703703703703704 0.3697916666666667 0.7703703703703704
3 0.6848958333333334 0.4962962962962965 0.6526041666666667 0.4962962962962965 0.6526041666666667 0.5444444444444446 0.6848958333333334 0.5444444444444446
11 0.35520833333333335 0.275925925925926 0.31614583333333335 0.275925925925926 0.31614583333333335 0.33703703703703713 0.35520833333333335 0.33703703703703713
9 0.5875 0.7824074074074077 0.5567708333333333 0.7824074074074077 0.5567708333333333 0.8324074074074076 0.5875 0.8324074074074076
12 0.5635416666666667 0.07870370370370382 0.5161458333333333 0.0787037037037038 0.5161458333333333 0.1490740740740742 0.5635416666666667 0.1490740740740742
7 0.6135416666666667 0.07500000000000014 0.5734375 0.07500000000000014 0.5734375 0.13240740740740753 0.6135416666666667 0.13240740740740756
6 0.30885416666666665 0.5546296296296296 0.26875 0.5546296296296296 0.26875 0.6166666666666667 0.30885416666666665 0.6166666666666667
4 0.5807291666666666 0.5138888888888891 0.540625 0.5138888888888891 0.540625 0.5750000000000002 0.5807291666666666 0.5750000000000002
5 0.5270833333333333 0.6009259259259261 0.4869791666666667 0.6009259259259261 0.4869791666666667 0.6648148148148151 0.5270833333333333 0.6648148148148151
0 0.5859375 0.6851851851851853 0.5458333333333333 0.6851851851851853 0.5458333333333333 0.7481481481481483 0.5859375 0.7481481481481483
2 0.4234375 0.7129629629629629 0.390625 0.7129629629629629 0.390625 0.7601851851851852 0.4234375 0.7601851851851852
10 0.5348958333333333 0.8620370370370373 0.5010416666666668 0.8620370370370373 0.5010416666666668 0.9194444444444446 0.5348958333333333 0.9194444444444446
2 0.4630208333333333 0.43796296296296305 0.43385416666666665 0.43796296296296305 0.43385416666666665 0.4842592592592593 0.4630208333333333 0.4842592592592593
0 0.4578125 0.26481481481481495 0.421875 0.26481481481481495 0.421875 0.3212962962962964 0.4578125 0.3212962962962964
1 0.4765625 0.6962962962962963 0.440625 0.6962962962962963 0.440625 0.7574074074074074 0.4765625 0.7574074074074074
11 0.5161458333333333 0.25185185185185194 0.4791666666666667 0.25185185185185194 0.4791666666666667 0.31296296296296305 0.5161458333333333 0.31296296296296305