4 0.490625 0.12037037037037047 0.446875 0.12037037037037047 0.446875 0.18796296296296308 0.490625 0.18796296296296308
7 0.5286458333333334 0.6425925925925928 0.484375 0.6425925925925928 0.484375 0.7129629629629631 0.5286458333333334 0.7129629629629631
9 0.5130208333333334 0.8250000000000001 0.478125 0.825 0.4781250000000001 0.8842592592592594 0.5130208333333335 0.8842592592592595
7 0.5776041666666667 0.8342592592592595 0.5338541666666666 0.8342592592592595 0.5338541666666666 0.9037037037037039 0.5776041666666667 0.9037037037037039
3 0.42604166666666665 0.1898148148148149 0.38958333333333334 0.1898148148148149 0.38958333333333334 0.2537037037037038 0.42604166666666665 0.2537037037037038
0 0.540625 0.21574074074074084 0.49635416666666665 0.21574074074074084 0.49635416666666665 0.2861111111111112 0.540625 0.2861111111111112
2 0.6291666666666667 0.8435185185185188 0.5947916666666667 0.8435185185185188 0.5947916666666667 0.9009259259259261 0.6291666666666667 0.9009259259259261
10 0.4859375 0.19814814814814824 0.44427083333333334 0.19814814814814824 0.44427083333333334 0.2666666666666668 0.4859375 0.2666666666666668
3 0.37864583333333335 0.10648148148148157 0.34375 0.10648148148148157 0.34375 0.16388888888888897 0.37864583333333335 0.163888888888889
13 0.47187500000000004 0.7916666666666666 0.4161458333333333 0.7916666666666666 0.4161458333333334 0.8777777777777778 0.4718750000000001 0.8777777777777778
3 0.6427083333333333 0.24907407407407417 0.6088541666666667 0.24907407407407417 0.6088541666666667 0.3037037037037038 0.6427083333333333 0.3037037037037038
5 0.5760416666666667 0.7490740740740743 0.5317708333333333 0.7490740740740743 0.5317708333333333 0.8203703703703705 0.5760416666666667 0.8203703703703705
12 0.5984375 0.21944444444444455 0.5453125 0.21944444444444455 0.5453125 0.3074074074074075 0.5984375 0.3074074074074075
4 0.5338541666666666 0.2962962962962964 0.49166666666666664 0.2962962962962964 0.49166666666666664 0.3675925925925927 0.5338541666666666 0.3675925925925927
6 0.5302083333333333 0.37314814814814823 0.4869791666666667 0.37314814814814823 0.4869791666666667 0.44351851851851865 0.5302083333333333 0.44351851851851865
11 0.5197916666666668 0.8972222222222224 0.4744791666666668 0.8972222222222223 0.4744791666666668 0.9703703703703703 0.5197916666666668 0.9703703703703703
6 0.5885416666666666 0.14166666666666677 0.5458333333333333 0.14166666666666677 0.5458333333333333 0.21296296296296308 0.5885416666666666 0.21296296296296308
8 0.47552083333333334 0.2842592592592594 0.4421875 0.2842592592592594 0.4421875 0.34074074074074084 0.47552083333333334 0.34074074074074084
10 0.5385416666666667 0.1314814814814816 0.49635416666666665 0.1314814814814816 0.49635416666666665 0.20092592592592604 0.5385416666666667 0.20092592592592604
3 0.4276041666666667 0.10648148148148158 0.39375 0.10648148148148157 0.39375 0.16944444444444454 0.4276041666666667 0.16944444444444454
0 0.584375 0.3074074074074075 0.5432291666666667 0.3074074074074075 0.5432291666666667 0.3814814814814816 0.584375 0.3814814814814816
11 0.525 0.7250000000000001 0.48125 0.725 0.48125 0.800925925925926 0.525 0.8009259259259262
3 0.640625 0.16296296296296311 0.6083333333333333 0.16296296296296311 0.6083333333333333 0.22222222222222238 0.640625 0.22222222222222238
1 0.4671875 0.7129629629629629 0.42552083333333335 0.7129629629629629 0.42552083333333335 0.7833333333333333 0.4671875 0.7833333333333333
2 0.40572916666666664 0.7962962962962963 0.3703125 0.7962962962962963 0.3703125 0.8537037037037037 0.40572916666666664 0.8537037037037037
5 0.5692708333333333 0.9092592592592594 0.5250000000000001 0.9092592592592594 0.5250000000000001 0.9879629629629629 0.5692708333333333 0.9879629629629629
2 0.4041666666666668 0.8722222222222222 0.3640625000000001 0.8722222222222222 0.3640625000000001 0.9333333333333333 0.4041666666666668 0.9333333333333333
2 0.3505208333333334 0.8574074074074074 0.3140625 0.8574074074074074 0.3140625000000001 0.9212962962962963 0.35052083333333345 0.9212962962962963
1 0.4661458333333334 0.8833333333333333 0.42083333333333345 0.8833333333333333 0.42083333333333345 0.9592592592592593 0.4661458333333334 0.9592592592592593
2 0.628125 0.9342592592592595 0.590625 0.9342592592592595 0.590625 0.9972222222222222 0.628125 0.9972222222222222