4 0.6572916666666667 0.7861111111111113 0.6145833333333334 0.7861111111111113 0.6145833333333334 0.8574074074074076 0.6572916666666667 0.8574074074074076
0 0.7588541666666667 0.7592592592592595 0.7151041666666667 0.7592592592592595 0.7151041666666667 0.8305555555555557 0.7588541666666667 0.8305555555555557
4 0.41302083333333345 0.8842592592592593 0.36927083333333344 0.8842592592592593 0.36927083333333344 0.9555555555555556 0.41302083333333345 0.9555555555555556
11 0.55625 0.10370370370370383 0.515625 0.10370370370370381 0.515625 0.17037037037037048 0.55625 0.17037037037037048
13 0.471875 0.20462962962962974 0.42239583333333336 0.20462962962962974 0.42239583333333336 0.2842592592592594 0.471875 0.2842592592592594
7 0.34375 0.34814814814814826 0.30364583333333334 0.34814814814814826 0.30364583333333334 0.4148148148148149 0.34375 0.4148148148148149
3 0.3026041666666667 0.4314814814814816 0.26927083333333335 0.4314814814814816 0.26927083333333335 0.4861111111111111 0.3026041666666667 0.4861111111111111
2 0.5255208333333333 0.6009259259259261 0.49114583333333334 0.6009259259259261 0.49114583333333334 0.6574074074074077 0.5255208333333333 0.6574074074074077
3 0.39479166666666665 0.39444444444444454 0.3614583333333333 0.39444444444444454 0.3614583333333333 0.44814814814814824 0.39479166666666665 0.44814814814814824
6 0.6953125 0.6111111111111113 0.6536458333333334 0.6111111111111113 0.6536458333333334 0.6814814814814817 0.6953125 0.6814814814814817
5 0.3265625 0.2046296296296297 0.28541666666666665 0.2046296296296297 0.28541666666666665 0.2712962962962964 0.3265625 0.2712962962962964
2 0.7229166666666667 0.5194444444444447 0.6880208333333333 0.5194444444444447 0.6880208333333333 0.5759259259259262 0.7229166666666667 0.5759259259259262
2 0.6229166666666667 0.551851851851852 0.5869791666666667 0.551851851851852 0.5869791666666667 0.6092592592592595 0.6229166666666667 0.6092592592592595
3 0.48854166666666665 0.35648148148148157 0.4546875 0.35648148148148157 0.4546875 0.4111111111111112 0.48854166666666665 0.4111111111111112
12 0.5640625 0.7416666666666669 0.5109375 0.7416666666666669 0.5109375 0.8287037037037039 0.5640625 0.8287037037037039
3 0.6786458333333333 0.2981481481481483 0.6447916666666667 0.2981481481481483 0.6447916666666667 0.3500000000000001 0.6786458333333333 0.3500000000000001
6 0.38697916666666665 0.725925925925926 0.34479166666666666 0.725925925925926 0.34479166666666666 0.7962962962962963 0.38697916666666665 0.7962962962962963
7 0.6307291666666667 0.22685185185185197 0.5901041666666667 0.22685185185185194 0.5901041666666667 0.2925925925925927 0.6307291666666667 0.2925925925925927
2 0.4270833333333333 0.6370370370370371 0.3927083333333333 0.6370370370370371 0.3927083333333333 0.6935185185185185 0.4270833333333333 0.6935185185185185
1 0.28489583333333335 0.2092592592592593 0.2421875 0.2092592592592593 0.2421875 0.2787037037037038 0.28489583333333335 0.2787037037037038
5 0.5973958333333333 0.09537037037037051 0.5557291666666667 0.09537037037037051 0.5557291666666667 0.1601851851851853 0.5973958333333333 0.1601851851851853
11 0.3703125 0.18055555555555564 0.3302083333333333 0.1805555555555556 0.3302083333333333 0.24722222222222232 0.3703125 0.24722222222222232
3 0.5880208333333333 0.32685185185185195 0.5546875 0.32685185185185195 0.5546875 0.38055555555555565 0.5880208333333333 0.38055555555555565
2 0.32864583333333336 0.6685185185185185 0.29322916666666665 0.6685185185185185 0.29322916666666665 0.725 0.32864583333333336 0.725
9 0.5114583333333333 0.1250000000000001 0.478125 0.1250000000000001 0.478125 0.1777777777777779 0.5114583333333333 0.1777777777777779
9 0.41458333333333336 0.16851851851851862 0.38177083333333334 0.16851851851851862 0.38177083333333334 0.22037037037037047 0.41458333333333336 0.22037037037037047
8 0.5161458333333334 0.8546296296296297 0.48020833333333335 0.8546296296296296 0.4802083333333334 0.9185185185185186 0.5161458333333334 0.9185185185185187
8 0.6135416666666667 0.8259259259259262 0.5791666666666667 0.8259259259259262 0.5791666666666667 0.8851851851851854 0.6135416666666667 0.8851851851851854
1 0.6515625 0.08611111111111125 0.6114583333333333 0.08611111111111125 0.6114583333333333 0.15092592592592607 0.6515625 0.15092592592592607
10 0.7083333333333334 0.7620370370370373 0.6661458333333333 0.7620370370370373 0.6661458333333333 0.8407407407407409 0.7083333333333334 0.8407407407407409
10 0.4635416666666668 0.8657407407407407 0.42239583333333347 0.8657407407407407 0.42239583333333347 0.937962962962963 0.4635416666666668 0.937962962962963
0 0.3697916666666668 0.8916666666666667 0.32239583333333344 0.8916666666666667 0.32239583333333344 0.9722222222222222 0.3697916666666668 0.9722222222222222