4 0.38333333333333336 0.18796296296296305 0.340625 0.18796296296296303 0.340625 0.2675925925925927 0.38333333333333336 0.2675925925925927
0 0.4088541666666667 0.01018518518518527 0.365625 0.010185185185185264 0.365625 0.09166666666666674 0.4088541666666667 0.09166666666666674
4 0.3020833333333333 0.6129629629629629 0.2593750000000001 0.6129629629629629 0.2593750000000001 0.6953703703703704 0.3020833333333333 0.6953703703703704
11 0.75625 0.41296296296296314 0.7161458333333334 0.4129629629629631 0.7161458333333334 0.4888888888888891 0.75625 0.4888888888888891
13 0.690625 0.5537037037037039 0.6421875 0.5537037037037039 0.6421875 0.6472222222222225 0.690625 0.6472222222222225
7 0.5973958333333333 0.7722222222222225 0.5567708333333333 0.7722222222222225 0.5567708333333333 0.8472222222222224 0.5973958333333333 0.8472222222222224
3 0.5458333333333333 0.839814814814815 0.5125 0.839814814814815 0.5125000000000001 0.902777777777778 0.5458333333333333 0.902777777777778
2 0.4739583333333333 0.43333333333333346 0.4401041666666667 0.43333333333333346 0.4401041666666667 0.49907407407407406 0.4739583333333333 0.49907407407407406
3 0.5765625 0.6796296296296298 0.5432291666666667 0.6796296296296298 0.5432291666666667 0.7425925925925928 0.5765625 0.7425925925925928
6 0.48541666666666666 0.1314814814814816 0.4432291666666667 0.1314814814814816 0.4432291666666667 0.21018518518518528 0.48541666666666666 0.21018518518518528
5 0.6760416666666667 0.8111111111111113 0.6359375 0.8111111111111113 0.6359375 0.8888888888888891 0.6760416666666667 0.8888888888888891
2 0.5401041666666667 0.09074074074074084 0.5057291666666667 0.09074074074074084 0.5057291666666667 0.15648148148148158 0.5401041666666667 0.15648148148148158
2 0.5114583333333333 0.26574074074074083 0.4765625 0.26574074074074083 0.4765625 0.33240740740740754 0.5114583333333333 0.33240740740740754
3 0.6078125 0.5157407407407409 0.5744791666666667 0.5157407407407409 0.5744791666666667 0.5787037037037039 0.6078125 0.5787037037037039
12 0.3984375 0.3537037037037038 0.3458333333333333 0.3537037037037038 0.3458333333333333 0.4546296296296297 0.3984375 0.4546296296296297
3 0.6604166666666667 0.18425925925925943 0.628125 0.18425925925925943 0.628125 0.24722222222222232 0.6604166666666667 0.24722222222222232
6 0.3885416666666667 0.6694444444444444 0.3463541666666667 0.6694444444444444 0.3463541666666667 0.7490740740740741 0.3885416666666667 0.7490740740740741
7 0.6947916666666667 0.2722222222222223 0.6552083333333333 0.2722222222222223 0.6552083333333333 0.3490740740740742 0.6947916666666667 0.3490740740740742
2 0.4432291666666667 0.6055555555555555 0.4088541666666667 0.6055555555555555 0.4088541666666667 0.6694444444444444 0.4432291666666667 0.6694444444444444
1 0.6692708333333334 0.8851851851851854 0.6265625 0.8851851851851854 0.6265625 0.9657407407407408 0.6692708333333334 0.9657407407407408
5 0.7661458333333333 0.339814814814815 0.7260416666666667 0.339814814814815 0.7260416666666667 0.41851851851851873 0.7661458333333333 0.41851851851851873
11 0.69375 0.7361111111111113 0.6536458333333334 0.7361111111111113 0.6536458333333334 0.8120370370370372 0.69375 0.8120370370370372
3 0.634375 0.34259259259259267 0.6020833333333333 0.34259259259259267 0.6020833333333333 0.40462962962962973 0.634375 0.40462962962962973
2 0.41510416666666666 0.7777777777777778 0.3807291666666667 0.7777777777777778 0.3807291666666667 0.8444444444444444 0.41510416666666666 0.8444444444444444
9 0.7401041666666667 0.49166666666666686 0.7078125 0.49166666666666686 0.7078125 0.5537037037037039 0.7401041666666667 0.5537037037037039
9 0.7057291666666666 0.6601851851851854 0.6734375 0.6601851851851854 0.6734375 0.7212962962962965 0.7057291666666666 0.7212962962962965
8 0.3302083333333333 0.43333333333333346 0.2921875 0.43333333333333346 0.2921875 0.5009259259259259 0.3302083333333333 0.5009259259259259
8 0.35625 0.263888888888889 0.32135416666666666 0.263888888888889 0.32135416666666666 0.32870370370370383 0.35625 0.32870370370370383
1 0.7760416666666666 0.24537037037037057 0.7369791666666666 0.24537037037037057 0.7369791666666666 0.3203703703703706 0.7760416666666666 0.3203703703703706
10 0.40208333333333335 0.09814814814814822 0.35520833333333335 0.09814814814814822 0.35520833333333335 0.17870370370370378 0.40208333333333335 0.1787037037037038
10 0.3182291666666667 0.524074074074074 0.275 0.524074074074074 0.275 0.6018518518518519 0.3182291666666667 0.6018518518518519
0 0.29322916666666665 0.687962962962963 0.24531250000000007 0.687962962962963 0.24531250000000007 0.7768518518518519 0.29322916666666665 0.7768518518518519