13 0.3515625 0.637962962962963 0.3098958333333333 0.637962962962963 0.3098958333333333 0.7138888888888889 0.3515625 0.7138888888888889
6 0.553125 0.3157407407407408 0.5192708333333333 0.3157407407407408 0.5192708333333333 0.37685185185185194 0.553125 0.37685185185185194
11 0.271875 0.537962962962963 0.23906250000000007 0.537962962962963 0.23906250000000007 0.5990740740740741 0.271875 0.5990740740740741
5 0.43333333333333335 0.7546296296296297 0.3984375 0.7546296296296297 0.3984375 0.8185185185185185 0.43333333333333335 0.8185185185185185
5 0.2348958333333334 0.4861111111111111 0.20260416666666672 0.4861111111111111 0.20260416666666672 0.5453703703703704 0.2348958333333334 0.5453703703703704
0 0.4244791666666667 0.06944444444444453 0.3927083333333333 0.06944444444444452 0.3927083333333333 0.12314814814814826 0.4244791666666667 0.12314814814814826
10 0.5140625 0.2675925925925927 0.48125 0.2675925925925927 0.48125 0.32685185185185195 0.5140625 0.32685185185185195
6 0.4348958333333333 0.16944444444444454 0.40260416666666665 0.16944444444444454 0.40260416666666665 0.22685185185185194 0.4348958333333333 0.22685185185185194
3 0.365625 0.46944444444444455 0.3380208333333333 0.46944444444444455 0.3380208333333333 0.5175925925925926 0.365625 0.5175925925925926
7 0.4166666666666667 0.6342592592592593 0.38333333333333336 0.6342592592592593 0.38333333333333336 0.6962962962962963 0.4166666666666667 0.6962962962962963
9 0.3067708333333333 0.5935185185185186 0.28020833333333334 0.5935185185185186 0.28020833333333334 0.6425925925925926 0.3067708333333333 0.6425925925925926
2 0.5260416666666666 0.3851851851851853 0.4984375 0.3851851851851853 0.4984375 0.4324074074074075 0.5260416666666666 0.4324074074074075
3 0.321875 0.4175925925925927 0.2953125 0.4175925925925927 0.2953125 0.46574074074074084 0.321875 0.46574074074074084
7 0.2635416666666667 0.42129629629629634 0.23125 0.4212962962962963 0.23125000000000004 0.48148148148148145 0.26354166666666673 0.48148148148148145
0 0.59375 0.3648148148148149 0.559375 0.3648148148148149 0.559375 0.42407407407407416 0.59375 0.42407407407407416
3 0.4005208333333333 0.5259259259259259 0.3723958333333333 0.5259259259259259 0.3723958333333333 0.575 0.4005208333333333 0.575
11 0.33697916666666666 0.524074074074074 0.30364583333333334 0.524074074074074 0.30364583333333334 0.5824074074074074 0.33697916666666666 0.5824074074074074
2 0.4432291666666667 0.27685185185185196 0.41770833333333335 0.27685185185185196 0.41770833333333335 0.32314814814814824 0.4432291666666667 0.32314814814814824
9 0.3859375 0.7055555555555556 0.35833333333333334 0.7055555555555556 0.35833333333333334 0.7555555555555555 0.3859375 0.7555555555555555
4 0.6203125 0.30555555555555564 0.5875 0.30555555555555564 0.5875 0.363888888888889 0.6203125 0.363888888888889
3 0.4427083333333333 0.5796296296296296 0.41510416666666666 0.5796296296296296 0.41510416666666666 0.6277777777777778 0.4427083333333333 0.6277777777777778
10 0.4765625 0.21574074074074084 0.44427083333333334 0.21574074074074084 0.44427083333333334 0.27314814814814825 0.4765625 0.27314814814814825
4 0.4630208333333333 0.11203703703703714 0.43020833333333336 0.11203703703703714 0.43020833333333336 0.16851851851851862 0.4630208333333333 0.16851851851851862
3 0.4828125 0.6305555555555555 0.4557291666666667 0.6305555555555555 0.4557291666666667 0.6787037037037037 0.4828125 0.6787037037037037
12 0.5473958333333333 0.20555555555555566 0.5078125 0.20555555555555566 0.5078125 0.27685185185185196 0.5473958333333333 0.27685185185185196
2 0.4828125 0.33425925925925937 0.45625 0.33425925925925937 0.45625 0.38055555555555565 0.4828125 0.38055555555555565
8 0.49895833333333334 0.17222222222222233 0.4739583333333333 0.17222222222222233 0.4739583333333333 0.21666666666666679 0.49895833333333334 0.21666666666666679
1 0.3026041666666667 0.4740740740740741 0.26979166666666665 0.4740740740740741 0.26979166666666665 0.5333333333333333 0.3026041666666667 0.5333333333333333
1 0.3776041666666667 0.5796296296296296 0.34375 0.5796296296296296 0.34375 0.6407407407407407 0.3776041666666667 0.6407407407407407
2 0.4041666666666667 0.23333333333333345 0.37864583333333335 0.23333333333333345 0.37864583333333335 0.2777777777777779 0.4041666666666667 0.2777777777777779
8 0.5791666666666667 0.26296296296296306 0.5526041666666667 0.26296296296296306 0.5526041666666667 0.30925925925925934 0.5791666666666667 0.30925925925925934
2 0.5651041666666666 0.4407407407407408 0.5380208333333333 0.4407407407407408 0.5380208333333333 0.48796296296296315 0.5651041666666666 0.48796296296296315