7 0.4864583333333333 0.5314814814814816 0.4348958333333333 0.5314814814814814 0.4348958333333333 0.6222222222222223 0.4864583333333333 0.6222222222222225
11 0.41770833333333335 0.7527777777777778 0.36770833333333336 0.7527777777777778 0.36770833333333336 0.8416666666666667 0.41770833333333335 0.8416666666666667
2 0.3151041666666667 0.6787037037037037 0.2760416666666667 0.6787037037037037 0.2760416666666667 0.7472222222222222 0.3151041666666667 0.7472222222222222
2 0.5307291666666667 0.7722222222222225 0.490625 0.7722222222222225 0.490625 0.8425925925925928 0.5307291666666667 0.8425925925925928
1 0.4125 0.5666666666666667 0.3625 0.5666666666666667 0.3625 0.6546296296296297 0.4125 0.6546296296296297
0 0.5979166666666667 0.13981481481481492 0.546875 0.13981481481481492 0.546875 0.22962962962962974 0.5979166666666667 0.22962962962962974
4 0.5755208333333334 0.016666666666666784 0.525 0.016666666666666777 0.525 0.1064814814814816 0.5755208333333334 0.10648148148148161
6 0.6677083333333333 0.09722222222222236 0.615625 0.09722222222222235 0.615625 0.18888888888888905 0.6677083333333333 0.18888888888888905
7 0.4901041666666667 0.7305555555555556 0.440625 0.7305555555555555 0.440625 0.8175925925925926 0.4901041666666667 0.8175925925925928
3 0.4713541666666667 9.831192359821808e-17 0.4317708333333333 9.400298115677368e-17 0.4317708333333333 0.02407407407407417 0.4713541666666667 0.024074074074074178
2 0.5114583333333333 0.851851851851852 0.471875 0.8518518518518519 0.47187500000000004 0.9212962962962964 0.5114583333333335 0.9212962962962965
2 0.3375 0.6092592592592593 0.2984375 0.6092592592592593 0.2984375 0.6787037037037037 0.3375 0.6787037037037037
9 0.4296875 0.6953703703703704 0.39010416666666664 0.6953703703703704 0.39010416666666664 0.7648148148148148 0.4296875 0.7648148148148148
5 0.46093750000000006 0.7925925925925926 0.41041666666666665 0.7925925925925926 0.4104166666666667 0.8805555555555555 0.4609375000000001 0.8805555555555555
5 0.5098958333333333 0.6527777777777779 0.4578125 0.6527777777777778 0.4578125 0.7453703703703705 0.5098958333333333 0.7453703703703706
4 0.5734375 0.21111111111111122 0.5229166666666667 0.21111111111111122 0.5229166666666667 0.30092592592592604 0.5734375 0.30092592592592604
1 0.3734375 0.7129629629629629 0.32447916666666665 0.7129629629629629 0.32447916666666665 0.799074074074074 0.3734375 0.799074074074074
8 0.5244791666666667 0.17685185185185195 0.48333333333333334 0.17685185185185195 0.48333333333333334 0.24907407407407417 0.5244791666666667 0.24907407407407417
11 0.46145833333333336 0.6074074074074074 0.40989583333333335 0.6074074074074074 0.40989583333333335 0.6972222222222222 0.46145833333333336 0.6972222222222222
3 0.6932291666666667 0.23425925925925942 0.6505208333333333 0.23425925925925942 0.6505208333333333 0.3074074074074075 0.6932291666666667 0.3074074074074075
13 0.3963541666666667 0.6314814814814815 0.33697916666666666 0.6314814814814815 0.33697916666666666 0.737037037037037 0.3963541666666667 0.737037037037037
3 0.49114583333333334 0.06018518518518529 0.45208333333333334 0.06018518518518529 0.45208333333333334 0.12962962962962973 0.49114583333333334 0.12962962962962973
3 0.5161458333333333 1.0795034748039631e-16 0.47552083333333334 1.0352801181680866e-16 0.47552083333333334 0.053703703703703816 0.5161458333333333 0.05370370370370382
2 0.2734375 0.6351851851851852 0.23072916666666674 0.6351851851851852 0.23072916666666674 0.7101851851851851 0.2734375 0.7101851851851851
6 0.5541666666666667 0.28518518518518526 0.49895833333333334 0.28518518518518526 0.49895833333333334 0.3833333333333334 0.5541666666666667 0.3833333333333334
0 0.6229166666666667 0.2527777777777779 0.5708333333333333 0.2527777777777779 0.5708333333333333 0.34814814814814826 0.6229166666666667 0.34814814814814826
12 0.6536458333333334 0.16944444444444456 0.5895833333333333 0.16944444444444454 0.5895833333333333 0.28333333333333344 0.6536458333333334 0.28333333333333344
10 0.6208333333333333 0.05462962962962976 0.5703125 0.05462962962962975 0.5703125 0.14629629629629642 0.6208333333333333 0.14629629629629645
10 0.553125 0.09166666666666679 0.5026041666666666 0.09166666666666677 0.5026041666666666 0.18333333333333343 0.553125 0.18333333333333343
3 0.7145833333333333 0.15462962962962978 0.6744791666666666 0.15462962962962978 0.6744791666666666 0.22500000000000014 0.7145833333333333 0.22500000000000014