12 0.6505208333333333 0.5324074074074077 0.590625 0.5324074074074077 0.590625 0.6361111111111113 0.6505208333333333 0.6361111111111113
11 0.384375 0.662962962962963 0.3380208333333333 0.662962962962963 0.3380208333333333 0.7444444444444445 0.384375 0.7444444444444445
10 0.5817708333333333 0.4888888888888891 0.5328125 0.4888888888888891 0.5328125 0.5740740740740743 0.5817708333333333 0.5740740740740743
11 0.325 0.6259259259259259 0.28020833333333334 0.6259259259259259 0.28020833333333334 0.7046296296296296 0.325 0.7046296296296296
6 0.6239583333333333 0.6500000000000002 0.5760416666666667 0.6500000000000002 0.5760416666666667 0.7333333333333335 0.6239583333333333 0.7333333333333335
6 0.5546875 0.4074074074074075 0.5057291666666667 0.4074074074074075 0.5057291666666667 0.49166666666666686 0.5546875 0.49166666666666686
7 0.42916666666666675 0.8194444444444444 0.3828125 0.8194444444444444 0.38281250000000006 0.9 0.4291666666666668 0.9
4 0.5963541666666666 0.3694444444444446 0.5479166666666667 0.3694444444444446 0.5479166666666667 0.45370370370370383 0.5963541666666666 0.45370370370370383
4 0.6895833333333333 0.6925925925925928 0.6411458333333333 0.6925925925925928 0.6411458333333333 0.7750000000000002 0.6895833333333333 0.7750000000000002
3 0.43697916666666664 0.7222222222222222 0.4 0.7222222222222222 0.4 0.7861111111111111 0.43697916666666664 0.7861111111111111
13 0.37291666666666673 0.7657407407407407 0.3177083333333333 0.7657407407407407 0.31770833333333337 0.862037037037037 0.3729166666666668 0.862037037037037
3 0.4619791666666667 0.7981481481481482 0.4244791666666667 0.7981481481481482 0.42447916666666674 0.8638888888888889 0.4619791666666668 0.8638888888888889
7 0.3390625 0.512962962962963 0.29375 0.512962962962963 0.29375 0.5925925925925926 0.3390625 0.5925925925925926
1 0.40729166666666666 0.7425925925925926 0.3609375 0.7425925925925926 0.3609375 0.8231481481481482 0.40729166666666666 0.8231481481481482
10 0.6015625 0.5722222222222224 0.5536458333333333 0.5722222222222224 0.5536458333333333 0.6564814814814817 0.6015625 0.6564814814814817
3 0.39166666666666666 0.562962962962963 0.3546875 0.562962962962963 0.3546875 0.6277777777777778 0.39166666666666666 0.6277777777777778
5 0.41614583333333344 0.925 0.3718750000000001 0.925 0.3718750000000001 1 0.41614583333333344 1
3 0.4838541666666668 0.8722222222222223 0.4479166666666668 0.8722222222222222 0.4479166666666668 0.9361111111111112 0.4838541666666668 0.9361111111111113
2 0.58125 0.6981481481481484 0.54375 0.6981481481481484 0.54375 0.7620370370370373 0.58125 0.7620370370370373
2 0.5338541666666666 0.527777777777778 0.49583333333333335 0.527777777777778 0.49583333333333335 0.5944444444444447 0.5338541666666666 0.5944444444444447
3 0.41822916666666665 0.6444444444444445 0.38177083333333334 0.6444444444444445 0.38177083333333334 0.7074074074074074 0.41822916666666665 0.7074074074074074
2 0.5552083333333333 0.6166666666666669 0.5182291666666666 0.6166666666666669 0.5182291666666666 0.6814814814814817 0.5552083333333333 0.6814814814814817
8 0.6630208333333333 0.6240740740740743 0.6244791666666667 0.6240740740740743 0.6244791666666667 0.689814814814815 0.6630208333333333 0.689814814814815
2 0.5098958333333333 0.4527777777777779 0.4708333333333333 0.4527777777777779 0.4708333333333333 0.5203703703703705 0.5098958333333333 0.5203703703703706
9 0.34375 0.7046296296296296 0.3067708333333333 0.7046296296296296 0.3067708333333333 0.7703703703703704 0.34375 0.7703703703703704
8 0.6145833333333334 0.46944444444444455 0.5776041666666667 0.46944444444444455 0.5776041666666667 0.5342592592592594 0.6145833333333334 0.5342592592592594
5 0.303125 0.5472222222222223 0.25729166666666675 0.5472222222222223 0.25729166666666675 0.6277777777777778 0.303125 0.6277777777777778
0 0.6473958333333333 0.7250000000000002 0.5984375 0.7250000000000002 0.5984375 0.8092592592592595 0.6473958333333333 0.8092592592592595
0 0.5713541666666667 0.29074074074074086 0.5223958333333333 0.29074074074074086 0.5223958333333333 0.37592592592592605 0.5713541666666667 0.37592592592592605
2 0.6020833333333333 0.7759259259259261 0.5630208333333333 0.7759259259259261 0.5630208333333333 0.8435185185185188 0.6020833333333333 0.8435185185185188
9 0.3864583333333334 0.8555555555555555 0.35052083333333334 0.8555555555555555 0.3505208333333334 0.9185185185185185 0.38645833333333346 0.9185185185185185
1 0.3645833333333333 0.5935185185185186 0.3182291666666667 0.5935185185185186 0.3182291666666667 0.674074074074074 0.3645833333333333 0.674074074074074