4 0.5770833333333333 0.4814814814814817 0.5348958333333333 0.4814814814814817 0.5348958333333333 0.5435185185185187 0.5770833333333333 0.5435185185185187
6 0.6270833333333333 0.21388888888888902 0.5890625 0.213888888888889 0.5890625 0.27314814814814825 0.6270833333333333 0.27314814814814825
12 0.5755208333333334 0.04074074074074087 0.5302083333333333 0.04074074074074086 0.5302083333333333 0.11388888888888901 0.5755208333333334 0.11388888888888903
4 0.6838541666666667 0.2166666666666668 0.6421875 0.2166666666666668 0.6421875 0.2750000000000001 0.6838541666666667 0.2750000000000001
10 0.5192708333333333 0.1314814814814816 0.4822916666666667 0.1314814814814816 0.4822916666666667 0.1898148148148149 0.5192708333333333 0.1898148148148149
3 0.4078125 0.48333333333333334 0.3765625 0.48333333333333334 0.3765625 0.5370370370370371 0.4078125 0.5370370370370371
8 0.5661458333333333 0.21944444444444455 0.5364583333333334 0.21944444444444455 0.5364583333333334 0.2666666666666668 0.5661458333333333 0.2666666666666668
0 0.46458333333333335 0.21944444444444455 0.4244791666666667 0.21944444444444455 0.4244791666666667 0.27685185185185196 0.46458333333333335 0.27685185185185196
5 0.5192708333333333 0.5611111111111112 0.48072916666666665 0.5611111111111111 0.48072916666666665 0.6287037037037038 0.5192708333333333 0.6287037037037039
11 0.35989583333333336 0.2194444444444445 0.31979166666666664 0.2194444444444445 0.31979166666666664 0.28518518518518526 0.35989583333333336 0.28518518518518526
5 0.6369791666666667 0.7435185185185187 0.5989583333333334 0.7435185185185187 0.5989583333333334 0.802777777777778 0.6369791666666667 0.802777777777778
3 0.5739583333333333 0.5694444444444446 0.5401041666666667 0.5694444444444446 0.5401041666666667 0.6157407407407409 0.5739583333333333 0.6157407407407409
3 0.4630208333333333 0.4888888888888889 0.43020833333333336 0.4888888888888889 0.43020833333333336 0.5388888888888889 0.4630208333333333 0.5388888888888889
11 0.5203125 0.213888888888889 0.48125 0.213888888888889 0.48125 0.28055555555555567 0.5203125 0.28055555555555567
0 0.5739583333333333 0.651851851851852 0.5364583333333334 0.651851851851852 0.5364583333333334 0.7129629629629631 0.5739583333333333 0.7129629629629631
2 0.35833333333333334 0.6666666666666666 0.3234375 0.6666666666666666 0.3234375 0.7175925925925926 0.35833333333333334 0.7175925925925926
7 0.6229166666666667 0.045370370370370505 0.5880208333333333 0.045370370370370505 0.5880208333333333 0.11018518518518532 0.6229166666666667 0.11018518518518532
8 0.5109375 0.05000000000000011 0.4828125 0.05000000000000011 0.4828125 0.09629629629629641 0.5109375 0.09629629629629641
2 0.4635416666666667 0.3925925925925927 0.43020833333333336 0.3925925925925927 0.43020833333333336 0.44814814814814824 0.4635416666666667 0.44814814814814824
6 0.30364583333333334 0.48518518518518516 0.26354166666666673 0.48518518518518516 0.26354166666666673 0.55 0.30364583333333334 0.55
3 0.5140625 0.388888888888889 0.484375 0.388888888888889 0.484375 0.438888888888889 0.5140625 0.438888888888889
2 0.684375 0.3916666666666668 0.6510416666666666 0.3916666666666668 0.6510416666666666 0.44444444444444453 0.684375 0.44444444444444453
3 0.6802083333333333 0.4712962962962964 0.6494791666666667 0.4712962962962964 0.6494791666666667 0.5287037037037039 0.6802083333333333 0.5287037037037039
2 0.6822916666666666 0.6537037037037039 0.6526041666666667 0.6537037037037039 0.6526041666666667 0.7064814814814817 0.6822916666666666 0.7064814814814817
9 0.575 0.7509259259259261 0.54375 0.7509259259259261 0.54375 0.801851851851852 0.575 0.801851851851852
9 0.5208333333333334 0.7407407407407409 0.49166666666666664 0.7407407407407409 0.49166666666666664 0.790740740740741 0.5208333333333334 0.790740740740741
10 0.5208333333333334 0.8185185185185186 0.48072916666666665 0.8185185185185185 0.4807291666666667 0.8851851851851853 0.5208333333333335 0.8851851851851854
7 0.734375 0.5592592592592595 0.6979166666666666 0.5592592592592595 0.6979166666666666 0.6324074074074076 0.734375 0.6324074074074076
2 0.4109375 0.6611111111111111 0.3807291666666667 0.6611111111111111 0.3807291666666667 0.7129629629629629 0.4109375 0.7129629629629629
1 0.46875 0.6518518518518519 0.43072916666666666 0.6518518518518519 0.43072916666666666 0.7129629629629629 0.46875 0.7129629629629629
13 0.4739583333333333 0.7342592592592593 0.4265625 0.7342592592592593 0.4265625 0.812037037037037 0.4739583333333333 0.812037037037037
1 0.46927083333333336 0.05833333333333343 0.4317708333333333 0.058333333333333424 0.4317708333333333 0.11759259259259269 0.46927083333333336 0.11759259259259269