7 0.4161458333333333 0.4324074074074075 0.36354166666666665 0.4324074074074075 0.36354166666666665 0.5268518518518519 0.4161458333333333 0.5268518518518519
9 0.3223958333333333 0.36203703703703716 0.28229166666666666 0.36203703703703716 0.28229166666666666 0.4351851851851853 0.3223958333333333 0.4351851851851853
13 0.31197916666666664 0.4250000000000001 0.25052083333333336 0.4250000000000001 0.25052083333333336 0.5361111111111111 0.31197916666666664 0.5361111111111111
2 0.3854166666666667 0.1972222222222223 0.34479166666666666 0.19722222222222227 0.34479166666666666 0.2703703703703705 0.3854166666666667 0.2703703703703705
2 0.20625000000000007 0.5657407407407408 0.1666666666666667 0.5657407407407408 0.1666666666666667 0.6361111111111111 0.20625000000000007 0.6361111111111111
4 0.6401041666666667 0.7814814814814817 0.5885416666666666 0.7814814814814817 0.5885416666666666 0.8750000000000002 0.6401041666666667 0.8750000000000002
7 0.3609375 0.26481481481481495 0.309375 0.26481481481481495 0.309375 0.3574074074074075 0.3609375 0.3574074074074075
3 0.5614583333333333 0.8333333333333336 0.5192708333333333 0.8333333333333336 0.5192708333333333 0.9092592592592594 0.5614583333333333 0.9092592592592594
3 0.7213541666666666 0.5398148148148151 0.6796875 0.5398148148148151 0.6796875 0.6129629629629632 0.7213541666666666 0.6129629629629632
0 0.6265625 0.652777777777778 0.5729166666666666 0.652777777777778 0.5729166666666666 0.7490740740740743 0.6265625 0.7490740740740743
6 0.6942708333333333 0.6185185185185187 0.6416666666666667 0.6185185185185187 0.6416666666666667 0.7120370370370372 0.6942708333333333 0.7120370370370372
1 0.26875 0.3907407407407408 0.2171875 0.3907407407407407 0.21718750000000003 0.48148148148148145 0.26875 0.48148148148148145
3 0.5755208333333334 0.9481481481481482 0.5333333333333333 0.9481481481481482 0.5333333333333333 1 0.5755208333333334 1
8 0.5515625 0.7074074074074076 0.5083333333333333 0.7074074074074076 0.5083333333333333 0.7833333333333335 0.5515625 0.7833333333333335
1 0.3458333333333333 0.4685185185185186 0.29375 0.4685185185185186 0.29375 0.562037037037037 0.3458333333333333 0.562037037037037
3 0.6791666666666667 0.4925925925925928 0.6359375 0.4925925925925928 0.6359375 0.5685185185185188 0.6791666666666667 0.5685185185185188
5 0.3203125 0.2305555555555556 0.2682291666666667 0.2305555555555556 0.2682291666666667 0.32314814814814824 0.3203125 0.32314814814814824
2 0.27239583333333334 0.5222222222222223 0.2317708333333334 0.5222222222222223 0.2317708333333334 0.5953703703703703 0.27239583333333334 0.5953703703703703
6 0.5421875 0.5731481481481484 0.4895833333333333 0.5731481481481484 0.4895833333333333 0.6675925925925928 0.5421875 0.6675925925925928
2 0.3453125 0.150925925925926 0.3015625 0.150925925925926 0.3015625 0.22685185185185192 0.3453125 0.22685185185185192
11 0.37552083333333336 0.388888888888889 0.3234375 0.388888888888889 0.3234375 0.4824074074074074 0.37552083333333336 0.4824074074074074
2 0.23125000000000007 0.49074074074074076 0.1911458333333334 0.49074074074074076 0.1911458333333334 0.562037037037037 0.23125000000000007 0.562037037037037
11 0.2942708333333333 0.30925925925925934 0.24270833333333333 0.30925925925925934 0.24270833333333333 0.40185185185185196 0.2942708333333333 0.40185185185185196
0 0.6119791666666666 0.5296296296296299 0.5552083333333333 0.5296296296296299 0.5552083333333333 0.6333333333333335 0.6119791666666666 0.6333333333333335
10 0.6697916666666667 0.7046296296296298 0.615625 0.7046296296296298 0.615625 0.7990740740740743 0.6697916666666667 0.7990740740740743
4 0.5838541666666667 0.6138888888888892 0.5265625 0.6138888888888892 0.5265625 0.7120370370370372 0.5838541666666667 0.7120370370370372
10 0.6015625 0.7407407407407409 0.5453125 0.7407407407407409 0.5453125 0.8351851851851854 0.6015625 0.8351851851851854
3 0.6057291666666667 0.877777777777778 0.5619791666666667 0.877777777777778 0.5619791666666667 0.9546296296296296 0.6057291666666667 0.9546296296296296
5 0.39947916666666666 0.30925925925925934 0.3421875 0.30925925925925934 0.3421875 0.4074074074074075 0.39947916666666666 0.4074074074074075
12 0.659375 0.5583333333333336 0.5947916666666667 0.5583333333333336 0.5947916666666667 0.6722222222222224 0.659375 0.6722222222222224