10 0.43697916666666664 0.5944444444444444 0.3953125 0.5944444444444444 0.3953125 0.6694444444444444 0.43697916666666664 0.6694444444444444
6 0.4244791666666667 0.28333333333333344 0.3807291666666667 0.28333333333333344 0.3807291666666667 0.36203703703703716 0.4244791666666667 0.36203703703703716
7 0.48333333333333334 0.14722222222222234 0.4375 0.14722222222222234 0.4375 0.23055555555555565 0.48333333333333334 0.23055555555555565
12 0.3265625 0.027777777777777842 0.27291666666666664 0.02777777777777784 0.27291666666666664 0.12592592592592597 0.3265625 0.12592592592592597
13 0.5286458333333334 0.3990740740740742 0.4739583333333333 0.3990740740740742 0.4739583333333333 0.49814814814814823 0.5286458333333334 0.49814814814814834
3 0.546875 0.2462962962962964 0.5104166666666666 0.2462962962962964 0.5104166666666666 0.31203703703703717 0.546875 0.31203703703703717
11 0.30416666666666664 0.31296296296296305 0.2604166666666667 0.31296296296296305 0.2604166666666667 0.3916666666666668 0.30416666666666664 0.3916666666666668
3 0.4739583333333333 0.04166666666666677 0.4375 0.04166666666666676 0.4375 0.10833333333333343 0.4739583333333333 0.10833333333333343
3 0.24427083333333338 0.44074074074074077 0.2114583333333334 0.44074074074074077 0.2114583333333334 0.5009259259259259 0.24427083333333338 0.5009259259259259
9 0.4869791666666667 0.47592592592592603 0.45208333333333334 0.4759259259259259 0.45208333333333334 0.538888888888889 0.4869791666666667 0.5388888888888891
10 0.3890625 0.12037037037037045 0.34479166666666666 0.12037037037037042 0.34479166666666666 0.20185185185185192 0.3890625 0.20185185185185195
2 0.3885416666666667 0.23518518518518527 0.353125 0.23518518518518525 0.353125 0.29907407407407416 0.3885416666666667 0.29907407407407416
2 0.3640625 0.40833333333333344 0.3302083333333333 0.40833333333333344 0.3302083333333333 0.4703703703703705 0.3640625 0.4703703703703705
3 0.3625 0.2981481481481483 0.32760416666666664 0.2981481481481483 0.32760416666666664 0.3611111111111112 0.3625 0.3611111111111112
2 0.3421875 0.5592592592592592 0.3078125 0.5592592592592592 0.3078125 0.6212962962962963 0.3421875 0.6212962962962963
8 0.26875 0.17777777777777784 0.23489583333333333 0.17777777777777784 0.23489583333333333 0.23981481481481487 0.26875 0.23981481481481493
0 0.43020833333333336 0.3870370370370371 0.38645833333333335 0.3870370370370371 0.38645833333333335 0.4666666666666668 0.43020833333333336 0.4666666666666668
4 0.3302083333333333 0.2500000000000001 0.2875 0.2500000000000001 0.2875 0.32685185185185195 0.3302083333333333 0.32685185185185195
7 0.5546875 0.45370370370370383 0.5114583333333333 0.45370370370370383 0.5114583333333333 0.5324074074074077 0.5546875 0.5324074074074077
5 0.21875 0.29444444444444445 0.17760416666666667 0.29444444444444445 0.17760416666666667 0.36944444444444446 0.21875 0.36944444444444446
2 0.41875 0.1740740740740742 0.38385416666666666 0.1740740740740742 0.38385416666666666 0.23796296296296307 0.41875 0.23796296296296307
9 0.4875 0.37407407407407417 0.45208333333333334 0.37407407407407417 0.45208333333333334 0.43796296296296305 0.4875 0.43796296296296305
0 0.4864583333333333 0.25462962962962976 0.4421875 0.25462962962962976 0.4421875 0.3351851851851853 0.4864583333333333 0.3351851851851853
4 0.246875 0.3370370370370371 0.20572916666666666 0.337037037037037 0.20572916666666666 0.41111111111111115 0.246875 0.4111111111111112
6 0.4317708333333333 0.48703703703703705 0.3890625 0.48703703703703705 0.3890625 0.5638888888888889 0.4317708333333333 0.5638888888888889
3 0.33697916666666666 0.46574074074074084 0.30364583333333334 0.46574074074074084 0.30364583333333334 0.5268518518518519 0.33697916666666666 0.5268518518518519
2 0.5739583333333333 0.07129629629629641 0.5380208333333333 0.0712962962962964 0.5380208333333333 0.13703703703703715 0.5739583333333333 0.13703703703703715
5 0.3692708333333333 0.49907407407407406 0.32708333333333334 0.49907407407407406 0.32708333333333334 0.575925925925926 0.3692708333333333 0.575925925925926
8 0.29375 0.2194444444444445 0.25885416666666666 0.2194444444444445 0.25885416666666666 0.2824074074074075 0.29375 0.2824074074074075
11 0.6145833333333334 0.21759259259259273 0.5666666666666667 0.2175925925925927 0.5666666666666667 0.30462962962962975 0.6145833333333334 0.30462962962962975
1 0.246875 0.22962962962962968 0.20416666666666666 0.22962962962962968 0.20416666666666666 0.30740740740740746 0.246875 0.3074074074074075