12 0.5197916666666667 0.6185185185185186 0.4817708333333333 0.6185185185185185 0.4817708333333333 0.6898148148148149 0.5197916666666667 0.689814814814815
0 0.6677083333333333 0.490740740740741 0.6354166666666666 0.490740740740741 0.6354166666666666 0.5472222222222224 0.6677083333333333 0.5472222222222224
5 0.35520833333333335 0.18981481481481488 0.325 0.18981481481481488 0.325 0.2453703703703705 0.35520833333333335 0.2453703703703705
4 0.5375 0.8361111111111114 0.5067708333333333 0.8361111111111114 0.5067708333333334 0.8916666666666668 0.5375 0.8916666666666668
7 0.615625 0.6342592592592595 0.5838541666666667 0.6342592592592595 0.5838541666666667 0.6916666666666669 0.615625 0.6916666666666669
8 0.5244791666666667 0.739814814814815 0.49895833333333334 0.739814814814815 0.49895833333333334 0.7851851851851854 0.5244791666666667 0.7851851851851854
3 0.3411458333333333 0.5842592592592593 0.31666666666666665 0.5842592592592593 0.31666666666666665 0.6277777777777778 0.3411458333333333 0.6277777777777778
9 0.2989583333333333 0.3277777777777779 0.2755208333333333 0.3277777777777779 0.2755208333333333 0.37037037037037046 0.2989583333333333 0.37037037037037046
4 0.5442708333333334 0.551851851851852 0.5130208333333334 0.551851851851852 0.5130208333333334 0.6092592592592595 0.5442708333333334 0.6092592592592595
3 0.36302083333333335 0.512962962962963 0.3390625 0.512962962962963 0.3390625 0.5574074074074075 0.36302083333333335 0.5574074074074075
11 0.4505208333333333 0.4092592592592594 0.4192708333333333 0.4092592592592594 0.4192708333333333 0.46759259259259267 0.4505208333333333 0.46759259259259267
2 0.425 0.6037037037037037 0.4 0.6037037037037037 0.4 0.649074074074074 0.425 0.649074074074074
7 0.4140625000000001 0.8861111111111111 0.3828125000000001 0.8861111111111111 0.3828125000000001 0.9416666666666667 0.4140625000000001 0.9416666666666667
3 0.41770833333333335 0.3814814814814816 0.39375 0.3814814814814816 0.39375 0.42592592592592604 0.41770833333333335 0.42592592592592604
2 0.40572916666666664 0.7787037037037037 0.38125 0.7787037037037037 0.38125 0.825925925925926 0.40572916666666664 0.825925925925926
9 0.24687500000000007 0.4481481481481482 0.22343750000000007 0.44814814814814813 0.22343750000000007 0.49074074074074076 0.24687500000000007 0.49074074074074076
2 0.5182291666666666 0.5138888888888891 0.49270833333333336 0.5138888888888891 0.49270833333333336 0.5583333333333336 0.5182291666666666 0.5583333333333336
2 0.5661458333333333 0.3833333333333334 0.540625 0.3833333333333334 0.540625 0.42777777777777787 0.5661458333333333 0.42777777777777787
8 0.4953125 0.8046296296296297 0.4708333333333333 0.8046296296296296 0.4708333333333333 0.8500000000000001 0.4953125 0.8500000000000002
3 0.284375 0.7175925925925926 0.26041666666666674 0.7175925925925926 0.26041666666666674 0.7601851851851852 0.284375 0.7601851851851852
5 0.28229166666666666 0.6046296296296296 0.25260416666666674 0.6046296296296296 0.25260416666666674 0.6601851851851852 0.28229166666666666 0.6601851851851852
13 0.3104166666666667 0.525 0.275 0.525 0.275 0.5925925925925926 0.3104166666666667 0.5925925925925926
2 0.32239583333333344 0.8638888888888889 0.2994791666666668 0.8638888888888889 0.2994791666666668 0.9092592592592592 0.32239583333333344 0.9092592592592592
1 0.23281250000000006 0.6212962962962963 0.20416666666666672 0.6212962962962963 0.20416666666666672 0.675 0.23281250000000006 0.675
3 0.46979166666666666 0.2453703703703705 0.44479166666666664 0.2453703703703705 0.44479166666666664 0.2879629629629631 0.46979166666666666 0.2879629629629631
10 0.4244791666666667 0.4925925925925926 0.39427083333333335 0.4925925925925926 0.39427083333333335 0.549074074074074 0.4244791666666667 0.549074074074074
1 0.4078125 0.2722222222222223 0.3776041666666667 0.2722222222222223 0.3776041666666667 0.32685185185185195 0.4078125 0.32685185185185195
6 0.575 0.4787037037037039 0.5447916666666667 0.4787037037037039 0.5447916666666667 0.5342592592592594 0.575 0.5342592592592594
6 0.33958333333333335 0.6787037037037037 0.309375 0.6787037037037037 0.309375 0.737037037037037 0.33958333333333335 0.737037037037037
11 0.22812500000000005 0.5083333333333333 0.2005208333333334 0.5083333333333333 0.2005208333333334 0.5611111111111111 0.22812500000000005 0.5611111111111111
10 0.3546875 0.2916666666666668 0.325 0.2916666666666668 0.325 0.3462962962962964 0.3546875 0.3462962962962964