6 0.3880208333333333 0.7574074074074074 0.33541666666666664 0.7574074074074074 0.33541666666666664 0.8481481481481481 0.3880208333333333 0.8481481481481481
4 0.48229166666666673 0.8379629629629629 0.4296875 0.8379629629629629 0.42968750000000006 0.9287037037037037 0.4822916666666668 0.9287037037037037
7 0.5619791666666667 0.32314814814814824 0.5088541666666667 0.32314814814814824 0.5088541666666667 0.4129629629629631 0.5619791666666667 0.4129629629629631
9 0.6020833333333333 0.17962962962962972 0.5630208333333333 0.17962962962962972 0.5630208333333333 0.2462962962962964 0.6020833333333333 0.2462962962962964
7 0.5515625 0.12777777777777788 0.5010416666666667 0.12777777777777788 0.5010416666666667 0.213888888888889 0.5515625 0.213888888888889
2 0.5192708333333333 0.021296296296296403 0.4796875 0.0212962962962964 0.4796875 0.08888888888888899 0.5192708333333333 0.08888888888888899
2 0.4984375 0.10185185185185196 0.4578125 0.10185185185185196 0.4578125 0.1712962962962964 0.4984375 0.1712962962962964
3 0.5770833333333333 0.9138888888888891 0.5354166666666667 0.9138888888888891 0.5354166666666667 0.9657407407407408 0.5770833333333333 0.9657407407407408
2 0.6963541666666667 0.2601851851851853 0.65625 0.2601851851851853 0.65625 0.33055555555555566 0.6963541666666667 0.33055555555555566
3 0.3296875 0.7212962962962963 0.28802083333333334 0.7212962962962963 0.28802083333333334 0.7916666666666666 0.3296875 0.7916666666666666
0 0.4322916666666667 0.600925925925926 0.3796875 0.600925925925926 0.3796875 0.6907407407407408 0.4322916666666667 0.6907407407407408
5 0.5364583333333334 0.19722222222222233 0.484375 0.19722222222222233 0.484375 0.2879629629629631 0.5364583333333334 0.2879629629629631
3 0.35104166666666664 0.6416666666666667 0.30885416666666665 0.6416666666666667 0.30885416666666665 0.7129629629629629 0.35104166666666664 0.7129629629629629
2 0.7177083333333333 0.19444444444444461 0.678125 0.19444444444444461 0.678125 0.26296296296296306 0.7177083333333333 0.26296296296296306
13 0.6583333333333333 0.20833333333333345 0.5973958333333333 0.20833333333333343 0.5973958333333333 0.31296296296296305 0.6583333333333333 0.31296296296296305
6 0.49947916666666664 0.5666666666666668 0.4484375 0.5666666666666667 0.4484375 0.6555555555555557 0.49947916666666664 0.6555555555555558
1 0.671875 0.14166666666666683 0.6213541666666667 0.14166666666666683 0.6213541666666667 0.22777777777777794 0.671875 0.22777777777777794
4 0.4791666666666667 0.6398148148148148 0.4270833333333333 0.6398148148148148 0.4270833333333333 0.7305555555555555 0.4791666666666667 0.7305555555555555
0 0.45625 0.7157407407407408 0.4036458333333333 0.7157407407407408 0.4036458333333333 0.8064814814814815 0.45625 0.8064814814814815
1 0.6307291666666667 0.288888888888889 0.5807291666666666 0.288888888888889 0.5807291666666666 0.3750000000000001 0.6307291666666667 0.3750000000000001
8 0.5223958333333333 0.6944444444444445 0.48072916666666665 0.6944444444444444 0.48072916666666665 0.7666666666666667 0.5223958333333333 0.7666666666666668
10 0.5041666666666667 0.7620370370370372 0.45260416666666664 0.7620370370370371 0.45260416666666664 0.851851851851852 0.5041666666666667 0.8518518518518521
2 0.7625 0.2305555555555557 0.7229166666666667 0.2305555555555557 0.7229166666666667 0.29814814814814833 0.7625 0.2981481481481484
5 0.5802083333333333 0.05555555555555568 0.5286458333333334 0.05555555555555568 0.5286458333333334 0.14351851851851863 0.5802083333333333 0.14351851851851863
11 0.5817708333333333 0.24351851851851863 0.5302083333333333 0.24351851851851863 0.5302083333333333 0.33425925925925937 0.5817708333333333 0.33425925925925937
3 0.5515625 0.8111111111111113 0.5119791666666667 0.8111111111111113 0.5119791666666668 0.8824074074074076 0.5515625 0.8824074074074076
11 0.6223958333333334 0.09537037037037051 0.5703125 0.09537037037037051 0.5703125 0.1851851851851853 0.6223958333333334 0.18518518518518534
10 0.43541666666666673 0.7981481481481482 0.38385416666666666 0.7981481481481482 0.3838541666666667 0.8898148148148148 0.4354166666666668 0.8898148148148148
3 0.5302083333333335 0.8898148148148151 0.4901041666666668 0.8898148148148151 0.4901041666666668 0.9583333333333334 0.5302083333333335 0.9583333333333334
12 0.41041666666666665 0.662962962962963 0.3494791666666667 0.662962962962963 0.3494791666666667 0.7712962962962963 0.41041666666666665 0.7712962962962963