12 0.44635416666666666 0.6972222222222222 0.40625 0.6972222222222222 0.40625 0.7685185185185185 0.44635416666666666 0.7685185185185185
0 0.5838541666666667 0.6870370370370372 0.5510416666666667 0.6870370370370372 0.5510416666666667 0.7444444444444447 0.5838541666666667 0.7444444444444447
10 0.34270833333333334 0.7268518518518519 0.3098958333333333 0.7268518518518519 0.3098958333333333 0.7851851851851852 0.34270833333333334 0.7851851851851852
13 0.4234375 0.19166666666666676 0.38645833333333335 0.19166666666666676 0.38645833333333335 0.25462962962962976 0.4234375 0.25462962962962976
4 0.4817708333333333 0.5444444444444444 0.44895833333333335 0.5444444444444444 0.44895833333333335 0.6018518518518519 0.4817708333333333 0.6018518518518519
3 0.51875 0.32685185185185195 0.4942708333333333 0.32685185185185195 0.4942708333333333 0.37222222222222234 0.51875 0.37222222222222234
7 0.42291666666666666 0.263888888888889 0.3921875 0.263888888888889 0.3921875 0.31666666666666676 0.42291666666666666 0.31666666666666676
1 0.24739583333333334 0.17592592592592599 0.21875 0.17592592592592599 0.21875 0.22592592592592597 0.24739583333333334 0.22592592592592597
4 0.38958333333333334 0.6425925925925926 0.3567708333333333 0.6425925925925926 0.3567708333333333 0.700925925925926 0.38958333333333334 0.700925925925926
7 0.29583333333333334 0.28703703703703715 0.26510416666666664 0.28703703703703715 0.26510416666666664 0.34074074074074084 0.29583333333333334 0.34074074074074084
5 0.46770833333333334 0.2620370370370371 0.4359375 0.2620370370370371 0.4359375 0.31481481481481494 0.46770833333333334 0.31481481481481494
6 0.49114583333333334 0.6981481481481483 0.4578125 0.6981481481481482 0.4578125 0.7564814814814815 0.49114583333333334 0.7564814814814816
11 0.43072916666666666 0.3361111111111112 0.39791666666666664 0.3361111111111112 0.39791666666666664 0.39074074074074083 0.43072916666666666 0.39074074074074083
6 0.43854166666666666 0.6305555555555555 0.40572916666666664 0.6305555555555555 0.40572916666666664 0.6907407407407408 0.43854166666666666 0.6907407407407408
11 0.38333333333333336 0.3416666666666668 0.35208333333333336 0.3416666666666668 0.35208333333333336 0.3953703703703705 0.38333333333333336 0.3953703703703705