6 0.4859375 0.5351851851851853 0.45364583333333336 0.5351851851851852 0.45364583333333336 0.5916666666666668 0.4859375 0.5916666666666669
7 0.40260416666666665 0.6129629629629629 0.3697916666666667 0.6129629629629629 0.3697916666666667 0.6675925925925926 0.40260416666666665 0.6675925925925926
10 0.66875 0.6287037037037039 0.6375 0.6287037037037039 0.6375 0.6842592592592595 0.66875 0.6842592592592595
13 0.5395833333333333 0.7351851851851854 0.5010416666666667 0.7351851851851854 0.5010416666666667 0.8037037037037039 0.5395833333333333 0.8037037037037039
7 0.5598958333333334 0.8064814814814817 0.5270833333333333 0.8064814814814817 0.5270833333333333 0.8620370370370373 0.5598958333333334 0.8620370370370373
3 0.33958333333333335 0.587037037037037 0.315625 0.587037037037037 0.315625 0.6305555555555555 0.33958333333333335 0.6305555555555555
12 0.375 0.3074074074074075 0.3385416666666667 0.3074074074074075 0.3385416666666667 0.3750000000000001 0.375 0.3750000000000001
8 0.4666666666666667 0.3064814814814816 0.4427083333333333 0.3064814814814816 0.4427083333333333 0.3490740740740742 0.4666666666666667 0.3490740740740742
9 0.5171875 0.6805555555555558 0.49270833333333336 0.6805555555555558 0.49270833333333336 0.7259259259259261 0.5171875 0.7259259259259261
3 0.496875 0.4425925925925927 0.471875 0.4425925925925927 0.471875 0.48703703703703716 0.496875 0.48703703703703727
2 0.45677083333333335 0.47685185185185186 0.4322916666666667 0.47685185185185186 0.4322916666666667 0.5212962962962963 0.45677083333333335 0.5212962962962963
0 0.54375 0.5685185185185188 0.5119791666666667 0.5685185185185188 0.5119791666666667 0.6250000000000002 0.54375 0.6250000000000002
3 0.43333333333333335 0.7527777777777778 0.4088541666666667 0.7527777777777778 0.4088541666666667 0.7981481481481482 0.43333333333333335 0.7981481481481482
1 0.27239583333333334 0.4962962962962963 0.24322916666666672 0.4962962962962963 0.24322916666666672 0.5481481481481482 0.27239583333333334 0.5481481481481482
10 0.4041666666666667 0.44444444444444453 0.3734375 0.44444444444444453 0.3734375 0.49907407407407406 0.4041666666666667 0.49907407407407406
9 0.5770833333333333 0.7046296296296298 0.5515625 0.7046296296296298 0.5515625 0.7500000000000002 0.5770833333333333 0.7500000000000002
2 0.5588541666666667 0.46574074074074084 0.5338541666666666 0.46574074074074084 0.5338541666666666 0.5111111111111113 0.5588541666666667 0.5111111111111113
3 0.6052083333333333 0.25185185185185194 0.5802083333333333 0.25185185185185194 0.5802083333333333 0.29537037037037045 0.6052083333333333 0.29537037037037045
5 0.6239583333333333 0.48333333333333356 0.5927083333333333 0.48333333333333356 0.5927083333333333 0.540740740740741 0.6239583333333333 0.540740740740741
5 0.5307291666666667 0.16574074074074086 0.5 0.16574074074074086 0.5 0.21944444444444455 0.5307291666666667 0.21944444444444455
4 0.5515625 0.2287037037037038 0.5203125 0.2287037037037038 0.5203125 0.28333333333333344 0.5515625 0.28333333333333344
6 0.6020833333333333 0.5944444444444447 0.5703125 0.5944444444444447 0.5703125 0.6490740740740742 0.6020833333333333 0.6490740740740742
2 0.3375 0.7564814814814815 0.31302083333333336 0.7564814814814815 0.31302083333333336 0.8 0.3375 0.8
3 0.5979166666666667 0.4231481481481483 0.571875 0.4231481481481483 0.571875 0.46944444444444455 0.5979166666666667 0.46944444444444455
1 0.4901041666666667 0.21111111111111122 0.4588541666666667 0.21111111111111122 0.4588541666666667 0.26481481481481495 0.4901041666666667 0.26481481481481495
0 0.4552083333333333 0.6416666666666667 0.4244791666666667 0.6416666666666667 0.4244791666666667 0.6972222222222222 0.4552083333333333 0.6972222222222222
4 0.484375 0.3648148148148149 0.453125 0.3648148148148149 0.453125 0.42037037037037045 0.484375 0.42037037037037045
2 0.6598958333333333 0.4527777777777779 0.6338541666666667 0.4527777777777779 0.6338541666666667 0.49722222222222245 0.6598958333333333 0.49722222222222245
2 0.4161458333333333 0.5185185185185185 0.3927083333333333 0.5185185185185185 0.3927083333333333 0.562962962962963 0.4161458333333333 0.562962962962963
11 0.525 0.32870370370370383 0.49375 0.32870370370370383 0.49375 0.38425925925925936 0.525 0.38425925925925936
8 0.44947916666666665 0.25555555555555565 0.42552083333333335 0.25555555555555565 0.42552083333333335 0.29907407407407416 0.44947916666666665 0.29907407407407416
11 0.4156250000000001 0.8490740740740741 0.38385416666666666 0.8490740740740741 0.3838541666666667 0.9037037037037037 0.41562500000000013 0.9037037037037037