5 0.6484375 0.2305555555555557 0.6072916666666667 0.2305555555555557 0.6072916666666667 0.2962962962962964 0.6484375 0.2962962962962964
11 0.29375 0.65 0.25468750000000007 0.65 0.25468750000000007 0.7157407407407408 0.29375 0.7157407407407408
12 0.5630208333333333 0.6861111111111113 0.5140625 0.6861111111111113 0.5140625 0.7620370370370373 0.5630208333333333 0.7620370370370373
9 0.4786458333333333 0.7481481481481481 0.44583333333333336 0.7481481481481481 0.44583333333333336 0.8009259259259259 0.4786458333333333 0.8009259259259259
9 0.3859375 0.7805555555555556 0.35260416666666666 0.7805555555555556 0.35260416666666666 0.8333333333333334 0.3859375 0.8333333333333334
7 0.5135416666666668 0.9101851851851853 0.47291666666666676 0.9101851851851852 0.47291666666666676 0.975 0.5135416666666668 0.975
8 0.4984375 0.6824074074074075 0.46510416666666665 0.6824074074074075 0.46510416666666665 0.7351851851851853 0.4984375 0.7351851851851854
7 0.6333333333333333 0.3592592592592594 0.5932291666666667 0.3592592592592594 0.5932291666666667 0.42777777777777787 0.6333333333333333 0.42777777777777787
8 0.45729166666666665 0.23703703703703713 0.42552083333333335 0.23703703703703713 0.42552083333333335 0.288888888888889 0.45729166666666665 0.288888888888889
6 0.40989583333333335 0.43333333333333346 0.3692708333333333 0.43333333333333346 0.3692708333333333 0.49722222222222223 0.40989583333333335 0.49722222222222223
4 0.3359375 0.27962962962962973 0.2953125 0.27962962962962973 0.2953125 0.3462962962962964 0.3359375 0.3462962962962964
0 0.5932291666666667 0.5601851851851853 0.553125 0.5601851851851853 0.553125 0.6250000000000002 0.5932291666666667 0.6250000000000002
2 0.49947916666666664 0.5092592592592594 0.4661458333333333 0.5092592592592593 0.4661458333333333 0.5620370370370371 0.49947916666666664 0.5620370370370372
1 0.3260416666666667 0.44722222222222235 0.28541666666666665 0.44722222222222235 0.28541666666666665 0.512962962962963 0.3260416666666667 0.512962962962963
4 0.6401041666666667 0.6638888888888891 0.5984375 0.6638888888888891 0.5984375 0.7268518518518521 0.6401041666666667 0.7268518518518521
6 0.4348958333333334 0.8601851851851852 0.39427083333333346 0.8601851851851852 0.39427083333333346 0.925 0.4348958333333334 0.925
11 0.7 0.7574074074074076 0.6588541666666666 0.7574074074074076 0.6588541666666666 0.8240740740740743 0.7 0.8240740740740743
3 0.32864583333333347 0.8712962962962963 0.29583333333333345 0.8712962962962963 0.29583333333333345 0.924074074074074 0.32864583333333347 0.924074074074074
10 0.4296875 0.6981481481481482 0.3880208333333333 0.6981481481481482 0.3880208333333333 0.7648148148148148 0.4296875 0.7648148148148148
3 0.5677083333333334 0.27314814814814825 0.534375 0.27314814814814825 0.534375 0.3250000000000001 0.5677083333333334 0.3250000000000001
2 0.6348958333333333 0.864814814814815 0.60625 0.864814814814815 0.60625 0.9194444444444446 0.6348958333333333 0.9194444444444446
2 0.3921875 0.30925925925925934 0.3625 0.30925925925925934 0.3625 0.36203703703703716 0.3921875 0.36203703703703716
3 0.6927083333333334 0.5972222222222224 0.6614583333333334 0.5972222222222224 0.6614583333333334 0.6481481481481484 0.6927083333333334 0.6481481481481484
3 0.4515625 0.6175925925925926 0.42083333333333334 0.6175925925925926 0.42083333333333334 0.674074074074074 0.4515625 0.674074074074074
3 0.6317708333333333 0.49814814814814834 0.6 0.49814814814814834 0.6 0.5555555555555558 0.6317708333333333 0.5555555555555558
2 0.684375 0.4500000000000001 0.6515625 0.4500000000000001 0.6515625 0.5018518518518521 0.684375 0.5018518518518521
2 0.41875 0.5361111111111111 0.3880208333333333 0.5361111111111111 0.3880208333333333 0.5907407407407408 0.41875 0.5907407407407408
5 0.5755208333333334 0.4648148148148149 0.5385416666666667 0.4648148148148149 0.5385416666666667 0.5314814814814817 0.5755208333333334 0.5314814814814817
0 0.5520833333333334 0.3611111111111112 0.515625 0.3611111111111112 0.515625 0.43333333333333346 0.5520833333333334 0.43333333333333346
1 0.4791666666666667 0.3777777777777779 0.4390625 0.3777777777777779 0.4390625 0.4462962962962964 0.4791666666666667 0.4462962962962964
13 0.36770833333333336 0.5712962962962963 0.321875 0.5712962962962963 0.321875 0.6546296296296297 0.36770833333333336 0.6546296296296297
10 0.5786458333333333 0.8074074074074076 0.540625 0.8074074074074076 0.540625 0.8768518518518521 0.5786458333333333 0.8768518518518521