6 0.3296875 0.5046296296296297 0.27395833333333336 0.5046296296296297 0.27395833333333336 0.6027777777777777 0.3296875 0.6027777777777777
4 0.48125 0.40555555555555567 0.4234375 0.40555555555555567 0.4234375 0.5055555555555555 0.48125 0.5055555555555555
10 0.359375 0.7064814814814815 0.3015625 0.7064814814814815 0.3015625 0.8064814814814815 0.359375 0.8064814814814815
4 0.29583333333333334 0.42870370370370375 0.23958333333333334 0.4287037037037037 0.23958333333333337 0.5259259259259259 0.29583333333333334 0.5259259259259259
3 0.5760416666666667 0.6379629629629632 0.5291666666666667 0.6379629629629632 0.5291666666666667 0.7203703703703705 0.5760416666666667 0.7203703703703705
8 0.35885416666666664 0.5925925925925926 0.31197916666666664 0.5925925925925926 0.31197916666666664 0.6731481481481482 0.35885416666666664 0.6731481481481482
0 0.4328125 0.725 0.37604166666666666 0.725 0.37604166666666666 0.8231481481481482 0.4328125 0.8231481481481482
12 0.29739583333333336 0.6768518518518518 0.2291666666666667 0.6768518518518518 0.2291666666666667 0.7953703703703704 0.29739583333333336 0.7953703703703704
11 0.4968750000000001 0.8675925925925927 0.44166666666666676 0.8675925925925926 0.44166666666666676 0.9648148148148148 0.4968750000000001 0.9648148148148148
3 0.5432291666666667 0.5638888888888891 0.49635416666666665 0.5638888888888891 0.49635416666666665 0.6453703703703706 0.5432291666666667 0.6453703703703706
5 0.5515625 0.4324074074074075 0.4947916666666667 0.4324074074074075 0.4947916666666667 0.5314814814814817 0.5515625 0.5314814814814817
3 0.5083333333333333 0.36666666666666675 0.4666666666666667 0.36666666666666675 0.4666666666666667 0.43796296296296305 0.5083333333333333 0.43796296296296305
1 0.6229166666666667 0.4425925925925927 0.5651041666666666 0.4425925925925927 0.5651041666666666 0.5435185185185187 0.6229166666666667 0.5435185185185187
13 0.66875 0.37592592592592605 0.6010416666666667 0.37592592592592605 0.6010416666666667 0.49351851851851875 0.66875 0.49351851851851875
8 0.31666666666666665 0.775 0.271875 0.775 0.271875 0.8537037037037037 0.31666666666666665 0.8537037037037037
2 0.48020833333333335 0.15740740740740752 0.4348958333333333 0.15740740740740752 0.4348958333333333 0.23611111111111122 0.48020833333333335 0.23611111111111122
7 0.25729166666666675 0.6185185185185185 0.20416666666666672 0.6185185185185185 0.20416666666666672 0.7092592592592593 0.25729166666666675 0.7092592592592593
1 0.35677083333333337 0.8231481481481482 0.303125 0.8231481481481482 0.30312500000000003 0.9148148148148149 0.3567708333333334 0.9148148148148149
3 0.4041666666666667 0.2722222222222223 0.3578125 0.2722222222222223 0.3578125 0.35092592592592603 0.4041666666666667 0.35092592592592603
5 0.5567708333333333 0.15555555555555567 0.5 0.15555555555555567 0.5 0.2537037037037038 0.5567708333333333 0.2537037037037038
2 0.3645833333333333 0.32222222222222235 0.3171875 0.32222222222222235 0.3171875 0.40462962962962973 0.3645833333333333 0.40462962962962973
7 0.41770833333333335 0.13333333333333341 0.36041666666666666 0.1333333333333334 0.36041666666666666 0.23148148148148157 0.41770833333333335 0.2314814814814816
9 0.5911458333333334 0.24351851851851863 0.5432291666666667 0.24351851851851863 0.5432291666666667 0.325925925925926 0.5911458333333334 0.325925925925926
9 0.61875 0.3240740740740742 0.5755208333333334 0.3240740740740742 0.5755208333333334 0.39814814814814825 0.61875 0.39814814814814825
10 0.6640625 0.2685185185185186 0.6098958333333333 0.2685185185185186 0.6098958333333333 0.3611111111111112 0.6640625 0.3611111111111112
0 0.55625 0.2962962962962964 0.5005208333333333 0.2962962962962964 0.5005208333333333 0.3925925925925927 0.55625 0.3925925925925927
2 0.6520833333333333 0.5259259259259261 0.6067708333333334 0.5259259259259261 0.6067708333333334 0.602777777777778 0.6520833333333333 0.602777777777778
11 0.39739583333333334 0.649074074074074 0.3416666666666667 0.649074074074074 0.3416666666666667 0.7453703703703703 0.39739583333333334 0.7453703703703703
6 0.6541666666666667 0.7740740740740742 0.5989583333333334 0.7740740740740742 0.5989583333333334 0.8703703703703706 0.6541666666666667 0.8703703703703706
2 0.6869791666666667 0.6018518518518521 0.64375 0.6018518518518521 0.64375 0.677777777777778 0.6869791666666667 0.677777777777778
3 0.46875 0.5546296296296296 0.4197916666666667 0.5546296296296296 0.4197916666666667 0.6398148148148148 0.46875 0.6398148148148148
2 0.5005208333333333 0.6240740740740742 0.4552083333333333 0.6240740740740741 0.4552083333333333 0.701851851851852 0.5005208333333333 0.7018518518518521