3 0.39947916666666666 0.24814814814814826 0.37395833333333334 0.24814814814814826 0.37395833333333334 0.2925925925925927 0.39947916666666666 0.2925925925925927
3 0.3963541666666667 0.5685185185185185 0.3703125 0.5685185185185185 0.3703125 0.6138888888888889 0.3963541666666667 0.6138888888888889
11 0.4473958333333333 0.6620370370370371 0.41354166666666664 0.6620370370370371 0.41354166666666664 0.7203703703703703 0.4473958333333333 0.7203703703703703
3 0.271875 0.32685185185185195 0.246875 0.32685185185185195 0.246875 0.37222222222222234 0.271875 0.37222222222222234
9 0.22447916666666673 0.575925925925926 0.19843750000000007 0.575925925925926 0.19843750000000007 0.6212962962962963 0.22447916666666673 0.6212962962962963
6 0.35572916666666665 0.4888888888888889 0.3229166666666667 0.4888888888888889 0.3229166666666667 0.5472222222222223 0.35572916666666665 0.5472222222222223
12 0.5348958333333333 0.40555555555555567 0.49635416666666665 0.40555555555555567 0.49635416666666665 0.47592592592592614 0.5348958333333333 0.47592592592592614
3 0.4473958333333334 0.8472222222222222 0.4203125 0.8472222222222222 0.42031250000000003 0.8944444444444445 0.44739583333333344 0.8944444444444445
13 0.23229166666666673 0.47685185185185186 0.19375000000000006 0.47685185185185186 0.19375000000000006 0.5462962962962963 0.23229166666666673 0.5462962962962963
2 0.3541666666666667 0.6601851851851852 0.328125 0.6601851851851852 0.328125 0.7055555555555556 0.3541666666666667 0.7055555555555556
10 0.22187500000000007 0.7481481481481481 0.18906250000000005 0.7481481481481481 0.18906250000000005 0.8064814814814815 0.22187500000000007 0.8064814814814815
2 0.39739583333333334 0.40462962962962973 0.371875 0.40462962962962973 0.371875 0.4500000000000001 0.39739583333333334 0.4500000000000001
5 0.3151041666666667 0.7472222222222222 0.28125 0.7472222222222222 0.28125 0.8074074074074075 0.3151041666666667 0.8074074074074075
5 0.5348958333333333 0.7518518518518521 0.5010416666666667 0.7518518518518521 0.5010416666666667 0.8101851851851853 0.5348958333333333 0.8101851851851853
2 0.3182291666666667 0.17222222222222228 0.2942708333333333 0.17222222222222228 0.2942708333333333 0.21481481481481488 0.3182291666666667 0.21481481481481488
3 0.3546875 0.75 0.32864583333333336 0.75 0.32864583333333336 0.7962962962962963 0.3546875 0.7962962962962963
9 0.26510416666666675 0.4935185185185185 0.23906250000000007 0.4935185185185185 0.23906250000000007 0.5398148148148149 0.26510416666666675 0.5398148148148149
7 0.18750000000000006 0.48703703703703705 0.15572916666666672 0.48703703703703705 0.15572916666666672 0.5435185185185185 0.18750000000000006 0.5435185185185185
7 0.3578125 0.32222222222222235 0.3255208333333333 0.32222222222222235 0.3255208333333333 0.3777777777777779 0.3578125 0.3777777777777779
2 0.39947916666666666 0.48703703703703705 0.37395833333333334 0.48703703703703705 0.37395833333333334 0.5333333333333333 0.39947916666666666 0.5333333333333333
8 0.5244791666666667 0.5787037037037039 0.4984375 0.5787037037037039 0.4984375 0.6250000000000002 0.5244791666666667 0.6250000000000002
2 0.30937500000000007 0.8342592592592593 0.2828125 0.8342592592592593 0.2828125000000001 0.8805555555555555 0.3093750000000001 0.8805555555555555
1 0.48385416666666664 0.16666666666666677 0.45260416666666664 0.16666666666666677 0.45260416666666664 0.2212962962962964 0.48385416666666664 0.2212962962962964
10 0.4453125 0.4027777777777779 0.41354166666666664 0.4027777777777779 0.41354166666666664 0.4601851851851853 0.4453125 0.4601851851851853
8 0.4864583333333333 0.5824074074074075 0.46041666666666664 0.5824074074074074 0.46041666666666664 0.6287037037037038 0.4864583333333333 0.6287037037037039
0 0.3151041666666667 0.3990740740740742 0.2833333333333333 0.3990740740740742 0.2833333333333333 0.4564814814814816 0.3151041666666667 0.4564814814814816
6 0.2682291666666667 0.6564814814814814 0.23593750000000005 0.6564814814814814 0.23593750000000005 0.7166666666666667 0.2682291666666667 0.7166666666666667
11 0.2375 0.24722222222222223 0.2078125 0.24722222222222223 0.2078125 0.30092592592592593 0.2375 0.30092592592592593
1 0.5302083333333333 0.6574074074074077 0.4973958333333333 0.6574074074074077 0.4973958333333333 0.7175925925925928 0.5302083333333333 0.7175925925925928
0 0.309375 0.5703703703703704 0.27760416666666665 0.5703703703703704 0.27760416666666665 0.6287037037037037 0.309375 0.6287037037037037
4 0.490625 0.751851851851852 0.4557291666666667 0.7518518518518519 0.4557291666666667 0.8120370370370371 0.490625 0.8120370370370372
4 0.4473958333333333 0.5712962962962963 0.4140625 0.5712962962962963 0.4140625 0.6296296296296297 0.4473958333333333 0.6296296296296297