13 0.36354166666666665 0.49722222222222223 0.3171875 0.49722222222222223 0.3171875 0.5861111111111111 0.36354166666666665 0.5861111111111111
3 0.45625 0.6472222222222223 0.42604166666666665 0.6472222222222223 0.42604166666666665 0.7064814814814815 0.45625 0.7064814814814815
0 0.6666666666666666 0.0416666666666668 0.6260416666666667 0.041666666666666796 0.6260416666666667 0.10370370370370385 0.6666666666666666 0.10370370370370387
2 0.5276041666666667 0.08055555555555566 0.49635416666666665 0.08055555555555566 0.49635416666666665 0.14074074074074083 0.5276041666666667 0.14074074074074083
2 0.5734375 0.43333333333333346 0.5411458333333333 0.43333333333333346 0.5411458333333333 0.49444444444444463 0.5734375 0.49444444444444463
3 0.4354166666666667 0.47962962962962963 0.4041666666666667 0.47962962962962963 0.4041666666666667 0.537962962962963 0.4354166666666667 0.537962962962963
2 0.5458333333333333 0.2537037037037038 0.5140625 0.2537037037037038 0.5140625 0.31481481481481494 0.5458333333333333 0.31481481481481494
7 0.4375 0.7342592592592593 0.3984375 0.7342592592592593 0.3984375 0.8092592592592592 0.4375 0.8092592592592592
6 0.6494791666666667 0.6842592592592595 0.6088541666666667 0.6842592592592595 0.6088541666666667 0.7620370370370373 0.6494791666666667 0.7620370370370373
3 0.40260416666666665 0.13981481481481492 0.3723958333333333 0.13981481481481492 0.3723958333333333 0.19814814814814824 0.40260416666666665 0.19814814814814824
3 0.4192708333333333 0.30555555555555564 0.3885416666666667 0.30555555555555564 0.3885416666666667 0.363888888888889 0.4192708333333333 0.363888888888889
7 0.3692708333333333 0.2250000000000001 0.33125 0.22500000000000006 0.33125 0.29537037037037045 0.3692708333333333 0.29537037037037045
12 0.6677083333333333 0.3750000000000001 0.6182291666666667 0.3750000000000001 0.6182291666666667 0.4685185185185186 0.6677083333333333 0.4685185185185186
6 0.5859375 0.1314814814814816 0.546875 0.1314814814814816 0.546875 0.2064814814814816 0.5859375 0.2064814814814816
3 0.4770833333333334 0.8166666666666667 0.446875 0.8166666666666667 0.4468750000000001 0.8759259259259259 0.47708333333333347 0.8759259259259259
2 0.6114583333333333 0.7814814814814817 0.5796875 0.7814814814814817 0.5796875 0.8435185185185188 0.6114583333333333 0.8435185185185188
9 0.30572916666666666 0.42777777777777787 0.2760416666666667 0.42777777777777787 0.2760416666666667 0.4861111111111111 0.30572916666666666 0.4861111111111111
2 0.5890625 0.6101851851851854 0.5578125 0.6101851851851854 0.5578125 0.6694444444444446 0.5890625 0.6694444444444446
5 0.35572916666666665 0.7620370370370371 0.3177083333333333 0.7620370370370371 0.3177083333333333 0.8351851851851851 0.35572916666666665 0.8351851851851851
9 0.328125 0.6 0.3 0.6 0.3 0.6564814814814814 0.328125 0.6564814814814814
8 0.7140625 0.4648148148148149 0.6822916666666666 0.4648148148148149 0.6822916666666666 0.527777777777778 0.7140625 0.527777777777778
5 0.2953125 0.26944444444444454 0.25885416666666666 0.26944444444444454 0.25885416666666666 0.34074074074074084 0.2953125 0.34074074074074084
1 0.35781250000000003 0.837037037037037 0.32135416666666666 0.837037037037037 0.3213541666666667 0.9074074074074074 0.35781250000000014 0.9074074074074074
11 0.34322916666666664 0.6787037037037037 0.30572916666666666 0.6787037037037037 0.30572916666666666 0.7527777777777778 0.34322916666666664 0.7527777777777778
11 0.30416666666666664 0.338888888888889 0.26197916666666665 0.338888888888889 0.26197916666666665 0.41944444444444456 0.30416666666666664 0.41944444444444456
4 0.7411458333333333 0.6490740740740742 0.696875 0.6490740740740742 0.696875 0.727777777777778 0.7411458333333333 0.727777777777778
1 0.290625 0.1805555555555556 0.253125 0.1805555555555556 0.253125 0.25555555555555565 0.290625 0.25555555555555565
0 0.7479166666666667 0.7314814814814817 0.7041666666666667 0.7314814814814817 0.7041666666666667 0.8120370370370372 0.7479166666666667 0.8120370370370372
10 0.671875 0.1194444444444446 0.6302083333333334 0.1194444444444446 0.6302083333333334 0.19444444444444461 0.671875 0.19444444444444461
4 0.6875 0.20833333333333348 0.6375 0.20833333333333348 0.6375 0.2916666666666668 0.6875 0.2916666666666668
8 0.7020833333333333 0.2925925925925927 0.665625 0.2925925925925927 0.665625 0.35462962962962974 0.7020833333333333 0.35462962962962974
10 0.7333333333333333 0.5537037037037039 0.6875 0.5537037037037039 0.6875 0.6370370370370373 0.7333333333333333 0.6370370370370373