11 0.5614583333333333 0.8740740740740743 0.5213541666666668 0.8740740740740743 0.5213541666666668 0.9342592592592595 0.5614583333333333 0.9342592592592595
7 0.6203125 0.7175925925925928 0.5802083333333333 0.7175925925925928 0.5802083333333333 0.7759259259259261 0.6203125 0.7759259259259261
7 0.4036458333333333 0.687962962962963 0.36354166666666665 0.687962962962963 0.36354166666666665 0.7472222222222222 0.4036458333333333 0.7472222222222222
1 0.515625 0.7879629629629631 0.4744791666666667 0.787962962962963 0.4744791666666667 0.8481481481481482 0.515625 0.8481481481481483
5 0.45677083333333335 0.6157407407407407 0.415625 0.6157407407407407 0.415625 0.6759259259259259 0.45677083333333335 0.6759259259259259
2 0.6291666666666667 0.1953703703703705 0.5979166666666667 0.19537037037037047 0.5979166666666667 0.2425925925925927 0.6291666666666667 0.2425925925925927
4 0.46927083333333336 0.3537037037037038 0.42864583333333334 0.3537037037037038 0.42864583333333334 0.413888888888889 0.46927083333333336 0.413888888888889
3 0.6213541666666667 0.8083333333333336 0.5869791666666667 0.8083333333333336 0.5869791666666667 0.8546296296296299 0.6213541666666667 0.8546296296296299
12 0.5135416666666667 0.701851851851852 0.46979166666666666 0.7018518518518518 0.46979166666666666 0.7731481481481483 0.5135416666666667 0.7731481481481484
6 0.6338541666666667 0.2703703703703705 0.5942708333333333 0.2703703703703705 0.5942708333333333 0.33240740740740754 0.6338541666666667 0.33240740740740754
3 0.4 0.7925925925925926 0.36770833333333336 0.7925925925925926 0.36770833333333336 0.8407407407407408 0.4 0.8407407407407408
0 0.584375 0.10833333333333346 0.5447916666666667 0.10833333333333346 0.5447916666666667 0.16666666666666677 0.584375 0.16666666666666677
10 0.5291666666666667 0.18425925925925937 0.4875 0.18425925925925937 0.4875 0.2425925925925927 0.5291666666666667 0.2425925925925927
13 0.5302083333333333 0.2583333333333334 0.48125 0.2583333333333334 0.48125 0.3361111111111112 0.5302083333333333 0.3361111111111112
6 0.41354166666666664 0.26111111111111124 0.37447916666666664 0.26111111111111124 0.37447916666666664 0.3212962962962964 0.41354166666666664 0.3212962962962964
9 0.58125 0.19907407407407418 0.5484375 0.19907407407407418 0.5484375 0.2462962962962964 0.58125 0.2462962962962964
8 0.45364583333333336 0.7953703703703704 0.421875 0.7953703703703704 0.421875 0.8444444444444444 0.45364583333333336 0.8444444444444444
4 0.5760416666666667 0.35648148148148157 0.5359375 0.35648148148148157 0.5359375 0.4175925925925927 0.5760416666666667 0.4175925925925927
10 0.5244791666666667 0.10277777777777788 0.4921875 0.10277777777777788 0.4921875 0.16203703703703715 0.5244791666666667 0.16203703703703715
11 0.4562500000000001 0.8703703703703703 0.4151041666666668 0.8703703703703703 0.4151041666666668 0.9287037037037037 0.4562500000000001 0.9287037037037037
2 0.4166666666666667 0.18333333333333343 0.3854166666666667 0.18333333333333343 0.3854166666666667 0.22962962962962974 0.4166666666666667 0.22962962962962974
0 0.47760416666666666 0.09722222222222232 0.43645833333333334 0.09722222222222232 0.43645833333333334 0.15370370370370381 0.47760416666666666 0.15370370370370381
8 0.5609375 0.8055555555555558 0.5286458333333334 0.8055555555555558 0.5286458333333334 0.8518518518518521 0.5609375 0.8518518518518521
3 0.5677083333333334 0.7157407407407409 0.5328125 0.7157407407407409 0.5328125 0.7675925925925928 0.5677083333333334 0.7675925925925928
1 0.5125000000000001 0.8731481481481482 0.4713541666666668 0.8731481481481481 0.4713541666666668 0.9342592592592593 0.5125000000000001 0.9342592592592595
9 0.46927083333333336 0.19444444444444456 0.4359375 0.19444444444444456 0.4359375 0.24166666666666678 0.46927083333333336 0.24166666666666678
2 0.5182291666666666 0.3592592592592594 0.48541666666666666 0.3592592592592594 0.48541666666666666 0.40833333333333344 0.5182291666666666 0.40833333333333344
5 0.5697916666666667 0.6231481481481483 0.5286458333333334 0.6231481481481483 0.5286458333333334 0.6916666666666669 0.5697916666666667 0.6916666666666669
3 0.515625 0.6203703703703705 0.48333333333333334 0.6203703703703703 0.48333333333333334 0.6694444444444445 0.515625 0.6694444444444446
3 0.453125 0.7027777777777777 0.425 0.7027777777777777 0.425 0.7555555555555555 0.453125 0.7555555555555555
2 0.45989583333333334 0.2675925925925927 0.43072916666666666 0.2675925925925927 0.43072916666666666 0.31944444444444453 0.45989583333333334 0.31944444444444453
2 0.5703125 0.2777777777777779 0.540625 0.2777777777777779 0.540625 0.32685185185185195 0.5703125 0.32685185185185195