0 0.29270833333333335 0.5601851851851852 0.24531250000000007 0.5601851851851852 0.24531250000000007 0.6416666666666667 0.29270833333333335 0.6416666666666667
7 0.6276041666666666 0.7629629629629632 0.5796875 0.7629629629629632 0.5796875 0.8462962962962965 0.6276041666666666 0.8462962962962965
6 0.384375 0.48333333333333334 0.33697916666666666 0.48333333333333334 0.33697916666666666 0.5657407407407408 0.384375 0.5657407407407408
5 0.553125 0.05185185185185196 0.5083333333333333 0.051851851851851954 0.5083333333333333 0.12870370370370382 0.553125 0.12870370370370382
7 0.3729166666666667 0.662962962962963 0.32447916666666665 0.662962962962963 0.32447916666666665 0.7472222222222222 0.3729166666666667 0.7472222222222222
3 0.5984375 0.36574074074074087 0.5609375 0.36574074074074087 0.5609375 0.42962962962962975 0.5984375 0.42962962962962975
3 0.634375 0.41574074074074086 0.5973958333333333 0.41574074074074086 0.5973958333333333 0.47962962962962985 0.634375 0.47962962962962985
3 0.7197916666666667 0.5055555555555558 0.6822916666666666 0.5055555555555558 0.6822916666666666 0.5694444444444446 0.7197916666666667 0.5694444444444446
4 0.48697916666666674 0.8018518518518519 0.4395833333333333 0.8018518518518518 0.4395833333333334 0.8842592592592594 0.4869791666666668 0.8842592592592595
2 0.440625 0.47962962962962963 0.40208333333333335 0.47962962962962963 0.40208333333333335 0.5453703703703704 0.440625 0.5453703703703704
9 0.7041666666666667 0.21851851851851867 0.6682291666666667 0.21851851851851867 0.6682291666666667 0.28055555555555567 0.7041666666666667 0.28055555555555567
3 0.5171875 0.2787037037037038 0.4796875 0.2787037037037038 0.4796875 0.3435185185185186 0.5171875 0.3435185185185186
9 0.6276041666666666 0.13888888888888903 0.5911458333333334 0.138888888888889 0.5911458333333334 0.20092592592592606 0.6276041666666666 0.2009259259259261
0 0.6192708333333333 0.9342592592592595 0.571875 0.9342592592592595 0.571875 0.9611111111111111 0.6192708333333333 0.9611111111111111
11 0.7447916666666666 0.2555555555555557 0.7 0.25555555555555565 0.7 0.33240740740740754 0.7447916666666666 0.3324074074074076
2 0.3671875 0.38240740740740753 0.3296875 0.38240740740740753 0.3296875 0.4462962962962964 0.3671875 0.4462962962962964
2 0.60625 0.6574074074074077 0.5682291666666667 0.6574074074074077 0.5682291666666667 0.7231481481481483 0.60625 0.7231481481481483
8 0.4744791666666667 0.7037037037037037 0.4359375 0.7037037037037037 0.4359375 0.7703703703703704 0.4744791666666667 0.7703703703703704
8 0.5182291666666666 0.7472222222222223 0.48020833333333335 0.7472222222222222 0.48020833333333335 0.8129629629629631 0.5182291666666666 0.8129629629629632
2 0.553125 0.49722222222222245 0.515625 0.49722222222222245 0.515625 0.5629629629629632 0.553125 0.5629629629629632
12 0.47604166666666664 0.5694444444444444 0.41770833333333335 0.5694444444444444 0.41770833333333335 0.6722222222222223 0.47604166666666664 0.6722222222222223
3 0.4395833333333333 0.188888888888889 0.4036458333333333 0.188888888888889 0.4036458333333333 0.25185185185185194 0.4395833333333333 0.25185185185185194
5 0.7109375 0.3870370370370371 0.6640625 0.3870370370370371 0.6640625 0.4685185185185186 0.7109375 0.4685185185185186
1 0.7635416666666667 0.3666666666666668 0.7182291666666667 0.36666666666666675 0.7182291666666667 0.4444444444444446 0.7635416666666667 0.44444444444444464
10 0.5723958333333333 0.1425925925925927 0.5265625 0.1425925925925927 0.5265625 0.2212962962962964 0.5723958333333333 0.2212962962962964
13 0.6697916666666667 0.32685185185185195 0.6140625 0.32685185185185195 0.6140625 0.4250000000000001 0.6697916666666667 0.4250000000000001
10 0.5395833333333333 0.3814814814814816 0.49270833333333336 0.3814814814814816 0.49270833333333336 0.46203703703703713 0.5395833333333333 0.46203703703703713
4 0.4270833333333333 0.5305555555555556 0.3802083333333333 0.5305555555555556 0.3802083333333333 0.612037037037037 0.4270833333333333 0.612037037037037
2 0.7088541666666667 0.676851851851852 0.6703125 0.676851851851852 0.6703125 0.7435185185185187 0.7088541666666667 0.7435185185185187
6 0.6640625 0.5055555555555558 0.6161458333333333 0.5055555555555558 0.6161458333333333 0.5879629629629631 0.6640625 0.5879629629629631
1 0.5171875 0.16203703703703715 0.46979166666666666 0.16203703703703715 0.46979166666666666 0.24351851851851863 0.5171875 0.24351851851851863
11 0.5005208333333333 0.3212962962962964 0.4505208333333333 0.3212962962962964 0.4505208333333333 0.40833333333333344 0.5005208333333333 0.40833333333333344