0 0.5057291666666667 0.438888888888889 0.459375 0.438888888888889 0.459375 0.5250000000000001 0.5057291666666667 0.5250000000000002
12 0.29583333333333334 0.3314814814814816 0.24270833333333333 0.3314814814814816 0.24270833333333336 0.4314814814814816 0.29583333333333334 0.4314814814814816
10 0.6348958333333333 0.3935185185185186 0.5890625 0.3935185185185186 0.5890625 0.47962962962962985 0.6348958333333333 0.47962962962962985
3 0.49895833333333334 0.11018518518518529 0.4625 0.11018518518518529 0.4625 0.1777777777777779 0.49895833333333334 0.1777777777777779
7 0.37916666666666665 0.5898148148148148 0.334375 0.5898148148148148 0.334375 0.674074074074074 0.37916666666666665 0.674074074074074
3 0.31197916666666664 0.6148148148148148 0.2760416666666667 0.6148148148148148 0.2760416666666667 0.6824074074074075 0.31197916666666664 0.6824074074074075
3 0.43645833333333334 0.6925925925925925 0.39895833333333336 0.6925925925925925 0.39895833333333336 0.7620370370370371 0.43645833333333334 0.7620370370370371
6 0.44375 0.45555555555555566 0.3984375 0.45555555555555566 0.3984375 0.5407407407407407 0.44375 0.5407407407407407
1 0.3859375 0.1537037037037038 0.3416666666666667 0.15370370370370376 0.3416666666666667 0.23796296296296307 0.3859375 0.23796296296296307
2 0.3703125 0.49722222222222223 0.33489583333333334 0.49722222222222223 0.33489583333333334 0.562962962962963 0.3703125 0.562962962962963
4 0.4453125 0.12685185185185197 0.4005208333333333 0.12685185185185197 0.4005208333333333 0.21111111111111122 0.4453125 0.21111111111111122
8 0.378125 0.2620370370370371 0.3416666666666667 0.2620370370370371 0.3416666666666667 0.3296296296296297 0.378125 0.3296296296296297
7 0.56875 0.6398148148148151 0.5223958333333333 0.6398148148148151 0.5223958333333333 0.7259259259259261 0.56875 0.7259259259259261
0 0.4390625 0.5703703703703704 0.3927083333333333 0.5703703703703704 0.3927083333333333 0.6564814814814814 0.4390625 0.6564814814814814
13 0.5401041666666667 0.5907407407407409 0.484375 0.5907407407407409 0.484375 0.6953703703703705 0.5401041666666667 0.6953703703703705
3 0.4354166666666667 0.3601851851851853 0.39895833333333336 0.3601851851851853 0.39895833333333336 0.42777777777777787 0.4354166666666667 0.42777777777777787
5 0.41458333333333336 0.08888888888888896 0.3703125 0.08888888888888896 0.3703125 0.1712962962962964 0.41458333333333336 0.1712962962962964
2 0.34479166666666666 0.774074074074074 0.30833333333333335 0.774074074074074 0.30833333333333335 0.8416666666666667 0.34479166666666666 0.8416666666666667
2 0.4973958333333333 0.3361111111111112 0.4609375 0.3361111111111112 0.4609375 0.4037037037037038 0.4973958333333333 0.4037037037037038
9 0.5614583333333333 0.5388888888888891 0.5239583333333333 0.5388888888888891 0.5239583333333333 0.6083333333333335 0.5614583333333333 0.6083333333333335
2 0.40260416666666665 0.41944444444444456 0.36666666666666664 0.41944444444444456 0.36666666666666664 0.4861111111111111 0.40260416666666665 0.4861111111111111
3 0.528125 0.2666666666666668 0.49166666666666664 0.2666666666666668 0.49166666666666664 0.33425925925925937 0.528125 0.33425925925925937
6 0.5666666666666667 0.413888888888889 0.5197916666666667 0.413888888888889 0.5197916666666667 0.5000000000000002 0.5666666666666667 0.5000000000000002
10 0.3484375 0.4351851851851853 0.303125 0.4351851851851853 0.303125 0.5194444444444445 0.3484375 0.5194444444444445
5 0.5651041666666666 0.2981481481481483 0.5177083333333333 0.2981481481481483 0.5177083333333333 0.3851851851851853 0.5651041666666666 0.3851851851851853
9 0.5 0.5611111111111112 0.4625 0.5611111111111111 0.4625 0.6305555555555556 0.5 0.6305555555555558
2 0.5885416666666666 0.24444444444444455 0.5515625 0.24444444444444455 0.5515625 0.313888888888889 0.5885416666666666 0.313888888888889
8 0.35 0.22962962962962968 0.3140625 0.22962962962962968 0.3140625 0.2962962962962964 0.35 0.2962962962962964
11 0.44114583333333335 0.23333333333333345 0.3953125 0.23333333333333345 0.3953125 0.31851851851851865 0.44114583333333335 0.31851851851851865
1 0.23281250000000006 0.5833333333333334 0.1864583333333334 0.5833333333333334 0.1864583333333334 0.6685185185185185 0.23281250000000006 0.6685185185185185
4 0.4078125 0.301851851851852 0.3640625 0.301851851851852 0.3640625 0.3833333333333334 0.4078125 0.3833333333333334
11 0.44062500000000004 0.7925925925925926 0.3932291666666667 0.7925925925925926 0.39322916666666674 0.8814814814814815 0.4406250000000001 0.8814814814814815