5 0.5270833333333335 0.8870370370370372 0.4760416666666668 0.8870370370370371 0.4760416666666668 0.9777777777777777 0.5270833333333335 0.9777777777777777
11 0.44583333333333336 0.1750000000000001 0.3932291666666667 0.1750000000000001 0.3932291666666667 0.2675925925925927 0.44583333333333336 0.2675925925925927
1 0.5885416666666666 0.1500000000000001 0.5359375 0.1500000000000001 0.5359375 0.2425925925925927 0.5885416666666666 0.2425925925925927
0 0.5005208333333333 0.7490740740740742 0.446875 0.7490740740740741 0.446875 0.8444444444444446 0.5005208333333333 0.8444444444444447
10 0.6104166666666667 0.26481481481481495 0.5572916666666666 0.26481481481481495 0.5572916666666666 0.35833333333333345 0.6104166666666667 0.35833333333333345
12 0.6833333333333333 0.23425925925925942 0.61875 0.23425925925925942 0.61875 0.34814814814814826 0.6833333333333333 0.34814814814814826
9 0.4276041666666667 0.7796296296296297 0.384375 0.7796296296296297 0.384375 0.8555555555555555 0.4276041666666667 0.8555555555555555
7 0.6651041666666667 0.8407407407407409 0.6098958333333333 0.8407407407407409 0.6098958333333333 0.9388888888888891 0.6651041666666667 0.9388888888888891
1 0.4114583333333333 0.6416666666666667 0.35625 0.6416666666666667 0.35625 0.7398148148148148 0.4114583333333333 0.7398148148148148
3 0.4109375 0.44814814814814824 0.3651041666666667 0.44814814814814824 0.3651041666666667 0.5287037037037037 0.4109375 0.5287037037037037
2 0.6708333333333333 0.6509259259259261 0.6276041666666666 0.6509259259259261 0.6276041666666666 0.7268518518518521 0.6708333333333333 0.7268518518518521
2 0.590625 0.8712962962962965 0.5479166666666667 0.8712962962962965 0.5479166666666667 0.9462962962962965 0.590625 0.9462962962962965
3 0.5286458333333334 0.47592592592592614 0.48385416666666664 0.47592592592592614 0.48385416666666664 0.5546296296296298 0.5286458333333334 0.5546296296296298
2 0.3125 0.5481481481481482 0.26927083333333335 0.5481481481481482 0.26927083333333335 0.6240740740740741 0.3125 0.6240740740740741
4 0.7223958333333333 0.502777777777778 0.6729166666666667 0.502777777777778 0.6729166666666667 0.589814814814815 0.7223958333333333 0.589814814814815
3 0.6427083333333333 0.7194444444444447 0.5984375 0.7194444444444447 0.5984375 0.7972222222222224 0.6427083333333333 0.7972222222222224
8 0.6291666666666667 0.1953703703703705 0.5875 0.19537037037037047 0.5875 0.2685185185185186 0.6291666666666667 0.2685185185185186
8 0.6239583333333333 0.3916666666666668 0.5828125 0.3916666666666668 0.5828125 0.4648148148148149 0.6239583333333333 0.4648148148148149
6 0.3177083333333333 0.3361111111111112 0.26197916666666665 0.3361111111111112 0.2619791666666667 0.4361111111111112 0.3177083333333333 0.4361111111111112
0 0.5359375 0.27962962962962973 0.4817708333333333 0.27962962962962973 0.4817708333333333 0.3750000000000001 0.5359375 0.3750000000000001
3 0.45364583333333336 0.5083333333333333 0.4114583333333333 0.5083333333333333 0.4114583333333333 0.5824074074074074 0.45364583333333336 0.5824074074074074
6 0.6770833333333334 0.44351851851851865 0.6244791666666667 0.44351851851851865 0.6244791666666667 0.5361111111111113 0.6770833333333334 0.5361111111111113
3 0.5223958333333333 0.6879629629629631 0.4796875 0.687962962962963 0.4796875 0.763888888888889 0.5223958333333333 0.7638888888888891
4 0.5515625 0.6129629629629632 0.49895833333333334 0.6129629629629632 0.49895833333333334 0.7046296296296298 0.5515625 0.7046296296296298
13 0.38958333333333334 0.7055555555555556 0.32447916666666665 0.7055555555555556 0.32447916666666665 0.8222222222222222 0.38958333333333334 0.8222222222222222
7 0.7234375 0.29907407407407416 0.6697916666666667 0.29907407407407416 0.6697916666666667 0.3925925925925927 0.7234375 0.3925925925925927
10 0.40625000000000006 0.8333333333333334 0.3494791666666667 0.8333333333333334 0.34947916666666673 0.9333333333333333 0.4062500000000001 0.9333333333333333
5 0.48072916666666665 0.6222222222222222 0.4270833333333333 0.6222222222222222 0.4270833333333333 0.7185185185185186 0.48072916666666665 0.7185185185185186
2 0.35885416666666664 0.6018518518518519 0.315625 0.6018518518518519 0.315625 0.6796296296296296 0.35885416666666664 0.6796296296296296
9 0.4723958333333334 0.8398148148148148 0.42864583333333334 0.8398148148148148 0.4286458333333334 0.9166666666666666 0.47239583333333346 0.9166666666666666
2 0.4822916666666667 0.4287037037037038 0.43802083333333336 0.4287037037037038 0.43802083333333336 0.5074074074074074 0.4822916666666667 0.5074074074074074
11 0.5848958333333333 0.3361111111111112 0.53125 0.3361111111111112 0.53125 0.4314814814814816 0.5848958333333333 0.4314814814814816