6 0.49947916666666664 0.7148148148148149 0.4666666666666667 0.7148148148148148 0.4666666666666667 0.7750000000000001 0.49947916666666664 0.7750000000000002
2 0.5953125 0.5685185185185188 0.56875 0.5685185185185188 0.56875 0.6129629629629632 0.5953125 0.6129629629629632
0 0.640625 0.8009259259259262 0.6072916666666667 0.8009259259259262 0.6072916666666667 0.8574074074074076 0.640625 0.8574074074074076
9 0.41822916666666665 0.10370370370370378 0.3932291666666667 0.10370370370370378 0.3932291666666667 0.14814814814814825 0.41822916666666665 0.14814814814814825
3 0.40989583333333335 0.47314814814814826 0.3828125 0.47314814814814826 0.3828125 0.5185185185185185 0.40989583333333335 0.5185185185185185
1 0.28489583333333335 0.10370370370370376 0.25364583333333335 0.10370370370370376 0.25364583333333335 0.15740740740740747 0.28489583333333335 0.15740740740740747
3 0.303125 0.6268518518518519 0.2765625 0.6268518518518519 0.2765625 0.6722222222222223 0.303125 0.6722222222222223
0 0.5932291666666667 0.7231481481481483 0.5604166666666667 0.7231481481481483 0.5604166666666667 0.7824074074074077 0.5932291666666667 0.7824074074074077
9 0.41302083333333334 0.1750000000000001 0.38697916666666665 0.1750000000000001 0.38697916666666665 0.2185185185185186 0.41302083333333334 0.2185185185185186
7 0.328125 0.23981481481481493 0.29635416666666664 0.23981481481481493 0.29635416666666664 0.29537037037037045 0.328125 0.29537037037037045
1 0.2583333333333334 0.7712962962962963 0.2255208333333334 0.7712962962962963 0.2255208333333334 0.8296296296296296 0.2583333333333334 0.8296296296296296
2 0.5520833333333334 0.490740740740741 0.5255208333333333 0.490740740740741 0.5255208333333333 0.5379629629629632 0.5520833333333334 0.5379629629629632
3 0.5557291666666667 0.338888888888889 0.5302083333333333 0.338888888888889 0.5302083333333333 0.3851851851851853 0.5557291666666667 0.3851851851851853
2 0.4979166666666667 0.41203703703703715 0.471875 0.41203703703703715 0.471875 0.45925925925925937 0.4979166666666667 0.45925925925925937
3 0.35260416666666666 0.5472222222222223 0.325 0.5472222222222223 0.325 0.5944444444444444 0.35260416666666666 0.5944444444444444
2 0.35572916666666665 0.3990740740740742 0.3296875 0.3990740740740742 0.3296875 0.44537037037037047 0.35572916666666665 0.44537037037037047
10 0.34739583333333335 0.7074074074074074 0.3140625 0.7074074074074074 0.3140625 0.7666666666666667 0.34739583333333335 0.7666666666666667
8 0.4041666666666667 0.7203703703703703 0.3765625 0.7203703703703703 0.3765625 0.7675925925925926 0.4041666666666667 0.7675925925925926
3 0.6036458333333333 0.2620370370370371 0.578125 0.2620370370370371 0.578125 0.30555555555555564 0.6036458333333333 0.30555555555555564
7 0.45989583333333334 0.24814814814814826 0.428125 0.24814814814814826 0.428125 0.30462962962962975 0.45989583333333334 0.30462962962962975
4 0.503125 0.5546296296296297 0.4703125 0.5546296296296296 0.4703125 0.6148148148148149 0.503125 0.614814814814815
6 0.45260416666666664 0.6342592592592593 0.4197916666666667 0.6342592592592593 0.4197916666666667 0.6944444444444444 0.45260416666666664 0.6944444444444444
10 0.6526041666666667 0.1305555555555557 0.6213541666666667 0.1305555555555557 0.6213541666666667 0.18518518518518534 0.6526041666666667 0.18518518518518534
11 0.2677083333333333 0.3796296296296297 0.23489583333333333 0.37962962962962965 0.23489583333333336 0.437962962962963 0.2677083333333333 0.43796296296296305
13 0.5119791666666667 0.10185185185185196 0.4744791666666667 0.10185185185185196 0.4744791666666667 0.16851851851851862 0.5119791666666667 0.16851851851851862
5 0.5614583333333333 0.11296296296296308 0.5302083333333333 0.11296296296296307 0.5302083333333333 0.16851851851851862 0.5614583333333333 0.16851851851851862
11 0.6541666666666667 0.48703703703703727 0.621875 0.48703703703703727 0.621875 0.5462962962962965 0.6541666666666667 0.5462962962962965
4 0.4005208333333333 0.6351851851851852 0.36770833333333336 0.6351851851851852 0.36770833333333336 0.6944444444444444 0.4005208333333333 0.6944444444444444
2 0.5557291666666667 0.2583333333333334 0.5302083333333333 0.2583333333333334 0.5302083333333333 0.30462962962962975 0.5557291666666667 0.30462962962962975
8 0.36770833333333336 0.24444444444444455 0.34270833333333334 0.24444444444444455 0.34270833333333334 0.288888888888889 0.36770833333333336 0.288888888888889
5 0.5052083333333334 0.25555555555555565 0.4734375 0.25555555555555565 0.4734375 0.3111111111111112 0.5052083333333334 0.3111111111111112
12 0.45208333333333334 0.7851851851851852 0.4109375 0.7851851851851852 0.4109375 0.8592592592592593 0.45208333333333334 0.8592592592592593