2 0.5390625 0.7037037037037039 0.5052083333333334 0.7037037037037039 0.5052083333333334 0.7638888888888891 0.5390625 0.7638888888888891
0 0.48229166666666673 0.8222222222222222 0.4401041666666667 0.8222222222222222 0.44010416666666674 0.8972222222222223 0.4822916666666668 0.8972222222222223
2 0.478125 0.45185185185185195 0.4427083333333333 0.45185185185185195 0.4427083333333333 0.5157407407407407 0.478125 0.5157407407407407
2 0.5 0.539814814814815 0.465625 0.5398148148148149 0.465625 0.6009259259259261 0.5 0.6009259259259261
5 0.7598958333333333 0.6333333333333335 0.71875 0.6333333333333335 0.71875 0.7083333333333336 0.7598958333333333 0.7083333333333336
13 0.7166666666666667 0.38425925925925936 0.6625 0.38425925925925936 0.6625 0.4814814814814817 0.7166666666666667 0.4814814814814817
3 0.60625 0.36666666666666675 0.5708333333333333 0.36666666666666675 0.5708333333333333 0.42962962962962975 0.60625 0.42962962962962975
2 0.5182291666666666 0.6268518518518521 0.48385416666666664 0.6268518518518521 0.48385416666666664 0.6879629629629632 0.5182291666666666 0.6879629629629632
11 0.6864583333333333 0.5055555555555558 0.64375 0.5055555555555558 0.64375 0.5824074074074076 0.6864583333333333 0.5824074074074076
11 0.74375 0.5546296296296298 0.7020833333333333 0.5546296296296298 0.7020833333333333 0.6287037037037039 0.74375 0.6287037037037039
7 0.6515625 0.3351851851851853 0.6072916666666667 0.3351851851851853 0.6072916666666667 0.4148148148148149 0.6515625 0.4148148148148149
10 0.46197916666666666 0.5555555555555556 0.41770833333333335 0.5555555555555556 0.41770833333333335 0.6361111111111111 0.46197916666666666 0.6361111111111111
12 0.4234375 0.5694444444444444 0.3703125 0.5694444444444444 0.3703125 0.6657407407407407 0.4234375 0.6657407407407407
6 0.4427083333333333 0.475 0.39895833333333336 0.475 0.39895833333333336 0.5546296296296296 0.4427083333333333 0.5546296296296296
9 0.6875 0.31666666666666676 0.653125 0.31666666666666676 0.653125 0.37962962962962976 0.6875 0.37962962962962976
8 0.39375 0.5074074074074074 0.35885416666666664 0.5074074074074074 0.35885416666666664 0.5703703703703704 0.39375 0.5703703703703704
7 0.7203125 0.6611111111111113 0.6776041666666667 0.6611111111111113 0.6776041666666667 0.7370370370370373 0.7203125 0.7370370370370373
4 0.4625 0.7462962962962963 0.41875 0.7462962962962963 0.41875 0.8231481481481482 0.4625 0.8231481481481482
9 0.721875 0.48333333333333356 0.6869791666666667 0.48333333333333356 0.6869791666666667 0.5462962962962965 0.721875 0.5462962962962965
5 0.6713541666666667 0.21851851851851867 0.6265625 0.21851851851851867 0.6265625 0.2981481481481483 0.6713541666666667 0.2981481481481483
4 0.378125 0.41944444444444456 0.334375 0.41944444444444456 0.334375 0.49907407407407406 0.378125 0.49907407407407406
0 0.421875 0.3953703703703705 0.378125 0.3953703703703705 0.378125 0.47314814814814826 0.421875 0.47314814814814826
1 0.6692708333333334 0.4185185185185186 0.625 0.4185185185185186 0.625 0.49722222222222245 0.6692708333333334 0.49722222222222245
3 0.6260416666666667 0.4527777777777779 0.5921875 0.4527777777777779 0.5921875 0.5148148148148151 0.6260416666666667 0.5148148148148151
2 0.45989583333333334 0.3648148148148149 0.425 0.3648148148148149 0.425 0.42777777777777787 0.45989583333333334 0.42777777777777787
3 0.6619791666666667 0.6203703703703706 0.628125 0.6203703703703706 0.628125 0.6805555555555558 0.6619791666666667 0.6805555555555558
10 0.4796875 0.6388888888888888 0.43645833333333334 0.6388888888888888 0.43645833333333334 0.7175925925925926 0.4796875 0.7175925925925926
1 0.7015625 0.5796296296296298 0.659375 0.5796296296296298 0.659375 0.6564814814814817 0.7015625 0.6564814814814817
3 0.640625 0.5351851851851854 0.60625 0.5351851851851854 0.60625 0.5962962962962965 0.640625 0.5962962962962965
3 0.5859375 0.28518518518518526 0.5510416666666667 0.28518518518518526 0.5510416666666667 0.3490740740740742 0.5859375 0.3490740740740742
6 0.5026041666666666 0.7203703703703704 0.45989583333333334 0.7203703703703703 0.45989583333333334 0.7972222222222223 0.5026041666666666 0.7972222222222224
8 0.43697916666666664 0.6675925925925926 0.40260416666666665 0.6675925925925926 0.40260416666666665 0.7287037037037037 0.43697916666666664 0.7287037037037037