5 0.4947916666666667 0.06296296296296307 0.4588541666666667 0.06296296296296307 0.4588541666666667 0.11851851851851862 0.4947916666666667 0.11851851851851862
3 0.46197916666666666 0.29444444444444456 0.43385416666666665 0.29444444444444456 0.43385416666666665 0.34074074074074084 0.46197916666666666 0.34074074074074084
7 0.5104166666666666 0.21203703703703713 0.475 0.21203703703703713 0.475 0.2703703703703705 0.5104166666666666 0.2703703703703705
6 0.5567708333333333 0.5990740740740743 0.5203125 0.5990740740740743 0.5203125 0.6601851851851854 0.5567708333333333 0.6601851851851854
12 0.39947916666666666 0.7287037037037037 0.3572916666666667 0.7287037037037037 0.3572916666666667 0.8009259259259259 0.39947916666666666 0.8009259259259259
7 0.2015625 0.2796296296296296 0.16770833333333332 0.2796296296296296 0.16770833333333332 0.33611111111111114 0.2015625 0.33611111111111114
0 0.20729166666666674 0.8759259259259259 0.1708333333333334 0.8759259259259259 0.1708333333333334 0.9361111111111111 0.20729166666666674 0.9361111111111111
3 0.36354166666666665 0.3157407407407408 0.33541666666666664 0.3157407407407408 0.33541666666666664 0.36203703703703716 0.36354166666666665 0.36203703703703716
2 0.2791666666666667 0.5935185185185186 0.24843750000000006 0.5935185185185186 0.24843750000000006 0.6425925925925926 0.2791666666666667 0.6425925925925926
2 0.4869791666666667 0.5407407407407409 0.4578125 0.5407407407407407 0.4578125 0.588888888888889 0.4869791666666667 0.5888888888888891
2 0.3859375 0.575925925925926 0.35625 0.575925925925926 0.35625 0.625 0.3859375 0.625
3 0.25885416666666666 0.35370370370370374 0.23072916666666668 0.3537037037037037 0.23072916666666668 0.4000000000000001 0.25885416666666666 0.4000000000000001
6 0.23281250000000006 0.6944444444444444 0.19635416666666672 0.6944444444444444 0.19635416666666672 0.7546296296296297 0.23281250000000006 0.7546296296296297
2 0.5916666666666667 0.5138888888888891 0.5604166666666667 0.5138888888888891 0.5604166666666667 0.5611111111111113 0.5916666666666667 0.5611111111111113
5 0.20364583333333333 0.1342592592592593 0.16875 0.1342592592592593 0.16875 0.1907407407407408 0.20364583333333333 0.1907407407407408
13 0.3614583333333333 0.15277777777777782 0.31875 0.15277777777777782 0.31875 0.2203703703703704 0.3614583333333333 0.2203703703703704
4 0.5713541666666667 0.7703703703703706 0.5348958333333333 0.7703703703703706 0.5348958333333333 0.8305555555555557 0.5713541666666667 0.8305555555555557
2 0.17500000000000007 0.6287037037037037 0.14635416666666673 0.6287037037037037 0.14635416666666673 0.675 0.17500000000000007 0.675
11 0.44479166666666664 0.06851851851851862 0.409375 0.0685185185185186 0.409375 0.1250000000000001 0.44479166666666664 0.1250000000000001
9 0.28854166666666664 0.1092592592592593 0.259375 0.1092592592592593 0.259375 0.15462962962962967 0.28854166666666664 0.15462962962962967
3 0.16302083333333336 0.38425925925925924 0.13541666666666666 0.38425925925925924 0.13541666666666669 0.43148148148148147 0.1630208333333334 0.43148148148148147
1 0.1515625 0.15833333333333335 0.11875 0.15833333333333333 0.11875 0.2138888888888889 0.1515625 0.21388888888888893
8 0.35625000000000007 0.8472222222222222 0.3265625 0.8472222222222222 0.32656250000000003 0.8953703703703704 0.3562500000000001 0.8953703703703704
9 0.390625 0.08888888888888896 0.3614583333333333 0.08888888888888896 0.3614583333333333 0.13333333333333341 0.390625 0.13333333333333344
10 0.5182291666666666 0.7842592592592593 0.48125 0.7842592592592592 0.48125 0.8453703703703704 0.5182291666666666 0.8453703703703705
3 0.5630208333333333 0.2675925925925927 0.534375 0.2675925925925927 0.534375 0.313888888888889 0.5630208333333333 0.313888888888889
8 0.4578125 0.8111111111111111 0.4270833333333333 0.8111111111111111 0.4270833333333333 0.8592592592592593 0.4578125 0.8592592592592593
1 0.5364583333333334 0.041666666666666775 0.5010416666666667 0.041666666666666775 0.5010416666666667 0.09722222222222232 0.5364583333333334 0.09722222222222232
11 0.24739583333333334 0.11388888888888894 0.21145833333333333 0.11388888888888894 0.21145833333333333 0.1768518518518519 0.24739583333333334 0.1768518518518519
10 0.25729166666666675 0.8481481481481481 0.2213541666666667 0.8481481481481481 0.2213541666666667 0.9157407407407407 0.25729166666666675 0.9157407407407407
4 0.31093750000000003 0.8268518518518518 0.275 0.8268518518518518 0.2750000000000001 0.8981481481481481 0.31093750000000014 0.8981481481481481
0 0.6171875 0.7453703703703706 0.58125 0.7453703703703706 0.58125 0.8120370370370372 0.6171875 0.8120370370370372