13 0.6010416666666667 0.13333333333333344 0.5385416666666667 0.13333333333333344 0.5385416666666667 0.23981481481481493 0.6010416666666667 0.23981481481481493
6 0.5671875 0.6296296296296299 0.5161458333333333 0.6296296296296299 0.5161458333333333 0.7166666666666669 0.5671875 0.7166666666666669
11 0.6911458333333333 0.14259259259259274 0.6411458333333333 0.14259259259259274 0.6411458333333333 0.22870370370370385 0.6911458333333333 0.22870370370370385
5 0.49114583333333334 0.15092592592592602 0.43854166666666666 0.15092592592592602 0.43854166666666666 0.24166666666666678 0.49114583333333334 0.24166666666666678
5 0.7375 0.14351851851851868 0.6885416666666667 0.14351851851851868 0.6885416666666667 0.226851851851852 0.7375 0.226851851851852
0 0.7536458333333333 0.6842592592592595 0.7072916666666667 0.6842592592592595 0.7072916666666667 0.7629629629629632 0.7536458333333333 0.7629629629629632
10 0.6130208333333333 0.6259259259259261 0.5640625 0.6259259259259261 0.5640625 0.7101851851851854 0.6130208333333333 0.7101851851851854
6 0.7088541666666667 0.614814814814815 0.6604166666666667 0.614814814814815 0.6604166666666667 0.6972222222222224 0.7088541666666667 0.6972222222222224
3 0.6432291666666666 0.31666666666666676 0.6026041666666667 0.31666666666666676 0.6026041666666667 0.3870370370370371 0.6432291666666666 0.3870370370370371
7 0.5479166666666667 0.22962962962962974 0.496875 0.22962962962962974 0.496875 0.3157407407407408 0.5479166666666667 0.3157407407407408
9 0.6395833333333333 0.1555555555555557 0.5989583333333334 0.15555555555555567 0.5989583333333334 0.2240740740740742 0.6395833333333333 0.22407407407407423
2 0.55625 0.5629629629629632 0.515625 0.5629629629629632 0.515625 0.6314814814814816 0.55625 0.6314814814814816
3 0.6942708333333333 0.30925925925925934 0.6546875 0.30925925925925934 0.6546875 0.3777777777777779 0.6942708333333333 0.3777777777777779
7 0.7411458333333333 0.22500000000000014 0.6916666666666667 0.22500000000000014 0.6916666666666667 0.3092592592592594 0.7411458333333333 0.30925925925925946
0 0.51875 0.6379629629629631 0.46822916666666664 0.637962962962963 0.46822916666666664 0.7240740740740742 0.51875 0.7240740740740743
3 0.5963541666666666 0.3111111111111112 0.5546875 0.3111111111111112 0.5546875 0.3814814814814816 0.5963541666666666 0.3814814814814816
11 0.6484375 0.2277777777777779 0.5989583333333334 0.22777777777777788 0.5989583333333334 0.31203703703703717 0.6484375 0.31203703703703717
2 0.6567708333333333 0.5574074074074076 0.6182291666666667 0.5574074074074076 0.6182291666666667 0.6231481481481483 0.6567708333333333 0.6231481481481483
9 0.5390625 0.15555555555555567 0.4973958333333333 0.15555555555555567 0.4973958333333333 0.22592592592592603 0.5390625 0.22592592592592603
4 0.5203125 0.7166666666666668 0.4713541666666667 0.7166666666666667 0.4713541666666667 0.8000000000000002 0.5203125 0.8000000000000002
3 0.5442708333333334 0.31851851851851865 0.5036458333333333 0.31851851851851865 0.5036458333333333 0.38796296296296306 0.5442708333333334 0.38796296296296306
10 0.6604166666666667 0.6259259259259261 0.6119791666666666 0.6259259259259261 0.6119791666666666 0.7074074074074076 0.6604166666666667 0.7074074074074076
4 0.7098958333333333 0.690740740740741 0.6614583333333334 0.690740740740741 0.6614583333333334 0.7731481481481484 0.7098958333333333 0.7731481481481484
3 0.4953125 0.3240740740740742 0.4546875 0.3240740740740742 0.4546875 0.3925925925925927 0.4953125 0.3925925925925927
12 0.6171875 0.6935185185185188 0.5578125 0.6935185185185188 0.5578125 0.7953703703703706 0.6171875 0.7953703703703706
2 0.6067708333333334 0.5564814814814817 0.5671875 0.5564814814814817 0.5671875 0.6231481481481483 0.6067708333333334 0.6231481481481483
8 0.6546875 0.702777777777778 0.6166666666666667 0.702777777777778 0.6166666666666667 0.7666666666666668 0.6546875 0.7666666666666668
1 0.6921875 0.22777777777777794 0.6432291666666666 0.22777777777777794 0.6432291666666666 0.31296296296296305 0.6921875 0.31296296296296305
1 0.5973958333333333 0.22777777777777788 0.546875 0.22777777777777788 0.546875 0.31481481481481494 0.5973958333333333 0.31481481481481494
2 0.7020833333333333 0.5490740740740743 0.6645833333333333 0.5490740740740743 0.6645833333333333 0.6129629629629632 0.7020833333333333 0.6129629629629632
8 0.5619791666666667 0.7194444444444447 0.5223958333333333 0.7194444444444447 0.5223958333333333 0.7870370370370372 0.5619791666666667 0.7870370370370372
2 0.5057291666666667 0.5648148148148149 0.465625 0.5648148148148148 0.465625 0.6324074074074075 0.5057291666666667 0.6324074074074076