7 0.4666666666666667 0.4361111111111112 0.42552083333333335 0.4361111111111112 0.42552083333333335 0.5148148148148148 0.4666666666666667 0.5148148148148148
0 0.7072916666666667 0.4685185185185186 0.6661458333333333 0.4685185185185186 0.6661458333333333 0.5453703703703706 0.7072916666666667 0.5453703703703706
4 0.75625 0.3824074074074076 0.7161458333333334 0.38240740740740753 0.7161458333333334 0.45740740740740754 0.75625 0.4574074074074076
7 0.3645833333333333 0.5194444444444445 0.3234375 0.5194444444444445 0.3234375 0.5972222222222222 0.3645833333333333 0.5972222222222222
1 0.41822916666666665 0.33055555555555566 0.3770833333333333 0.33055555555555566 0.3770833333333333 0.4074074074074075 0.41822916666666665 0.4074074074074075
2 0.3619791666666667 0.6296296296296297 0.32760416666666664 0.6296296296296297 0.32760416666666664 0.6888888888888889 0.3619791666666667 0.6888888888888889
5 0.315625 0.5027777777777778 0.27447916666666666 0.5027777777777778 0.27447916666666666 0.5796296296296296 0.315625 0.5796296296296296
3 0.7098958333333333 0.28518518518518526 0.678125 0.28518518518518526 0.678125 0.34444444444444455 0.7098958333333333 0.34444444444444455
9 0.3619791666666667 0.42222222222222233 0.32760416666666664 0.42222222222222233 0.32760416666666664 0.48333333333333334 0.3619791666666667 0.48333333333333334
5 0.41041666666666665 0.5185185185185185 0.36822916666666666 0.5185185185185185 0.36822916666666666 0.5962962962962963 0.41041666666666665 0.5962962962962963
2 0.36822916666666666 0.23333333333333342 0.33541666666666664 0.2333333333333334 0.33541666666666664 0.29444444444444456 0.36822916666666666 0.29444444444444456
2 0.3229166666666667 0.22222222222222227 0.2890625 0.22222222222222227 0.2890625 0.2814814814814816 0.3229166666666667 0.2814814814814816
2 0.309375 0.6240740740740741 0.275 0.6240740740740741 0.275 0.6833333333333333 0.309375 0.6833333333333333
10 0.7536458333333333 0.47037037037037055 0.7151041666666667 0.4703703703703705 0.7151041666666667 0.5444444444444446 0.7536458333333333 0.5444444444444446
11 0.3203125 0.41944444444444456 0.278125 0.41944444444444456 0.278125 0.4981481481481482 0.3203125 0.4981481481481482
3 0.7520833333333333 0.20277777777777795 0.7213541666666666 0.20277777777777795 0.7213541666666666 0.2620370370370372 0.7520833333333333 0.26203703703703723
3 0.7557291666666667 0.28796296296296314 0.7244791666666667 0.2879629629629631 0.7244791666666667 0.34629629629629644 0.7557291666666667 0.3462962962962965
13 0.3776041666666667 0.3157407407407408 0.32708333333333334 0.3157407407407408 0.32708333333333334 0.4074074074074075 0.3776041666666667 0.4074074074074075
1 0.32447916666666665 0.3175925925925927 0.28177083333333336 0.3175925925925927 0.28177083333333336 0.3962962962962964 0.32447916666666665 0.3962962962962964
6 0.7515625 0.5629629629629632 0.7125 0.5629629629629632 0.7125 0.6379629629629632 0.7515625 0.6379629629629632
6 0.6166666666666667 0.45185185185185195 0.575 0.45185185185185195 0.575 0.5259259259259261 0.6166666666666667 0.5259259259259261
12 0.7104166666666667 0.5611111111111113 0.6604166666666667 0.5611111111111113 0.6604166666666667 0.6500000000000002 0.7104166666666667 0.6500000000000002
3 0.7442708333333333 0.6731481481481484 0.7135416666666666 0.6731481481481484 0.7135416666666666 0.7324074074074076 0.7442708333333333 0.7324074074074076
0 0.6609375 0.5564814814814817 0.6203125 0.5564814814814817 0.6203125 0.6287037037037039 0.6609375 0.6287037037037039
4 0.6619791666666667 0.4527777777777779 0.61875 0.4527777777777779 0.61875 0.5324074074074077 0.6619791666666667 0.5324074074074077
8 0.6645833333333333 0.37407407407407417 0.63125 0.37407407407407417 0.63125 0.4324074074074075 0.6645833333333333 0.4324074074074075
10 0.7171875 0.3777777777777779 0.6744791666666666 0.3777777777777779 0.6744791666666666 0.45185185185185195 0.7171875 0.45185185185185195
2 0.325 0.13055555555555562 0.2916666666666667 0.13055555555555562 0.2916666666666667 0.18888888888888894 0.325 0.18888888888888894
3 0.6994791666666667 0.6694444444444446 0.6630208333333333 0.6694444444444446 0.6630208333333333 0.7314814814814817 0.6994791666666667 0.7314814814814817
11 0.4166666666666667 0.4324074074074075 0.37447916666666664 0.4324074074074075 0.37447916666666664 0.5046296296296297 0.4166666666666667 0.5046296296296297