4 0.6375 0.8046296296296298 0.5942708333333333 0.8046296296296298 0.5942708333333333 0.8833333333333335 0.6375 0.8833333333333335
7 0.5005208333333333 0.15092592592592602 0.45364583333333336 0.15092592592592602 0.45364583333333336 0.23425925925925936 0.5005208333333333 0.23425925925925936
13 0.3927083333333333 0.3462962962962964 0.33697916666666666 0.3462962962962964 0.33697916666666666 0.44444444444444453 0.3927083333333333 0.44444444444444453
12 0.6598958333333333 0.614814814814815 0.60625 0.614814814814815 0.60625 0.7101851851851854 0.6598958333333333 0.7101851851851854
1 0.453125 9.337931843498568e-17 0.4046875 8.810653360532348e-17 0.4046875 0.08425925925925935 0.453125 0.08425925925925937
3 0.5651041666666666 0.12962962962962973 0.528125 0.12962962962962973 0.528125 0.19814814814814824 0.5651041666666666 0.19814814814814824
3 0.3536458333333333 0.75 0.31614583333333335 0.75 0.31614583333333335 0.8194444444444444 0.3536458333333333 0.8194444444444444
3 0.45364583333333336 0.4361111111111112 0.415625 0.4361111111111112 0.415625 0.5055555555555555 0.45364583333333336 0.5055555555555555
2 0.5739583333333333 0.5509259259259262 0.5369791666666667 0.5509259259259262 0.5369791666666667 0.6175925925925928 0.5739583333333333 0.6175925925925928
6 0.6890625 0.37037037037037046 0.6458333333333334 0.37037037037037046 0.6458333333333334 0.4490740740740742 0.6890625 0.4490740740740742
2 0.6239583333333333 0.4064814814814816 0.5875 0.4064814814814816 0.5875 0.47314814814814826 0.6239583333333333 0.47314814814814826
7 0.3375 0.6277777777777778 0.290625 0.6277777777777778 0.290625 0.712037037037037 0.3375 0.712037037037037
2 0.521875 0.7194444444444447 0.48541666666666666 0.7194444444444447 0.48541666666666666 0.7861111111111113 0.521875 0.7861111111111113
3 0.40260416666666665 0.600925925925926 0.3651041666666667 0.600925925925926 0.3651041666666667 0.6685185185185185 0.40260416666666665 0.6685185185185185
2 0.4697916666666667 0.85 0.43385416666666665 0.85 0.4338541666666667 0.9166666666666666 0.4697916666666668 0.9166666666666666
3 0.5114583333333333 0.28055555555555567 0.4739583333333333 0.28055555555555567 0.4739583333333333 0.3490740740740742 0.5114583333333333 0.3490740740740742
8 0.659375 0.728703703703704 0.6255208333333333 0.728703703703704 0.6255208333333333 0.7916666666666669 0.659375 0.7916666666666669
6 0.5375 0.8138888888888891 0.4921875 0.8138888888888891 0.49218750000000006 0.8962962962962965 0.5375 0.8962962962962965
11 0.4296875 0.07037037037037046 0.3807291666666667 0.07037037037037044 0.3807291666666667 0.15833333333333344 0.4296875 0.15833333333333344
2 0.6765625 0.25185185185185194 0.6411458333333333 0.25185185185185194 0.6411458333333333 0.31851851851851865 0.6765625 0.31851851851851865
4 0.734375 0.5055555555555558 0.690625 0.5055555555555558 0.690625 0.5851851851851854 0.734375 0.5851851851851854
8 0.7020833333333333 0.5916666666666669 0.6671875 0.5916666666666669 0.6671875 0.6546296296296299 0.7020833333333333 0.6546296296296299
5 0.2708333333333333 0.5361111111111111 0.2239583333333334 0.5361111111111111 0.2239583333333334 0.6203703703703703 0.2708333333333333 0.6203703703703703
0 0.5848958333333333 0.9574074074074074 0.5427083333333333 0.9574074074074074 0.5427083333333333 1 0.5848958333333333 1
9 0.3145833333333333 0.3925925925925927 0.27708333333333335 0.3925925925925927 0.27708333333333335 0.45925925925925937 0.3145833333333333 0.45925925925925937
5 0.4036458333333333 0.1546296296296297 0.35625 0.15462962962962967 0.35625 0.23888888888888898 0.4036458333333333 0.23888888888888898
0 0.78125 0.3537037037037039 0.7369791666666666 0.3537037037037039 0.7369791666666666 0.4351851851851854 0.78125 0.4351851851851854
10 0.6083333333333333 0.8750000000000002 0.5651041666666666 0.8750000000000002 0.5651041666666666 0.9537037037037037 0.6083333333333333 0.9537037037037037
10 0.75625 0.4379629629629631 0.7109375 0.43796296296296305 0.7109375 0.5138888888888891 0.75625 0.5138888888888891
11 0.29322916666666665 0.46111111111111114 0.24062500000000006 0.46111111111111114 0.24062500000000006 0.55 0.29322916666666665 0.55
1 0.24427083333333338 0.6175925925925926 0.19479166666666672 0.6175925925925926 0.19479166666666672 0.7018518518518518 0.24427083333333338 0.7018518518518518
9 0.3640625 0.23981481481481493 0.3255208333333333 0.23981481481481493 0.3255208333333333 0.3074074074074075 0.3640625 0.3074074074074075