4 0.4229166666666667 0.8444444444444444 0.375 0.8444444444444444 0.37500000000000006 0.9324074074074075 0.4229166666666668 0.9324074074074075
2 0.4583333333333333 0.5833333333333334 0.41822916666666665 0.5833333333333334 0.41822916666666665 0.6574074074074074 0.4583333333333333 0.6574074074074074
7 0.503125 0.163888888888889 0.453125 0.163888888888889 0.453125 0.2564814814814816 0.503125 0.2564814814814816
1 0.5380208333333333 0.063888888888889 0.48802083333333335 0.063888888888889 0.48802083333333335 0.10092592592592603 0.5380208333333333 0.10092592592592603
13 0.6364583333333333 0.3379629629629631 0.5755208333333334 0.3379629629629631 0.5755208333333334 0.450925925925926 0.6364583333333333 0.450925925925926
10 0.45989583333333345 0.9092592592592592 0.4119791666666668 0.9092592592592592 0.4119791666666668 0.9972222222222222 0.45989583333333345 0.9972222222222222
6 0.5265625 0.837962962962963 0.47760416666666666 0.8379629629629629 0.4776041666666667 0.9296296296296297 0.5265625000000002 0.9296296296296298
2 0.3265625 0.2962962962962964 0.2875 0.2962962962962964 0.2875 0.3694444444444446 0.3265625 0.3694444444444446
8 0.3296875 0.6416666666666667 0.2921875 0.6416666666666667 0.2921875 0.712037037037037 0.3296875 0.712037037037037
2 0.39375 0.44166666666666676 0.3536458333333333 0.44166666666666676 0.3536458333333333 0.5175925925925926 0.39375 0.5175925925925926
3 0.4942708333333333 0.29537037037037045 0.4546875 0.29537037037037045 0.4546875 0.3694444444444446 0.4942708333333333 0.3694444444444446
3 0.43020833333333336 0.15462962962962973 0.39010416666666664 0.15462962962962973 0.39010416666666664 0.22962962962962974 0.43020833333333336 0.22962962962962974
7 0.7041666666666667 0.6222222222222225 0.6546875 0.6222222222222225 0.6546875 0.7157407407407409 0.7041666666666667 0.7157407407407409
6 0.33697916666666666 0.4148148148148149 0.29010416666666666 0.4148148148148149 0.29010416666666666 0.5027777777777778 0.33697916666666666 0.5027777777777778
2 0.5208333333333334 0.7314814814814816 0.4791666666666667 0.7314814814814815 0.4791666666666667 0.8092592592592593 0.5208333333333334 0.8092592592592595
12 0.3958333333333333 0.6564814814814814 0.3390625 0.6564814814814814 0.3390625 0.762962962962963 0.3958333333333333 0.762962962962963
3 0.690625 0.7435185185185187 0.6494791666666667 0.7435185185185187 0.6494791666666667 0.8203703703703705 0.690625 0.8203703703703705
3 0.6276041666666666 0.6000000000000002 0.5875 0.6000000000000002 0.5875 0.6750000000000002 0.6276041666666666 0.6750000000000002
3 0.5651041666666666 0.4462962962962964 0.5239583333333333 0.4462962962962964 0.5239583333333333 0.5240740740740742 0.5651041666666666 0.5240740740740742
2 0.5828125 0.8657407407407409 0.5442708333333334 0.8657407407407409 0.5442708333333334 0.9370370370370372 0.5828125 0.9370370370370372
11 0.5692708333333333 0.07222222222222234 0.5177083333333333 0.07222222222222233 0.5177083333333333 0.1675925925925927 0.5692708333333333 0.1675925925925927
8 0.384375 0.7712962962962963 0.34739583333333335 0.7712962962962963 0.34739583333333335 0.8407407407407408 0.384375 0.8407407407407408
4 0.3015625 0.5564814814814815 0.2541666666666667 0.5564814814814815 0.2541666666666667 0.6462962962962963 0.3015625 0.6462962962962963
1 0.7994791666666666 0.5907407407407409 0.7479166666666667 0.5907407407407409 0.7479166666666667 0.6861111111111113 0.7994791666666666 0.6861111111111113
9 0.6375 0.23240740740740753 0.5958333333333333 0.2324074074074075 0.5958333333333333 0.3101851851851853 0.6375 0.3101851851851853
5 0.7651041666666667 0.5148148148148151 0.7145833333333333 0.5148148148148151 0.7145833333333333 0.6092592592592595 0.7651041666666667 0.6092592592592595
5 0.5984375 0.15092592592592602 0.5479166666666667 0.15092592592592602 0.5479166666666667 0.24444444444444455 0.5984375 0.24444444444444455
10 0.2755208333333333 0.49444444444444446 0.22864583333333338 0.49444444444444446 0.22864583333333338 0.5824074074074074 0.2755208333333333 0.5824074074074074
0 0.48854166666666676 0.9888888888888889 0.4406250000000001 0.9888888888888889 0.4406250000000001 1 0.48854166666666676 1
11 0.7380208333333333 0.4407407407407409 0.684375 0.4407407407407408 0.684375 0.5379629629629632 0.7380208333333333 0.5379629629629632
9 0.6984375 0.37685185185185194 0.6567708333333333 0.37685185185185194 0.6567708333333333 0.45370370370370383 0.6984375 0.45370370370370383
0 0.24427083333333335 0.4083333333333334 0.19375 0.4083333333333333 0.19375000000000003 0.5018518518518519 0.24427083333333338 0.5018518518518519