1 0.675 0.4000000000000001 0.6328125 0.4000000000000001 0.6328125 0.4814814814814817 0.675 0.4814814814814817
6 0.4125 0.7074074074074074 0.36822916666666666 0.7074074074074074 0.36822916666666666 0.7888888888888889 0.4125 0.7888888888888889
11 0.7119791666666667 0.27962962962962973 0.6703125 0.27962962962962973 0.6703125 0.3601851851851853 0.7119791666666667 0.3601851851851853
7 0.6083333333333333 0.22685185185185197 0.5666666666666667 0.22685185185185194 0.5666666666666667 0.30555555555555564 0.6083333333333333 0.30555555555555564
3 0.6979166666666666 0.589814814814815 0.6614583333333334 0.589814814814815 0.6614583333333334 0.6574074074074077 0.6979166666666666 0.6574074074074077
7 0.6552083333333333 0.5962962962962965 0.6125 0.5962962962962965 0.6125 0.6740740740740743 0.6552083333333333 0.6740740740740743
5 0.5729166666666666 0.33240740740740754 0.53125 0.33240740740740754 0.53125 0.4129629629629631 0.5729166666666666 0.4129629629629631
3 0.6546875 0.2166666666666668 0.6177083333333333 0.2166666666666668 0.6177083333333333 0.28518518518518526 0.6546875 0.28518518518518526
4 0.45260416666666664 0.5861111111111111 0.409375 0.5861111111111111 0.409375 0.6685185185185185 0.45260416666666664 0.6685185185185185
2 0.3151041666666667 0.3601851851851853 0.28072916666666664 0.3601851851851853 0.28072916666666664 0.4250000000000001 0.3151041666666667 0.4250000000000001
3 0.5828125 0.4462962962962964 0.5453125 0.4462962962962964 0.5453125 0.5166666666666668 0.5828125 0.5166666666666668
2 0.35833333333333334 0.7342592592592593 0.3234375 0.7342592592592593 0.3234375 0.8 0.35833333333333334 0.8
8 0.684375 0.48981481481481504 0.65 0.48981481481481504 0.65 0.5555555555555558 0.684375 0.5555555555555558
3 0.6411458333333333 0.5185185185185187 0.603125 0.5185185185185187 0.603125 0.5833333333333336 0.6411458333333333 0.5833333333333336
9 0.35572916666666665 0.6407407407407407 0.3182291666666667 0.6407407407407407 0.3182291666666667 0.7111111111111111 0.35572916666666665 0.7111111111111111
4 0.43072916666666666 0.40555555555555567 0.3885416666666667 0.40555555555555567 0.3885416666666667 0.4861111111111111 0.43072916666666666 0.4861111111111111
2 0.43385416666666665 0.5018518518518519 0.39791666666666664 0.5018518518518519 0.39791666666666664 0.5694444444444444 0.43385416666666665 0.5694444444444444
11 0.728125 0.46111111111111125 0.6864583333333333 0.4611111111111112 0.6864583333333333 0.540740740740741 0.728125 0.540740740740741
5 0.596875 0.5250000000000002 0.5541666666666667 0.5250000000000002 0.5541666666666667 0.6083333333333335 0.596875 0.6083333333333335
13 0.39427083333333335 0.5074074074074074 0.3421875 0.5074074074074074 0.3421875 0.6092592592592593 0.39427083333333335 0.6092592592592593
8 0.6640625 0.3074074074074075 0.628125 0.3074074074074075 0.628125 0.37592592592592605 0.6640625 0.37592592592592605
1 0.721875 0.37962962962962976 0.6802083333333333 0.37962962962962976 0.6802083333333333 0.45925925925925937 0.721875 0.45925925925925937
12 0.6369791666666667 0.4000000000000001 0.5848958333333333 0.4000000000000001 0.5848958333333333 0.5000000000000002 0.6369791666666667 0.5000000000000002
3 0.615625 0.3277777777777779 0.5807291666666666 0.3277777777777779 0.5807291666666666 0.3925925925925927 0.615625 0.3925925925925927
10 0.3463541666666667 0.5425925925925926 0.3 0.5425925925925926 0.3 0.625 0.3463541666666667 0.625
6 0.3692708333333333 0.3277777777777779 0.3234375 0.3277777777777779 0.3234375 0.4074074074074075 0.3692708333333333 0.4074074074074075
2 0.375 0.42037037037037045 0.340625 0.42037037037037045 0.340625 0.4861111111111111 0.375 0.4861111111111111
2 0.4005208333333333 0.6138888888888889 0.3614583333333333 0.6138888888888889 0.3614583333333333 0.6787037037037037 0.4005208333333333 0.6787037037037037
0 0.28489583333333335 0.46851851851851856 0.23541666666666672 0.4685185185185185 0.23541666666666672 0.55 0.28489583333333335 0.55
0 0.3098958333333333 0.6592592592592592 0.26562500000000006 0.6592592592592592 0.26562500000000006 0.7361111111111112 0.3098958333333333 0.7361111111111112
10 0.2984375 0.5574074074074075 0.2505208333333334 0.5574074074074075 0.2505208333333334 0.6407407407407407 0.2984375 0.6407407407407407
9 0.33489583333333334 0.44814814814814824 0.29635416666666664 0.44814814814814824 0.29635416666666664 0.5185185185185185 0.33489583333333334 0.5185185185185185