4 0.7005208333333334 0.10462962962962978 0.6557291666666667 0.10462962962962977 0.6557291666666667 0.17870370370370386 0.7005208333333334 0.17870370370370386
0 0.6838541666666667 0.02129629629629644 0.6390625 0.021296296296296435 0.6390625 0.09722222222222236 0.6838541666666667 0.09722222222222238
0 0.7869791666666667 0.6842592592592595 0.74375 0.6842592592592595 0.74375 0.7537037037037039 0.7869791666666667 0.7537037037037039
2 0.6583333333333333 0.7740740740740742 0.6234375 0.7740740740740742 0.6234375 0.8287037037037039 0.6583333333333333 0.8287037037037039
13 0.39791666666666664 0.537962962962963 0.34270833333333334 0.537962962962963 0.34270833333333334 0.6305555555555555 0.39791666666666664 0.6305555555555555
1 0.4229166666666668 0.9 0.38125000000000014 0.9 0.38125000000000014 0.9685185185185186 0.4229166666666668 0.9685185185185186
7 0.4005208333333333 0.26944444444444454 0.35572916666666665 0.26944444444444454 0.35572916666666665 0.34444444444444455 0.4005208333333333 0.34444444444444455
3 0.41458333333333336 0.17037037037037048 0.378125 0.17037037037037048 0.378125 0.22962962962962974 0.41458333333333336 0.22962962962962974
7 0.48177083333333337 0.7851851851851852 0.43802083333333336 0.7851851851851852 0.4380208333333334 0.862037037037037 0.4817708333333334 0.862037037037037
12 0.7067708333333333 0.388888888888889 0.6515625 0.388888888888889 0.6515625 0.48333333333333356 0.7067708333333333 0.48333333333333356
2 0.6338541666666667 0.6111111111111113 0.5963541666666666 0.6111111111111113 0.5963541666666666 0.6731481481481484 0.6338541666666667 0.6731481481481484
3 0.47239583333333335 0.5148148148148148 0.4348958333333333 0.5148148148148148 0.4348958333333333 0.5722222222222222 0.47239583333333335 0.5722222222222222
3 0.534375 0.839814814814815 0.5 0.839814814814815 0.5000000000000001 0.8944444444444447 0.534375 0.8944444444444447
6 0.615625 0.1379629629629631 0.5640625 0.13796296296296306 0.5640625 0.2231481481481483 0.615625 0.22314814814814832
2 0.6114583333333333 0.44166666666666676 0.575 0.44166666666666676 0.575 0.5000000000000002 0.6114583333333333 0.5000000000000002
8 0.7515625 0.4555555555555557 0.7166666666666667 0.45555555555555566 0.7166666666666667 0.5157407407407409 0.7515625 0.5157407407407409
2 0.5822916666666667 0.26481481481481495 0.5463541666666667 0.26481481481481495 0.5463541666666667 0.32314814814814824 0.5822916666666667 0.32314814814814824
4 0.7567708333333333 0.5212962962962965 0.7130208333333333 0.5212962962962965 0.7130208333333333 0.5907407407407409 0.7567708333333333 0.5907407407407409
6 0.6942708333333333 0.6694444444444446 0.6510416666666666 0.6694444444444446 0.6510416666666666 0.7444444444444447 0.6942708333333333 0.7444444444444447
11 0.32395833333333335 0.4074074074074075 0.27760416666666665 0.4074074074074075 0.27760416666666665 0.4824074074074074 0.32395833333333335 0.4824074074074074
3 0.50625 0.6814814814814816 0.471875 0.6814814814814815 0.471875 0.737962962962963 0.50625 0.7379629629629632
3 0.4479166666666667 0.34444444444444455 0.4088541666666667 0.34444444444444455 0.4088541666666667 0.4111111111111112 0.4479166666666667 0.4111111111111112
8 0.725 0.2935185185185186 0.6890625 0.2935185185185186 0.6890625 0.3555555555555557 0.725 0.3555555555555557
5 0.4000000000000001 0.8157407407407408 0.3578125 0.8157407407407408 0.35781250000000003 0.8842592592592593 0.40000000000000013 0.8842592592592593
2 0.5541666666666667 0.08796296296296308 0.5166666666666667 0.08796296296296306 0.5166666666666667 0.1490740740740742 0.5541666666666667 0.1490740740740742
11 0.3848958333333333 0.7509259259259259 0.3421875 0.7509259259259259 0.3421875 0.8212962962962963 0.3848958333333333 0.8212962962962963
10 0.771875 0.6055555555555557 0.7265625 0.6055555555555557 0.7265625 0.6814814814814817 0.771875 0.6814814814814817
10 0.7161458333333334 0.1870370370370372 0.6666666666666666 0.1870370370370372 0.6666666666666666 0.27685185185185196 0.7161458333333334 0.27685185185185196
9 0.3651041666666667 0.6768518518518518 0.3302083333333333 0.6768518518518518 0.3302083333333333 0.7388888888888889 0.3651041666666667 0.7388888888888889
9 0.3375 0.5 0.303125 0.5 0.303125 0.5648148148148148 0.3375 0.5648148148148148
5 0.31354166666666666 0.31851851851851865 0.265625 0.31851851851851865 0.265625 0.3962962962962964 0.31354166666666666 0.3962962962962964
1 0.29270833333333335 0.24074074074074084 0.246875 0.24074074074074084 0.246875 0.32314814814814824 0.29270833333333335 0.32314814814814824