4 0.5411458333333333 0.8296296296296298 0.4953125 0.8296296296296298 0.49531250000000004 0.9064814814814817 0.5411458333333333 0.9064814814814817
2 0.6041666666666666 0.10370370370370384 0.5666666666666667 0.10370370370370384 0.5666666666666667 0.16666666666666677 0.6041666666666666 0.16666666666666677
7 0.525 0.30833333333333346 0.47708333333333336 0.30833333333333346 0.47708333333333336 0.388888888888889 0.525 0.388888888888889
0 0.5822916666666667 0.7240740740740743 0.5354166666666667 0.7240740740740743 0.5354166666666667 0.8009259259259262 0.5822916666666667 0.8009259259259262
13 0.45260416666666664 0.16203703703703715 0.39427083333333335 0.16203703703703715 0.39427083333333335 0.25925925925925936 0.45260416666666664 0.25925925925925936
2 0.37552083333333336 0.12314814814814823 0.3380208333333333 0.1231481481481482 0.3380208333333333 0.1861111111111112 0.37552083333333336 0.18611111111111123
7 0.5552083333333333 0.11388888888888901 0.5098958333333333 0.113888888888889 0.5098958333333333 0.19351851851851862 0.5552083333333333 0.19351851851851862
3 0.46979166666666666 0.7851851851851852 0.43385416666666665 0.7851851851851852 0.43385416666666665 0.8472222222222222 0.46979166666666666 0.8472222222222222
9 0.4921875 0.1462962962962964 0.45364583333333336 0.1462962962962964 0.45364583333333336 0.21018518518518528 0.4921875 0.21018518518518528
3 0.4322916666666668 0.8787037037037037 0.3958333333333334 0.8787037037037037 0.3958333333333334 0.9425925925925925 0.4322916666666668 0.9425925925925925
11 0.49114583333333334 0.05648148148148158 0.4421875 0.05648148148148158 0.4421875 0.13981481481481492 0.49114583333333334 0.13981481481481492
3 0.6802083333333333 0.6814814814814817 0.64375 0.6814814814814817 0.64375 0.7425925925925928 0.6802083333333333 0.7425925925925928
8 0.5135416666666667 0.6898148148148149 0.4765625 0.6898148148148148 0.4765625 0.7527777777777779 0.5135416666666667 0.752777777777778
6 0.6395833333333333 0.7833333333333335 0.59375 0.7833333333333335 0.59375 0.8592592592592595 0.6395833333333333 0.8592592592592595
10 0.5307291666666667 0.7500000000000002 0.484375 0.7500000000000002 0.484375 0.8370370370370372 0.5307291666666667 0.8370370370370372
10 0.5875 0.8101851851851853 0.5442708333333334 0.8101851851851853 0.5442708333333334 0.8879629629629632 0.5875 0.8879629629629632
0 0.6192708333333333 0.6222222222222225 0.5708333333333333 0.6222222222222225 0.5708333333333333 0.7064814814814817 0.6192708333333333 0.7064814814814817
12 0.6385416666666667 0.690740740740741 0.5864583333333333 0.690740740740741 0.5864583333333333 0.7879629629629632 0.6385416666666667 0.7879629629629632
4 0.5671875 0.6444444444444447 0.5213541666666667 0.6444444444444447 0.5213541666666667 0.7324074074074076 0.5671875 0.7324074074074076
6 0.5583333333333333 0.5685185185185188 0.5114583333333333 0.5685185185185188 0.5114583333333333 0.6509259259259261 0.5583333333333333 0.6509259259259261
3 0.4791666666666668 0.8657407407407407 0.4453125000000001 0.8657407407407407 0.4453125000000001 0.9277777777777778 0.4791666666666668 0.9277777777777778
5 0.5645833333333333 0.19537037037037047 0.5161458333333333 0.19537037037037047 0.5161458333333333 0.2787037037037038 0.5645833333333333 0.2787037037037038
1 0.459375 0.2527777777777779 0.4125 0.2527777777777779 0.4125 0.3296296296296297 0.459375 0.3296296296296297
11 0.5140625 0.22407407407407418 0.46510416666666665 0.22407407407407418 0.46510416666666665 0.30833333333333346 0.5140625 0.30833333333333346
2 0.3875 0.19814814814814824 0.3494791666666667 0.1981481481481482 0.3494791666666667 0.26481481481481495 0.3875 0.26481481481481495
3 0.6911458333333333 0.7611111111111113 0.6552083333333333 0.7611111111111113 0.6552083333333333 0.8240740740740743 0.6911458333333333 0.8240740740740743
5 0.5401041666666667 0.036111111111111226 0.49270833333333336 0.03611111111111122 0.49270833333333336 0.11759259259259269 0.5401041666666667 0.11759259259259269
1 0.4395833333333333 0.08333333333333343 0.39114583333333336 0.08333333333333341 0.39114583333333336 0.17037037037037048 0.4395833333333333 0.17037037037037048
2 0.32395833333333335 0.13981481481481486 0.2864583333333333 0.13981481481481486 0.2864583333333333 0.20740740740740746 0.32395833333333335 0.20740740740740746
2 0.5963541666666666 0.011111111111111236 0.5552083333333333 0.011111111111111233 0.5552083333333333 0.0777777777777779 0.5963541666666666 0.0777777777777779