6 0.4921875 0.738888888888889 0.4390625 0.7388888888888889 0.4390625 0.8287037037037038 0.4921875 0.8287037037037039
4 0.46875 0.4611111111111112 0.41770833333333335 0.4611111111111112 0.41770833333333335 0.55 0.46875 0.55
4 0.44375000000000003 0.7861111111111111 0.39010416666666664 0.7861111111111111 0.39010416666666675 0.8768518518518519 0.44375000000000014 0.8768518518518519
10 0.6072916666666667 0.7194444444444447 0.5572916666666666 0.7194444444444447 0.5572916666666666 0.8064814814814817 0.6072916666666667 0.8064814814814817
8 0.5380208333333333 0.6990740740740743 0.4942708333333333 0.6990740740740743 0.4942708333333333 0.7722222222222225 0.5380208333333333 0.7722222222222225
3 0.6088541666666667 0.32685185185185195 0.5640625 0.32685185185185195 0.5640625 0.4000000000000001 0.6088541666666667 0.4000000000000001
12 0.5901041666666667 0.8240740740740743 0.5255208333333333 0.8240740740740743 0.5255208333333334 0.9333333333333336 0.5901041666666667 0.9333333333333336
0 0.6354166666666666 0.5907407407407409 0.584375 0.5907407407407409 0.584375 0.6787037037037039 0.6354166666666666 0.6787037037037039
5 0.3484375 0.2879629629629631 0.29270833333333335 0.2879629629629631 0.29270833333333335 0.38611111111111124 0.3484375 0.38611111111111124
7 0.30364583333333334 0.5333333333333333 0.25260416666666674 0.5333333333333333 0.25260416666666674 0.6240740740740741 0.30364583333333334 0.6240740740740741
5 0.49895833333333334 0.3379629629629631 0.4473958333333333 0.3379629629629631 0.4473958333333333 0.4324074074074075 0.49895833333333334 0.4324074074074075
3 0.44114583333333335 0.40185185185185196 0.40208333333333335 0.40185185185185196 0.40208333333333335 0.4703703703703705 0.44114583333333335 0.4703703703703705
11 0.7265625 0.4925925925925928 0.6723958333333333 0.4925925925925928 0.6723958333333333 0.5870370370370372 0.7265625 0.5870370370370372
3 0.5614583333333333 0.3694444444444446 0.5197916666666667 0.3694444444444446 0.5197916666666667 0.4425925925925927 0.5614583333333333 0.4425925925925927
8 0.6296875 0.7972222222222224 0.5854166666666667 0.7972222222222224 0.5854166666666667 0.8750000000000002 0.6296875 0.8750000000000002
3 0.5421875 0.5018518518518521 0.49947916666666664 0.5018518518518521 0.49947916666666664 0.5796296296296298 0.5421875 0.5796296296296298
7 0.5380208333333333 0.877777777777778 0.48489583333333347 0.877777777777778 0.48489583333333347 0.9675925925925926 0.5380208333333333 0.9675925925925926
6 0.7083333333333334 0.20925925925925942 0.6557291666666667 0.20925925925925942 0.6557291666666667 0.30277777777777787 0.7083333333333334 0.30277777777777787
1 0.6723958333333333 0.739814814814815 0.621875 0.739814814814815 0.621875 0.8268518518518521 0.6723958333333333 0.8268518518518521
2 0.5619791666666667 0.1787037037037038 0.5203125 0.1787037037037038 0.5203125 0.2527777777777779 0.5619791666666667 0.2527777777777779
1 0.5197916666666667 0.21574074074074084 0.4671875 0.21574074074074084 0.4671875 0.3111111111111112 0.5197916666666667 0.3111111111111112
2 0.609375 0.12500000000000014 0.5703125 0.1250000000000001 0.5703125 0.19351851851851865 0.609375 0.19351851851851867
13 0.5046875 0.12685185185185197 0.44166666666666665 0.12685185185185197 0.44166666666666665 0.24074074074074084 0.5046875 0.24074074074074084
9 0.3921875 0.24444444444444455 0.35104166666666664 0.24444444444444455 0.35104166666666664 0.3157407407407408 0.3921875 0.3157407407407408
9 0.4421875 0.20462962962962974 0.4010416666666667 0.20462962962962974 0.4010416666666667 0.275925925925926 0.4421875 0.275925925925926
3 0.3729166666666667 0.5740740740740741 0.32916666666666666 0.5740740740740741 0.32916666666666666 0.6537037037037037 0.3729166666666667 0.6537037037037037
2 0.3223958333333333 0.42407407407407416 0.2828125 0.42407407407407416 0.2828125 0.4935185185185185 0.3223958333333333 0.4935185185185185
10 0.43020833333333336 0.11851851851851862 0.37864583333333335 0.11851851851851862 0.37864583333333335 0.2074074074074075 0.43020833333333336 0.2074074074074075
0 0.42604166666666665 0.3101851851851853 0.3723958333333333 0.3101851851851853 0.3723958333333333 0.40555555555555567 0.42604166666666665 0.40555555555555567
11 0.5854166666666667 0.6407407407407409 0.5328125 0.6407407407407409 0.5328125 0.7342592592592595 0.5854166666666667 0.7342592592592595
2 0.5833333333333334 0.4527777777777779 0.5432291666666667 0.4527777777777779 0.5432291666666667 0.5240740740740742 0.5833333333333334 0.5240740740740742
2 0.3875 0.6583333333333333 0.3484375 0.6583333333333333 0.3484375 0.725925925925926 0.3875 0.725925925925926