7 0.38177083333333334 0.4185185185185186 0.33958333333333335 0.4185185185185186 0.33958333333333335 0.49444444444444446 0.38177083333333334 0.49444444444444446
6 0.5921875 0.2814814814814816 0.5473958333333333 0.2814814814814816 0.5473958333333333 0.36203703703703716 0.5921875 0.36203703703703716
4 0.6838541666666667 0.5101851851851854 0.6395833333333333 0.5101851851851854 0.6395833333333333 0.5907407407407409 0.6838541666666667 0.5907407407407409
4 0.6208333333333333 0.16574074074074088 0.5765625 0.16574074074074086 0.5765625 0.2453703703703705 0.6208333333333333 0.2453703703703705
11 0.38697916666666665 0.687037037037037 0.3453125 0.687037037037037 0.3453125 0.7620370370370371 0.38697916666666665 0.7620370370370371
1 0.396875 0.5 0.35520833333333335 0.5 0.35520833333333335 0.575925925925926 0.396875 0.575925925925926
10 0.6260416666666667 0.44814814814814824 0.5807291666666666 0.44814814814814824 0.5807291666666666 0.5296296296296299 0.6260416666666667 0.5296296296296299
13 0.36041666666666666 0.5212962962962963 0.3098958333333333 0.5212962962962963 0.3098958333333333 0.6129629629629629 0.36041666666666666 0.6129629629629629
0 0.5770833333333333 0.1962962962962964 0.5322916666666667 0.1962962962962964 0.5322916666666667 0.2777777777777779 0.5770833333333333 0.2777777777777779
9 0.3385416666666667 0.45185185185185195 0.30416666666666664 0.45185185185185195 0.30416666666666664 0.5148148148148148 0.3385416666666667 0.5148148148148148
6 0.6385416666666667 0.5388888888888891 0.5942708333333333 0.5388888888888891 0.5942708333333333 0.6194444444444447 0.6385416666666667 0.6194444444444447
2 0.590625 0.5740740740740743 0.55625 0.5740740740740743 0.55625 0.6370370370370373 0.590625 0.6370370370370373
12 0.6557291666666667 0.32037037037037047 0.6 0.32037037037037047 0.6 0.42037037037037045 0.6557291666666667 0.42037037037037045
9 0.3697916666666667 0.6148148148148148 0.33645833333333336 0.6148148148148148 0.33645833333333336 0.6768518518518518 0.3697916666666667 0.6768518518518518
10 0.6072916666666667 0.36296296296296304 0.5625 0.36296296296296304 0.5625 0.4462962962962964 0.6072916666666667 0.4462962962962964
7 0.4432291666666667 0.7435185185185185 0.4015625 0.7435185185185185 0.4015625 0.8212962962962963 0.4432291666666667 0.8212962962962963
3 0.43020833333333336 0.48333333333333334 0.3963541666666667 0.48333333333333334 0.3963541666666667 0.5444444444444444 0.43020833333333336 0.5444444444444444
11 0.41302083333333334 0.5851851851851851 0.37083333333333335 0.5851851851851851 0.37083333333333335 0.6611111111111111 0.41302083333333334 0.6611111111111111
3 0.4015625 0.31666666666666676 0.36875 0.31666666666666676 0.36875 0.3777777777777779 0.4015625 0.3777777777777779
8 0.6322916666666667 0.25555555555555565 0.596875 0.25555555555555565 0.596875 0.31851851851851865 0.6322916666666667 0.31851851851851865
1 0.42864583333333334 0.6583333333333333 0.38645833333333335 0.6583333333333333 0.38645833333333335 0.7351851851851852 0.42864583333333334 0.7351851851851852
2 0.5786458333333333 0.49166666666666686 0.5432291666666667 0.49166666666666686 0.5432291666666667 0.5546296296296298 0.5786458333333333 0.5546296296296298
2 0.5265625 0.2287037037037038 0.490625 0.2287037037037038 0.490625 0.2916666666666668 0.5265625 0.2916666666666668
3 0.415625 0.3962962962962964 0.38177083333333334 0.3962962962962964 0.38177083333333334 0.45740740740740754 0.415625 0.45740740740740754
2 0.559375 0.40185185185185196 0.5244791666666667 0.40185185185185196 0.5244791666666667 0.4666666666666668 0.559375 0.4666666666666668
3 0.4630208333333333 0.6518518518518519 0.42916666666666664 0.6518518518518519 0.42916666666666664 0.7148148148148148 0.4630208333333333 0.7148148148148148
3 0.44895833333333335 0.5611111111111111 0.415625 0.5611111111111111 0.415625 0.6222222222222222 0.44895833333333335 0.6222222222222222
8 0.6598958333333333 0.42777777777777787 0.625 0.42777777777777787 0.625 0.490740740740741 0.6598958333333333 0.490740740740741
5 0.40208333333333335 0.7675925925925926 0.36041666666666666 0.7675925925925926 0.36041666666666666 0.8425925925925926 0.40208333333333335 0.8425925925925926
2 0.5442708333333334 0.31203703703703717 0.509375 0.31203703703703717 0.509375 0.3750000000000001 0.5442708333333334 0.3750000000000001
0 0.696875 0.5962962962962965 0.653125 0.5962962962962965 0.653125 0.676851851851852 0.696875 0.676851851851852
5 0.32864583333333336 0.35833333333333345 0.2869791666666667 0.35833333333333345 0.2869791666666667 0.43425925925925934 0.32864583333333336 0.43425925925925934