0 0.7963541666666667 0.37222222222222245 0.7604166666666666 0.37222222222222245 0.7604166666666666 0.43611111111111134 0.7963541666666667 0.43611111111111134
5 0.30052083333333335 0.44444444444444453 0.26666666666666666 0.44444444444444453 0.26666666666666666 0.5027777777777778 0.30052083333333335 0.5027777777777778
10 0.5557291666666667 1.170218052518582e-16 0.5192708333333333 1.1305304247684363e-16 0.5192708333333333 0.013888888888889006 0.5557291666666667 0.013888888888889011
7 0.3515625 0.33703703703703713 0.3177083333333333 0.33703703703703713 0.3177083333333333 0.3990740740740742 0.3515625 0.3990740740740742
7 0.5567708333333333 0.6564814814814817 0.521875 0.6564814814814817 0.521875 0.7157407407407409 0.5567708333333333 0.7157407407407409
3 0.48125 0.4648148148148149 0.45364583333333336 0.4648148148148149 0.45364583333333336 0.5148148148148148 0.48125 0.5148148148148148
3 0.5494791666666666 0.5814814814814817 0.521875 0.5814814814814817 0.521875 0.6296296296296299 0.5494791666666666 0.6296296296296299
2 0.5010416666666667 0.18055555555555566 0.471875 0.18055555555555566 0.471875 0.23055555555555565 0.5010416666666667 0.23055555555555565
8 0.6234375 0.08055555555555569 0.5947916666666667 0.08055555555555569 0.5947916666666667 0.13148148148148162 0.6234375 0.13148148148148164
2 0.5713541666666667 0.301851851851852 0.5427083333333333 0.301851851851852 0.5427083333333333 0.35092592592592603 0.5713541666666667 0.35092592592592603
9 0.4270833333333333 0.6703703703703704 0.4 0.6703703703703704 0.4 0.7166666666666667 0.4270833333333333 0.7166666666666667
1 0.2703125 0.3861111111111112 0.23645833333333333 0.3861111111111111 0.23645833333333335 0.4453703703703704 0.2703125 0.44537037037037047
3 0.4114583333333333 0.3472222222222223 0.38385416666666666 0.3472222222222223 0.38385416666666666 0.3953703703703705 0.4114583333333333 0.3953703703703705
3 0.6114583333333333 0.6842592592592595 0.5838541666666667 0.6842592592592595 0.5838541666666667 0.7305555555555557 0.6114583333333333 0.7305555555555557
11 0.4635416666666667 0.7166666666666667 0.43072916666666666 0.7166666666666667 0.43072916666666666 0.7731481481481481 0.4635416666666667 0.7731481481481481
2 0.6380208333333334 0.4212962962962964 0.609375 0.4212962962962964 0.609375 0.4703703703703705 0.6380208333333334 0.4703703703703705
4 0.5942708333333333 0.010185185185185311 0.5583333333333333 0.010185185185185307 0.5583333333333333 0.07500000000000014 0.5942708333333333 0.07500000000000014
13 0.4276041666666667 0.5555555555555556 0.38645833333333335 0.5555555555555556 0.38645833333333335 0.625 0.4276041666666667 0.625
1 0.525 0.8166666666666669 0.4921875 0.8166666666666669 0.49218750000000006 0.8712962962962965 0.5250000000000001 0.8712962962962965
4 0.7671875 0.30925925925925946 0.73125 0.30925925925925946 0.73125 0.37314814814814834 0.7671875 0.37314814814814834
2 0.7046875 0.5259259259259261 0.6760416666666667 0.5259259259259261 0.6760416666666667 0.5759259259259262 0.7046875 0.5759259259259262
10 0.7333333333333333 0.2509259259259261 0.696875 0.25092592592592605 0.696875 0.31388888888888905 0.7333333333333333 0.3138888888888891
12 0.634375 0.17222222222222236 0.5901041666666667 0.17222222222222233 0.5901041666666667 0.24722222222222232 0.634375 0.24722222222222232
8 0.6958333333333333 0.20370370370370386 0.6666666666666666 0.20370370370370386 0.6666666666666666 0.2527777777777779 0.6958333333333333 0.2527777777777779
3 0.3416666666666667 0.24074074074074084 0.3145833333333333 0.24074074074074084 0.3145833333333333 0.288888888888889 0.3416666666666667 0.288888888888889
11 0.3296875 0.5009259259259259 0.2953125 0.5009259259259259 0.2953125 0.5611111111111111 0.3296875 0.5611111111111111
9 0.3625 0.5657407407407408 0.3359375 0.5657407407407408 0.3359375 0.612037037037037 0.3625 0.612037037037037
6 0.49635416666666665 0.0712962962962964 0.4609375 0.0712962962962964 0.4609375 0.13333333333333344 0.49635416666666665 0.13333333333333344
5 0.4979166666666667 0.7703703703703705 0.46510416666666665 0.7703703703703704 0.46510416666666665 0.826851851851852 0.4979166666666667 0.8268518518518521
2 0.43072916666666666 0.0750000000000001 0.403125 0.07500000000000008 0.403125 0.12222222222222233 0.43072916666666666 0.12222222222222233
6 0.7078125 0.41944444444444456 0.671875 0.41944444444444456 0.671875 0.4824074074074076 0.7078125 0.4824074074074076