11 0.6692708333333334 0.6361111111111113 0.6234375 0.6361111111111113 0.6234375 0.7120370370370372 0.6692708333333334 0.7120370370370372
12 0.3609375 0.5342592592592592 0.30052083333333335 0.5342592592592592 0.30052083333333335 0.6333333333333333 0.3609375 0.6333333333333333
10 0.421875 0.4935185185185185 0.3723958333333333 0.4935185185185185 0.3723958333333333 0.5740740740740741 0.421875 0.5740740740740741
7 0.5567708333333333 0.827777777777778 0.5098958333333333 0.827777777777778 0.5098958333333334 0.9046296296296299 0.5567708333333333 0.9046296296296299
10 0.39739583333333334 0.575 0.34791666666666665 0.575 0.34791666666666665 0.6555555555555556 0.39739583333333334 0.6555555555555556
1 0.5822916666666667 0.7518518518518521 0.5348958333333333 0.7518518518518521 0.5348958333333333 0.8305555555555557 0.5822916666666667 0.8305555555555557
13 0.6239583333333333 0.7759259259259261 0.5677083333333334 0.7759259259259261 0.5677083333333334 0.8694444444444447 0.6239583333333333 0.8694444444444447
7 0.6609375 0.5240740740740742 0.6140625 0.5240740740740742 0.6140625 0.6009259259259261 0.6609375 0.6009259259259261
11 0.6088541666666667 0.6731481481481484 0.5619791666666667 0.6731481481481484 0.5619791666666667 0.7509259259259261 0.6088541666666667 0.7509259259259261
0 0.34427083333333336 0.7268518518518519 0.2953125 0.7268518518518519 0.2953125 0.8064814814814815 0.34427083333333336 0.8064814814814815
4 0.4125 0.37407407407407417 0.3640625 0.37407407407407417 0.3640625 0.45370370370370383 0.4125 0.45370370370370383
4 0.30364583333333334 0.6925925925925925 0.25468750000000007 0.6925925925925925 0.25468750000000007 0.7722222222222223 0.30364583333333334 0.7722222222222223
6 0.45260416666666664 0.4129629629629631 0.4036458333333333 0.4129629629629631 0.4036458333333333 0.49166666666666664 0.45260416666666664 0.49166666666666664
8 0.3234375 0.6240740740740741 0.284375 0.6240740740740741 0.284375 0.687962962962963 0.3234375 0.687962962962963
3 0.4895833333333334 0.876851851851852 0.45156250000000014 0.8768518518518519 0.45156250000000014 0.938888888888889 0.4895833333333334 0.9388888888888891
6 0.37135416666666665 0.6509259259259259 0.321875 0.6509259259259259 0.321875 0.7314814814814815 0.37135416666666665 0.7314814814814815
5 0.6963541666666667 0.5583333333333336 0.6494791666666667 0.5583333333333336 0.6494791666666667 0.6351851851851854 0.6963541666666667 0.6351851851851854
3 0.5973958333333333 0.5703703703703705 0.5598958333333334 0.5703703703703705 0.5598958333333334 0.6333333333333335 0.5973958333333333 0.6333333333333335
3 0.54375 0.7296296296296299 0.5067708333333333 0.7296296296296299 0.5067708333333333 0.7898148148148151 0.54375 0.7898148148148151
1 0.6322916666666667 0.603703703703704 0.5859375 0.603703703703704 0.5859375 0.6805555555555558 0.6322916666666667 0.6805555555555558
2 0.4859375 0.45925925925925937 0.446875 0.45925925925925937 0.446875 0.5231481481481483 0.4859375 0.5231481481481484
3 0.5151041666666667 0.8064814814814816 0.478125 0.8064814814814815 0.4781250000000001 0.8675925925925927 0.5151041666666668 0.8675925925925928
2 0.43072916666666666 0.6185185185185185 0.3927083333333333 0.6185185185185185 0.3927083333333333 0.6814814814814815 0.43072916666666666 0.6814814814814815
2 0.45729166666666665 0.5333333333333333 0.41770833333333335 0.5333333333333333 0.41770833333333335 0.5981481481481481 0.45729166666666665 0.5981481481481481
9 0.6385416666666667 0.7157407407407409 0.6010416666666667 0.7157407407407409 0.6010416666666667 0.776851851851852 0.6385416666666667 0.776851851851852
2 0.3770833333333333 0.7796296296296297 0.3390625 0.7796296296296297 0.3390625 0.8416666666666667 0.3770833333333333 0.8416666666666667
2 0.4015625 0.700925925925926 0.36354166666666665 0.700925925925926 0.36354166666666665 0.762962962962963 0.4015625 0.762962962962963
9 0.5875 0.8638888888888892 0.55 0.8638888888888892 0.55 0.9259259259259262 0.5875 0.9259259259259262
5 0.5625 0.9333333333333336 0.5177083333333334 0.9333333333333336 0.5177083333333334 1 0.5625 1
3 0.5661458333333333 0.651851851851852 0.528125 0.651851851851852 0.528125 0.7157407407407409 0.5661458333333333 0.7157407407407409
0 0.4421875 0.2925925925925927 0.3932291666666667 0.2925925925925927 0.3932291666666667 0.37407407407407417 0.4421875 0.37407407407407417
8 0.3796875 0.4703703703703705 0.34010416666666665 0.4703703703703705 0.34010416666666665 0.5333333333333333 0.3796875 0.5333333333333333