7 0.3234375 0.4287037037037038 0.28020833333333334 0.4287037037037038 0.28020833333333334 0.5111111111111111 0.3234375 0.5111111111111111
2 0.5927083333333333 0.1601851851851853 0.5583333333333333 0.1601851851851853 0.5583333333333333 0.22500000000000012 0.5927083333333333 0.22500000000000012
11 0.4567708333333334 0.8296296296296296 0.41302083333333334 0.8296296296296296 0.4130208333333334 0.9148148148148149 0.45677083333333346 0.9148148148148149
6 0.3458333333333333 0.5703703703703704 0.3020833333333333 0.5703703703703704 0.3020833333333333 0.6518518518518519 0.3458333333333333 0.6518518518518519
4 0.4734375 0.22222222222222232 0.4296875 0.22222222222222232 0.4296875 0.3064814814814816 0.4734375 0.3064814814814816
3 0.33177083333333335 0.7583333333333333 0.29791666666666666 0.7583333333333333 0.29791666666666666 0.8203703703703704 0.33177083333333335 0.8203703703703704
5 0.7135416666666666 0.23796296296296307 0.6703125 0.23796296296296307 0.6703125 0.3175925925925927 0.7135416666666666 0.3175925925925927
7 0.6432291666666666 0.25925925925925936 0.5984375 0.25925925925925936 0.5984375 0.34074074074074084 0.6432291666666666 0.34074074074074084
4 0.6671875 0.7879629629629632 0.6229166666666667 0.7879629629629632 0.6229166666666667 0.8694444444444447 0.6671875 0.8694444444444447
9 0.4140625 0.5018518518518519 0.37864583333333335 0.5018518518518519 0.37864583333333335 0.5675925925925925 0.4140625 0.5675925925925925
0 0.6348958333333333 0.3953703703703705 0.5895833333333333 0.3953703703703705 0.5895833333333333 0.4768518518518521 0.6348958333333333 0.4768518518518521
1 0.5729166666666666 0.790740740740741 0.528125 0.790740740740741 0.5281250000000001 0.8722222222222225 0.5729166666666666 0.8722222222222225
3 0.6864583333333333 0.3787037037037038 0.6515625 0.3787037037037038 0.6515625 0.44444444444444453 0.6864583333333333 0.44444444444444453
11 0.42135416666666664 0.10925925925925933 0.378125 0.10925925925925933 0.378125 0.188888888888889 0.42135416666666664 0.188888888888889
3 0.5635416666666667 0.2453703703703705 0.528125 0.2453703703703705 0.528125 0.313888888888889 0.5635416666666667 0.313888888888889
5 0.5791666666666667 0.34444444444444455 0.5359375 0.34444444444444455 0.5359375 0.42592592592592604 0.5791666666666667 0.42592592592592604
10 0.4375 0.5916666666666667 0.39375 0.5916666666666667 0.39375 0.674074074074074 0.4375 0.674074074074074
12 0.45677083333333335 0.3500000000000001 0.40208333333333335 0.3500000000000001 0.40208333333333335 0.450925925925926 0.45677083333333335 0.450925925925926
2 0.528125 0.6185185185185187 0.49270833333333336 0.6185185185185187 0.49270833333333336 0.6870370370370372 0.528125 0.6870370370370372
6 0.5848958333333333 0.6444444444444447 0.540625 0.6444444444444447 0.540625 0.7259259259259261 0.5848958333333333 0.7259259259259261
8 0.453125 0.4722222222222223 0.4166666666666667 0.4722222222222223 0.4166666666666667 0.5398148148148149 0.453125 0.5398148148148149
8 0.7010416666666667 0.5731481481481484 0.6651041666666667 0.5731481481481484 0.6651041666666667 0.6416666666666668 0.7010416666666667 0.6416666666666668
3 0.5130208333333334 0.1314814814814816 0.4786458333333333 0.1314814814814816 0.4786458333333333 0.19814814814814824 0.5130208333333334 0.19814814814814824
2 0.6541666666666667 0.6796296296296298 0.61875 0.6796296296296298 0.61875 0.7472222222222225 0.6541666666666667 0.7472222222222225
2 0.35885416666666664 0.21203703703703708 0.3203125 0.21203703703703708 0.3203125 0.2777777777777779 0.35885416666666664 0.2777777777777779
3 0.48333333333333334 0.5583333333333333 0.4479166666666667 0.5583333333333333 0.4479166666666667 0.6212962962962963 0.48333333333333334 0.6212962962962963
9 0.38958333333333334 0.6638888888888889 0.353125 0.6638888888888889 0.353125 0.7287037037037037 0.38958333333333334 0.7287037037037037
2 0.55 0.4824074074074076 0.5119791666666667 0.4824074074074076 0.5119791666666667 0.5462962962962965 0.55 0.5462962962962965
10 0.3890625 0.3157407407407408 0.3416666666666667 0.3157407407407408 0.3416666666666667 0.3972222222222223 0.3890625 0.3972222222222223
0 0.528125 0.31296296296296305 0.48385416666666664 0.31296296296296305 0.48385416666666664 0.3916666666666668 0.528125 0.3916666666666668
13 0.50625 0.7083333333333335 0.45 0.7083333333333334 0.45 0.8018518518518519 0.50625 0.801851851851852
1 0.6223958333333334 0.5259259259259261 0.5765625 0.5259259259259261 0.5765625 0.6074074074074076 0.6223958333333334 0.6074074074074076