10 0.46979166666666666 0.7851851851851852 0.428125 0.7851851851851852 0.428125 0.8546296296296296 0.46979166666666666 0.8546296296296296
9 0.5703125 0.22777777777777788 0.5322916666666667 0.22777777777777788 0.5322916666666667 0.29444444444444456 0.5703125 0.29444444444444456
6 0.590625 0.776851851851852 0.5442708333333334 0.776851851851852 0.5442708333333334 0.8555555555555557 0.590625 0.8555555555555557
3 0.5072916666666667 0.5546296296296297 0.4671875 0.5546296296296296 0.4671875 0.6185185185185186 0.5072916666666667 0.6185185185185187
1 0.41250000000000003 0.8175925925925925 0.3692708333333333 0.8175925925925925 0.3692708333333334 0.8925925925925926 0.41250000000000014 0.8925925925925926
4 0.6453125 0.8129629629629632 0.5979166666666667 0.8129629629629632 0.5979166666666667 0.8935185185185187 0.6453125 0.8935185185185187
2 0.6713541666666667 0.665740740740741 0.6317708333333333 0.665740740740741 0.6317708333333333 0.7305555555555557 0.6713541666666667 0.7305555555555557
2 0.7114583333333333 0.42037037037037045 0.6729166666666667 0.42037037037037045 0.6729166666666667 0.48425925925925944 0.7114583333333333 0.48425925925925944
7 0.7520833333333333 0.5259259259259261 0.7052083333333333 0.5259259259259261 0.7052083333333333 0.6092592592592595 0.7520833333333333 0.6092592592592595
5 0.6833333333333333 0.2916666666666668 0.6348958333333333 0.2916666666666668 0.6348958333333333 0.37407407407407417 0.6833333333333333 0.37407407407407417
6 0.3229166666666667 0.29537037037037045 0.2734375 0.29537037037037045 0.2734375 0.3787037037037038 0.3229166666666667 0.3787037037037038
3 0.6817708333333333 0.5814814814814817 0.6421875 0.5814814814814817 0.6421875 0.6509259259259261 0.6817708333333333 0.6509259259259261
1 0.50625 0.2583333333333334 0.45989583333333334 0.2583333333333334 0.45989583333333334 0.3379629629629631 0.50625 0.3379629629629631
3 0.4239583333333333 0.38796296296296306 0.384375 0.38796296296296306 0.384375 0.4527777777777779 0.4239583333333333 0.4527777777777779
12 0.5098958333333334 0.888888888888889 0.46145833333333347 0.8888888888888888 0.46145833333333347 0.9777777777777777 0.5098958333333334 0.9777777777777777
8 0.5322916666666667 0.7462962962962965 0.49322916666666666 0.7462962962962965 0.49322916666666666 0.8120370370370372 0.5322916666666667 0.8120370370370372
3 0.4744791666666667 0.42222222222222233 0.4354166666666667 0.42222222222222233 0.4354166666666667 0.48703703703703705 0.4744791666666667 0.48703703703703705
3 0.5927083333333333 0.4250000000000001 0.5536458333333333 0.4250000000000001 0.5536458333333333 0.490740740740741 0.5927083333333333 0.490740740740741
13 0.5286458333333334 0.16851851851851862 0.46979166666666666 0.16851851851851862 0.46979166666666666 0.2666666666666668 0.5286458333333334 0.2666666666666668
4 0.5838541666666667 0.49166666666666686 0.5359375 0.49166666666666686 0.5359375 0.5731481481481484 0.5838541666666667 0.5731481481481484
2 0.45364583333333336 0.2287037037037038 0.41458333333333336 0.2287037037037038 0.41458333333333336 0.2935185185185186 0.45364583333333336 0.2935185185185186
11 0.3359375 0.5851851851851851 0.28854166666666664 0.5851851851851851 0.28854166666666664 0.6638888888888889 0.3359375 0.6638888888888889
7 0.5619791666666667 0.926851851851852 0.5156250000000001 0.926851851851852 0.5156250000000001 1 0.5619791666666667 1
0 0.4354166666666667 0.6601851851851852 0.3885416666666667 0.6601851851851852 0.3885416666666667 0.7407407407407407 0.4354166666666667 0.7407407407407407
8 0.45364583333333347 0.8694444444444445 0.41562500000000013 0.8694444444444445 0.41562500000000013 0.9314814814814815 0.45364583333333347 0.9314814814814815
0 0.6088541666666667 0.33240740740740754 0.5630208333333333 0.33240740740740754 0.5630208333333333 0.4111111111111112 0.6088541666666667 0.4111111111111112
5 0.54375 0.37592592592592605 0.4947916666666667 0.37592592592592605 0.4947916666666667 0.4583333333333334 0.54375 0.4583333333333334
2 0.46145833333333336 0.5120370370370371 0.421875 0.5120370370370371 0.421875 0.575925925925926 0.46145833333333336 0.575925925925926
10 0.58125 0.14166666666666677 0.5411458333333333 0.14166666666666677 0.5411458333333333 0.21574074074074084 0.58125 0.21574074074074084
9 0.6234375 0.2564814814814816 0.5869791666666667 0.2564814814814816 0.5869791666666667 0.3240740740740742 0.6234375 0.3240740740740742
2 0.4015625 0.18518518518518526 0.3619791666666667 0.18518518518518523 0.3619791666666667 0.25555555555555565 0.4015625 0.25555555555555565
11 0.4895833333333333 0.6944444444444445 0.4421875 0.6944444444444444 0.4421875 0.7805555555555557 0.4895833333333333 0.7805555555555558