13 0.621875 0.41944444444444456 0.5567708333333333 0.41944444444444456 0.5567708333333333 0.5361111111111113 0.621875 0.5361111111111113
7 0.6770833333333334 0.7250000000000002 0.6244791666666667 0.7250000000000002 0.6244791666666667 0.8185185185185188 0.6770833333333334 0.8185185185185188
2 0.48854166666666676 0.8703703703703705 0.44583333333333347 0.8703703703703703 0.44583333333333347 0.9462962962962964 0.48854166666666676 0.9462962962962965
2 0.3453125 0.562037037037037 0.3015625 0.562037037037037 0.3015625 0.6407407407407407 0.3453125 0.6407407407407407
3 0.6578125 0.8546296296296299 0.6166666666666667 0.8546296296296299 0.6166666666666667 0.9287037037037039 0.6578125 0.9287037037037039
3 0.6005208333333333 0.7111111111111114 0.5588541666666667 0.7111111111111114 0.5588541666666667 0.7851851851851854 0.6005208333333333 0.7851851851851854
7 0.4765625 0.25925925925925936 0.421875 0.25925925925925936 0.421875 0.35648148148148157 0.4765625 0.35648148148148157
3 0.5369791666666667 0.5462962962962965 0.49322916666666666 0.5462962962962965 0.49322916666666666 0.6250000000000002 0.5369791666666667 0.6250000000000002
5 0.7375 0.6129629629629632 0.6864583333333333 0.6129629629629632 0.6864583333333333 0.7037037037037039 0.7375 0.7037037037037039
3 0.47239583333333335 0.3953703703703705 0.42864583333333334 0.3953703703703705 0.42864583333333334 0.4740740740740741 0.47239583333333335 0.4740740740740741
1 0.7661458333333333 0.6944444444444446 0.7135416666666666 0.6944444444444446 0.7135416666666666 0.7879629629629632 0.7661458333333333 0.7879629629629632
8 0.2666666666666667 0.812037037037037 0.22343750000000007 0.812037037037037 0.22343750000000007 0.8898148148148148 0.2666666666666668 0.8898148148148148
3 0.4041666666666667 0.22870370370370377 0.36041666666666666 0.22870370370370377 0.36041666666666666 0.3074074074074075 0.4041666666666667 0.3074074074074075
2 0.2760416666666667 0.3944444444444445 0.2296875 0.39444444444444443 0.22968750000000002 0.4777777777777778 0.2760416666666667 0.4777777777777778
8 0.3312500000000001 0.9638888888888889 0.28958333333333347 0.9638888888888889 0.28958333333333347 1 0.3312500000000001 1
2 0.415625 0.725925925925926 0.37135416666666665 0.725925925925926 0.37135416666666665 0.8046296296296296 0.415625 0.8046296296296296
10 0.2348958333333334 0.7148148148148148 0.17760416666666673 0.7148148148148148 0.17760416666666673 0.8175925925925925 0.2348958333333334 0.8175925925925925
4 0.19843750000000007 0.6333333333333333 0.1411458333333334 0.6333333333333333 0.1411458333333334 0.7361111111111112 0.19843750000000007 0.7361111111111112
0 0.16822916666666674 0.5509259259259259 0.1088541666666667 0.5509259259259259 0.10885416666666671 0.6574074074074074 0.16822916666666674 0.6574074074074074
6 0.2755208333333333 0.5138888888888888 0.21875000000000006 0.5138888888888888 0.21875000000000006 0.6148148148148148 0.2755208333333333 0.6148148148148148
11 0.7161458333333334 0.5462962962962965 0.6651041666666667 0.5462962962962965 0.6651041666666667 0.6379629629629632 0.7161458333333334 0.6379629629629632
9 0.684375 0.48425925925925944 0.6411458333333333 0.48425925925925944 0.6411458333333333 0.5611111111111113 0.684375 0.5611111111111113
9 0.6151041666666667 0.325925925925926 0.5744791666666667 0.325925925925926 0.5744791666666667 0.4000000000000001 0.6151041666666667 0.4000000000000001
11 0.5911458333333334 0.2287037037037038 0.5369791666666667 0.2287037037037038 0.5369791666666667 0.325925925925926 0.5911458333333334 0.325925925925926
5 0.5578125 0.1500000000000001 0.49895833333333334 0.1500000000000001 0.49895833333333334 0.25555555555555565 0.5578125 0.25555555555555565
1 0.5328125 0.07222222222222233 0.47552083333333334 0.07222222222222233 0.47552083333333334 0.1750000000000001 0.5328125 0.1750000000000001
12 0.3583333333333334 0.8148148148148148 0.28802083333333334 0.8148148148148148 0.2880208333333334 0.9398148148148148 0.35833333333333345 0.9398148148148148