6 0.5755208333333334 0.8203703703703705 0.5364583333333334 0.8203703703703705 0.5364583333333334 0.8824074074074076 0.5755208333333334 0.8824074074074076
0 0.575 0.6481481481481484 0.5369791666666667 0.6481481481481484 0.5369791666666667 0.7101851851851854 0.575 0.7101851851851854
4 0.4708333333333334 0.8175925925925925 0.4317708333333333 0.8175925925925925 0.4317708333333334 0.8805555555555555 0.47083333333333344 0.8805555555555555
7 0.5333333333333333 0.3000000000000001 0.49375 0.3000000000000001 0.49375 0.3592592592592594 0.5333333333333333 0.3592592592592594
2 0.6364583333333333 0.1481481481481483 0.6067708333333334 0.1481481481481483 0.6067708333333334 0.19629629629629644 0.6364583333333333 0.19629629629629644
9 0.525 0.1314814814814816 0.4947916666666667 0.1314814814814816 0.4947916666666667 0.1787037037037038 0.525 0.1787037037037038
7 0.5890625 0.13333333333333344 0.5520833333333334 0.13333333333333344 0.5520833333333334 0.1925925925925927 0.5890625 0.1925925925925927
0 0.5239583333333333 0.7314814814814817 0.48541666666666666 0.7314814814814817 0.48541666666666666 0.7925925925925928 0.5239583333333333 0.7925925925925928
2 0.37083333333333335 0.04629629629629638 0.340625 0.04629629629629638 0.340625 0.09444444444444453 0.37083333333333335 0.09444444444444453
2 0.6380208333333334 0.06481481481481495 0.609375 0.06481481481481495 0.609375 0.11018518518518532 0.6380208333333334 0.11018518518518532
3 0.35885416666666664 0.8074074074074075 0.32760416666666664 0.8074074074074075 0.32760416666666664 0.8555555555555555 0.35885416666666664 0.8555555555555555
3 0.6333333333333333 0.7453703703703706 0.6005208333333333 0.7453703703703706 0.6005208333333333 0.7935185185185187 0.6333333333333333 0.7935185185185187
4 0.5244791666666667 0.6453703703703706 0.48541666666666666 0.6453703703703706 0.48541666666666666 0.7083333333333336 0.5244791666666667 0.7083333333333336
13 0.48333333333333334 0.12222222222222233 0.43645833333333334 0.12222222222222233 0.43645833333333334 0.1925925925925927 0.48333333333333334 0.1925925925925927
6 0.525 0.5629629629629632 0.4869791666666667 0.5629629629629632 0.4869791666666667 0.6240740740740743 0.525 0.6240740740740743
3 0.41041666666666665 0.7305555555555555 0.37864583333333335 0.7305555555555555 0.37864583333333335 0.7796296296296297 0.41041666666666665 0.7796296296296297
2 0.4203125 0.12962962962962973 0.39114583333333336 0.12962962962962973 0.39114583333333336 0.17592592592592604 0.4203125 0.17592592592592604
11 0.534375 0.21574074074074084 0.49583333333333335 0.21574074074074084 0.49583333333333335 0.275925925925926 0.534375 0.275925925925926
8 0.4661458333333333 0.6537037037037037 0.43385416666666665 0.6537037037037037 0.43385416666666665 0.7018518518518518 0.4661458333333333 0.7018518518518518
5 0.5848958333333333 0.2074074074074075 0.546875 0.2074074074074075 0.546875 0.2666666666666668 0.5848958333333333 0.2666666666666668
2 0.41875 0.05370370370370379 0.38958333333333334 0.05370370370370378 0.38958333333333334 0.09907407407407415 0.41875 0.09907407407407415
11 0.5359375 0.05462962962962974 0.4973958333333333 0.054629629629629736 0.4973958333333333 0.11296296296296307 0.5359375 0.11296296296296307
1 0.48125 0.05092592592592603 0.44375 0.05092592592592602 0.44375 0.10925925925925936 0.48125 0.10925925925925936
1 0.478125 0.20555555555555566 0.4401041666666667 0.20555555555555566 0.4401041666666667 0.263888888888889 0.478125 0.263888888888889
10 0.4713541666666667 0.7342592592592593 0.43333333333333335 0.7342592592592593 0.43333333333333335 0.7972222222222223 0.4713541666666667 0.7972222222222223
12 0.5854166666666667 0.7259259259259261 0.5395833333333333 0.7259259259259261 0.5395833333333333 0.8092592592592595 0.5854166666666667 0.8092592592592595
3 0.6296875 0.8333333333333336 0.5989583333333334 0.8333333333333336 0.5989583333333334 0.8833333333333335 0.6296875 0.8833333333333335
5 0.5828125 0.0490740740740742 0.5463541666666667 0.049074074074074193 0.5463541666666667 0.11111111111111124 0.5828125 0.11111111111111124
3 0.4067708333333334 0.8157407407407408 0.37552083333333336 0.8157407407407408 0.3755208333333334 0.8675925925925926 0.40677083333333347 0.8675925925925926
10 0.5208333333333334 0.8231481481481483 0.48125 0.8231481481481482 0.48125000000000007 0.888888888888889 0.5208333333333335 0.8888888888888891