2 0.6067708333333334 0.35277777777777786 0.5671875 0.35277777777777786 0.5671875 0.4166666666666668 0.6067708333333334 0.4166666666666668
3 0.7598958333333333 0.7268518518518521 0.7203125 0.7268518518518521 0.7203125 0.790740740740741 0.7598958333333333 0.790740740740741
2 0.5026041666666666 0.29907407407407416 0.46510416666666665 0.29907407407407416 0.46510416666666665 0.3611111111111112 0.5026041666666666 0.3611111111111112
2 0.7052083333333333 0.4231481481481483 0.6666666666666666 0.4231481481481483 0.6666666666666666 0.4861111111111113 0.7052083333333333 0.4861111111111113
7 0.39427083333333335 0.562962962962963 0.34479166666666666 0.562962962962963 0.34479166666666666 0.6444444444444445 0.39427083333333335 0.6444444444444445
8 0.5973958333333333 0.10185185185185198 0.5604166666666667 0.10185185185185198 0.5604166666666667 0.1611111111111112 0.5973958333333333 0.1611111111111112
7 0.7036458333333333 0.7509259259259261 0.6546875 0.7509259259259261 0.6546875 0.8314814814814817 0.7036458333333333 0.8314814814814817
4 0.7927083333333333 0.23148148148148165 0.7458333333333333 0.23148148148148165 0.7458333333333333 0.3064814814814817 0.7927083333333333 0.3064814814814817
3 0.5625 0.603703703703704 0.5234375 0.603703703703704 0.5234375 0.6694444444444446 0.5625 0.6694444444444446
2 0.40520833333333334 0.23055555555555565 0.36666666666666664 0.23055555555555565 0.36666666666666664 0.2925925925925927 0.40520833333333334 0.2925925925925927
3 0.459375 0.5268518518518519 0.4203125 0.5268518518518519 0.4203125 0.5907407407407408 0.459375 0.5907407407407408
8 0.6854166666666667 0.16759259259259274 0.6484375 0.16759259259259274 0.6484375 0.226851851851852 0.6854166666666667 0.226851851851852
1 0.321875 0.6666666666666666 0.27239583333333334 0.6666666666666666 0.27239583333333334 0.7509259259259259 0.321875 0.7509259259259259
12 0.6380208333333334 0.18981481481481494 0.5791666666666667 0.1898148148148149 0.5791666666666667 0.2842592592592594 0.6380208333333334 0.2842592592592594
2 0.7994791666666666 0.48796296296296315 0.7619791666666667 0.48796296296296315 0.7619791666666667 0.5490740740740743 0.7994791666666666 0.5490740740740743
3 0.6609375 0.6648148148148151 0.6213541666666667 0.6648148148148151 0.6213541666666667 0.7296296296296299 0.6609375 0.7296296296296299
6 0.775 0.38055555555555576 0.7286458333333333 0.38055555555555576 0.7286458333333333 0.4574074074074076 0.775 0.4574074074074076
4 0.5552083333333333 0.08055555555555567 0.5072916666666667 0.08055555555555566 0.5072916666666667 0.15833333333333344 0.5552083333333333 0.15833333333333344
6 0.4713541666666667 0.1750000000000001 0.4234375 0.1750000000000001 0.4234375 0.2527777777777779 0.4713541666666667 0.2527777777777779
3 0.36354166666666665 0.45370370370370383 0.32395833333333335 0.45370370370370383 0.32395833333333335 0.5185185185185185 0.36354166666666665 0.5185185185185185
13 0.5432291666666667 0.7407407407407408 0.48333333333333334 0.7407407407407407 0.48333333333333334 0.8398148148148149 0.5432291666666667 0.839814814814815
0 0.8385416666666666 0.2564814814814817 0.7880208333333333 0.2564814814814817 0.7880208333333333 0.3416666666666669 0.8385416666666666 0.3416666666666669
10 0.7442708333333333 0.19351851851851867 0.6963541666666667 0.19351851851851867 0.6963541666666667 0.276851851851852 0.7442708333333333 0.27685185185185207
10 0.5104166666666666 0.042592592592592696 0.45625 0.042592592592592696 0.45625 0.12870370370370382 0.5104166666666666 0.12870370370370382
0 0.46197916666666666 0.011111111111111207 0.41510416666666666 0.0111111111111112 0.41510416666666666 0.08703703703703713 0.46197916666666666 0.08703703703703715
1 0.7145833333333333 0.9472222222222224 0.6645833333333333 0.9472222222222224 0.6645833333333333 1 0.7145833333333333 1
5 0.6739583333333333 0.9064814814814817 0.6239583333333333 0.9064814814814817 0.6239583333333333 0.9935185185185185 0.6739583333333333 0.9935185185185185
11 0.621875 0.8824074074074076 0.5729166666666666 0.8824074074074076 0.5729166666666666 0.9694444444444444 0.621875 0.9694444444444444
9 0.5677083333333334 0.8555555555555557 0.5276041666666667 0.8555555555555557 0.5276041666666668 0.9231481481481484 0.5677083333333334 0.9231481481481484
9 0.459375 0.7898148148148149 0.42291666666666666 0.7898148148148149 0.42291666666666666 0.8537037037037037 0.459375 0.8537037037037037
11 0.4171875 0.7490740740740741 0.36875 0.7490740740740741 0.36875 0.8333333333333334 0.4171875 0.8333333333333334
5 0.375 0.7111111111111111 0.3265625 0.7111111111111111 0.3265625 0.7953703703703704 0.375 0.7953703703703704