1 0.5 0.1740740740740742 0.46145833333333336 0.1740740740740742 0.46145833333333336 0.23425925925925936 0.5 0.23425925925925936
11 0.5567708333333333 0.08703703703703715 0.5182291666666666 0.08703703703703715 0.5182291666666666 0.14537037037037048 0.5567708333333333 0.14537037037037048
7 0.3953125 0.2425925925925927 0.35833333333333334 0.2425925925925927 0.35833333333333334 0.301851851851852 0.3953125 0.301851851851852
5 0.5583333333333333 0.338888888888889 0.5208333333333334 0.338888888888889 0.5208333333333334 0.3990740740740742 0.5583333333333333 0.3990740740740742
2 0.49114583333333334 0.6046296296296297 0.459375 0.6046296296296296 0.459375 0.6555555555555557 0.49114583333333334 0.6555555555555558
11 0.4552083333333333 0.0898148148148149 0.4171875 0.08981481481481489 0.4171875 0.14722222222222234 0.4552083333333333 0.14722222222222234
7 0.6119791666666666 0.26296296296296306 0.5739583333333333 0.26296296296296306 0.5739583333333333 0.3212962962962964 0.6119791666666666 0.3212962962962964
3 0.4895833333333333 0.34259259259259267 0.4588541666666667 0.34259259259259267 0.4588541666666667 0.3935185185185186 0.4895833333333333 0.3935185185185186
3 0.6041666666666666 0.17314814814814825 0.5729166666666666 0.17314814814814825 0.5729166666666666 0.22777777777777788 0.6041666666666666 0.22777777777777788
2 0.5921875 0.7898148148148151 0.5619791666666667 0.7898148148148151 0.5619791666666667 0.8379629629629631 0.5921875 0.8379629629629631
3 0.39166666666666666 0.1648148148148149 0.35885416666666664 0.16481481481481486 0.35885416666666664 0.21296296296296305 0.39166666666666666 0.21296296296296308
10 0.4885416666666667 0.8592592592592594 0.45 0.8592592592592593 0.45000000000000007 0.9212962962962964 0.48854166666666676 0.9212962962962965
3 0.4432291666666667 0.2537037037037038 0.4119791666666667 0.2537037037037038 0.4119791666666667 0.301851851851852 0.4432291666666667 0.301851851851852
8 0.4479166666666667 0.1675925925925927 0.41770833333333335 0.1675925925925927 0.41770833333333335 0.21481481481481493 0.4479166666666667 0.21481481481481493
9 0.42916666666666664 0.7703703703703704 0.39479166666666665 0.7703703703703704 0.39479166666666665 0.8240740740740741 0.42916666666666664 0.8240740740740741
4 0.4395833333333333 0.5944444444444444 0.4015625 0.5944444444444444 0.4015625 0.6555555555555556 0.4395833333333333 0.6555555555555556
4 0.5447916666666667 0.5972222222222224 0.5067708333333333 0.5972222222222224 0.5067708333333333 0.6564814814814817 0.5447916666666667 0.6564814814814817
1 0.5046875 0.08796296296296306 0.465625 0.08796296296296306 0.465625 0.14814814814814825 0.5046875 0.14814814814814825
13 0.49635416666666665 0.6777777777777779 0.4484375 0.6777777777777778 0.4484375 0.7583333333333334 0.49635416666666665 0.7583333333333335
2 0.5473958333333333 0.6981481481481484 0.5151041666666667 0.6981481481481484 0.5151041666666667 0.7472222222222225 0.5473958333333333 0.7472222222222225
6 0.37916666666666665 0.6861111111111111 0.3411458333333333 0.6861111111111111 0.3411458333333333 0.7462962962962963 0.37916666666666665 0.7462962962962963
6 0.6 0.6925925925925928 0.5625 0.6925925925925928 0.5625 0.7537037037037039 0.6 0.7537037037037039
3 0.5510416666666667 0.26111111111111124 0.5208333333333334 0.26111111111111124 0.5208333333333334 0.3111111111111112 0.5510416666666667 0.3111111111111112
10 0.4875 0.7777777777777779 0.44947916666666665 0.7777777777777778 0.44947916666666665 0.838888888888889 0.4875 0.8388888888888891
8 0.5546875 0.1712962962962964 0.5208333333333334 0.1712962962962964 0.5208333333333334 0.22500000000000012 0.5546875 0.22500000000000012
12 0.5057291666666667 0.23981481481481493 0.46041666666666664 0.23981481481481493 0.46041666666666664 0.31851851851851865 0.5057291666666667 0.31851851851851865
2 0.43697916666666664 0.6888888888888889 0.40677083333333336 0.6888888888888889 0.40677083333333336 0.7388888888888889 0.43697916666666664 0.7388888888888889
5 0.44427083333333334 0.3212962962962964 0.40572916666666664 0.3212962962962964 0.40572916666666664 0.3916666666666668 0.44427083333333334 0.3916666666666668
2 0.378125 0.774074074074074 0.346875 0.774074074074074 0.346875 0.8333333333333334 0.378125 0.8333333333333334
0 0.5395833333333333 0.8620370370370373 0.5031250000000002 0.8620370370370373 0.5031250000000002 0.9287037037037039 0.5395833333333333 0.9287037037037039
0 0.43281250000000004 0.8481481481481481 0.39010416666666664 0.8481481481481481 0.39010416666666675 0.9175925925925926 0.4328125000000001 0.9175925925925926
9 0.5421875 0.7685185185185187 0.5098958333333333 0.7685185185185187 0.5098958333333333 0.8250000000000002 0.5421875 0.8250000000000002