1 0.5005208333333333 0.7490740740740742 0.45260416666666664 0.7490740740740741 0.45260416666666664 0.8250000000000001 0.5005208333333333 0.8250000000000002
2 0.6109375 0.27685185185185196 0.5708333333333333 0.27685185185185196 0.5708333333333333 0.3398148148148149 0.6109375 0.3398148148148149
7 0.40260416666666665 0.6222222222222222 0.35520833333333335 0.6222222222222222 0.35520833333333335 0.6972222222222222 0.40260416666666665 0.6972222222222222
1 0.4880208333333334 0.8342592592592594 0.4421875 0.8342592592592593 0.44218750000000007 0.9064814814814816 0.48802083333333346 0.9064814814814817
10 0.5859375 0.0814814814814816 0.5395833333333333 0.08148148148148159 0.5395833333333333 0.15462962962962973 0.5859375 0.15462962962962973
7 0.6119791666666666 0.7231481481481483 0.5635416666666667 0.7231481481481483 0.5635416666666667 0.7990740740740743 0.6119791666666666 0.7990740740740743
12 0.5104166666666666 0.6675925925925927 0.4557291666666667 0.6675925925925926 0.4557291666666667 0.7537037037037038 0.5104166666666666 0.7537037037037039
3 0.5994791666666667 0.8101851851851853 0.5604166666666667 0.8101851851851853 0.5604166666666667 0.8703703703703706 0.5994791666666667 0.8703703703703706
3 0.45 0.6546296296296297 0.4114583333333333 0.6546296296296297 0.4114583333333333 0.7157407407407408 0.45 0.7157407407407408
2 0.5505208333333333 0.338888888888889 0.5109375 0.338888888888889 0.5109375 0.4000000000000001 0.5505208333333333 0.4000000000000001
4 0.503125 0.31203703703703717 0.4546875 0.31203703703703717 0.4546875 0.38981481481481495 0.503125 0.38981481481481495
8 0.5427083333333333 0.7842592592592594 0.5041666666666667 0.7842592592592594 0.5041666666666667 0.8435185185185188 0.5427083333333333 0.8435185185185188
2 0.46875 0.12222222222222233 0.4296875 0.12222222222222233 0.4296875 0.18240740740740752 0.46875 0.18240740740740752
3 0.3890625 0.7185185185185186 0.35052083333333334 0.7185185185185186 0.35052083333333334 0.7787037037037037 0.3890625 0.7787037037037037
13 0.5703125 0.23703703703703713 0.5119791666666667 0.23703703703703713 0.5119791666666667 0.3314814814814816 0.5703125 0.3314814814814816
3 0.5578125 0.7064814814814817 0.5192708333333333 0.7064814814814817 0.5192708333333333 0.7657407407407409 0.5578125 0.7657407407407409
4 0.6052083333333333 0.3592592592592594 0.55625 0.3592592592592594 0.55625 0.4351851851851853 0.6052083333333333 0.4351851851851853
0 0.6416666666666667 0.10833333333333346 0.5953125 0.10833333333333346 0.5953125 0.1842592592592594 0.6416666666666667 0.18425925925925943
5 0.4630208333333333 0.5694444444444444 0.41510416666666666 0.5694444444444444 0.41510416666666666 0.6435185185185185 0.4630208333333333 0.6435185185185185
3 0.5192708333333333 0.5944444444444446 0.4791666666666667 0.5944444444444444 0.4791666666666667 0.6564814814814816 0.5192708333333333 0.6564814814814817
11 0.43593750000000003 0.812037037037037 0.38697916666666665 0.812037037037037 0.3869791666666667 0.8851851851851852 0.43593750000000014 0.8851851851851852
2 0.6765625 0.2166666666666668 0.6380208333333334 0.2166666666666668 0.6380208333333334 0.2750000000000001 0.6765625 0.2750000000000001
9 0.5182291666666666 0.15277777777777787 0.47760416666666666 0.15277777777777787 0.47760416666666666 0.22037037037037047 0.5182291666666666 0.22037037037037047
8 0.4390625 0.7407407407407407 0.40208333333333335 0.7407407407407407 0.40208333333333335 0.799074074074074 0.4390625 0.799074074074074
0 0.5364583333333334 0.05555555555555567 0.4895833333333333 0.055555555555555663 0.4895833333333333 0.13055555555555567 0.5364583333333334 0.13055555555555567
10 0.58125 0.16666666666666677 0.5338541666666666 0.16666666666666677 0.5338541666666666 0.2425925925925927 0.58125 0.2425925925925927
6 0.4583333333333333 0.2000000000000001 0.4088541666666667 0.2000000000000001 0.4088541666666667 0.275925925925926 0.4583333333333333 0.275925925925926
9 0.6302083333333334 0.19814814814814827 0.5890625 0.19814814814814824 0.5890625 0.26111111111111124 0.6302083333333334 0.26111111111111124
5 0.5729166666666666 0.6129629629629632 0.5255208333333333 0.6129629629629632 0.5255208333333333 0.6962962962962965 0.5729166666666666 0.6962962962962965
2 0.5005208333333333 0.22777777777777788 0.4666666666666667 0.22777777777777788 0.4666666666666667 0.29074074074074086 0.5005208333333333 0.29074074074074086
6 0.671875 0.2925925925925927 0.6291666666666667 0.2925925925925927 0.6291666666666667 0.37222222222222234 0.671875 0.37222222222222234
11 0.534375 0.8500000000000002 0.4864583333333333 0.8500000000000002 0.4864583333333334 0.9240740740740743 0.534375 0.9240740740740743