5 0.665625 0.8111111111111113 0.6255208333333333 0.8111111111111113 0.6255208333333333 0.8694444444444447 0.665625 0.8694444444444447
9 0.5526041666666667 0.8287037037037039 0.5197916666666667 0.8287037037037039 0.5197916666666668 0.8768518518518521 0.5526041666666667 0.8768518518518521
1 0.4713541666666667 0.14537037037037048 0.4322916666666667 0.14537037037037048 0.4322916666666667 0.20462962962962974 0.4713541666666667 0.20462962962962974
2 0.6979166666666666 0.45925925925925937 0.6645833333333333 0.45925925925925937 0.6645833333333333 0.5046296296296299 0.6979166666666666 0.5046296296296299
6 0.6364583333333333 0.2842592592592594 0.5963541666666666 0.2842592592592594 0.5963541666666666 0.3453703703703705 0.6364583333333333 0.3453703703703705
10 0.5223958333333333 0.21481481481481493 0.48385416666666664 0.21481481481481493 0.48385416666666664 0.2750000000000001 0.5223958333333333 0.2750000000000001
2 0.4375 0.7666666666666667 0.40572916666666664 0.7666666666666667 0.40572916666666664 0.8148148148148148 0.4375 0.8148148148148148
2 0.7057291666666666 0.7212962962962965 0.6744791666666666 0.7212962962962965 0.6744791666666666 0.7685185185185187 0.7057291666666666 0.7685185185185187
7 0.7588541666666667 0.6231481481481483 0.71875 0.6231481481481483 0.71875 0.6824074074074076 0.7588541666666667 0.6824074074074076
0 0.6005208333333333 0.7351851851851854 0.5604166666666667 0.7351851851851854 0.5604166666666667 0.7981481481481484 0.6005208333333333 0.7981481481481484
3 0.5276041666666667 0.4768518518518521 0.496875 0.4768518518518521 0.496875 0.5250000000000002 0.5276041666666667 0.5250000000000002
3 0.6984375 0.5435185185185187 0.6661458333333333 0.5435185185185187 0.6661458333333333 0.5907407407407409 0.6984375 0.5907407407407409
3 0.42864583333333334 0.5898148148148148 0.396875 0.5898148148148148 0.396875 0.6388888888888888 0.42864583333333334 0.6388888888888888
4 0.6885416666666667 0.2787037037037038 0.6505208333333333 0.2787037037037038 0.6505208333333333 0.338888888888889 0.6885416666666667 0.338888888888889
8 0.5744791666666667 0.29444444444444456 0.5432291666666667 0.29444444444444456 0.5432291666666667 0.34259259259259267 0.5744791666666667 0.34259259259259267
6 0.32083333333333336 0.612037037037037 0.28020833333333334 0.612037037037037 0.28020833333333334 0.6703703703703704 0.32083333333333336 0.6703703703703704
3 0.48020833333333335 0.5851851851851851 0.4479166666666667 0.5851851851851851 0.4479166666666667 0.6333333333333333 0.48020833333333335 0.6333333333333333
8 0.5125 0.13333333333333344 0.4817708333333333 0.13333333333333344 0.4817708333333333 0.17962962962962972 0.5125 0.17962962962962972
3 0.5932291666666667 0.6509259259259261 0.5625 0.6509259259259261 0.5625 0.6990740740740743 0.5932291666666667 0.6990740740740743
4 0.5947916666666667 0.5611111111111113 0.5552083333333333 0.5611111111111113 0.5552083333333333 0.6222222222222225 0.5947916666666667 0.6222222222222225
13 0.503125 0.8314814814814816 0.4552083333333333 0.8314814814814815 0.4552083333333334 0.9027777777777779 0.5031250000000002 0.902777777777778
7 0.625 0.1166666666666668 0.5848958333333333 0.1166666666666668 0.5848958333333333 0.17685185185185198 0.625 0.176851851851852
10 0.5541666666666667 0.9092592592592594 0.5140625000000001 0.9092592592592594 0.5140625000000001 0.9685185185185186 0.5541666666666667 0.9685185185185186
9 0.6026041666666667 0.8305555555555557 0.5708333333333333 0.8305555555555557 0.5708333333333333 0.8787037037037039 0.6026041666666667 0.8787037037037039
11 0.36666666666666664 0.32685185185185195 0.32864583333333336 0.32685185185185195 0.32864583333333336 0.39814814814814825 0.36666666666666664 0.39814814814814825
2 0.47708333333333336 0.487962962962963 0.4473958333333333 0.487962962962963 0.4473958333333333 0.5407407407407407 0.47708333333333336 0.5407407407407407
0 0.46875 0.30833333333333346 0.4328125 0.30833333333333346 0.4328125 0.37592592592592605 0.46875 0.37592592592592605
11 0.5265625 0.3000000000000001 0.4890625 0.3000000000000001 0.4890625 0.3694444444444446 0.5265625 0.3694444444444446
12 0.575 0.11388888888888901 0.5291666666666667 0.113888888888889 0.5291666666666667 0.19722222222222233 0.575 0.19722222222222233
1 0.4947916666666667 0.7416666666666668 0.45677083333333335 0.7416666666666667 0.45677083333333335 0.813888888888889 0.4947916666666667 0.8138888888888891
5 0.5421875 0.6481481481481484 0.5036458333333333 0.6481481481481484 0.5036458333333333 0.7212962962962965 0.5421875 0.7212962962962965
2 0.38229166666666664 0.774074074074074 0.35260416666666666 0.774074074074074 0.35260416666666666 0.8240740740740741 0.38229166666666664 0.8240740740740741