7 0.5880208333333333 0.31851851851851865 0.534375 0.31851851851851865 0.534375 0.4175925925925927 0.5880208333333333 0.4175925925925927
0 0.40208333333333335 0.6027777777777777 0.3484375 0.6027777777777777 0.3484375 0.700925925925926 0.40208333333333335 0.700925925925926
4 0.33177083333333335 0.587037037037037 0.28020833333333334 0.587037037037037 0.28020833333333334 0.6842592592592592 0.33177083333333335 0.6842592592592592
7 0.6984375 0.2740740740740742 0.6447916666666667 0.2740740740740742 0.6447916666666667 0.37314814814814823 0.6984375 0.37314814814814823
1 0.5921875 0.18240740740740752 0.5385416666666667 0.18240740740740752 0.5385416666666667 0.28055555555555567 0.5921875 0.28055555555555567
2 0.7265625 0.364814814814815 0.6838541666666667 0.3648148148148149 0.6838541666666667 0.4435185185185187 0.7265625 0.44351851851851876
5 0.7328125 0.20833333333333348 0.6796875 0.20833333333333348 0.6796875 0.30648148148148163 0.7328125 0.3064814814814817
3 0.3265625 0.4685185185185186 0.28541666666666665 0.4685185185185186 0.28541666666666665 0.5444444444444444 0.3265625 0.5444444444444444
9 0.6578125 0.201851851851852 0.6145833333333334 0.201851851851852 0.6145833333333334 0.2814814814814816 0.6578125 0.2814814814814816
5 0.6614583333333334 0.3212962962962964 0.6072916666666667 0.3212962962962964 0.6072916666666667 0.42222222222222233 0.6614583333333334 0.42222222222222233
2 0.5890625 0.060185185185185314 0.5463541666666667 0.060185185185185314 0.5463541666666667 0.138888888888889 0.5890625 0.138888888888889
2 0.621875 0.0018518518518519831 0.5802083333333333 0.0018518518518519786 0.5802083333333333 0.07962962962962976 0.621875 0.07962962962962976
2 0.7671875 0.3046296296296298 0.725 0.30462962962962975 0.725 0.3824074074074076 0.7671875 0.38240740740740764
10 0.3625 0.6555555555555556 0.31145833333333334 0.6555555555555556 0.31145833333333334 0.75 0.3625 0.75
11 0.7020833333333333 0.1472222222222224 0.6484375 0.1472222222222224 0.6484375 0.24814814814814826 0.7020833333333333 0.24814814814814826
3 0.26354166666666673 0.45092592592592595 0.22343750000000007 0.45092592592592595 0.22343750000000007 0.525 0.26354166666666673 0.525
3 0.2890625 0.5212962962962963 0.2489583333333334 0.5212962962962963 0.2489583333333334 0.5962962962962963 0.2890625 0.5962962962962963
13 0.6317708333333333 0.11759259259259272 0.5677083333333334 0.11759259259259272 0.5677083333333334 0.23703703703703713 0.6317708333333333 0.23703703703703713
1 0.665625 0.07037037037037051 0.6109375 0.0703703703703705 0.6109375 0.17129629629629645 0.665625 0.17129629629629645
6 0.3958333333333333 0.725925925925926 0.34427083333333336 0.725925925925926 0.34427083333333336 0.8203703703703704 0.3958333333333333 0.8203703703703704
6 0.4703125 0.49074074074074076 0.4171875 0.49074074074074076 0.4171875 0.5888888888888889 0.4703125 0.5888888888888889
12 0.44114583333333335 0.6694444444444444 0.3776041666666667 0.6694444444444444 0.3776041666666667 0.7861111111111111 0.44114583333333335 0.7861111111111111
3 0.42656250000000007 0.8138888888888889 0.38645833333333335 0.8138888888888889 0.3864583333333334 0.887962962962963 0.4265625000000001 0.887962962962963
0 0.4671875 0.6222222222222222 0.4161458333333333 0.6222222222222222 0.4161458333333333 0.7157407407407408 0.4671875 0.7157407407407408
4 0.43645833333333334 0.5388888888888889 0.3807291666666667 0.5388888888888889 0.3807291666666667 0.6416666666666667 0.43645833333333334 0.6416666666666667
8 0.39375 0.4888888888888889 0.3515625 0.4888888888888889 0.3515625 0.5657407407407408 0.39375 0.5657407407407408
10 0.3640625 0.5388888888888889 0.3109375 0.5388888888888889 0.3109375 0.6370370370370371 0.3640625 0.6370370370370371
2 0.5890625 1.2376870196938297e-16 0.5479166666666667 1.1928966969472367e-16 0.5479166666666667 0.008333333333333456 0.5890625 0.008333333333333462
3 0.4671875 0.7574074074074074 0.421875 0.7574074074074074 0.421875 0.8398148148148148 0.4671875 0.8398148148148148
11 0.6260416666666667 0.26111111111111124 0.5734375 0.26111111111111124 0.5734375 0.35648148148148157 0.6260416666666667 0.35648148148148157