0 0.6489583333333333 0.652777777777778 0.6161458333333333 0.652777777777778 0.6161458333333333 0.7111111111111114 0.6489583333333333 0.7111111111111114
10 0.41041666666666665 0.7462962962962963 0.3770833333333333 0.7462962962962963 0.3770833333333333 0.8046296296296296 0.41041666666666665 0.8046296296296296
3 0.390625 0.5953703703703703 0.3640625 0.5953703703703703 0.3640625 0.6416666666666667 0.390625 0.6416666666666667
9 0.3953125 0.138888888888889 0.3697916666666667 0.138888888888889 0.3697916666666667 0.18333333333333343 0.3953125 0.18333333333333343
1 0.33593750000000006 0.8453703703703703 0.3026041666666667 0.8453703703703703 0.30260416666666673 0.9055555555555556 0.3359375000000001 0.9055555555555556
12 0.521875 0.7750000000000001 0.4817708333333333 0.775 0.4817708333333333 0.8472222222222223 0.521875 0.8472222222222224
0 0.7010416666666667 0.7018518518518521 0.6677083333333333 0.7018518518518521 0.6677083333333333 0.7601851851851854 0.7010416666666667 0.7601851851851854
6 0.5 0.6296296296296298 0.4671875 0.6296296296296297 0.4671875 0.688888888888889 0.5 0.6888888888888891
7 0.3265625 0.313888888888889 0.29375 0.313888888888889 0.29375 0.36851851851851863 0.3265625 0.36851851851851863
4 0.4515625 0.6546296296296297 0.4197916666666667 0.6546296296296297 0.4197916666666667 0.7129629629629629 0.4515625 0.7129629629629629
4 0.5369791666666667 0.5361111111111113 0.5046875 0.5361111111111113 0.5046875 0.5953703703703705 0.5369791666666667 0.5953703703703705
7 0.453125 0.25925925925925936 0.42135416666666664 0.25925925925925936 0.42135416666666664 0.313888888888889 0.453125 0.313888888888889
1 0.26875 0.20277777777777783 0.23802083333333332 0.20277777777777783 0.23802083333333332 0.25648148148148153 0.26875 0.2564814814814816
3 0.3541666666666667 0.687962962962963 0.32864583333333336 0.687962962962963 0.32864583333333336 0.7333333333333333 0.3541666666666667 0.7333333333333333
3 0.5572916666666666 0.30277777777777787 0.5322916666666667 0.30277777777777787 0.5322916666666667 0.34814814814814826 0.5572916666666666 0.34814814814814826
2 0.5125 0.3990740740740742 0.4864583333333333 0.3990740740740742 0.4864583333333333 0.44444444444444453 0.5125 0.44444444444444453
8 0.4635416666666667 0.7333333333333333 0.43854166666666666 0.7333333333333333 0.43854166666666666 0.7805555555555556 0.4635416666666667 0.7805555555555556
3 0.5916666666666667 0.2074074074074075 0.5666666666666667 0.2074074074074075 0.5666666666666667 0.25092592592592605 0.5916666666666667 0.25092592592592605
10 0.6203125 0.06111111111111124 0.5880208333333333 0.06111111111111124 0.5880208333333333 0.11574074074074087 0.6203125 0.11574074074074087
6 0.5572916666666666 0.6861111111111113 0.525 0.6861111111111113 0.525 0.7435185185185187 0.5572916666666666 0.7435185185185187
3 0.43854166666666666 0.49444444444444446 0.4119791666666667 0.49444444444444446 0.4119791666666667 0.5416666666666666 0.43854166666666666 0.5416666666666666
2 0.5744791666666667 0.44722222222222235 0.5479166666666667 0.44722222222222235 0.5479166666666667 0.49351851851851875 0.5744791666666667 0.49351851851851875
2 0.3729166666666667 0.44537037037037047 0.346875 0.44537037037037047 0.346875 0.49074074074074076 0.3729166666666667 0.49074074074074076
9 0.3984375 0.21296296296296308 0.3729166666666667 0.21296296296296308 0.3729166666666667 0.2564814814814816 0.3984375 0.2564814814814816
2 0.5479166666666667 0.22962962962962974 0.5229166666666667 0.22962962962962974 0.5229166666666667 0.2750000000000001 0.5479166666666667 0.2750000000000001
11 0.28802083333333334 0.47314814814814826 0.2567708333333334 0.47314814814814826 0.2567708333333334 0.5305555555555556 0.28802083333333334 0.5305555555555556
2 0.6276041666666666 0.5055555555555558 0.6015625 0.5055555555555558 0.6015625 0.5509259259259262 0.6276041666666666 0.5509259259259262
11 0.671875 0.40555555555555567 0.6385416666666667 0.40555555555555567 0.6385416666666667 0.4629629629629631 0.671875 0.4629629629629631
13 0.48333333333333334 0.10092592592592603 0.44583333333333336 0.10092592592592603 0.44583333333333336 0.16851851851851862 0.48333333333333334 0.16851851851851862
5 0.53125 0.08611111111111122 0.4979166666666667 0.08611111111111122 0.4979166666666667 0.14074074074074083 0.53125 0.14074074074074083
5 0.49947916666666664 0.2462962962962964 0.4666666666666667 0.2462962962962964 0.4666666666666667 0.30277777777777787 0.49947916666666664 0.30277777777777787
8 0.36614583333333334 0.29444444444444456 0.34010416666666665 0.29444444444444456 0.34010416666666665 0.34074074074074084 0.36614583333333334 0.34074074074074084