5 0.41250000000000003 0.8092592592592592 0.365625 0.8092592592592592 0.36562500000000003 0.8972222222222223 0.41250000000000014 0.8972222222222223
7 0.5479166666666667 0.877777777777778 0.49895833333333345 0.877777777777778 0.49895833333333345 0.9685185185185186 0.5479166666666667 0.9685185185185186
10 0.6583333333333333 0.33425925925925937 0.6088541666666667 0.33425925925925937 0.6088541666666667 0.4250000000000001 0.6583333333333333 0.4250000000000001
9 0.35572916666666665 0.6388888888888888 0.315625 0.6388888888888888 0.315625 0.7138888888888889 0.35572916666666665 0.7138888888888889
10 0.3151041666666667 0.6666666666666666 0.2661458333333334 0.6666666666666666 0.2661458333333334 0.7574074074074074 0.3151041666666667 0.7574074074074074
4 0.6953125 0.627777777777778 0.6463541666666667 0.627777777777778 0.6463541666666667 0.7185185185185188 0.6953125 0.7185185185185188
2 0.6083333333333333 0.7231481481481483 0.5692708333333333 0.7231481481481483 0.5692708333333333 0.7972222222222224 0.6083333333333333 0.7972222222222224
8 0.6411458333333333 0.4601851851851853 0.5979166666666667 0.4601851851851853 0.5979166666666667 0.5370370370370372 0.6411458333333333 0.5370370370370372
9 0.378125 0.7277777777777777 0.3385416666666667 0.7277777777777777 0.3385416666666667 0.8018518518518518 0.378125 0.8018518518518518
2 0.4755208333333334 0.850925925925926 0.4359375 0.850925925925926 0.43593750000000003 0.9231481481481482 0.47552083333333345 0.9231481481481482
3 0.5286458333333334 0.45370370370370383 0.48854166666666665 0.45370370370370383 0.48854166666666665 0.5287037037037039 0.5286458333333334 0.5287037037037039
11 0.61875 0.37407407407407417 0.5692708333333333 0.37407407407407417 0.5692708333333333 0.46574074074074084 0.61875 0.46574074074074084
3 0.5635416666666667 0.7611111111111113 0.5234375 0.7611111111111113 0.5234375 0.8342592592592595 0.5635416666666667 0.8342592592592595
13 0.3375 0.5370370370370371 0.27760416666666665 0.5370370370370371 0.27760416666666665 0.6472222222222223 0.3375 0.6472222222222223
3 0.46458333333333335 0.6398148148148148 0.42552083333333335 0.6398148148148148 0.42552083333333335 0.7111111111111111 0.46458333333333335 0.7111111111111111
4 0.5114583333333333 0.5870370370370371 0.4609375 0.587037037037037 0.4609375 0.6805555555555557 0.5114583333333333 0.6805555555555558
1 0.675 0.21759259259259275 0.6244791666666667 0.21759259259259275 0.6244791666666667 0.30925925925925934 0.675 0.30925925925925934
2 0.34427083333333336 0.42777777777777787 0.30364583333333334 0.42777777777777787 0.30364583333333334 0.5046296296296297 0.34427083333333336 0.5046296296296297
11 0.5375 0.1250000000000001 0.4890625 0.1250000000000001 0.4890625 0.21574074074074084 0.5375 0.21574074074074084
0 0.5911458333333334 0.288888888888889 0.5416666666666666 0.288888888888889 0.5416666666666666 0.3787037037037038 0.5911458333333334 0.3787037037037038
6 0.37552083333333336 0.16296296296296303 0.3265625 0.162962962962963 0.3265625 0.25555555555555565 0.37552083333333336 0.25555555555555565
3 0.45416666666666666 0.4231481481481483 0.41458333333333336 0.4231481481481483 0.41458333333333336 0.4981481481481482 0.45416666666666666 0.4981481481481482
1 0.37552083333333336 0.5046296296296297 0.3260416666666667 0.5046296296296297 0.3260416666666667 0.5972222222222222 0.37552083333333336 0.5972222222222222
6 0.6703125 0.5425925925925928 0.6213541666666667 0.5425925925925928 0.6213541666666667 0.6324074074074076 0.6703125 0.6324074074074076
12 0.7317708333333334 0.364814814814815 0.6729166666666667 0.3648148148148149 0.6729166666666667 0.4731481481481483 0.7317708333333334 0.4731481481481484
2 0.3182291666666667 0.3462962962962964 0.2786458333333333 0.3462962962962964 0.2786458333333333 0.42037037037037045 0.3182291666666667 0.42037037037037045
3 0.4296875 0.34074074074074084 0.39010416666666664 0.34074074074074084 0.39010416666666664 0.4129629629629631 0.4296875 0.4129629629629631
8 0.7 0.2935185185185186 0.6609375 0.2935185185185186 0.6609375 0.36574074074074087 0.7 0.36574074074074087
7 0.7510416666666667 0.45648148148148165 0.7020833333333333 0.4564814814814816 0.7020833333333333 0.5444444444444446 0.7510416666666667 0.5444444444444446
2 0.5026041666666666 0.38240740740740753 0.4588541666666667 0.38240740740740753 0.4588541666666667 0.4583333333333334 0.5026041666666666 0.4583333333333334
0 0.4270833333333333 0.6675925925925926 0.3765625 0.6675925925925926 0.3765625 0.7583333333333333 0.4270833333333333 0.7583333333333333
5 0.44375 0.5407407407407407 0.39166666666666666 0.5407407407407407 0.39166666666666666 0.6314814814814815 0.44375 0.6314814814814815