13 0.49635416666666665 0.19722222222222233 0.4552083333333333 0.19722222222222233 0.4552083333333333 0.26296296296296306 0.49635416666666665 0.26296296296296306
3 0.5828125 0.35648148148148157 0.5557291666666667 0.35648148148148157 0.5557291666666667 0.400925925925926 0.5828125 0.400925925925926
0 0.2895833333333334 0.8314814814814815 0.25520833333333337 0.8314814814814815 0.25520833333333337 0.8916666666666667 0.28958333333333347 0.8916666666666667
2 0.28489583333333335 0.5953703703703703 0.25729166666666675 0.5953703703703703 0.25729166666666675 0.6398148148148148 0.28489583333333335 0.6398148148148148
2 0.48802083333333335 0.601851851851852 0.45989583333333334 0.6018518518518519 0.45989583333333334 0.6472222222222224 0.48802083333333335 0.6472222222222225
3 0.4859375 0.3537037037037038 0.4588541666666667 0.3537037037037038 0.4588541666666667 0.39814814814814825 0.4859375 0.39814814814814825
2 0.38385416666666666 0.5916666666666667 0.35625 0.5916666666666667 0.35625 0.6370370370370371 0.38385416666666666 0.6370370370370371
7 0.6348958333333333 0.2916666666666668 0.6 0.2916666666666668 0.6 0.3462962962962964 0.6348958333333333 0.3462962962962964
6 0.6484375 0.6685185185185187 0.6125 0.6685185185185187 0.6125 0.7259259259259261 0.6484375 0.7259259259259261
3 0.29322916666666665 0.36666666666666675 0.26614583333333336 0.36666666666666675 0.26614583333333336 0.41018518518518526 0.29322916666666665 0.41018518518518526
3 0.3875 0.3611111111111112 0.36041666666666666 0.3611111111111112 0.36041666666666666 0.40555555555555567 0.3875 0.40555555555555567
7 0.33958333333333335 0.2777777777777779 0.3067708333333333 0.2777777777777779 0.3067708333333333 0.3314814814814816 0.33958333333333335 0.3314814814814816
12 0.48854166666666665 0.7472222222222223 0.44583333333333336 0.7472222222222222 0.44583333333333336 0.8185185185185186 0.48854166666666665 0.8185185185185188
6 0.3302083333333333 0.6731481481481482 0.29583333333333334 0.6731481481481482 0.29583333333333334 0.7287037037037037 0.3302083333333333 0.7287037037037037
3 0.6802083333333333 0.3592592592592594 0.6526041666666667 0.3592592592592594 0.6526041666666667 0.40185185185185196 0.6802083333333333 0.40185185185185196
2 0.6875 0.5981481481481483 0.659375 0.5981481481481483 0.659375 0.6435185185185187 0.6875 0.6435185185185187
9 0.43333333333333335 0.14074074074074083 0.40625 0.14074074074074083 0.40625 0.18240740740740752 0.43333333333333335 0.18240740740740752
2 0.5875 0.5953703703703705 0.5598958333333334 0.5953703703703705 0.5598958333333334 0.6398148148148151 0.5875 0.6398148148148151
5 0.6333333333333333 0.14444444444444457 0.6 0.14444444444444454 0.6 0.1990740740740742 0.6333333333333333 0.19907407407407424
9 0.5317708333333333 0.14722222222222234 0.5052083333333334 0.14722222222222234 0.5052083333333334 0.18703703703703714 0.5317708333333333 0.18703703703703714
8 0.5328125 0.8416666666666669 0.5041666666666667 0.8416666666666669 0.5041666666666668 0.8870370370370373 0.5328125000000001 0.8870370370370373
5 0.35 0.14166666666666672 0.3171875 0.14166666666666672 0.3171875 0.19351851851851856 0.35 0.19351851851851856
1 0.6739583333333333 0.13611111111111127 0.6411458333333333 0.13611111111111127 0.6411458333333333 0.1879629629629631 0.6739583333333333 0.1879629629629631
11 0.5859375 0.14166666666666677 0.5515625 0.14166666666666677 0.5515625 0.19444444444444456 0.5859375 0.19444444444444456
11 0.39427083333333335 0.13333333333333341 0.3572916666666667 0.1333333333333334 0.3572916666666667 0.1935185185185186 0.39427083333333335 0.19351851851851862
4 0.6458333333333334 0.8296296296296298 0.6098958333333333 0.8296296296296298 0.6098958333333333 0.8935185185185187 0.6458333333333334 0.8935185185185187
1 0.3026041666666667 0.150925925925926 0.2671875 0.150925925925926 0.2671875 0.20277777777777783 0.3026041666666667 0.20277777777777783
0 0.69375 0.8259259259259262 0.6572916666666667 0.8259259259259262 0.6572916666666667 0.8888888888888891 0.69375 0.8888888888888891
10 0.3395833333333334 0.8212962962962963 0.30572916666666666 0.8212962962962963 0.3057291666666667 0.8814814814814815 0.33958333333333346 0.8814814814814815
4 0.3942708333333334 0.8148148148148148 0.3578125 0.8148148148148148 0.35781250000000003 0.8888888888888888 0.39427083333333346 0.8888888888888888
8 0.43437500000000007 0.8472222222222222 0.40677083333333336 0.8472222222222222 0.4067708333333334 0.9009259259259259 0.4343750000000001 0.9009259259259259
10 0.5942708333333333 0.8324074074074076 0.55625 0.8324074074074076 0.55625 0.8981481481481484 0.5942708333333333 0.8981481481481484