12 0.32916666666666666 0.3648148148148149 0.28177083333333336 0.3648148148148149 0.28177083333333336 0.4527777777777779 0.32916666666666666 0.4527777777777779
7 0.59375 0.3648148148148149 0.5541666666666667 0.3648148148148149 0.5541666666666667 0.43703703703703717 0.59375 0.43703703703703717
7 0.5838541666666667 0.7129629629629631 0.5432291666666667 0.7129629629629631 0.5432291666666667 0.7888888888888891 0.5838541666666667 0.7888888888888891
3 0.5473958333333333 0.27685185185185196 0.5171875 0.27685185185185196 0.5171875 0.33240740740740754 0.5473958333333333 0.33240740740740754
10 0.3609375 0.47314814814814826 0.32135416666666666 0.47314814814814826 0.32135416666666666 0.55 0.3609375 0.55
3 0.5463541666666667 0.35648148148148157 0.5161458333333333 0.35648148148148157 0.5161458333333333 0.4129629629629631 0.5463541666666667 0.4129629629629631
1 0.5911458333333334 0.4462962962962964 0.5515625 0.4462962962962964 0.5515625 0.5212962962962965 0.5911458333333334 0.5212962962962965
6 0.35885416666666664 0.5657407407407408 0.31875 0.5657407407407408 0.31875 0.6398148148148148 0.35885416666666664 0.6398148148148148
4 0.334375 0.21851851851851858 0.29583333333333334 0.21851851851851858 0.29583333333333334 0.2898148148148149 0.334375 0.2898148148148149
1 0.5854166666666667 0.6175925925925928 0.5447916666666667 0.6175925925925928 0.5447916666666667 0.6925925925925928 0.5854166666666667 0.6925925925925928
13 0.6421875 0.45185185185185195 0.59375 0.45185185185185195 0.59375 0.5435185185185187 0.6421875 0.5435185185185187
5 0.6317708333333333 0.7250000000000002 0.5916666666666667 0.7250000000000002 0.5916666666666667 0.8009259259259262 0.6317708333333333 0.8009259259259262
4 0.3145833333333333 0.5537037037037037 0.27447916666666666 0.5537037037037037 0.27447916666666666 0.6277777777777778 0.3145833333333333 0.6277777777777778
5 0.6380208333333334 0.288888888888889 0.5984375 0.288888888888889 0.5984375 0.3611111111111112 0.6380208333333334 0.3611111111111112
0 0.3109375 0.6416666666666667 0.2713541666666667 0.6416666666666667 0.2713541666666667 0.7157407407407408 0.3109375 0.7157407407407408
6 0.3729166666666667 0.3111111111111112 0.3338541666666667 0.3111111111111112 0.3338541666666667 0.3814814814814816 0.3729166666666667 0.3814814814814816
0 0.3770833333333333 0.23055555555555562 0.3380208333333333 0.2305555555555556 0.3380208333333333 0.30462962962962975 0.3770833333333333 0.30462962962962975
11 0.5885416666666666 0.5370370370370372 0.5484375 0.5370370370370372 0.5484375 0.6111111111111113 0.5885416666666666 0.6111111111111113
9 0.6291666666666667 0.5537037037037039 0.5979166666666667 0.5537037037037039 0.5979166666666667 0.614814814814815 0.6291666666666667 0.614814814814815
11 0.6338541666666667 0.6333333333333335 0.59375 0.6333333333333335 0.59375 0.7092592592592595 0.6338541666666667 0.7092592592592595
9 0.6338541666666667 0.38425925925925936 0.603125 0.38425925925925936 0.603125 0.44166666666666676 0.6338541666666667 0.44166666666666676
2 0.4119791666666667 0.32314814814814824 0.3802083333333333 0.32314814814814824 0.3802083333333333 0.37962962962962976 0.4119791666666667 0.37962962962962976
2 0.41822916666666665 0.24074074074074084 0.38697916666666665 0.24074074074074084 0.38697916666666665 0.29907407407407416 0.41822916666666665 0.29907407407407416
10 0.36822916666666666 0.38981481481481495 0.32864583333333336 0.38981481481481495 0.32864583333333336 0.4648148148148149 0.36822916666666666 0.4648148148148149
2 0.39947916666666666 0.5842592592592593 0.3671875 0.5842592592592593 0.3671875 0.6453703703703704 0.39947916666666666 0.6453703703703704
2 0.4010416666666667 0.5 0.3697916666666667 0.5 0.3697916666666667 0.5583333333333333 0.4010416666666667 0.5583333333333333
3 0.5458333333333333 0.44351851851851865 0.5140625 0.44351851851851865 0.5140625 0.502777777777778 0.5458333333333333 0.502777777777778
2 0.4088541666666667 0.4111111111111112 0.3770833333333333 0.4111111111111112 0.3770833333333333 0.4685185185185186 0.4088541666666667 0.4685185185185186
8 0.32395833333333335 0.3037037037037038 0.29322916666666665 0.3037037037037038 0.29322916666666665 0.3611111111111112 0.32395833333333335 0.3611111111111112
3 0.5385416666666667 0.5259259259259261 0.5067708333333333 0.5259259259259261 0.5067708333333333 0.5851851851851854 0.5385416666666667 0.5851851851851854
3 0.5385416666666667 0.6222222222222225 0.50625 0.6222222222222225 0.50625 0.6814814814814817 0.5385416666666667 0.6814814814814817
8 0.31666666666666665 0.46759259259259267 0.2864583333333333 0.46759259259259267 0.2864583333333333 0.5259259259259259 0.31666666666666665 0.5259259259259259