12 0.46354166666666674 0.8425925925925926 0.4166666666666667 0.8425925925925926 0.41666666666666674 0.9222222222222223 0.4635416666666668 0.9222222222222223
1 0.5916666666666667 0.2601851851851853 0.553125 0.2601851851851853 0.553125 0.32037037037037047 0.5916666666666667 0.32037037037037047
10 0.5166666666666667 0.7768518518518519 0.47604166666666664 0.7768518518518519 0.47604166666666664 0.8361111111111112 0.5166666666666667 0.8361111111111114
7 0.325 0.301851851851852 0.2869791666666667 0.301851851851852 0.2869791666666667 0.36296296296296304 0.325 0.36296296296296304
2 0.35885416666666664 0.49537037037037035 0.32708333333333334 0.49537037037037035 0.32708333333333334 0.5425925925925926 0.35885416666666664 0.5425925925925926
3 0.6354166666666666 0.4462962962962964 0.6041666666666666 0.4462962962962964 0.6041666666666666 0.49351851851851875 0.6354166666666666 0.49351851851851875
9 0.5364583333333334 0.17037037037037048 0.5046875 0.17037037037037048 0.5046875 0.22314814814814826 0.5364583333333334 0.22314814814814826
3 0.528125 0.5287037037037039 0.49635416666666665 0.5287037037037039 0.49635416666666665 0.5768518518518521 0.528125 0.5768518518518521
8 0.4661458333333333 0.6888888888888889 0.43385416666666665 0.6888888888888889 0.43385416666666665 0.7361111111111112 0.4661458333333333 0.7361111111111112
4 0.35572916666666665 0.6592592592592592 0.3171875 0.6592592592592592 0.3171875 0.7194444444444444 0.35572916666666665 0.7194444444444444
9 0.48385416666666664 0.15925925925925938 0.453125 0.15925925925925938 0.453125 0.2074074074074075 0.48385416666666664 0.2074074074074075
1 0.5619791666666667 0.8638888888888892 0.5239583333333334 0.8638888888888892 0.5239583333333334 0.9250000000000002 0.5619791666666667 0.9250000000000002
7 0.4052083333333334 0.8453703703703703 0.365625 0.8453703703703703 0.36562500000000003 0.9046296296296297 0.40520833333333345 0.9046296296296297
2 0.3734375 0.23333333333333342 0.3421875 0.2333333333333334 0.3421875 0.2814814814814816 0.3734375 0.2814814814814816
3 0.36666666666666664 0.4111111111111112 0.33541666666666664 0.4111111111111112 0.33541666666666664 0.45925925925925937 0.36666666666666664 0.45925925925925937
3 0.584375 0.4351851851851853 0.5510416666666667 0.4351851851851853 0.5510416666666667 0.4824074074074076 0.584375 0.4824074074074076
3 0.47708333333333336 0.3379629629629631 0.44583333333333336 0.3379629629629631 0.44583333333333336 0.3870370370370371 0.47708333333333336 0.3870370370370371
11 0.6817708333333333 0.7083333333333336 0.6421875 0.7083333333333336 0.6421875 0.7675925925925928 0.6817708333333333 0.7675925925925928
13 0.5989583333333334 0.163888888888889 0.5536458333333333 0.163888888888889 0.5536458333333333 0.2425925925925927 0.5989583333333334 0.2425925925925927
2 0.6411458333333333 0.2703703703703705 0.6104166666666667 0.2703703703703705 0.6104166666666667 0.31851851851851865 0.6411458333333333 0.31851851851851865
6 0.40989583333333335 0.6722222222222223 0.37135416666666665 0.6722222222222223 0.37135416666666665 0.7324074074074074 0.40989583333333335 0.7324074074074074
6 0.7505208333333333 0.4453703703703705 0.7119791666666667 0.44537037037037047 0.7119791666666667 0.5046296296296299 0.7505208333333333 0.5046296296296299
2 0.6947916666666667 0.2777777777777779 0.6640625 0.2777777777777779 0.6640625 0.3240740740740742 0.6947916666666667 0.3240740740740742
8 0.5088541666666668 0.8777777777777779 0.47708333333333347 0.8777777777777778 0.47708333333333347 0.9250000000000002 0.5088541666666668 0.9250000000000002
4 0.47760416666666666 0.40833333333333344 0.43854166666666666 0.40833333333333344 0.43854166666666666 0.4703703703703705 0.47760416666666666 0.4703703703703705
10 0.5484375 0.08611111111111124 0.5109375 0.08611111111111122 0.5109375 0.1462962962962964 0.5484375 0.1462962962962964
0 0.4875 0.23888888888888898 0.44895833333333335 0.23888888888888898 0.44895833333333335 0.3000000000000001 0.4875 0.3000000000000001
5 0.5364583333333334 0.3361111111111112 0.4984375 0.3361111111111112 0.4984375 0.4037037037037038 0.5364583333333334 0.4037037037037038
11 0.51875 0.6861111111111112 0.48125 0.6861111111111111 0.48125 0.750925925925926 0.51875 0.7509259259259261
5 0.43072916666666666 0.14444444444444454 0.3927083333333333 0.14444444444444454 0.3927083333333333 0.2074074074074075 0.43072916666666666 0.2074074074074075
2 0.5776041666666667 0.527777777777778 0.5473958333333333 0.527777777777778 0.5473958333333333 0.5824074074074076 0.5776041666666667 0.5824074074074076
0 0.575 0.6944444444444446 0.5369791666666667 0.6944444444444446 0.5369791666666667 0.7564814814814816 0.575 0.7564814814814816