4 0.7192708333333333 0.18981481481481496 0.6796875 0.18981481481481496 0.6796875 0.2666666666666668 0.7192708333333333 0.2666666666666668
7 0.47291666666666665 0.7694444444444445 0.43125 0.7694444444444445 0.43125 0.85 0.47291666666666665 0.85
2 0.6114583333333333 0.4231481481481483 0.578125 0.4231481481481483 0.578125 0.4888888888888891 0.6114583333333333 0.4888888888888891
3 0.475 0.48703703703703705 0.4421875 0.48703703703703705 0.4421875 0.5509259259259259 0.475 0.5509259259259259
10 0.7010416666666667 0.11574074074074088 0.6614583333333334 0.11574074074074087 0.6614583333333334 0.19166666666666682 0.7010416666666667 0.19166666666666682
1 0.40052083333333344 0.8962962962962963 0.3572916666666668 0.8962962962962963 0.3572916666666668 0.9787037037037037 0.40052083333333344 0.9787037037037037
3 0.5291666666666667 0.8305555555555557 0.49583333333333335 0.8305555555555557 0.4958333333333334 0.8944444444444447 0.5291666666666668 0.8944444444444447
6 0.690625 0.6314814814814816 0.6510416666666666 0.6314814814814816 0.6510416666666666 0.7092592592592595 0.690625 0.7092592592592595
4 0.7598958333333333 0.526851851851852 0.7208333333333333 0.526851851851852 0.7208333333333333 0.602777777777778 0.7598958333333333 0.602777777777778
12 0.7083333333333334 0.36574074074074087 0.6609375 0.36574074074074087 0.6609375 0.4564814814814816 0.7083333333333334 0.4564814814814816
2 0.5916666666666667 0.24907407407407417 0.5583333333333333 0.24907407407407417 0.5583333333333333 0.313888888888889 0.5916666666666667 0.313888888888889
2 0.6598958333333333 0.7620370370370373 0.6286458333333333 0.7620370370370373 0.6286458333333333 0.8222222222222224 0.6598958333333333 0.8222222222222224
13 0.403125 0.5222222222222223 0.35208333333333336 0.5222222222222223 0.35208333333333336 0.6166666666666667 0.403125 0.6166666666666667
6 0.6213541666666667 0.1379629629629631 0.5807291666666666 0.13796296296296306 0.5807291666666666 0.21666666666666679 0.6213541666666667 0.2166666666666668
2 0.6380208333333334 0.5879629629629631 0.6036458333333333 0.5879629629629631 0.6036458333333333 0.6546296296296299 0.6380208333333334 0.6546296296296299
3 0.45677083333333335 0.3074074074074075 0.4234375 0.3074074074074075 0.4234375 0.37314814814814823 0.45677083333333335 0.37314814814814823
8 0.7421875 0.44259259259259276 0.7109375 0.4425925925925927 0.7109375 0.502777777777778 0.7421875 0.502777777777778
7 0.39791666666666664 0.23888888888888898 0.35520833333333335 0.23888888888888898 0.35520833333333335 0.32037037037037047 0.39791666666666664 0.32037037037037047
3 0.5046875 0.6666666666666667 0.471875 0.6666666666666666 0.471875 0.7314814814814816 0.5046875 0.7314814814814817
8 0.7255208333333333 0.29259259259259274 0.6942708333333333 0.2925925925925927 0.6942708333333333 0.35370370370370385 0.7255208333333333 0.3537037037037039
5 0.3151041666666667 0.3000000000000001 0.271875 0.3000000000000001 0.271875 0.38240740740740753 0.3151041666666667 0.38240740740740753
2 0.5635416666666667 0.09907407407407419 0.5307291666666667 0.09907407407407418 0.5307291666666667 0.1611111111111112 0.5635416666666667 0.1611111111111112
1 0.303125 0.21203703703703708 0.2598958333333333 0.21203703703703708 0.2598958333333333 0.2935185185185186 0.303125 0.2935185185185186
9 0.35625 0.6444444444444445 0.32135416666666666 0.6444444444444445 0.32135416666666666 0.7101851851851851 0.35625 0.7101851851851851
10 0.7677083333333333 0.5962962962962965 0.7286458333333333 0.5962962962962965 0.7286458333333333 0.6731481481481484 0.7677083333333333 0.6731481481481484
9 0.33489583333333334 0.4759259259259259 0.2984375 0.4759259259259259 0.2984375 0.5444444444444444 0.33489583333333334 0.5444444444444444
3 0.4348958333333333 0.14537037037037048 0.39947916666666666 0.14537037037037048 0.39947916666666666 0.21203703703703713 0.4348958333333333 0.21203703703703713
5 0.37916666666666665 0.7231481481481481 0.33645833333333336 0.7231481481481481 0.33645833333333336 0.8046296296296296 0.37916666666666665 0.8046296296296296
0 0.6927083333333334 0.025000000000000147 0.6526041666666667 0.025000000000000144 0.6526041666666667 0.101851851851852 0.6927083333333334 0.10185185185185201
11 0.325 0.3787037037037038 0.28177083333333336 0.3787037037037038 0.28177083333333336 0.4629629629629631 0.325 0.4629629629629631
11 0.3921875000000001 0.812037037037037 0.3463541666666667 0.812037037037037 0.34635416666666674 0.8972222222222223 0.39218750000000013 0.8972222222222223
0 0.7807291666666667 0.6870370370370372 0.7380208333333333 0.6870370370370372 0.7380208333333333 0.7657407407407409 0.7807291666666667 0.7657407407407409