12 0.5395833333333333 0.288888888888889 0.47760416666666666 0.288888888888889 0.47760416666666666 0.3962962962962964 0.5395833333333333 0.3962962962962964
5 0.6520833333333333 0.8620370370370373 0.603125 0.8620370370370373 0.603125 0.9462962962962965 0.6520833333333333 0.9462962962962965
1 0.45364583333333336 0.762962962962963 0.4078125 0.762962962962963 0.4078125 0.8444444444444444 0.45364583333333336 0.8444444444444444
7 0.5973958333333333 0.7842592592592594 0.5494791666666666 0.7842592592592594 0.5494791666666666 0.8666666666666669 0.5973958333333333 0.8666666666666669
0 0.6322916666666667 0.3870370370370371 0.5817708333333333 0.3870370370370371 0.5817708333333333 0.47407407407407426 0.6322916666666667 0.47407407407407426
6 0.5828125 0.38425925925925936 0.5317708333333333 0.38425925925925936 0.5317708333333333 0.4722222222222223 0.5828125 0.4722222222222223
13 0.5557291666666667 0.8462962962962965 0.4979166666666667 0.8462962962962965 0.49791666666666673 0.9453703703703705 0.5557291666666667 0.9453703703703705
5 0.4104166666666667 0.8333333333333334 0.36354166666666665 0.8333333333333334 0.3635416666666667 0.9148148148148149 0.41041666666666676 0.9148148148148149
6 0.4317708333333333 0.37685185185185194 0.38229166666666664 0.37685185185185194 0.38229166666666664 0.4611111111111112 0.4317708333333333 0.4611111111111112
4 0.42864583333333334 0.29537037037037045 0.3802083333333333 0.29537037037037045 0.3802083333333333 0.3787037037037038 0.42864583333333334 0.3787037037037038
11 0.4979166666666667 0.7703703703703705 0.4505208333333333 0.7703703703703704 0.4505208333333333 0.851851851851852 0.4979166666666667 0.8518518518518521
3 0.540625 0.714814814814815 0.5026041666666666 0.714814814814815 0.5026041666666666 0.7805555555555558 0.540625 0.7805555555555558
1 0.5484375 0.776851851851852 0.5010416666666667 0.776851851851852 0.5010416666666667 0.8592592592592595 0.5484375 0.8592592592592595
0 0.38229166666666664 0.29537037037037045 0.33177083333333335 0.29537037037037045 0.33177083333333335 0.3814814814814816 0.38229166666666664 0.3814814814814816
3 0.49375 0.701851851851852 0.4552083333333333 0.7018518518518518 0.4552083333333333 0.7675925925925927 0.49375 0.7675925925925928
3 0.640625 0.7203703703703705 0.6010416666666667 0.7203703703703705 0.6010416666666667 0.7879629629629632 0.640625 0.7879629629629632
11 0.4572916666666667 0.8407407407407408 0.40989583333333335 0.8407407407407408 0.4098958333333334 0.9231481481481482 0.45729166666666676 0.9231481481481482
10 0.5328125 0.3814814814814816 0.4822916666666667 0.3814814814814816 0.4822916666666667 0.46759259259259267 0.5328125 0.46759259259259267
8 0.5776041666666667 0.30833333333333346 0.5369791666666667 0.30833333333333346 0.5369791666666667 0.3787037037037038 0.5776041666666667 0.3787037037037038
4 0.6317708333333333 0.3037037037037038 0.58125 0.3037037037037038 0.58125 0.39074074074074083 0.6317708333333333 0.39074074074074083
2 0.634375 0.4814814814814817 0.59375 0.4814814814814817 0.59375 0.551851851851852 0.634375 0.551851851851852
10 0.4828125 0.37314814814814823 0.4328125 0.37314814814814823 0.4328125 0.45925925925925937 0.4828125 0.45925925925925937
9 0.5953125 0.8685185185185187 0.5572916666666666 0.8685185185185187 0.5572916666666666 0.9342592592592595 0.5953125 0.9342592592592595
7 0.40572916666666664 0.7583333333333333 0.35885416666666664 0.7583333333333333 0.35885416666666664 0.8398148148148148 0.40572916666666664 0.8398148148148148
2 0.5833333333333334 0.4722222222222223 0.5432291666666667 0.4722222222222223 0.5432291666666667 0.5416666666666669 0.5833333333333334 0.5416666666666669
9 0.49791666666666673 0.8527777777777779 0.46041666666666664 0.8527777777777777 0.46041666666666675 0.9175925925925927 0.4979166666666668 0.9175925925925928
2 0.4296875 0.463888888888889 0.390625 0.463888888888889 0.390625 0.5314814814814814 0.4296875 0.5314814814814814
2 0.5291666666666667 0.4722222222222223 0.4901041666666667 0.4722222222222223 0.4901041666666667 0.5398148148148151 0.5291666666666667 0.5398148148148151
2 0.47708333333333336 0.4629629629629631 0.4375 0.4629629629629631 0.4375 0.5305555555555556 0.47708333333333336 0.5305555555555556
3 0.44166666666666665 0.700925925925926 0.4036458333333333 0.700925925925926 0.4036458333333333 0.7666666666666667 0.44166666666666665 0.7666666666666667
3 0.5921875 0.7166666666666669 0.553125 0.7166666666666669 0.553125 0.7842592592592594 0.5921875 0.7842592592592594
8 0.478125 0.30833333333333346 0.43802083333333336 0.30833333333333346 0.43802083333333336 0.37685185185185194 0.478125 0.37685185185185194