12 0.39010416666666664 0.4611111111111112 0.3328125 0.4611111111111112 0.3328125 0.5601851851851852 0.39010416666666664 0.5601851851851852
11 0.69375 0.2898148148148149 0.6505208333333333 0.2898148148148149 0.6505208333333333 0.36574074074074087 0.69375 0.36574074074074087
10 0.425 0.42592592592592604 0.37916666666666665 0.42592592592592604 0.37916666666666665 0.5055555555555555 0.425 0.5055555555555555
7 0.5802083333333333 0.12685185185185197 0.5364583333333334 0.12685185185185197 0.5364583333333334 0.2027777777777779 0.5802083333333333 0.2027777777777779
11 0.6338541666666667 0.26944444444444454 0.590625 0.26944444444444454 0.590625 0.34444444444444455 0.6338541666666667 0.34444444444444455
6 0.3984375 0.3537037037037038 0.35208333333333336 0.3537037037037038 0.35208333333333336 0.4351851851851853 0.3984375 0.4351851851851853
2 0.428125 0.31296296296296305 0.3921875 0.31296296296296305 0.3921875 0.37592592592592605 0.428125 0.37592592592592605
13 0.646875 0.1453703703703705 0.5953125 0.14537037037037048 0.5953125 0.23703703703703713 0.646875 0.23703703703703713
7 0.6864583333333333 0.40555555555555567 0.6432291666666666 0.40555555555555567 0.6432291666666666 0.4824074074074076 0.6864583333333333 0.4824074074074076
10 0.4515625 0.5018518518518519 0.40572916666666664 0.5018518518518519 0.40572916666666664 0.5805555555555556 0.4515625 0.5805555555555556
1 0.60625 0.1953703703703705 0.5625 0.19537037037037047 0.5625 0.27314814814814825 0.60625 0.27314814814814825
4 0.4432291666666667 0.6259259259259259 0.3984375 0.6259259259259259 0.3984375 0.7027777777777777 0.4432291666666667 0.7027777777777777
2 0.4859375 0.46759259259259267 0.45 0.46759259259259267 0.45 0.5296296296296298 0.4859375 0.5296296296296299
3 0.6239583333333333 0.38981481481481495 0.5895833333333333 0.38981481481481495 0.5895833333333333 0.450925925925926 0.6239583333333333 0.450925925925926
6 0.48333333333333334 0.5740740740740741 0.4375 0.5740740740740741 0.4375 0.6527777777777778 0.48333333333333334 0.6527777777777778
3 0.5125 0.10925925925925936 0.478125 0.10925925925925936 0.478125 0.16944444444444454 0.5125 0.16944444444444454
9 0.6098958333333333 0.0916666666666668 0.5760416666666667 0.0916666666666668 0.5760416666666667 0.15462962962962976 0.6098958333333333 0.15462962962962978
9 0.6630208333333333 0.23240740740740756 0.628125 0.23240740740740756 0.628125 0.2925925925925927 0.6630208333333333 0.2925925925925927
0 0.3703125 0.2842592592592594 0.32395833333333335 0.2842592592592594 0.32395833333333335 0.36574074074074087 0.3703125 0.36574074074074087
5 0.584375 0.013888888888889013 0.5411458333333333 0.013888888888889008 0.5411458333333333 0.09074074074074086 0.584375 0.09074074074074087
0 0.4739583333333333 0.6935185185185185 0.4270833333333333 0.6935185185185185 0.4270833333333333 0.775 0.4739583333333333 0.775
3 0.5921875 0.3175925925925927 0.5578125 0.3175925925925927 0.5578125 0.37685185185185194 0.5921875 0.37685185185185194
5 0.7203125 0.3592592592592594 0.6776041666666667 0.3592592592592594 0.6776041666666667 0.43425925925925934 0.7203125 0.43425925925925934
4 0.32864583333333336 0.33240740740740754 0.2838541666666667 0.33240740740740754 0.2838541666666667 0.4111111111111112 0.32864583333333336 0.4111111111111112
3 0.5697916666666667 0.24351851851851863 0.534375 0.24351851851851863 0.534375 0.3064814814814816 0.5697916666666667 0.3064814814814816
8 0.40989583333333335 0.5509259259259259 0.3729166666666667 0.5509259259259259 0.3729166666666667 0.6157407407407407 0.40989583333333335 0.6157407407407407
3 0.5395833333333333 0.1750000000000001 0.5057291666666667 0.1750000000000001 0.5057291666666667 0.2324074074074075 0.5395833333333333 0.2324074074074075
2 0.5151041666666667 0.5342592592592593 0.4791666666666667 0.5342592592592592 0.4791666666666667 0.5962962962962964 0.5151041666666667 0.5962962962962965
1 0.6578125 0.3351851851851853 0.6151041666666667 0.3351851851851853 0.6151041666666667 0.41018518518518526 0.6578125 0.41018518518518526
2 0.4583333333333333 0.38796296296296306 0.42291666666666666 0.38796296296296306 0.42291666666666666 0.450925925925926 0.4583333333333333 0.450925925925926
2 0.40208333333333335 0.23888888888888898 0.36666666666666664 0.23888888888888898 0.36666666666666664 0.3000000000000001 0.40208333333333335 0.3000000000000001
8 0.35052083333333334 0.4111111111111112 0.3151041666666667 0.4111111111111112 0.3151041666666667 0.47314814814814826 0.35052083333333334 0.47314814814814826