7 0.5890625 0.09166666666666679 0.5432291666666667 0.09166666666666677 0.5432291666666667 0.16481481481481491 0.5890625 0.16481481481481491
1 0.4322916666666667 0.12407407407407418 0.3890625 0.12407407407407418 0.3890625 0.19814814814814824 0.4322916666666667 0.19814814814814824
9 0.5218750000000001 0.8111111111111113 0.48541666666666666 0.8111111111111113 0.4854166666666667 0.8685185185185187 0.5218750000000001 0.8685185185185187
1 0.465625 0.7287037037037037 0.4203125 0.7287037037037037 0.4203125 0.8018518518518518 0.465625 0.8018518518518518
2 0.4453125 0.475 0.4083333333333333 0.475 0.4083333333333333 0.5351851851851852 0.4453125 0.5351851851851852
5 0.5114583333333333 0.6333333333333334 0.465625 0.6333333333333333 0.465625 0.7064814814814816 0.5114583333333333 0.7064814814814817
2 0.6744791666666666 0.6972222222222224 0.6385416666666667 0.6972222222222224 0.6385416666666667 0.7555555555555558 0.6744791666666666 0.7555555555555558
2 0.6645833333333333 0.43425925925925934 0.6270833333333333 0.43425925925925934 0.6270833333333333 0.49444444444444463 0.6645833333333333 0.49444444444444463
3 0.49583333333333335 0.45925925925925937 0.45729166666666665 0.45925925925925937 0.45729166666666665 0.5185185185185186 0.49583333333333335 0.5185185185185187
10 0.48489583333333336 0.19814814814814824 0.4453125 0.19814814814814824 0.4453125 0.2685185185185186 0.48489583333333336 0.2685185185185186
6 0.2911458333333333 0.5935185185185186 0.24531250000000007 0.5935185185185186 0.24531250000000007 0.6675925925925926 0.2911458333333333 0.6675925925925926
6 0.6 0.26574074074074083 0.5557291666666667 0.26574074074074083 0.5557291666666667 0.3398148148148149 0.6 0.3398148148148149
3 0.44947916666666665 0.5685185185185185 0.4119791666666667 0.5685185185185185 0.4119791666666667 0.6277777777777778 0.44947916666666665 0.6277777777777778
7 0.7260416666666667 0.5953703703703705 0.6817708333333333 0.5953703703703705 0.6817708333333333 0.6685185185185187 0.7260416666666667 0.6685185185185187
8 0.5395833333333333 0.275925925925926 0.5046875 0.275925925925926 0.5046875 0.3379629629629631 0.5395833333333333 0.3379629629629631
3 0.3963541666666667 0.575925925925926 0.359375 0.575925925925926 0.359375 0.6342592592592593 0.3963541666666667 0.6342592592592593
3 0.5630208333333333 0.6287037037037039 0.5265625 0.6287037037037039 0.5265625 0.6870370370370372 0.5630208333333333 0.6870370370370372
12 0.5395833333333333 0.08981481481481492 0.48541666666666666 0.08981481481481492 0.48541666666666666 0.18148148148148158 0.5395833333333333 0.18148148148148158
0 0.5713541666666667 0.7120370370370372 0.5265625 0.7120370370370372 0.5265625 0.7851851851851854 0.5713541666666667 0.7851851851851854
8 0.47604166666666664 0.10925925925925936 0.4401041666666667 0.10925925925925936 0.4401041666666667 0.16944444444444454 0.47604166666666664 0.16944444444444454
4 0.5630208333333333 0.5416666666666669 0.5177083333333333 0.5416666666666669 0.5177083333333333 0.6157407407407409 0.5630208333333333 0.6157407407407409
3 0.6645833333333333 0.5212962962962965 0.6265625 0.5212962962962965 0.6265625 0.577777777777778 0.6645833333333333 0.577777777777778
4 0.6552083333333333 0.25555555555555565 0.6114583333333333 0.25555555555555565 0.6114583333333333 0.33055555555555566 0.6552083333333333 0.33055555555555566
11 0.3307291666666667 0.31666666666666676 0.2864583333333333 0.31666666666666676 0.2864583333333333 0.38981481481481495 0.3307291666666667 0.38981481481481495
2 0.4078125 0.7462962962962963 0.37135416666666665 0.7462962962962963 0.37135416666666665 0.8046296296296296 0.4078125 0.8046296296296296
5 0.6364583333333333 0.7870370370370372 0.5916666666666667 0.7870370370370372 0.5916666666666667 0.8601851851851854 0.6364583333333333 0.8601851851851854
0 0.43645833333333334 0.29537037037037045 0.390625 0.29537037037037045 0.390625 0.3712962962962964 0.43645833333333334 0.3712962962962964
2 0.35260416666666666 0.7583333333333333 0.3177083333333333 0.7583333333333333 0.3177083333333333 0.8175925925925925 0.35260416666666666 0.8175925925925925
11 0.4921875 0.2879629629629631 0.44895833333333335 0.2879629629629631 0.44895833333333335 0.3611111111111112 0.4921875 0.3611111111111112
13 0.4729166666666667 0.8083333333333333 0.4244791666666667 0.8083333333333333 0.42447916666666674 0.8935185185185185 0.47291666666666676 0.8935185185185185
9 0.5744791666666667 0.8101851851851853 0.5395833333333333 0.8101851851851853 0.5395833333333333 0.8675925925925928 0.5744791666666667 0.8675925925925928
10 0.5234375000000001 0.8888888888888891 0.4854166666666668 0.8888888888888891 0.4854166666666668 0.9546296296296296 0.5234375000000001 0.9546296296296296