0 0.6625 0.09444444444444458 0.6244791666666667 0.09444444444444458 0.6244791666666667 0.15185185185185202 0.6625 0.15185185185185202
5 0.6317708333333333 0.8666666666666669 0.5942708333333333 0.8666666666666669 0.5942708333333333 0.9259259259259262 0.6317708333333333 0.9259259259259262
4 0.6130208333333333 0.10000000000000013 0.5744791666666667 0.10000000000000013 0.5744791666666667 0.16111111111111123 0.6130208333333333 0.16111111111111126
5 0.41250000000000014 0.8814814814814815 0.3760416666666668 0.8814814814814815 0.3760416666666668 0.9416666666666667 0.41250000000000014 0.9416666666666667
7 0.5807291666666666 0.8750000000000002 0.5390625 0.8750000000000002 0.5390625 0.9361111111111113 0.5807291666666666 0.9361111111111113
10 0.7140625 0.0981481481481483 0.6765625 0.0981481481481483 0.6765625 0.15462962962962978 0.7140625 0.15462962962962978
7 0.47552083333333345 0.8694444444444445 0.4354166666666668 0.8694444444444445 0.4354166666666668 0.9314814814814815 0.47552083333333345 0.9314814814814815
11 0.7484375 0.8500000000000002 0.7072916666666667 0.8500000000000002 0.7072916666666667 0.9111111111111113 0.7484375 0.9111111111111113
2 0.675 0.3537037037037038 0.6432291666666666 0.3537037037037038 0.6432291666666666 0.4000000000000001 0.675 0.4000000000000001
12 0.515625 0.26296296296296306 0.46927083333333336 0.26296296296296306 0.46927083333333336 0.3296296296296297 0.515625 0.3296296296296297
10 0.303125 0.12870370370370376 0.26458333333333334 0.12870370370370376 0.26458333333333334 0.18703703703703708 0.303125 0.18703703703703708
2 0.3541666666666667 0.37407407407407417 0.3223958333333333 0.37407407407407417 0.3223958333333333 0.4212962962962964 0.3541666666666667 0.4212962962962964
2 0.7244791666666667 0.34444444444444455 0.69375 0.34444444444444455 0.69375 0.38981481481481495 0.7244791666666667 0.38981481481481495
13 0.5265625 0.7055555555555557 0.478125 0.7055555555555556 0.478125 0.7777777777777779 0.5265625 0.777777777777778
4 0.39947916666666666 0.1148148148148149 0.3609375 0.1148148148148149 0.3609375 0.17037037037037045 0.39947916666666666 0.17037037037037048
2 0.30104166666666665 0.37407407407407417 0.26979166666666665 0.37407407407407417 0.26979166666666665 0.41944444444444456 0.30104166666666665 0.41944444444444456
6 0.4557291666666667 0.11203703703703713 0.41875 0.11203703703703712 0.41875 0.16666666666666677 0.4557291666666667 0.16666666666666677
2 0.571875 0.43981481481481494 0.5380208333333333 0.43981481481481494 0.5380208333333333 0.4851851851851854 0.571875 0.4851851851851854
3 0.6875 0.6111111111111113 0.6541666666666667 0.6111111111111113 0.6541666666666667 0.6574074074074077 0.6875 0.6574074074074077
3 0.740625 0.6055555555555557 0.7083333333333334 0.6055555555555557 0.7083333333333334 0.6509259259259261 0.740625 0.6509259259259261
3 0.353125 0.6277777777777778 0.31927083333333334 0.6277777777777778 0.31927083333333334 0.674074074074074 0.353125 0.674074074074074
3 0.4625 0.5305555555555556 0.42916666666666664 0.5305555555555556 0.42916666666666664 0.5768518518518518 0.4625 0.5768518518518518
1 0.69375 0.8601851851851854 0.6520833333333333 0.8601851851851854 0.6520833333333333 0.9203703703703706 0.69375 0.9203703703703706
8 0.5635416666666667 0.2712962962962964 0.5302083333333333 0.2712962962962964 0.5302083333333333 0.32222222222222235 0.5635416666666667 0.32222222222222235
1 0.3640625000000001 0.8768518518518519 0.3234375000000001 0.8768518518518519 0.3234375000000001 0.937962962962963 0.3640625000000001 0.937962962962963
0 0.35520833333333335 0.12037037037037042 0.31666666666666665 0.12037037037037042 0.31666666666666665 0.17777777777777784 0.35520833333333335 0.17777777777777784
6 0.5609375 0.10370370370370383 0.5213541666666667 0.10370370370370381 0.5213541666666667 0.15925925925925938 0.5609375 0.15925925925925938
3 0.30416666666666664 0.6333333333333333 0.271875 0.6333333333333333 0.271875 0.6796296296296296 0.30416666666666664 0.6796296296296296
11 0.3156250000000001 0.8740740740740741 0.27500000000000013 0.8740740740740741 0.27500000000000013 0.9342592592592592 0.3156250000000001 0.9342592592592592
8 0.45364583333333336 0.2777777777777779 0.42135416666666664 0.2777777777777779 0.42135416666666664 0.32314814814814824 0.45364583333333336 0.32314814814814824
9 0.46510416666666665 0.7240740740740741 0.43072916666666666 0.7240740740740741 0.43072916666666666 0.7731481481481481 0.46510416666666665 0.7731481481481481
9 0.5744791666666667 0.7064814814814817 0.5411458333333333 0.7064814814814817 0.5411458333333333 0.7546296296296299 0.5744791666666667 0.7546296296296299