1 0.19895833333333332 0.13981481481481486 0.1640625 0.13981481481481486 0.1640625 0.19259259259259265 0.19895833333333332 0.19259259259259265
4 0.6145833333333334 0.5722222222222224 0.5770833333333333 0.5722222222222224 0.5770833333333333 0.6287037037037039 0.6145833333333334 0.6287037037037039
0 0.5875 0.06481481481481495 0.5520833333333334 0.06481481481481495 0.5520833333333334 0.11574074074074087 0.5875 0.11574074074074087
7 0.290625 0.19537037037037042 0.25625 0.19537037037037042 0.25625 0.2500000000000001 0.290625 0.2500000000000001
11 0.20104166666666667 0.2962962962962963 0.16666666666666666 0.2962962962962963 0.16666666666666666 0.3509259259259259 0.20104166666666667 0.3509259259259259
13 0.24843750000000006 0.4481481481481482 0.20625000000000007 0.44814814814814813 0.20625000000000007 0.5166666666666667 0.24843750000000006 0.5166666666666667
3 0.3203125 0.11018518518518525 0.2911458333333333 0.11018518518518523 0.2911458333333333 0.150925925925926 0.3203125 0.150925925925926
3 0.328125 0.4462962962962964 0.2994791666666667 0.4462962962962964 0.2994791666666667 0.4898148148148148 0.328125 0.4898148148148148
2 0.4578125 0.08333333333333344 0.42864583333333334 0.08333333333333344 0.42864583333333334 0.12592592592592602 0.4578125 0.12592592592592602
3 0.3223958333333333 0.27685185185185196 0.29375 0.27685185185185196 0.29375 0.32037037037037047 0.3223958333333333 0.32037037037037047
4 0.5942708333333333 0.14074074074074083 0.5583333333333333 0.14074074074074083 0.5583333333333333 0.19444444444444456 0.5942708333333333 0.19444444444444456
2 0.4625 0.2527777777777779 0.43385416666666665 0.2527777777777779 0.43385416666666665 0.2962962962962964 0.4625 0.2962962962962964
2 0.4901041666666667 0.7981481481481483 0.459375 0.7981481481481482 0.459375 0.8453703703703704 0.4901041666666667 0.8453703703703705
7 0.3020833333333333 0.7379629629629629 0.2661458333333334 0.7379629629629629 0.2661458333333334 0.7935185185185185 0.3020833333333333 0.7935185185185185
3 0.3411458333333333 0.6333333333333333 0.31145833333333334 0.6333333333333333 0.31145833333333334 0.6787037037037037 0.3411458333333333 0.6787037037037037
2 0.47291666666666665 0.42777777777777787 0.44375 0.42777777777777787 0.44375 0.4685185185185186 0.47291666666666665 0.4685185185185186
6 0.5369791666666667 0.7018518518518521 0.49947916666666664 0.7018518518518521 0.49947916666666664 0.7574074074074076 0.5369791666666667 0.7574074074074076
2 0.4765625 0.6148148148148148 0.44635416666666666 0.6148148148148148 0.44635416666666666 0.6592592592592592 0.4765625 0.6592592592592592
3 0.35052083333333334 0.8138888888888889 0.321875 0.8138888888888889 0.321875 0.8592592592592593 0.35052083333333334 0.8592592592592593
1 0.22864583333333338 0.8324074074074074 0.19322916666666673 0.8324074074074074 0.19322916666666673 0.8935185185185185 0.22864583333333338 0.8935185185185185
8 0.6020833333333333 0.3277777777777779 0.5723958333333333 0.3277777777777779 0.5723958333333333 0.3694444444444446 0.6020833333333333 0.3694444444444446
12 0.571875 0.4092592592592594 0.5260416666666666 0.4092592592592594 0.5260416666666666 0.4814814814814817 0.571875 0.4814814814814817
10 0.6229166666666667 0.6620370370370372 0.5859375 0.6620370370370372 0.5859375 0.7250000000000002 0.6229166666666667 0.7250000000000002
9 0.20416666666666672 0.5740740740740741 0.1744791666666667 0.5740740740740741 0.1744791666666667 0.6185185185185185 0.20416666666666672 0.6185185185185185
8 0.6192708333333333 0.49444444444444463 0.5890625 0.49444444444444463 0.5890625 0.5388888888888891 0.6192708333333333 0.5388888888888891
0 0.6364583333333333 0.7555555555555558 0.5979166666666667 0.7555555555555558 0.5979166666666667 0.814814814814815 0.6364583333333333 0.814814814814815
6 0.503125 0.1425925925925927 0.46770833333333334 0.1425925925925927 0.46770833333333334 0.19537037037037047 0.503125 0.19537037037037047
5 0.20625 0.20648148148148154 0.1703125 0.20648148148148154 0.1703125 0.2675925925925926 0.20625 0.2675925925925926
11 0.20885416666666673 0.6453703703703704 0.17395833333333338 0.6453703703703704 0.17395833333333338 0.712037037037037 0.20885416666666673 0.712037037037037
5 0.21510416666666674 0.7324074074074074 0.1822916666666667 0.7324074074074074 0.1822916666666667 0.7935185185185185 0.21510416666666674 0.7935185185185185
10 0.5984375 0.22592592592592603 0.5645833333333333 0.22592592592592603 0.5645833333333333 0.28055555555555567 0.5984375 0.28055555555555567
9 0.20156250000000003 0.3888888888888889 0.1765625 0.3888888888888889 0.17656250000000004 0.4324074074074074 0.20156250000000006 0.4324074074074074