1 0.4817708333333333 0.18240740740740752 0.44114583333333335 0.18240740740740752 0.44114583333333335 0.2425925925925927 0.4817708333333333 0.2425925925925927
7 0.5953125 0.2500000000000001 0.5536458333333333 0.2500000000000001 0.5536458333333333 0.3175925925925927 0.5953125 0.3175925925925927
7 0.3807291666666667 0.26481481481481495 0.3416666666666667 0.26481481481481495 0.3416666666666667 0.3240740740740742 0.3807291666666667 0.3240740740740742
10 0.49895833333333345 0.8703703703703705 0.45989583333333345 0.8703703703703703 0.45989583333333345 0.9296296296296297 0.49895833333333345 0.9296296296296298
1 0.48072916666666665 0.09444444444444455 0.4395833333333333 0.09444444444444455 0.4395833333333333 0.15462962962962973 0.48072916666666665 0.15462962962962973
2 0.6005208333333333 0.7861111111111113 0.5677083333333334 0.7861111111111113 0.5677083333333334 0.8342592592592595 0.6005208333333333 0.8342592592592595
4 0.5453125 0.6000000000000002 0.5036458333333333 0.6000000000000002 0.5036458333333333 0.6592592592592594 0.5453125 0.6592592592592594
3 0.371875 0.18796296296296305 0.3380208333333333 0.18796296296296303 0.3380208333333333 0.23518518518518527 0.371875 0.2351851851851853
3 0.4265625 0.2675925925925927 0.39375 0.2675925925925927 0.39375 0.31666666666666676 0.4265625 0.31666666666666676
12 0.49166666666666664 0.2527777777777779 0.44375 0.2527777777777779 0.44375 0.32314814814814824 0.49166666666666664 0.32314814814814824
4 0.4401041666666667 0.6101851851851852 0.39895833333333336 0.6101851851851852 0.39895833333333336 0.6712962962962963 0.4401041666666667 0.6712962962962963
3 0.5864583333333333 0.16944444444444454 0.553125 0.16944444444444454 0.553125 0.22314814814814826 0.5864583333333333 0.22314814814814826
3 0.478125 0.35277777777777786 0.44635416666666666 0.35277777777777786 0.44635416666666666 0.400925925925926 0.478125 0.400925925925926
8 0.5348958333333333 0.17962962962962972 0.5005208333333333 0.17962962962962972 0.5005208333333333 0.22592592592592603 0.5348958333333333 0.22592592592592603
5 0.5458333333333333 0.3361111111111112 0.5057291666666667 0.3361111111111112 0.5057291666666667 0.3953703703703705 0.5458333333333333 0.3953703703703705
13 0.49895833333333334 0.6898148148148149 0.44947916666666665 0.6898148148148148 0.44947916666666665 0.7694444444444446 0.49895833333333334 0.7694444444444447
10 0.4973958333333333 0.7870370370370371 0.45625 0.7870370370370371 0.45625 0.8490740740740742 0.4973958333333333 0.8490740740740743
6 0.60625 0.6879629629629632 0.5645833333333333 0.6879629629629632 0.5645833333333333 0.7472222222222225 0.60625 0.7472222222222225
3 0.5364583333333334 0.263888888888889 0.503125 0.263888888888889 0.503125 0.31203703703703717 0.5364583333333334 0.31203703703703717
0 0.4421875000000001 0.8694444444444445 0.40000000000000013 0.8694444444444445 0.40000000000000013 0.9305555555555556 0.4421875000000001 0.9305555555555556
11 0.43333333333333335 0.10185185185185194 0.3921875 0.10185185185185193 0.3921875 0.16203703703703715 0.43333333333333335 0.16203703703703715
9 0.43645833333333334 0.7935185185185185 0.4015625 0.7935185185185185 0.4015625 0.8416666666666667 0.43645833333333334 0.8416666666666667
9 0.5479166666666667 0.7787037037037039 0.5151041666666667 0.7787037037037039 0.5151041666666667 0.8268518518518521 0.5479166666666667 0.8268518518518521
0 0.5510416666666667 0.8703703703703706 0.5104166666666667 0.8703703703703706 0.5104166666666667 0.9314814814814817 0.5510416666666667 0.9314814814814817
8 0.43020833333333336 0.18518518518518529 0.3984375 0.18518518518518529 0.3984375 0.23333333333333345 0.43020833333333336 0.23333333333333345
2 0.490625 0.6148148148148149 0.4557291666666667 0.6148148148148148 0.4557291666666667 0.663888888888889 0.490625 0.6638888888888891
6 0.3807291666666667 0.7074074074074074 0.3458333333333333 0.7074074074074074 0.3458333333333333 0.7731481481481481 0.3807291666666667 0.7731481481481481
2 0.3854166666666667 0.8018518518518518 0.35520833333333335 0.8018518518518518 0.35520833333333335 0.8546296296296296 0.3854166666666667 0.8546296296296296
11 0.5354166666666667 0.0851851851851853 0.496875 0.0851851851851853 0.496875 0.1490740740740742 0.5354166666666667 0.1490740740740742
2 0.5489583333333333 0.6990740740740743 0.5177083333333333 0.6990740740740743 0.5177083333333333 0.7490740740740743 0.5489583333333333 0.7490740740740743
2 0.43854166666666666 0.7018518518518518 0.4078125 0.7018518518518518 0.4078125 0.7564814814814815 0.43854166666666666 0.7564814814814815
5 0.43125 0.3398148148148149 0.390625 0.3398148148148149 0.390625 0.4129629629629631 0.43125 0.4129629629629631