3 0.5421875 0.32314814814814824 0.5020833333333333 0.32314814814814824 0.5020833333333333 0.3935185185185186 0.5421875 0.3935185185185186
3 0.6 0.48333333333333356 0.5588541666666667 0.48333333333333356 0.5588541666666667 0.5564814814814817 0.6 0.5564814814814817
2 0.4244791666666667 0.4462962962962964 0.3859375 0.4462962962962964 0.3859375 0.5157407407407407 0.4244791666666667 0.5157407407407407
2 0.37135416666666665 0.2935185185185186 0.3333333333333333 0.2935185185185186 0.3333333333333333 0.36203703703703716 0.37135416666666665 0.36203703703703716
8 0.3791666666666667 0.799074074074074 0.3411458333333333 0.799074074074074 0.34114583333333337 0.8666666666666667 0.37916666666666676 0.8666666666666667
12 0.40208333333333335 0.6620370370370371 0.34270833333333334 0.6620370370370371 0.34270833333333334 0.7675925925925926 0.40208333333333335 0.7675925925925926
13 0.6895833333333333 0.38240740740740753 0.628125 0.38240740740740753 0.628125 0.49351851851851875 0.6895833333333333 0.49351851851851875
6 0.36041666666666666 0.400925925925926 0.31354166666666666 0.400925925925926 0.31354166666666666 0.48518518518518516 0.36041666666666666 0.48518518518518516
2 0.525 0.7731481481481484 0.4864583333333333 0.7731481481481484 0.4864583333333333 0.8416666666666669 0.525 0.8416666666666669
4 0.4385416666666668 0.9537037037037037 0.39218750000000013 0.9537037037037037 0.39218750000000013 1 0.4385416666666668 1
2 0.4703125 0.6157407407407407 0.43125 0.6157407407407407 0.43125 0.6851851851851852 0.4703125 0.6851851851851852
7 0.7135416666666666 0.676851851851852 0.6640625 0.676851851851852 0.6640625 0.7657407407407409 0.7135416666666666 0.7657407407407409
7 0.5598958333333334 0.18240740740740752 0.5104166666666666 0.18240740740740752 0.5104166666666666 0.2712962962962964 0.5598958333333334 0.2712962962962964
3 0.7010416666666667 0.802777777777778 0.6619791666666667 0.802777777777778 0.6619791666666667 0.8722222222222225 0.7010416666666667 0.8722222222222225
2 0.5734375 0.926851851851852 0.534375 0.926851851851852 0.534375 0.9962962962962963 0.5734375 0.9962962962962963
1 0.6052083333333333 0.03333333333333346 0.55625 0.03333333333333345 0.55625 0.12129629629629643 0.6052083333333333 0.12129629629629646
3 0.48802083333333335 0.17037037037037048 0.44895833333333335 0.17037037037037048 0.44895833333333335 0.24074074074074084 0.48802083333333335 0.24074074074074084
8 0.3302083333333333 0.6546296296296297 0.2921875 0.6546296296296297 0.2921875 0.7231481481481481 0.3302083333333333 0.7231481481481481
4 0.32135416666666666 0.5685185185185185 0.27395833333333336 0.5685185185185185 0.27395833333333336 0.6546296296296297 0.32135416666666666 0.6546296296296297
3 0.65 0.6425925925925928 0.6088541666666667 0.6425925925925928 0.6088541666666667 0.7157407407407409 0.65 0.7157407407407409
0 0.26562500000000006 0.4222222222222223 0.21979166666666666 0.4222222222222222 0.2197916666666667 0.5037037037037037 0.26562500000000006 0.5037037037037037
6 0.5177083333333334 0.8879629629629631 0.46927083333333347 0.887962962962963 0.46927083333333347 0.9740740740740741 0.5177083333333334 0.9740740740740741
9 0.7390625 0.4361111111111113 0.6994791666666667 0.4361111111111112 0.6994791666666667 0.5055555555555558 0.7390625 0.5055555555555558
10 0.29583333333333334 0.487962962962963 0.24635416666666674 0.487962962962963 0.24635416666666674 0.575 0.29583333333333334 0.575
1 0.8260416666666667 0.6564814814814817 0.7739583333333333 0.6564814814814817 0.7739583333333333 0.7481481481481483 0.8260416666666667 0.7481481481481483
5 0.7984375 0.5879629629629631 0.7442708333333333 0.5879629629629631 0.7442708333333333 0.6833333333333336 0.7984375 0.6833333333333336
11 0.7744791666666667 0.5074074074074076 0.7223958333333333 0.5074074074074076 0.7223958333333333 0.5981481481481483 0.7744791666666667 0.5981481481481483
9 0.6880208333333333 0.26111111111111124 0.6453125 0.26111111111111124 0.6453125 0.3351851851851853 0.6880208333333333 0.3351851851851853
11 0.66875 0.1759259259259261 0.6177083333333333 0.1759259259259261 0.6177083333333333 0.2675925925925927 0.66875 0.2675925925925927
5 0.6411458333333333 0.11203703703703717 0.5911458333333334 0.11203703703703717 0.5911458333333334 0.20092592592592606 0.6411458333333333 0.2009259259259261
10 0.41302083333333345 0.8731481481481481 0.3640625000000001 0.8731481481481481 0.3640625000000001 0.9611111111111111 0.41302083333333345 0.9611111111111111