7 0.46979166666666666 0.7111111111111111 0.42083333333333334 0.7111111111111111 0.42083333333333334 0.7953703703703704 0.46979166666666666 0.7953703703703704
2 0.4619791666666668 0.9083333333333333 0.42343750000000013 0.9083333333333333 0.42343750000000013 0.9731481481481481 0.4619791666666668 0.9731481481481481
10 0.7046875 0.4407407407407408 0.6541666666666667 0.4407407407407408 0.6541666666666667 0.527777777777778 0.7046875 0.527777777777778
0 0.575 0.5185185185185187 0.5244791666666667 0.5185185185185187 0.5244791666666667 0.6055555555555557 0.575 0.6055555555555557
7 0.678125 0.7222222222222224 0.6276041666666666 0.7222222222222224 0.6276041666666666 0.8092592592592595 0.678125 0.8092592592592595
3 0.5453125 0.8064814814814817 0.5057291666666667 0.8064814814814817 0.5057291666666667 0.8740740740740743 0.5453125 0.8740740740740743
13 0.6395833333333333 0.6740740740740743 0.578125 0.6740740740740743 0.578125 0.7787037037037039 0.6395833333333333 0.7787037037037039
6 0.5114583333333333 0.550925925925926 0.46145833333333336 0.5509259259259259 0.46145833333333336 0.6361111111111112 0.5114583333333333 0.6361111111111113
3 0.4036458333333333 0.7481481481481481 0.365625 0.7481481481481481 0.365625 0.8138888888888889 0.4036458333333333 0.8138888888888889
10 0.409375 0.5564814814814815 0.3609375 0.5564814814814815 0.3609375 0.6388888888888888 0.409375 0.6388888888888888
12 0.3390625 0.4583333333333334 0.28072916666666664 0.4583333333333334 0.28072916666666664 0.5564814814814815 0.3390625 0.5564814814814815
3 0.5057291666666667 0.1750000000000001 0.4671875 0.1750000000000001 0.4671875 0.24166666666666678 0.5057291666666667 0.24166666666666678
2 0.44375 0.6055555555555555 0.4046875 0.6055555555555555 0.4046875 0.6722222222222223 0.44375 0.6722222222222223
0 0.5270833333333333 0.675925925925926 0.47760416666666666 0.6759259259259259 0.47760416666666666 0.7611111111111112 0.5270833333333333 0.7611111111111113
3 0.484375 0.45555555555555566 0.4453125 0.45555555555555566 0.4453125 0.5222222222222224 0.484375 0.5222222222222225
2 0.5453125 0.41203703703703715 0.50625 0.41203703703703715 0.50625 0.4787037037037039 0.5453125 0.4787037037037039
8 0.40572916666666664 0.36574074074074087 0.3671875 0.36574074074074087 0.3671875 0.4314814814814816 0.40572916666666664 0.4314814814814816
4 0.45625 0.20462962962962974 0.4078125 0.20462962962962974 0.4078125 0.2879629629629631 0.45625 0.2879629629629631
2 0.4625 0.5268518518518519 0.42291666666666666 0.5268518518518519 0.42291666666666666 0.5944444444444444 0.4625 0.5944444444444444
9 0.5911458333333334 0.6472222222222225 0.5505208333333333 0.6472222222222225 0.5505208333333333 0.7157407407407409 0.5911458333333334 0.7157407407407409
9 0.653125 0.6092592592592595 0.6130208333333333 0.6092592592592595 0.6130208333333333 0.677777777777778 0.653125 0.677777777777778
3 0.5645833333333333 0.33055555555555566 0.525 0.33055555555555566 0.525 0.39814814814814825 0.5645833333333333 0.39814814814814825
2 0.6270833333333333 0.2935185185185186 0.5880208333333333 0.2935185185185186 0.5880208333333333 0.36203703703703716 0.6270833333333333 0.36203703703703716
4 0.44895833333333335 0.3972222222222223 0.4010416666666667 0.3972222222222223 0.4010416666666667 0.48055555555555557 0.44895833333333335 0.48055555555555557
1 0.3145833333333333 0.737037037037037 0.2671875 0.737037037037037 0.2671875 0.8175925925925925 0.3145833333333333 0.8175925925925925
11 0.46979166666666666 0.32037037037037047 0.4203125 0.32037037037037047 0.4203125 0.40555555555555567 0.46979166666666666 0.40555555555555567
5 0.41458333333333336 0.17314814814814825 0.36770833333333336 0.17314814814814825 0.36770833333333336 0.25462962962962976 0.41458333333333336 0.25462962962962976
5 0.6125 0.35833333333333345 0.5619791666666667 0.35833333333333345 0.5619791666666667 0.44444444444444453 0.6125 0.44444444444444453
11 0.5697916666666667 0.9111111111111113 0.5203125000000001 0.9111111111111113 0.5203125000000001 0.9953703703703703 0.5697916666666667 0.9953703703703703
1 0.39739583333333334 0.25185185185185194 0.35 0.25185185185185194 0.35 0.33240740740740754 0.39739583333333334 0.33240740740740754
8 0.3723958333333333 0.338888888888889 0.33541666666666664 0.338888888888889 0.33541666666666664 0.4027777777777779 0.3723958333333333 0.4027777777777779
6 0.6359375 0.4768518518518521 0.5833333333333334 0.4768518518518521 0.5833333333333334 0.5675925925925928 0.6359375 0.5675925925925928