4 0.3307291666666667 0.04351851851851858 0.28489583333333335 0.04351851851851858 0.28489583333333335 0.12129629629629635 0.3307291666666667 0.12129629629629635
7 0.4744791666666667 0.7787037037037037 0.42864583333333334 0.7787037037037037 0.42864583333333334 0.8574074074074074 0.4744791666666667 0.8574074074074074
0 0.35208333333333336 7.160781978347719e-17 0.30572916666666666 6.656182139810151e-17 0.30572916666666666 0.044444444444444516 0.35208333333333336 0.04444444444444452
7 0.6067708333333334 0.29074074074074086 0.5609375 0.29074074074074086 0.5609375 0.3694444444444446 0.6067708333333334 0.3694444444444446
3 0.45260416666666664 0.6731481481481482 0.415625 0.6731481481481482 0.415625 0.7324074074074074 0.45260416666666664 0.7324074074074074
8 0.23489583333333336 0.37222222222222223 0.1984375 0.37222222222222223 0.19843750000000002 0.4351851851851852 0.2348958333333334 0.4351851851851852
2 0.2921875 0.7166666666666667 0.25729166666666675 0.7166666666666667 0.25729166666666675 0.774074074074074 0.2921875 0.774074074074074
3 0.5958333333333333 0.18796296296296308 0.5578125 0.18796296296296308 0.5578125 0.25092592592592605 0.5958333333333333 0.25092592592592605
2 0.46979166666666666 0.06666666666666678 0.43125 0.06666666666666678 0.43125 0.1324074074074075 0.46979166666666666 0.1324074074074075
3 0.4083333333333334 0.8157407407407408 0.3729166666666667 0.8157407407407408 0.37291666666666673 0.8740740740740741 0.40833333333333344 0.8740740740740741
3 0.5484375 0.35092592592592603 0.5098958333333333 0.35092592592592603 0.5098958333333333 0.413888888888889 0.5484375 0.413888888888889
3 0.503125 0.5083333333333334 0.465625 0.5083333333333333 0.465625 0.5685185185185186 0.503125 0.5685185185185188
6 0.275 0.6018518518518519 0.2302083333333334 0.6018518518518519 0.2302083333333334 0.6796296296296296 0.275 0.6796296296296296
12 0.303125 0.325925925925926 0.24895833333333334 0.325925925925926 0.24895833333333334 0.4231481481481483 0.303125 0.4231481481481483
2 0.42083333333333334 0.23425925925925936 0.38333333333333336 0.23425925925925936 0.38333333333333336 0.2962962962962964 0.42083333333333334 0.2962962962962964
2 0.3729166666666667 0.39814814814814825 0.33489583333333334 0.39814814814814825 0.33489583333333334 0.45925925925925937 0.3729166666666667 0.45925925925925937
2 0.3359375 0.5638888888888889 0.2984375 0.5638888888888889 0.2984375 0.6259259259259259 0.3359375 0.6259259259259259
5 0.5489583333333333 0.8333333333333336 0.5052083333333334 0.8333333333333336 0.5052083333333334 0.9074074074074077 0.5489583333333333 0.9074074074074077
6 0.4114583333333333 0.10462962962962971 0.365625 0.10462962962962971 0.365625 0.18240740740740752 0.4114583333333333 0.18240740740740752
10 0.21041666666666672 0.5222222222222223 0.16718750000000007 0.5222222222222223 0.16718750000000007 0.5972222222222222 0.21041666666666672 0.5972222222222222
1 0.5208333333333335 0.9092592592592593 0.4765625000000001 0.9092592592592592 0.4765625000000001 0.9814814814814815 0.5208333333333335 0.9814814814814815
4 0.23125000000000007 0.44074074074074077 0.18750000000000006 0.44074074074074077 0.18750000000000006 0.5148148148148148 0.23125000000000007 0.5148148148148148
0 0.18697916666666672 0.5916666666666667 0.1432291666666667 0.5916666666666667 0.1432291666666667 0.6648148148148149 0.18697916666666672 0.6648148148148149
13 0.5953125 0.5592592592592595 0.5359375 0.5592592592592595 0.5359375 0.6629629629629632 0.5953125 0.6629629629629632
1 0.7208333333333333 0.29907407407407416 0.6729166666666667 0.29907407407407416 0.6729166666666667 0.3814814814814816 0.7208333333333333 0.3814814814814816
9 0.5953125 0.7037037037037039 0.5546875 0.7037037037037039 0.5546875 0.7694444444444447 0.5953125 0.7694444444444447
8 0.27760416666666665 0.22222222222222227 0.2390625 0.22222222222222227 0.2390625 0.28981481481481486 0.27760416666666665 0.2898148148148149
10 0.30625 0.12592592592592597 0.259375 0.12592592592592597 0.259375 0.2092592592592593 0.30625 0.2092592592592593
11 0.5755208333333334 0.7629629629629632 0.5296875 0.7629629629629632 0.5296875 0.8481481481481483 0.5755208333333334 0.8481481481481483
11 0.6671875 0.4490740740740742 0.6208333333333333 0.4490740740740742 0.6208333333333333 0.5296296296296299 0.6671875 0.5296296296296299
5 0.6921875 0.3648148148148149 0.6432291666666666 0.3648148148148149 0.6432291666666666 0.4490740740740742 0.6921875 0.4490740740740742
9 0.6375 0.5388888888888891 0.6 0.5388888888888891 0.6 0.603703703703704 0.6375 0.603703703703704