10 0.45364583333333336 0.5361111111111111 0.4203125 0.5361111111111111 0.4203125 0.5935185185185186 0.45364583333333336 0.5935185185185186
10 0.6515625 0.1444444444444446 0.6192708333333333 0.1444444444444446 0.6192708333333333 0.2009259259259261 0.6515625 0.2009259259259261
0 0.5786458333333333 0.3314814814814816 0.5453125 0.3314814814814816 0.5453125 0.39074074074074083 0.5786458333333333 0.39074074074074083
12 0.365625 0.5370370370370371 0.3255208333333333 0.5370370370370371 0.3255208333333333 0.6111111111111112 0.365625 0.6111111111111112
2 0.4864583333333333 0.44537037037037047 0.459375 0.44537037037037047 0.459375 0.49166666666666675 0.4864583333333333 0.49166666666666686
7 0.5505208333333333 0.5990740740740743 0.5166666666666667 0.5990740740740743 0.5166666666666667 0.6592592592592594 0.5505208333333333 0.6592592592592594
3 0.6354166666666666 0.5916666666666669 0.6088541666666667 0.5916666666666669 0.6088541666666667 0.6388888888888891 0.6354166666666666 0.6388888888888891
3 0.484375 0.3648148148148149 0.4583333333333333 0.3648148148148149 0.4583333333333333 0.41203703703703715 0.484375 0.41203703703703715
13 0.675 0.3962962962962964 0.6348958333333333 0.3962962962962964 0.6348958333333333 0.4685185185185186 0.675 0.4685185185185186
3 0.5046875 0.7055555555555557 0.478125 0.7055555555555556 0.478125 0.7537037037037038 0.5046875 0.7537037037037039
2 0.521875 0.26574074074074083 0.49583333333333335 0.26574074074074083 0.49583333333333335 0.31203703703703717 0.521875 0.31203703703703717
3 0.42135416666666664 0.11851851851851862 0.3958333333333333 0.11851851851851862 0.3958333333333333 0.16296296296296306 0.42135416666666664 0.16296296296296306
11 0.43802083333333336 0.275925925925926 0.40572916666666664 0.275925925925926 0.40572916666666664 0.3351851851851853 0.43802083333333336 0.3351851851851853
0 0.5854166666666667 0.5111111111111113 0.5515625 0.5111111111111113 0.5515625 0.5703703703703705 0.5854166666666667 0.5703703703703705
3 0.5145833333333333 0.18703703703703714 0.4895833333333333 0.18703703703703714 0.4895833333333333 0.2314814814814816 0.5145833333333333 0.2314814814814816
5 0.35 0.21296296296296302 0.31875 0.21296296296296302 0.31875 0.2685185185185186 0.35 0.2685185185185186
9 0.6609375 0.3212962962962964 0.6338541666666667 0.3212962962962964 0.6338541666666667 0.36851851851851863 0.6609375 0.36851851851851863
2 0.4942708333333333 0.5361111111111112 0.46770833333333334 0.5361111111111111 0.46770833333333334 0.5842592592592594 0.4942708333333333 0.5842592592592595
2 0.5526041666666667 0.10000000000000012 0.5265625 0.1000000000000001 0.5265625 0.14444444444444454 0.5526041666666667 0.14444444444444454
9 0.625 0.41574074074074086 0.5979166666666667 0.41574074074074086 0.5979166666666667 0.4629629629629631 0.625 0.4629629629629631
7 0.715625 0.3925925925925927 0.6822916666666666 0.3925925925925927 0.6822916666666666 0.45185185185185195 0.715625 0.45185185185185195
8 0.35625 0.388888888888889 0.33125 0.388888888888889 0.33125 0.43425925925925934 0.35625 0.43425925925925934
6 0.6140625 0.24074074074074084 0.58125 0.24074074074074084 0.58125 0.2981481481481483 0.6140625 0.2981481481481483
6 0.5375 0.42222222222222233 0.5041666666666667 0.42222222222222233 0.5041666666666667 0.4805555555555558 0.5375 0.4805555555555558
1 0.42656250000000007 0.8064814814814815 0.3932291666666667 0.8064814814814815 0.39322916666666674 0.8666666666666667 0.4265625000000001 0.8666666666666667
11 0.690625 0.6620370370370372 0.65625 0.6620370370370372 0.65625 0.7222222222222224 0.690625 0.7222222222222224
8 0.3953125 0.3712962962962964 0.3697916666666667 0.3712962962962964 0.3697916666666667 0.4166666666666668 0.3953125 0.4166666666666668
4 0.390625 0.200925925925926 0.35885416666666664 0.20092592592592598 0.35885416666666664 0.25555555555555565 0.390625 0.25555555555555565
4 0.440625 0.3592592592592594 0.40729166666666666 0.3592592592592594 0.40729166666666666 0.41944444444444456 0.440625 0.41944444444444456
2 0.6026041666666667 0.7759259259259261 0.5760416666666667 0.7759259259259261 0.5760416666666667 0.8212962962962965 0.6026041666666667 0.8212962962962965
5 0.5598958333333334 0.16666666666666677 0.5260416666666666 0.16666666666666677 0.5260416666666666 0.22500000000000012 0.5598958333333334 0.22500000000000012
1 0.35520833333333335 0.2981481481481483 0.32395833333333335 0.2981481481481483 0.32395833333333335 0.35277777777777786 0.35520833333333335 0.35277777777777786