13 0.6395833333333333 0.08240740740740754 0.5828125 0.08240740740740754 0.5828125 0.1842592592592594 0.6395833333333333 0.18425925925925943
4 0.409375 0.6055555555555555 0.36354166666666665 0.6055555555555555 0.36354166666666665 0.687962962962963 0.409375 0.687962962962963
3 0.68125 0.31666666666666676 0.646875 0.31666666666666676 0.646875 0.38055555555555565 0.68125 0.38055555555555565
7 0.7421875 0.28425925925925943 0.6973958333333333 0.2842592592592594 0.6973958333333333 0.3629629629629631 0.7421875 0.36296296296296315
3 0.4010416666666667 0.09444444444444453 0.36354166666666665 0.09444444444444453 0.36354166666666665 0.16203703703703715 0.4010416666666667 0.16203703703703715
3 0.7671875 0.3888888888888891 0.7338541666666667 0.3888888888888891 0.7338541666666667 0.45000000000000023 0.7671875 0.45000000000000023
2 0.6338541666666667 0.5435185185185187 0.5994791666666667 0.5435185185185187 0.5994791666666667 0.6083333333333335 0.6338541666666667 0.6083333333333335
6 0.3796875 0.42777777777777787 0.334375 0.42777777777777787 0.334375 0.5101851851851852 0.3796875 0.5101851851851852
3 0.49583333333333335 0.16574074074074086 0.45989583333333334 0.16574074074074086 0.45989583333333334 0.2314814814814816 0.49583333333333335 0.2314814814814816
2 0.3463541666666667 0.3240740740740742 0.309375 0.3240740740740742 0.309375 0.3925925925925927 0.3463541666666667 0.3925925925925927
7 0.46510416666666665 0.04259259259259269 0.4203125 0.04259259259259268 0.4203125 0.12407407407407418 0.46510416666666665 0.12407407407407418
0 0.6760416666666667 0.8083333333333336 0.6317708333333333 0.8083333333333336 0.6317708333333333 0.8879629629629632 0.6760416666666667 0.8879629629629632
2 0.5421875 0.47592592592592614 0.50625 0.47592592592592614 0.50625 0.5425925925925928 0.5421875 0.5425925925925928
6 0.671875 0.6435185185185187 0.628125 0.6435185185185187 0.628125 0.7231481481481483 0.671875 0.7231481481481483
2 0.44583333333333336 0.3916666666666668 0.40989583333333335 0.3916666666666668 0.40989583333333335 0.4583333333333334 0.44583333333333336 0.4583333333333334
3 0.5958333333333333 0.23611111111111122 0.5604166666666667 0.23611111111111122 0.5604166666666667 0.301851851851852 0.5958333333333333 0.301851851851852
4 0.6348958333333333 0.7796296296296299 0.590625 0.7796296296296299 0.590625 0.8601851851851854 0.6348958333333333 0.8601851851851854
2 0.721875 0.6101851851851854 0.6885416666666667 0.6101851851851854 0.6885416666666667 0.6712962962962965 0.721875 0.6712962962962965
12 0.5114583333333333 0.5981481481481482 0.4578125 0.5981481481481481 0.4578125 0.6935185185185186 0.5114583333333333 0.6935185185185188
8 0.4432291666666667 0.6638888888888889 0.40729166666666666 0.6638888888888889 0.40729166666666666 0.7305555555555555 0.4432291666666667 0.7305555555555555
5 0.7703125 0.13981481481481497 0.7270833333333333 0.13981481481481497 0.7270833333333333 0.21851851851851867 0.7703125 0.21851851851851867
1 0.8104166666666667 0.16388888888888906 0.765625 0.16388888888888906 0.765625 0.24537037037037057 0.8104166666666667 0.24537037037037057
9 0.6807291666666667 0.07037037037037051 0.646875 0.0703703703703705 0.646875 0.1333333333333335 0.6807291666666667 0.1333333333333335
0 0.3072916666666667 0.55 0.2614583333333334 0.55 0.2614583333333334 0.6351851851851852 0.3072916666666667 0.6351851851851852
11 0.5453125 1.141302780872047e-16 0.503125 1.0953785259040216e-16 0.503125 0.023148148148148265 0.5453125 0.02314814814814827
10 0.3567708333333333 0.5740740740740741 0.31145833333333334 0.5740740740740741 0.31145833333333334 0.6546296296296297 0.3567708333333333 0.6546296296296297
11 0.7322916666666667 0.09722222222222238 0.6869791666666667 0.09722222222222238 0.6869791666666667 0.18055555555555572 0.7322916666666667 0.18055555555555572
9 0.5848958333333333 1.2348521891402478e-16 0.5494791666666666 1.1962984936115348e-16 0.5494791666666666 0.051851851851851975 0.5848958333333333 0.05185185185185198
10 0.5921875 0.7472222222222225 0.5427083333333333 0.7472222222222225 0.5427083333333333 0.8314814814814817 0.5921875 0.8314814814814817
8 0.5369791666666667 0.7222222222222224 0.49635416666666665 0.7222222222222224 0.49635416666666665 0.7879629629629632 0.5369791666666667 0.7879629629629632