5 0.6359375 0.7703703703703706 0.5973958333333333 0.7703703703703706 0.5973958333333333 0.827777777777778 0.6359375 0.827777777777778
7 0.7359375 0.589814814814815 0.6963541666666667 0.589814814814815 0.6963541666666667 0.6490740740740742 0.7359375 0.6490740740740742
1 0.46979166666666666 0.08425925925925937 0.4296875 0.08425925925925937 0.4296875 0.1425925925925927 0.46979166666666666 0.1425925925925927
6 0.6270833333333333 0.24351851851851863 0.5880208333333333 0.24351851851851863 0.5880208333333333 0.30277777777777787 0.6270833333333333 0.30277777777777787
9 0.521875 0.7694444444444447 0.4890625 0.7694444444444447 0.4890625 0.8231481481481484 0.521875 0.8231481481481484
3 0.5729166666666666 0.5935185185185188 0.5395833333333333 0.5935185185185188 0.5395833333333333 0.6407407407407409 0.5729166666666666 0.6407407407407409
2 0.6838541666666667 0.4212962962962964 0.6505208333333333 0.4212962962962964 0.6505208333333333 0.4666666666666668 0.6838541666666667 0.4666666666666668
4 0.5765625 0.5064814814814816 0.5359375 0.5064814814814816 0.5359375 0.5694444444444446 0.5765625 0.5694444444444446
8 0.5671875 0.24351851851851863 0.534375 0.24351851851851863 0.534375 0.2898148148148149 0.5671875 0.2898148148148149
1 0.4666666666666667 0.6787037037037037 0.42864583333333334 0.6787037037037037 0.42864583333333334 0.7416666666666667 0.4666666666666667 0.7416666666666667
2 0.6828125 0.6833333333333336 0.65 0.6833333333333336 0.65 0.7305555555555557 0.6828125 0.7305555555555557
12 0.5713541666666667 0.07037037037037049 0.53125 0.07037037037037047 0.53125 0.13796296296296306 0.5713541666666667 0.13796296296296306
3 0.46145833333333336 0.5148148148148148 0.42916666666666664 0.5148148148148148 0.42916666666666664 0.562962962962963 0.46145833333333336 0.562962962962963
10 0.5166666666666667 0.16203703703703715 0.4817708333333333 0.16203703703703715 0.4817708333333333 0.2175925925925927 0.5166666666666667 0.2175925925925927
3 0.4083333333333333 0.5138888888888888 0.37552083333333336 0.5138888888888888 0.37552083333333336 0.562037037037037 0.4083333333333333 0.562037037037037
13 0.46927083333333336 0.7648148148148148 0.4270833333333333 0.7648148148148148 0.4270833333333333 0.8342592592592593 0.46927083333333336 0.8342592592592593
7 0.6213541666666667 0.07592592592592606 0.5859375 0.07592592592592606 0.5859375 0.13518518518518532 0.6213541666666667 0.13518518518518535
3 0.678125 0.5018518518518521 0.6458333333333334 0.5018518518518521 0.6458333333333334 0.5500000000000002 0.678125 0.5500000000000002
9 0.5734375 0.777777777777778 0.5416666666666666 0.777777777777778 0.5416666666666666 0.8268518518518521 0.5734375 0.8268518518518521
3 0.5125 0.4129629629629631 0.48020833333333335 0.4129629629629631 0.48020833333333335 0.4611111111111112 0.5125 0.4611111111111112
0 0.4630208333333333 0.24722222222222232 0.4244791666666667 0.24722222222222232 0.4244791666666667 0.3064814814814816 0.4630208333333333 0.3064814814814816
2 0.35572916666666665 0.6935185185185185 0.3223958333333333 0.6935185185185185 0.3223958333333333 0.7398148148148148 0.35572916666666665 0.7398148148148148
11 0.5213541666666667 0.2453703703703705 0.4822916666666667 0.2453703703703705 0.4822916666666667 0.30555555555555564 0.5213541666666667 0.30555555555555564
6 0.30052083333333335 0.5194444444444445 0.2614583333333334 0.5194444444444445 0.2614583333333334 0.5787037037037037 0.30052083333333335 0.5787037037037037
4 0.6828125 0.24074074074074084 0.6447916666666667 0.24074074074074084 0.6447916666666667 0.3000000000000001 0.6828125 0.3000000000000001
8 0.5125 0.07314814814814825 0.4828125 0.07314814814814825 0.4828125 0.12037037037037047 0.5125 0.12037037037037047
2 0.4114583333333333 0.6888888888888889 0.37864583333333335 0.6888888888888889 0.37864583333333335 0.7388888888888889 0.4114583333333333 0.7388888888888889
10 0.5166666666666667 0.8518518518518521 0.48489583333333336 0.8518518518518521 0.4848958333333334 0.9101851851851854 0.5166666666666668 0.9101851851851854
0 0.5723958333333333 0.6796296296296298 0.5338541666666666 0.6796296296296298 0.5338541666666666 0.7435185185185187 0.5723958333333333 0.7435185185185187
2 0.46145833333333336 0.4231481481481483 0.43125 0.4231481481481483 0.43125 0.47314814814814826 0.46145833333333336 0.47314814814814826
11 0.3578125 0.25185185185185194 0.32135416666666666 0.25185185185185194 0.32135416666666666 0.3074074074074075 0.3578125 0.3074074074074075
5 0.5171875 0.5916666666666668 0.4817708333333333 0.5916666666666667 0.4817708333333333 0.6518518518518519 0.5171875 0.651851851851852