4 0.4427083333333333 0.10185185185185194 0.40677083333333336 0.10185185185185193 0.40677083333333336 0.15462962962962973 0.4427083333333333 0.15462962962962973
2 0.5322916666666667 0.3398148148148149 0.5015625 0.3398148148148149 0.5015625 0.38240740740740753 0.5322916666666667 0.38240740740740753
7 0.6880208333333333 0.6592592592592594 0.6515625 0.6592592592592594 0.6515625 0.7166666666666669 0.6880208333333333 0.7166666666666669
1 0.7354166666666667 0.8120370370370372 0.6973958333333333 0.8120370370370372 0.6973958333333333 0.8703703703703706 0.7354166666666667 0.8703703703703706
13 0.5401041666666667 0.7212962962962965 0.4947916666666667 0.7212962962962965 0.4947916666666667 0.7898148148148151 0.5401041666666667 0.7898148148148151
10 0.39427083333333335 0.11388888888888897 0.35833333333333334 0.11388888888888897 0.35833333333333334 0.16666666666666674 0.39427083333333335 0.16666666666666677
6 0.3859375 0.2564814814814816 0.3489583333333333 0.2564814814814816 0.3489583333333333 0.3101851851851853 0.3859375 0.3101851851851853
2 0.7296875 0.33611111111111125 0.7 0.3361111111111112 0.7 0.3787037037037039 0.7296875 0.37870370370370393
8 0.5796875 0.11759259259259272 0.5510416666666667 0.11759259259259272 0.5510416666666667 0.15833333333333344 0.5796875 0.15833333333333344
2 0.6302083333333334 0.33703703703703713 0.5984375 0.33703703703703713 0.5984375 0.37962962962962976 0.6302083333333334 0.37962962962962976
3 0.634375 0.5814814814814817 0.6041666666666666 0.5814814814814817 0.6041666666666666 0.6250000000000002 0.634375 0.6250000000000002
3 0.7317708333333334 0.577777777777778 0.7005208333333334 0.577777777777778 0.7005208333333334 0.6212962962962965 0.7317708333333334 0.6212962962962965
7 0.3770833333333333 0.6564814814814814 0.33958333333333335 0.6564814814814814 0.33958333333333335 0.7111111111111111 0.3770833333333333 0.7111111111111111
6 0.675 0.2583333333333334 0.6395833333333333 0.2583333333333334 0.6395833333333333 0.3101851851851853 0.675 0.3101851851851853
2 0.4328125 0.3314814814814816 0.4010416666666667 0.3314814814814816 0.4010416666666667 0.37685185185185194 0.4328125 0.37685185185185194
12 0.540625 0.1675925925925927 0.4979166666666667 0.1675925925925927 0.4979166666666667 0.2314814814814816 0.540625 0.2314814814814816
3 0.33125 0.5740740740740741 0.2989583333333333 0.5740740740740741 0.2989583333333333 0.6175925925925926 0.33125 0.6175925925925926
3 0.4276041666666667 0.5768518518518518 0.396875 0.5768518518518518 0.396875 0.6212962962962963 0.4276041666666667 0.6212962962962963
3 0.5291666666666667 0.5842592592592595 0.4973958333333333 0.5842592592592595 0.4973958333333333 0.627777777777778 0.5291666666666667 0.627777777777778
2 0.33958333333333335 0.34074074074074084 0.3104166666666667 0.34074074074074084 0.3104166666666667 0.38240740740740753 0.33958333333333335 0.38240740740740753
11 0.6895833333333333 0.8138888888888891 0.6515625 0.8138888888888891 0.6515625 0.8731481481481483 0.6895833333333333 0.8731481481481483
8 0.49322916666666666 0.113888888888889 0.46458333333333335 0.113888888888889 0.46458333333333335 0.15462962962962973 0.49322916666666666 0.15462962962962973
4 0.6348958333333333 0.1129629629629631 0.5979166666666667 0.1129629629629631 0.5979166666666667 0.16388888888888903 0.6348958333333333 0.16388888888888906
1 0.33593750000000006 0.812962962962963 0.29791666666666666 0.812962962962963 0.2979166666666667 0.8712962962962963 0.3359375000000001 0.8712962962962963
9 0.5796875 0.8287037037037039 0.5484375 0.8287037037037039 0.5484375 0.8750000000000002 0.5796875 0.8750000000000002
5 0.38802083333333337 0.8138888888888889 0.35052083333333334 0.8138888888888889 0.3505208333333334 0.8722222222222222 0.3880208333333334 0.8722222222222222
5 0.6390625 0.8074074074074076 0.6015625 0.8074074074074076 0.6015625 0.864814814814815 0.6390625 0.864814814814815
10 0.6760416666666667 0.11574074074074088 0.6411458333333333 0.11574074074074087 0.6411458333333333 0.16851851851851868 0.6760416666666667 0.16851851851851868
0 0.34322916666666664 0.10370370370370378 0.3072916666666667 0.10370370370370378 0.3072916666666667 0.15740740740740747 0.34322916666666664 0.15740740740740747
11 0.43437500000000007 0.8148148148148148 0.3984375 0.8148148148148148 0.39843750000000006 0.8805555555555555 0.4343750000000001 0.8805555555555555
9 0.48177083333333337 0.8212962962962963 0.453125 0.8212962962962963 0.45312500000000006 0.8722222222222222 0.4817708333333334 0.8722222222222222
0 0.7307291666666667 0.11759259259259275 0.6958333333333333 0.11759259259259275 0.6958333333333333 0.17870370370370386 0.7307291666666667 0.17870370370370386