7 0.31875 0.25555555555555565 0.2713541666666667 0.25555555555555565 0.2713541666666667 0.34074074074074084 0.31875 0.34074074074074084
0 0.22708333333333333 0.2759259259259259 0.18333333333333332 0.2759259259259259 0.18333333333333332 0.3527777777777778 0.22708333333333333 0.3527777777777778
2 0.4734375 0.38055555555555565 0.43645833333333334 0.38055555555555565 0.43645833333333334 0.4462962962962964 0.4734375 0.4462962962962964
12 0.4432291666666667 0.5148148148148148 0.3854166666666667 0.5148148148148148 0.3854166666666667 0.6194444444444445 0.4432291666666667 0.6194444444444445
0 0.46406250000000004 0.8342592592592593 0.41770833333333335 0.8342592592592593 0.4177083333333334 0.9175925925925926 0.4640625000000001 0.9175925925925926
3 0.5114583333333333 0.2351851851851853 0.4744791666666667 0.2351851851851853 0.4744791666666667 0.30092592592592604 0.5114583333333333 0.30092592592592604
7 0.40260416666666665 0.700925925925926 0.35520833333333335 0.700925925925926 0.35520833333333335 0.7861111111111111 0.40260416666666665 0.7861111111111111
3 0.6609375 0.5768518518518521 0.625 0.5768518518518521 0.625 0.6416666666666668 0.6609375 0.6416666666666668
3 0.6 0.4425925925925927 0.5640625 0.4425925925925927 0.5640625 0.5074074074074076 0.6 0.5074074074074076
2 0.3807291666666667 0.2925925925925927 0.34375 0.2925925925925927 0.34375 0.35833333333333345 0.3807291666666667 0.35833333333333345
2 0.4973958333333333 0.576851851851852 0.45989583333333334 0.5768518518518518 0.45989583333333334 0.6435185185185186 0.4973958333333333 0.6435185185185187
3 0.45260416666666664 0.08888888888888898 0.4171875 0.08888888888888896 0.4171875 0.15185185185185196 0.45260416666666664 0.15185185185185196
3 0.5453125 0.30092592592592604 0.5088541666666667 0.30092592592592604 0.5088541666666667 0.3675925925925927 0.5453125 0.3675925925925927
9 0.6171875 0.11111111111111124 0.5822916666666667 0.11111111111111124 0.5822916666666667 0.17314814814814827 0.6171875 0.1731481481481483
4 0.3104166666666667 0.4981481481481482 0.26406250000000003 0.4981481481481482 0.26406250000000003 0.5814814814814815 0.3104166666666667 0.5814814814814815
2 0.55625 0.7064814814814817 0.5197916666666667 0.7064814814814817 0.5197916666666667 0.7722222222222225 0.55625 0.7722222222222225
8 0.3380208333333333 0.44444444444444453 0.3015625 0.44444444444444453 0.3015625 0.5101851851851852 0.3380208333333333 0.5101851851851852
9 0.6703125 0.24444444444444455 0.6354166666666666 0.24444444444444455 0.6354166666666666 0.3064814814814816 0.6703125 0.3064814814814816
8 0.36822916666666666 0.5231481481481481 0.33125 0.5231481481481481 0.33125 0.5879629629629629 0.36822916666666666 0.5879629629629629
4 0.46822916666666664 0.6 0.421875 0.6 0.421875 0.6824074074074075 0.46822916666666664 0.6824074074074075
5 0.5197916666666667 0.10555555555555567 0.4744791666666667 0.10555555555555567 0.4744791666666667 0.18703703703703714 0.5197916666666667 0.18703703703703714
5 0.7296875 0.37129629629629646 0.6854166666666667 0.3712962962962964 0.6854166666666667 0.4500000000000002 0.7296875 0.45000000000000023
13 0.5588541666666667 0.17222222222222233 0.5041666666666667 0.17222222222222233 0.5041666666666667 0.2712962962962964 0.5588541666666667 0.2712962962962964
11 0.5911458333333334 0.03981481481481494 0.5473958333333333 0.039814814814814935 0.5473958333333333 0.11851851851851862 0.5911458333333334 0.11851851851851862
6 0.4588541666666667 0.18611111111111123 0.4125 0.18611111111111123 0.4125 0.26944444444444454 0.4588541666666667 0.26944444444444454
6 0.5005208333333333 0.6777777777777779 0.45364583333333336 0.6777777777777778 0.45364583333333336 0.7611111111111112 0.5005208333333333 0.7611111111111113
2 0.35572916666666665 0.11111111111111119 0.31927083333333334 0.11111111111111119 0.31927083333333334 0.1768518518518519 0.35572916666666665 0.1768518518518519
1 0.5270833333333333 0.019444444444444552 0.48333333333333334 0.01944444444444455 0.48333333333333334 0.08333333333333344 0.5270833333333333 0.08333333333333344
1 0.66875 0.438888888888889 0.621875 0.438888888888889 0.621875 0.5231481481481484 0.66875 0.5231481481481484
10 0.6739583333333333 0.3398148148148149 0.6296875 0.3398148148148149 0.6296875 0.42037037037037045 0.6739583333333333 0.42037037037037045
10 0.540625 0.4000000000000001 0.4942708333333333 0.4000000000000001 0.4942708333333333 0.48425925925925944 0.540625 0.48425925925925944
11 0.5786458333333333 0.4712962962962964 0.53125 0.4712962962962964 0.53125 0.5564814814814817 0.5786458333333333 0.5564814814814817