0 0.6489583333333333 0.16111111111111126 0.6078125 0.16111111111111126 0.6078125 0.23240740740740756 0.6489583333333333 0.23240740740740756
0 0.45625 0.39444444444444454 0.4119791666666667 0.39444444444444454 0.4119791666666667 0.47314814814814826 0.45625 0.47314814814814826
7 0.7723958333333333 0.564814814814815 0.7307291666666667 0.564814814814815 0.7307291666666667 0.6407407407407409 0.7723958333333333 0.6407407407407409
2 0.5135416666666667 0.438888888888889 0.4786458333333333 0.438888888888889 0.4786458333333333 0.500925925925926 0.5135416666666667 0.5009259259259261
5 0.79375 0.6361111111111113 0.7520833333333333 0.6361111111111113 0.7520833333333333 0.714814814814815 0.79375 0.714814814814815
13 0.675 0.7453703703703706 0.6223958333333334 0.7453703703703706 0.6223958333333334 0.8435185185185188 0.675 0.8435185185185188
4 0.6078125 0.18981481481481494 0.5661458333333333 0.1898148148148149 0.5661458333333333 0.263888888888889 0.6078125 0.263888888888889
4 0.43333333333333335 0.3250000000000001 0.390625 0.3250000000000001 0.390625 0.40185185185185196 0.43333333333333335 0.40185185185185196
7 0.6041666666666666 0.7222222222222224 0.5604166666666667 0.7222222222222224 0.5604166666666667 0.801851851851852 0.6041666666666666 0.801851851851852
3 0.6234375 0.6212962962962965 0.5885416666666666 0.6212962962962965 0.5885416666666666 0.6851851851851853 0.6234375 0.6851851851851853
6 0.49895833333333334 0.3601851851851853 0.45677083333333335 0.3601851851851853 0.45677083333333335 0.43796296296296305 0.49895833333333334 0.43796296296296305
12 0.5223958333333333 0.25092592592592605 0.4713541666666667 0.25092592592592605 0.4713541666666667 0.34444444444444455 0.5223958333333333 0.34444444444444455
10 0.5838541666666667 0.2861111111111112 0.5416666666666666 0.2861111111111112 0.5416666666666666 0.36296296296296304 0.5838541666666667 0.36296296296296304
2 0.6036458333333333 0.36203703703703716 0.5708333333333333 0.36203703703703716 0.5708333333333333 0.41944444444444456 0.6036458333333333 0.41944444444444456
1 0.7296875 0.6018518518518521 0.6869791666666667 0.6018518518518521 0.6869791666666667 0.6814814814814817 0.7296875 0.6814814814814817
5 0.5770833333333333 0.8351851851851854 0.5328125 0.8351851851851854 0.5328125 0.9166666666666669 0.5770833333333333 0.9166666666666669
3 0.6630208333333333 0.5768518518518521 0.628125 0.5768518518518521 0.628125 0.6398148148148151 0.6630208333333333 0.6398148148148151
11 0.7526041666666666 0.6759259259259262 0.7109375 0.6759259259259262 0.7109375 0.752777777777778 0.7526041666666666 0.752777777777778
3 0.7088541666666667 0.5425925925925928 0.6755208333333333 0.5425925925925928 0.6755208333333333 0.602777777777778 0.7088541666666667 0.602777777777778
10 0.5416666666666666 0.3250000000000001 0.49947916666666664 0.3250000000000001 0.49947916666666664 0.4027777777777779 0.5416666666666666 0.4027777777777779
3 0.5328125 0.6962962962962965 0.4984375 0.6962962962962965 0.4984375 0.7592592592592595 0.5328125 0.7592592592592595
9 0.7067708333333333 0.7194444444444447 0.6734375 0.7194444444444447 0.6734375 0.7824074074074077 0.7067708333333333 0.7824074074074077
9 0.6208333333333333 0.8037037037037039 0.5864583333333333 0.8037037037037039 0.5864583333333333 0.8666666666666669 0.6208333333333333 0.8666666666666669
2 0.6458333333333334 0.33055555555555566 0.6130208333333333 0.33055555555555566 0.6130208333333333 0.38981481481481495 0.6458333333333334 0.38981481481481495
6 0.6286458333333333 0.25555555555555565 0.5875 0.25555555555555565 0.5875 0.3314814814814816 0.6286458333333333 0.3314814814814816
8 0.5583333333333333 0.23703703703703713 0.5260416666666666 0.23703703703703713 0.5260416666666666 0.29444444444444456 0.5583333333333333 0.29444444444444456
2 0.5598958333333334 0.4037037037037038 0.5260416666666666 0.4037037037037038 0.5260416666666666 0.463888888888889 0.5598958333333334 0.463888888888889
3 0.5776041666666667 0.6592592592592594 0.5416666666666666 0.6592592592592594 0.5416666666666666 0.7240740740740743 0.5776041666666667 0.7240740740740743
2 0.46875 0.48055555555555557 0.434375 0.48055555555555557 0.434375 0.5425925925925926 0.46875 0.5425925925925926
11 0.6916666666666667 0.6398148148148151 0.6494791666666667 0.6398148148148151 0.6494791666666667 0.7166666666666669 0.6916666666666667 0.7166666666666669
1 0.646875 0.6805555555555558 0.6036458333333333 0.6805555555555558 0.6036458333333333 0.7601851851851854 0.646875 0.7601851851851854
8 0.471875 0.2981481481481483 0.4375 0.2981481481481483 0.4375 0.3601851851851853 0.471875 0.3601851851851853