7 0.3729166666666667 0.3611111111111112 0.33541666666666664 0.3611111111111112 0.33541666666666664 0.4287037037037038 0.3729166666666667 0.4287037037037038
6 0.5947916666666667 0.29722222222222233 0.5541666666666667 0.29722222222222233 0.5541666666666667 0.3694444444444446 0.5947916666666667 0.3694444444444446
10 0.6026041666666667 0.47407407407407426 0.5625 0.47407407407407426 0.5625 0.5462962962962965 0.6026041666666667 0.5462962962962965
4 0.6380208333333334 0.1916666666666668 0.5984375 0.19166666666666676 0.5984375 0.263888888888889 0.6380208333333334 0.263888888888889
4 0.6489583333333333 0.5564814814814817 0.6098958333333333 0.5564814814814817 0.6098958333333333 0.6268518518518521 0.6489583333333333 0.6268518518518521
13 0.33697916666666666 0.45370370370370383 0.2916666666666667 0.45370370370370383 0.2916666666666667 0.5361111111111111 0.33697916666666666 0.5361111111111111
0 0.5916666666666667 0.20833333333333343 0.5515625 0.20833333333333343 0.5515625 0.2814814814814816 0.5916666666666667 0.2814814814814816
6 0.6020833333333333 0.5685185185185188 0.5625 0.5685185185185188 0.5625 0.6407407407407409 0.6020833333333333 0.6407407407407409
1 0.3765625 0.4462962962962964 0.3390625 0.4462962962962964 0.3390625 0.5148148148148148 0.3765625 0.5148148148148148
11 0.33958333333333335 0.6277777777777778 0.30364583333333334 0.6277777777777778 0.30364583333333334 0.6953703703703704 0.33958333333333335 0.6953703703703704
7 0.38645833333333335 0.7046296296296296 0.3489583333333333 0.7046296296296296 0.3489583333333333 0.7722222222222223 0.38645833333333335 0.7722222222222223
12 0.6473958333333333 0.3574074074074075 0.5984375 0.3574074074074075 0.5984375 0.44537037037037047 0.6473958333333333 0.44537037037037047
9 0.328125 0.37962962962962976 0.29791666666666666 0.37962962962962976 0.29791666666666666 0.4361111111111112 0.328125 0.4361111111111112
3 0.4119791666666667 0.4425925925925927 0.38177083333333334 0.4425925925925927 0.38177083333333334 0.4962962962962963 0.4119791666666667 0.4962962962962963
9 0.33489583333333334 0.5518518518518518 0.30572916666666666 0.5518518518518518 0.30572916666666666 0.6055555555555555 0.33489583333333334 0.6055555555555555
10 0.596875 0.38425925925925936 0.5567708333333333 0.38425925925925936 0.5567708333333333 0.4583333333333334 0.596875 0.4583333333333334
2 0.553125 0.5879629629629631 0.521875 0.5879629629629631 0.521875 0.6435185185185187 0.553125 0.6435185185185187
3 0.4083333333333333 0.2675925925925927 0.37916666666666665 0.2675925925925927 0.37916666666666665 0.32222222222222235 0.4083333333333333 0.32222222222222235
3 0.41041666666666665 0.35185185185185197 0.3802083333333333 0.35185185185185197 0.3802083333333333 0.4074074074074075 0.41041666666666665 0.4074074074074075
8 0.6380208333333334 0.28703703703703715 0.60625 0.28703703703703715 0.60625 0.34259259259259267 0.6380208333333334 0.34259259259259267
11 0.3796875 0.5361111111111111 0.3421875 0.5361111111111111 0.3421875 0.6046296296296296 0.3796875 0.6046296296296296
2 0.546875 0.4064814814814816 0.5161458333333333 0.4064814814814816 0.5161458333333333 0.4629629629629631 0.546875 0.4629629629629631
2 0.553125 0.5018518518518521 0.5213541666666667 0.5018518518518521 0.5213541666666667 0.5564814814814817 0.553125 0.5564814814814817
3 0.4192708333333333 0.6194444444444445 0.3890625 0.6194444444444445 0.3890625 0.6759259259259259 0.4192708333333333 0.6759259259259259
2 0.5395833333333333 0.22314814814814826 0.5083333333333333 0.22314814814814826 0.5083333333333333 0.27962962962962973 0.5395833333333333 0.27962962962962973
3 0.41875 0.5268518518518519 0.3890625 0.5268518518518519 0.3890625 0.5805555555555556 0.41875 0.5805555555555556
8 0.6401041666666667 0.46574074074074084 0.609375 0.46574074074074084 0.609375 0.5222222222222225 0.6401041666666667 0.5222222222222225
1 0.38333333333333336 0.6157407407407407 0.346875 0.6157407407407407 0.346875 0.6824074074074075 0.38333333333333336 0.6824074074074075
2 0.5453125 0.31296296296296305 0.5140625 0.31296296296296305 0.5140625 0.36851851851851863 0.5453125 0.36851851851851863
5 0.34322916666666664 0.7129629629629629 0.3067708333333333 0.7129629629629629 0.3067708333333333 0.7805555555555556 0.34322916666666664 0.7805555555555556
0 0.65 0.6462962962962965 0.6109375 0.6462962962962965 0.6109375 0.7166666666666669 0.65 0.7166666666666669
5 0.3302083333333333 0.2824074074074075 0.29375 0.2824074074074075 0.29375 0.35092592592592603 0.3302083333333333 0.35092592592592603