0 0.3677083333333334 0.8009259259259259 0.3265625 0.8009259259259259 0.32656250000000003 0.8722222222222222 0.36770833333333347 0.8722222222222222
5 0.46927083333333336 0.11296296296296306 0.42239583333333336 0.11296296296296304 0.42239583333333336 0.19537037037037047 0.46927083333333336 0.19537037037037047
4 0.40989583333333335 0.7648148148148148 0.3671875 0.7648148148148148 0.3671875 0.837037037037037 0.40989583333333335 0.837037037037037
2 0.45625 0.5611111111111111 0.42239583333333336 0.5611111111111111 0.42239583333333336 0.6212962962962963 0.45625 0.6212962962962963
3 0.40260416666666665 0.35092592592592603 0.36614583333333334 0.35092592592592603 0.36614583333333334 0.4148148148148149 0.40260416666666665 0.4148148148148149
12 0.50625 0.6694444444444445 0.453125 0.6694444444444444 0.453125 0.763888888888889 0.50625 0.7638888888888891
5 0.2390625 0.3435185185185185 0.1953125 0.3435185185185185 0.1953125 0.42407407407407405 0.2390625 0.42407407407407405
13 0.375 0.19814814814814824 0.3203125 0.1981481481481482 0.3203125 0.2962962962962964 0.375 0.2962962962962964
3 0.4505208333333333 0.3064814814814816 0.41458333333333336 0.3064814814814816 0.41458333333333336 0.3694444444444446 0.4505208333333333 0.3694444444444446
11 0.3421875 0.32685185185185195 0.2984375 0.32685185185185195 0.2984375 0.40555555555555567 0.3421875 0.40555555555555567
9 0.32135416666666666 0.26481481481481495 0.2859375 0.26481481481481495 0.2859375 0.3296296296296297 0.32135416666666666 0.3296296296296297
10 0.43697916666666664 0.662962962962963 0.39375 0.662962962962963 0.39375 0.7398148148148148 0.43697916666666664 0.7398148148148148
3 0.31145833333333334 0.44444444444444453 0.2760416666666667 0.44444444444444453 0.2760416666666667 0.5074074074074074 0.31145833333333334 0.5074074074074074
7 0.2572916666666667 0.4138888888888889 0.2140625 0.41388888888888886 0.21406250000000002 0.4925925925925926 0.25729166666666675 0.4925925925925926
1 0.3026041666666667 0.37037037037037046 0.259375 0.37037037037037046 0.259375 0.44814814814814824 0.3026041666666667 0.44814814814814824
11 0.28177083333333336 0.2990740740740741 0.23854166666666668 0.29907407407407405 0.23854166666666668 0.37870370370370376 0.28177083333333336 0.3787037037037038
9 0.41354166666666664 0.16851851851851862 0.3765625 0.16851851851851862 0.3765625 0.23425925925925936 0.41354166666666664 0.23425925925925936
0 0.5697916666666667 0.5361111111111113 0.5255208333333333 0.5361111111111113 0.5255208333333333 0.614814814814815 0.5697916666666667 0.614814814814815
6 0.39010416666666664 0.700925925925926 0.34791666666666665 0.700925925925926 0.34791666666666665 0.775 0.39010416666666664 0.775
7 0.4354166666666667 0.2314814814814816 0.39010416666666664 0.2314814814814816 0.39010416666666664 0.31203703703703717 0.4354166666666667 0.31203703703703717
10 0.48020833333333335 0.6166666666666667 0.43697916666666664 0.6166666666666667 0.43697916666666664 0.6953703703703704 0.48020833333333335 0.6953703703703704
4 0.5885416666666666 0.6000000000000002 0.5453125 0.6000000000000002 0.5453125 0.676851851851852 0.5885416666666666 0.676851851851852
2 0.36666666666666664 0.6472222222222223 0.3328125 0.6472222222222223 0.3328125 0.7064814814814815 0.36666666666666664 0.7064814814814815
3 0.496875 0.263888888888889 0.46041666666666664 0.263888888888889 0.46041666666666664 0.3277777777777779 0.496875 0.3277777777777779
3 0.36041666666666666 0.40185185185185196 0.3255208333333333 0.40185185185185196 0.3255208333333333 0.463888888888889 0.36041666666666666 0.463888888888889
2 0.40989583333333335 0.6111111111111112 0.3765625 0.6111111111111112 0.3765625 0.6685185185185185 0.40989583333333335 0.6685185185185185
6 0.5239583333333333 0.5750000000000001 0.48020833333333335 0.575 0.48020833333333335 0.6537037037037038 0.5239583333333333 0.6537037037037039
8 0.4510416666666667 0.725925925925926 0.41770833333333335 0.725925925925926 0.41770833333333335 0.7851851851851852 0.4510416666666667 0.7851851851851852
8 0.540625 0.6481481481481484 0.5057291666666667 0.6481481481481484 0.5057291666666667 0.7111111111111114 0.540625 0.7111111111111114
2 0.5505208333333333 0.4703703703703705 0.515625 0.4703703703703705 0.515625 0.5324074074074077 0.5505208333333333 0.5324074074074077
2 0.5046875 0.5175925925925927 0.46927083333333336 0.5175925925925926 0.46927083333333336 0.5787037037037038 0.5046875 0.5787037037037039
1 0.38958333333333334 0.2777777777777779 0.34479166666666666 0.2777777777777779 0.34479166666666666 0.35833333333333345 0.38958333333333334 0.35833333333333345