1 0.27447916666666666 0.7194444444444444 0.2348958333333334 0.7194444444444444 0.2348958333333334 0.7962962962962963 0.27447916666666666 0.7962962962962963
5 0.2755208333333333 0.6259259259259259 0.2369791666666667 0.6259259259259259 0.2369791666666667 0.7018518518518518 0.2755208333333333 0.7018518518518518
5 0.30104166666666665 0.23796296296296307 0.2635416666666667 0.23796296296296307 0.2635416666666667 0.3157407407407408 0.30104166666666665 0.3157407407407408
7 0.2864583333333333 0.5166666666666667 0.2473958333333334 0.5166666666666667 0.2473958333333334 0.5925925925925926 0.2864583333333333 0.5925925925925926
0 0.7333333333333333 0.20925925925925942 0.6973958333333333 0.20925925925925942 0.6973958333333333 0.2805555555555557 0.7333333333333333 0.2805555555555558
7 0.28958333333333336 0.33240740740740754 0.2526041666666667 0.33240740740740754 0.2526041666666667 0.40833333333333344 0.28958333333333336 0.40833333333333344
0 0.6989583333333333 0.7564814814814816 0.6630208333333333 0.7564814814814816 0.6630208333333333 0.8314814814814817 0.6989583333333333 0.8314814814814817
4 0.7265625 0.2972222222222224 0.6885416666666667 0.29722222222222233 0.6885416666666667 0.3722222222222224 0.7265625 0.37222222222222245
10 0.734375 0.12129629629629646 0.6979166666666666 0.12129629629629646 0.6979166666666666 0.19166666666666682 0.734375 0.19166666666666682
1 0.3067708333333333 0.1342592592592593 0.26875 0.1342592592592593 0.26875 0.21018518518518522 0.3067708333333333 0.21018518518518522
2 0.5890625 0.18425925925925937 0.5598958333333334 0.18425925925925937 0.5598958333333334 0.24444444444444455 0.5890625 0.24444444444444455
6 0.7109375 0.5759259259259262 0.6760416666666667 0.5759259259259262 0.6760416666666667 0.6509259259259261 0.7109375 0.6509259259259261
12 0.6296875 0.4712962962962964 0.5875 0.4712962962962964 0.5875 0.5574074074074076 0.6296875 0.5574074074074076
10 0.6901041666666666 0.8472222222222224 0.6541666666666667 0.8472222222222224 0.6541666666666667 0.9194444444444446 0.6901041666666666 0.9194444444444446
6 0.721875 0.39074074074074083 0.6859375 0.39074074074074083 0.6859375 0.46574074074074084 0.721875 0.46574074074074084
13 0.38385416666666666 0.4324074074074075 0.33645833333333336 0.4324074074074075 0.33645833333333336 0.5212962962962963 0.38385416666666666 0.5212962962962963
3 0.4453125 0.15462962962962973 0.4166666666666667 0.15462962962962973 0.4166666666666667 0.21574074074074084 0.4453125 0.21574074074074084
2 0.5541666666666667 0.8453703703703705 0.5265625 0.8453703703703705 0.5265625 0.9055555555555558 0.5541666666666667 0.9055555555555558
4 0.7052083333333333 0.6750000000000002 0.6697916666666667 0.6750000000000002 0.6697916666666667 0.7490740740740743 0.7052083333333333 0.7490740740740743
3 0.4505208333333333 0.0574074074074075 0.42135416666666664 0.0574074074074075 0.42135416666666664 0.11851851851851862 0.4505208333333333 0.11851851851851862
3 0.4125 0.7425925925925926 0.384375 0.7425925925925926 0.384375 0.8064814814814815 0.4125 0.8064814814814815
3 0.47604166666666664 0.5527777777777778 0.44635416666666666 0.5527777777777778 0.44635416666666666 0.6138888888888889 0.47604166666666664 0.6138888888888889
2 0.5557291666666667 0.7518518518518521 0.5270833333333333 0.7518518518518521 0.5270833333333333 0.8111111111111113 0.5557291666666667 0.8111111111111113
8 0.628125 0.3833333333333334 0.5947916666666667 0.3833333333333334 0.5947916666666667 0.44722222222222235 0.628125 0.44722222222222235
2 0.5953125 0.09351851851851865 0.5671875 0.09351851851851865 0.5671875 0.15277777777777787 0.5953125 0.15277777777777787
2 0.534375 0.36574074074074087 0.5052083333333334 0.36574074074074087 0.5052083333333334 0.4231481481481483 0.534375 0.4231481481481483
3 0.4083333333333334 0.8314814814814815 0.37916666666666665 0.8314814814814815 0.3791666666666667 0.8925925925925926 0.40833333333333344 0.8925925925925926
11 0.3177083333333333 0.037037037037037104 0.2791666666666667 0.037037037037037104 0.2791666666666667 0.11574074074074081 0.3177083333333333 0.11574074074074082
9 0.3692708333333333 0.5435185185185185 0.3385416666666667 0.5435185185185185 0.3385416666666667 0.6064814814814815 0.3692708333333333 0.6064814814814815
9 0.384375 0.3490740740740742 0.3515625 0.3490740740740742 0.3515625 0.4092592592592594 0.384375 0.4092592592592594
11 0.2723958333333334 0.8074074074074075 0.2317708333333334 0.8074074074074075 0.2317708333333334 0.8824074074074074 0.27239583333333345 0.8824074074074074
8 0.61875 0.5833333333333336 0.5864583333333333 0.5833333333333336 0.5864583333333333 0.6388888888888891 0.61875 0.6388888888888891