7 0.4239583333333333 0.5407407407407407 0.38125 0.5407407407407407 0.38125 0.6203703703703703 0.4239583333333333 0.6203703703703703
3 0.36614583333333334 0.6861111111111111 0.3338541666666667 0.6861111111111111 0.3338541666666667 0.7481481481481481 0.36614583333333334 0.7481481481481481
13 0.43281250000000004 0.8194444444444444 0.38229166666666664 0.8194444444444444 0.38229166666666675 0.9111111111111111 0.4328125000000001 0.9111111111111111
3 0.4041666666666667 0.42777777777777787 0.3697916666666667 0.42777777777777787 0.3697916666666667 0.4898148148148148 0.4041666666666667 0.4898148148148148
2 0.5270833333333333 0.5583333333333336 0.4942708333333333 0.5583333333333336 0.4942708333333333 0.6203703703703706 0.5270833333333333 0.6203703703703706
2 0.4822916666666667 0.5185185185185185 0.44895833333333335 0.5185185185185185 0.44895833333333335 0.5796296296296296 0.4822916666666667 0.5796296296296296
3 0.5625 0.6018518518518521 0.5296875 0.6018518518518521 0.5296875 0.6629629629629632 0.5625 0.6629629629629632
6 0.5364583333333334 0.8379629629629631 0.49635416666666665 0.8379629629629631 0.4963541666666667 0.9111111111111113 0.5364583333333334 0.9111111111111113
7 0.40677083333333347 0.8935185185185185 0.3718750000000001 0.8935185185185185 0.3718750000000001 0.9305555555555556 0.40677083333333347 0.9305555555555556
10 0.5140625 0.44166666666666676 0.47239583333333335 0.44166666666666676 0.47239583333333335 0.5185185185185186 0.5140625 0.5185185185185187
3 0.7088541666666667 0.6537037037037039 0.6770833333333334 0.6537037037037039 0.6770833333333334 0.7129629629629631 0.7088541666666667 0.7129629629629631
2 0.5796875 0.7120370370370372 0.5463541666666667 0.7120370370370372 0.5463541666666667 0.7731481481481484 0.5796875 0.7731481481481484
6 0.5078125 0.6277777777777779 0.465625 0.6277777777777778 0.465625 0.7055555555555557 0.5078125 0.7055555555555557
5 0.7213541666666666 0.4750000000000002 0.6822916666666666 0.4750000000000002 0.6822916666666666 0.5500000000000002 0.7213541666666666 0.5500000000000002
12 0.575 0.2962962962962964 0.5239583333333333 0.2962962962962964 0.5239583333333333 0.38981481481481495 0.575 0.38981481481481495
0 0.5197916666666667 0.738888888888889 0.4786458333333333 0.7388888888888889 0.4786458333333333 0.8148148148148149 0.5197916666666667 0.814814814814815
9 0.44947916666666665 0.7768518518518519 0.4161458333333333 0.7768518518518519 0.4161458333333333 0.837037037037037 0.44947916666666665 0.837037037037037
1 0.41354166666666664 0.23981481481481493 0.371875 0.23981481481481493 0.371875 0.31851851851851865 0.41354166666666664 0.31851851851851865
0 0.43854166666666666 0.6481481481481481 0.3958333333333333 0.6481481481481481 0.3958333333333333 0.725925925925926 0.43854166666666666 0.725925925925926
2 0.3072916666666667 0.5287037037037037 0.27395833333333336 0.5287037037037037 0.27395833333333336 0.5925925925925926 0.3072916666666667 0.5925925925925926
1 0.6796875 0.43981481481481494 0.6390625 0.43981481481481494 0.6390625 0.5166666666666668 0.6796875 0.5166666666666668
9 0.46770833333333345 0.8759259259259259 0.43385416666666676 0.8759259259259259 0.43385416666666676 0.9361111111111111 0.46770833333333345 0.9361111111111111
3 0.6192708333333333 0.7490740740740743 0.5880208333333333 0.7490740740740743 0.5880208333333333 0.8074074074074076 0.6192708333333333 0.8074074074074076
8 0.6203125 0.4703703703703705 0.5885416666666666 0.4703703703703705 0.5885416666666666 0.5296296296296299 0.6203125 0.5296296296296299
2 0.6328125 0.8509259259259261 0.6020833333333333 0.8509259259259261 0.6020833333333333 0.9092592592592594 0.6328125 0.9092592592592594
5 0.6015625 0.8074074074074076 0.5614583333333333 0.8074074074074076 0.5614583333333333 0.8824074074074076 0.6015625 0.8824074074074076
11 0.3026041666666667 0.7064814814814815 0.26093750000000004 0.7064814814814815 0.26093750000000004 0.7851851851851852 0.3026041666666667 0.7851851851851852
8 0.6359375 0.4037037037037038 0.6036458333333333 0.4037037037037038 0.6036458333333333 0.463888888888889 0.6359375 0.463888888888889
11 0.6359375 0.565740740740741 0.5947916666666667 0.565740740740741 0.5947916666666667 0.6416666666666668 0.6359375 0.6416666666666668
4 0.6984375 0.5462962962962965 0.6598958333333333 0.5462962962962965 0.6598958333333333 0.6203703703703706 0.6984375 0.6203703703703706
4 0.5979166666666667 0.5231481481481484 0.5572916666666666 0.5231481481481484 0.5572916666666666 0.5990740740740743 0.5979166666666667 0.5990740740740743