4 0.7208333333333333 0.2916666666666668 0.6703125 0.2916666666666668 0.6703125 0.3777777777777779 0.7208333333333333 0.3777777777777779
4 0.5109375 0.018518518518518625 0.45989583333333334 0.018518518518518618 0.45989583333333334 0.10185185185185196 0.5109375 0.10185185185185196
13 0.44895833333333335 0.6851851851851852 0.39114583333333336 0.6851851851851852 0.39114583333333336 0.7805555555555556 0.44895833333333335 0.7805555555555556
0 0.8109375 0.3916666666666669 0.7609375 0.3916666666666669 0.7609375 0.4768518518518521 0.8109375 0.4768518518518521
3 0.4864583333333333 0.5833333333333335 0.446875 0.5833333333333334 0.446875 0.6490740740740741 0.4864583333333333 0.6490740740740742
1 0.2734375 0.5592592592592592 0.22500000000000006 0.5592592592592592 0.22500000000000006 0.6407407407407407 0.2734375 0.6407407407407407
2 0.4786458333333333 0.2787037037037038 0.43697916666666664 0.2787037037037038 0.43697916666666664 0.34814814814814826 0.4786458333333333 0.34814814814814826
6 0.7270833333333333 0.48333333333333356 0.6770833333333334 0.48333333333333356 0.6770833333333334 0.5685185185185188 0.7270833333333333 0.5685185185185188
2 0.6489583333333333 0.5018518518518521 0.609375 0.5018518518518521 0.609375 0.5685185185185188 0.6489583333333333 0.5685185185185188
7 0.5979166666666667 0.7972222222222224 0.55 0.7972222222222224 0.55 0.877777777777778 0.5979166666666667 0.877777777777778
7 0.35260416666666666 0.47685185185185186 0.30416666666666664 0.47685185185185186 0.30416666666666664 0.5583333333333333 0.35260416666666666 0.5583333333333333
11 0.34791666666666665 0.6481481481481481 0.2994791666666667 0.6481481481481481 0.2994791666666667 0.7296296296296296 0.34791666666666665 0.7296296296296296
12 0.6286458333333333 0.2453703703703705 0.5671875 0.2453703703703705 0.5671875 0.34814814814814826 0.6286458333333333 0.34814814814814826
2 0.5661458333333333 0.3814814814814816 0.5239583333333333 0.3814814814814816 0.5239583333333333 0.450925925925926 0.5661458333333333 0.450925925925926
3 0.6510416666666666 0.7833333333333335 0.6125 0.7833333333333335 0.6125 0.8462962962962965 0.6510416666666666 0.8462962962962965
5 0.3104166666666667 0.5925925925925926 0.26093750000000004 0.5925925925925926 0.26093750000000004 0.675 0.3104166666666667 0.675
9 0.384375 0.7074074074074074 0.346875 0.7074074074074074 0.346875 0.7703703703703704 0.384375 0.7703703703703704
3 0.32447916666666665 0.3787037037037038 0.2859375 0.3787037037037038 0.2859375 0.44166666666666676 0.32447916666666665 0.44166666666666676
6 0.4578125 0.15277777777777787 0.4088541666666667 0.15277777777777787 0.4088541666666667 0.2351851851851853 0.4578125 0.2351851851851853
3 0.40677083333333336 0.47962962962962963 0.3671875 0.47962962962962963 0.3671875 0.5462962962962963 0.40677083333333336 0.5462962962962963
2 0.734375 0.603703703703704 0.6947916666666667 0.603703703703704 0.6947916666666667 0.6703703703703706 0.734375 0.6703703703703706
11 0.5083333333333334 0.8527777777777779 0.4609375 0.8527777777777777 0.46093750000000006 0.9333333333333335 0.5083333333333334 0.9333333333333336
3 0.5755208333333334 0.6870370370370372 0.5364583333333334 0.6870370370370372 0.5364583333333334 0.7518518518518521 0.5755208333333334 0.7518518518518521
9 0.46718750000000003 0.8203703703703704 0.43072916666666666 0.8203703703703704 0.4307291666666667 0.8805555555555555 0.46718750000000014 0.8805555555555555
2 0.3927083333333333 0.17407407407407416 0.3515625 0.17407407407407413 0.3515625 0.2425925925925927 0.3927083333333333 0.2425925925925927
8 0.6854166666666667 0.23981481481481493 0.6453125 0.23981481481481493 0.6453125 0.30833333333333346 0.6854166666666667 0.30833333333333346
5 0.5479166666666667 0.8972222222222225 0.5005208333333334 0.8972222222222225 0.5005208333333334 0.9768518518518519 0.5479166666666667 0.9768518518518519
1 0.5927083333333333 0.940740740740741 0.5458333333333333 0.940740740740741 0.5458333333333333 1 0.5927083333333333 1
10 0.7671875 0.34351851851851867 0.7125 0.3435185185185186 0.7125 0.4379629629629631 0.7671875 0.43796296296296316
10 0.5567708333333333 0.06851851851851863 0.5036458333333333 0.06851851851851862 0.5036458333333333 0.1611111111111112 0.5567708333333333 0.1611111111111112
0 0.4713541666666667 0.016666666666666767 0.4203125 0.01666666666666676 0.4203125 0.06296296296296305 0.4713541666666667 0.06296296296296307
8 0.6 0.138888888888889 0.5567708333333333 0.138888888888889 0.5567708333333333 0.21111111111111122 0.6 0.21111111111111122