7 0.5901041666666667 0.6990740740740743 0.5432291666666667 0.6990740740740743 0.5432291666666667 0.7824074074074077 0.5901041666666667 0.7824074074074077
6 0.415625 0.4611111111111112 0.36666666666666664 0.4611111111111112 0.36666666666666664 0.5481481481481482 0.415625 0.5481481481481482
0 0.3854166666666667 0.5314814814814814 0.3359375 0.5314814814814814 0.3359375 0.6185185185185185 0.3854166666666667 0.6185185185185185
4 0.4713541666666667 0.19351851851851862 0.42291666666666666 0.19351851851851862 0.42291666666666666 0.2787037037037038 0.4713541666666667 0.2787037037037038
4 0.3458333333333333 0.4842592592592593 0.29739583333333336 0.4842592592592593 0.29739583333333336 0.5703703703703704 0.3458333333333333 0.5703703703703704
6 0.5088541666666667 0.24351851851851863 0.46041666666666664 0.24351851851851863 0.46041666666666664 0.33055555555555566 0.5088541666666667 0.33055555555555566
13 0.6583333333333333 0.6666666666666669 0.6036458333333333 0.6666666666666669 0.6036458333333333 0.7648148148148151 0.6583333333333333 0.7648148148148151
12 0.4125 0.3361111111111112 0.35208333333333336 0.3361111111111112 0.35208333333333336 0.44351851851851865 0.4125 0.44351851851851865
11 0.7098958333333333 0.5379629629629632 0.6640625 0.5379629629629632 0.6640625 0.6194444444444447 0.7098958333333333 0.6194444444444447
7 0.7067708333333333 0.4212962962962964 0.6604166666666667 0.4212962962962964 0.6604166666666667 0.502777777777778 0.7067708333333333 0.502777777777778
10 0.4744791666666667 0.3157407407407408 0.425 0.3157407407407408 0.425 0.4027777777777779 0.4744791666666667 0.4027777777777779
3 0.5828125 0.5962962962962965 0.5458333333333333 0.5962962962962965 0.5458333333333333 0.6620370370370372 0.5828125 0.6620370370370372
9 0.6192708333333333 0.7500000000000002 0.58125 0.7500000000000002 0.58125 0.8175925925925928 0.6192708333333333 0.8175925925925928
10 0.44583333333333336 0.388888888888889 0.3958333333333333 0.388888888888889 0.3958333333333333 0.4777777777777778 0.44583333333333336 0.4777777777777778
2 0.5390625 0.301851851851852 0.5010416666666667 0.301851851851852 0.5010416666666667 0.37037037037037046 0.5390625 0.37037037037037046
1 0.61875 0.6296296296296299 0.5723958333333333 0.6296296296296299 0.5723958333333333 0.7120370370370372 0.61875 0.7120370370370372
3 0.5208333333333334 0.7333333333333335 0.484375 0.7333333333333335 0.484375 0.7981481481481484 0.5208333333333334 0.7981481481481484
11 0.6494791666666667 0.5564814814814817 0.603125 0.5564814814814817 0.603125 0.6388888888888891 0.6494791666666667 0.6388888888888891
2 0.47708333333333336 0.44722222222222235 0.4390625 0.44722222222222235 0.4390625 0.5157407407407407 0.47708333333333336 0.5157407407407407
2 0.5078125 0.36851851851851863 0.46927083333333336 0.36851851851851863 0.46927083333333336 0.4361111111111112 0.5078125 0.4361111111111112
9 0.6760416666666667 0.6101851851851854 0.6390625 0.6101851851851854 0.6390625 0.676851851851852 0.6760416666666667 0.676851851851852
8 0.3703125 0.4231481481481483 0.33125 0.4231481481481483 0.33125 0.49074074074074076 0.3703125 0.49074074074074076
8 0.43385416666666665 0.28333333333333344 0.3958333333333333 0.28333333333333344 0.3958333333333333 0.35092592592592603 0.43385416666666665 0.35092592592592603
3 0.5510416666666667 0.6666666666666669 0.5140625 0.6666666666666669 0.5140625 0.7324074074074076 0.5510416666666667 0.7324074074074076
3 0.6088541666666667 0.5231481481481484 0.571875 0.5231481481481484 0.571875 0.589814814814815 0.6088541666666667 0.589814814814815
3 0.64375 0.4490740740740742 0.6057291666666667 0.4490740740740742 0.6057291666666667 0.5166666666666668 0.64375 0.5166666666666668
2 0.41510416666666666 0.5981481481481481 0.37604166666666666 0.5981481481481481 0.37604166666666666 0.6657407407407407 0.41510416666666666 0.6657407407407407
5 0.7390625 0.46851851851851867 0.6932291666666667 0.4685185185185186 0.6932291666666667 0.5500000000000002 0.7390625 0.5500000000000002
1 0.675 0.49166666666666686 0.6296875 0.49166666666666686 0.6296875 0.5740740740740743 0.675 0.5740740740740743
2 0.44375 0.5212962962962963 0.40520833333333334 0.5212962962962963 0.40520833333333334 0.5898148148148148 0.44375 0.5898148148148148
5 0.5901041666666667 0.8129629629629632 0.5447916666666667 0.8129629629629632 0.5447916666666667 0.8944444444444447 0.5901041666666667 0.8944444444444447
0 0.5036458333333333 0.12407407407407418 0.4552083333333333 0.12407407407407418 0.4552083333333333 0.21018518518518528 0.5036458333333333 0.21018518518518528