1 0.32864583333333336 0.6972222222222222 0.2755208333333333 0.6972222222222222 0.2755208333333333 0.7842592592592592 0.32864583333333336 0.7842592592592592
0 0.7822916666666667 0.26203703703703723 0.7333333333333333 0.26203703703703723 0.7333333333333333 0.3425925925925928 0.7822916666666667 0.3425925925925928
5 0.3734375 0.7435185185185185 0.3223958333333333 0.7435185185185185 0.3223958333333333 0.8296296296296296 0.3734375 0.8296296296296296
7 0.43541666666666673 0.7824074074074074 0.38229166666666664 0.7824074074074074 0.38229166666666675 0.8694444444444445 0.4354166666666668 0.8694444444444445
0 0.5015625 0.022222222222222327 0.4473958333333333 0.02222222222222232 0.4473958333333333 0.1074074074074075 0.5015625 0.1074074074074075
4 0.7411458333333333 0.22129629629629646 0.6890625 0.22129629629629646 0.6890625 0.3074074074074076 0.7411458333333333 0.30740740740740763
10 0.83125 0.3120370370370372 0.7838541666666666 0.3120370370370372 0.7838541666666666 0.3916666666666669 0.83125 0.3916666666666669
11 0.28489583333333335 0.6509259259259259 0.23229166666666673 0.6509259259259259 0.23229166666666673 0.7379629629629629 0.28489583333333335 0.7379629629629629
5 0.5786458333333333 0.9111111111111113 0.5250000000000001 0.9111111111111113 0.5250000000000001 0.9953703703703703 0.5786458333333333 0.9953703703703703
2 0.734375 0.49722222222222245 0.69375 0.49722222222222245 0.69375 0.5629629629629632 0.734375 0.5629629629629632
2 0.7807291666666667 0.5370370370370372 0.740625 0.5370370370370372 0.740625 0.6018518518518521 0.7807291666666667 0.6018518518518521
10 0.4515625 0.015740740740740833 0.40208333333333335 0.015740740740740826 0.40208333333333335 0.06944444444444453 0.4515625 0.06944444444444454
13 0.521875 0.6685185185185186 0.45677083333333335 0.6685185185185185 0.45677083333333335 0.7777777777777779 0.521875 0.777777777777778
2 0.44166666666666665 0.2462962962962964 0.39791666666666664 0.2462962962962964 0.39791666666666664 0.31944444444444453 0.44166666666666665 0.31944444444444453
12 0.6104166666666667 0.2777777777777779 0.55 0.2777777777777779 0.55 0.37592592592592605 0.6104166666666667 0.37592592592592605
3 0.3796875 0.463888888888889 0.334375 0.463888888888889 0.334375 0.5425925925925926 0.3796875 0.5425925925925926
3 0.6864583333333333 0.7361111111111113 0.6427083333333333 0.7361111111111113 0.6427083333333333 0.8037037037037039 0.6864583333333333 0.8037037037037039
4 0.5484375 0.05648148148148159 0.496875 0.056481481481481584 0.496875 0.13796296296296306 0.5484375 0.13796296296296306
6 0.5958333333333333 0.0990740740740742 0.5453125 0.0990740740740742 0.5453125 0.18148148148148158 0.5958333333333333 0.18148148148148158
7 0.5255208333333334 0.8740740740740742 0.4744791666666668 0.8740740740740741 0.4744791666666668 0.9592592592592593 0.5255208333333334 0.9592592592592593
6 0.6895833333333333 0.17870370370370386 0.6385416666666667 0.17870370370370386 0.6385416666666667 0.2620370370370371 0.6895833333333333 0.2620370370370371
8 0.653125 0.3314814814814816 0.609375 0.3314814814814816 0.609375 0.4037037037037038 0.653125 0.4037037037037038
2 0.6208333333333333 0.48703703703703727 0.5776041666666667 0.48703703703703727 0.5776041666666667 0.5574074074074076 0.6208333333333333 0.5574074074074076
11 0.6828125 0.9907407407407407 0.6296875 0.9907407407407407 0.6296875 1 0.6828125 1
3 0.3328125 0.4324074074074075 0.29010416666666666 0.4324074074074075 0.29010416666666666 0.5 0.3328125 0.5
1 0.6307291666666667 0.9564814814814815 0.578125 0.9564814814814815 0.578125 1 0.6307291666666667 1
3 0.5052083333333334 0.4712962962962964 0.4588541666666667 0.4712962962962964 0.4588541666666667 0.5500000000000002 0.5052083333333334 0.5500000000000002
2 0.3927083333333333 0.20277777777777786 0.35052083333333334 0.20277777777777783 0.35052083333333334 0.2722222222222223 0.3927083333333333 0.2722222222222223
8 0.5526041666666667 0.24444444444444455 0.5119791666666667 0.24444444444444455 0.5119791666666667 0.3157407407407408 0.5526041666666667 0.3157407407407408
3 0.7359375 0.7796296296296299 0.6979166666666666 0.7796296296296299 0.6979166666666666 0.8462962962962965 0.7359375 0.8462962962962965
9 0.5630208333333333 0.728703703703704 0.5203125 0.728703703703704 0.5203125 0.801851851851852 0.5630208333333333 0.801851851851852
9 0.4583333333333333 0.6407407407407407 0.41458333333333336 0.6407407407407407 0.41458333333333336 0.7185185185185186 0.4583333333333333 0.7185185185185186