7 0.44583333333333336 0.09722222222222232 0.40677083333333336 0.09722222222222231 0.40677083333333336 0.16851851851851862 0.44583333333333336 0.16851851851851862
10 0.41041666666666665 0.5462962962962963 0.36875 0.5462962962962963 0.36875 0.6231481481481481 0.41041666666666665 0.6231481481481481
7 0.4828125 0.43055555555555564 0.4427083333333333 0.43055555555555564 0.4427083333333333 0.5055555555555555 0.4828125 0.5055555555555555
12 0.38229166666666664 0.6888888888888889 0.33125 0.6888888888888889 0.33125 0.7833333333333333 0.38229166666666664 0.7833333333333333
13 0.440625 0.15462962962962973 0.3927083333333333 0.15462962962962973 0.3927083333333333 0.2425925925925927 0.440625 0.2425925925925927
0 0.45416666666666666 0.33425925925925937 0.41354166666666664 0.33425925925925937 0.41354166666666664 0.40833333333333344 0.45416666666666666 0.40833333333333344
2 0.42239583333333336 0.47962962962962963 0.38958333333333334 0.47962962962962963 0.38958333333333334 0.5407407407407407 0.42239583333333336 0.5407407407407407
3 0.5078125 0.3037037037037038 0.4765625 0.3037037037037038 0.4765625 0.36203703703703716 0.5078125 0.36203703703703716
3 0.3333333333333333 0.4129629629629631 0.3 0.4129629629629631 0.3 0.4740740740740741 0.3333333333333333 0.4740740740740741
1 0.5416666666666666 0.7194444444444447 0.49947916666666664 0.7194444444444447 0.49947916666666664 0.7972222222222224 0.5416666666666666 0.7972222222222224
3 0.5135416666666667 0.550925925925926 0.48072916666666665 0.5509259259259259 0.48072916666666665 0.6111111111111113 0.5135416666666667 0.6111111111111113
0 0.35989583333333336 0.25925925925925936 0.31979166666666664 0.25925925925925936 0.31979166666666664 0.3333333333333334 0.35989583333333336 0.3333333333333334
10 0.29739583333333336 0.061111111111111165 0.25833333333333336 0.061111111111111165 0.25833333333333336 0.13240740740740747 0.29739583333333336 0.13240740740740747
6 0.3880208333333333 0.363888888888889 0.34739583333333335 0.363888888888889 0.34739583333333335 0.43796296296296305 0.3880208333333333 0.43796296296296305
3 0.17239583333333336 0.3861111111111111 0.13958333333333334 0.3861111111111111 0.13958333333333336 0.44814814814814813 0.1723958333333334 0.44814814814814813
9 0.38333333333333336 0.13611111111111118 0.35208333333333336 0.13611111111111115 0.35208333333333336 0.19444444444444453 0.38333333333333336 0.19444444444444456
8 0.2833333333333333 0.625 0.2505208333333334 0.625 0.2505208333333334 0.687037037037037 0.2833333333333333 0.687037037037037
8 0.2921875 0.5574074074074075 0.2593750000000001 0.5574074074074075 0.2593750000000001 0.6175925925925926 0.2921875 0.6175925925925926
2 0.2953125 0.30833333333333346 0.2630208333333333 0.30833333333333346 0.2630208333333333 0.3675925925925927 0.2953125 0.3675925925925927
2 0.3723958333333333 0.4500000000000001 0.34010416666666665 0.4500000000000001 0.34010416666666665 0.5092592592592593 0.3723958333333333 0.5092592592592593
5 0.1911458333333334 0.5537037037037037 0.15052083333333338 0.5537037037037037 0.15052083333333338 0.6296296296296297 0.1911458333333334 0.6296296296296297
4 0.31354166666666666 0.4787037037037037 0.27239583333333334 0.4787037037037037 0.27239583333333334 0.5555555555555556 0.31354166666666666 0.5555555555555556
9 0.4161458333333333 0.2324074074074075 0.38385416666666666 0.2324074074074075 0.38385416666666666 0.2916666666666668 0.4161458333333333 0.2916666666666668
2 0.5859375 0.4407407407407408 0.5541666666666667 0.4407407407407408 0.5541666666666667 0.5000000000000002 0.5859375 0.5000000000000002
5 0.2677083333333333 0.20370370370370375 0.2265625 0.20370370370370375 0.2265625 0.2805555555555556 0.2677083333333333 0.28055555555555567
1 0.24062500000000006 0.5833333333333334 0.1989583333333334 0.5833333333333334 0.1989583333333334 0.6611111111111111 0.24062500000000006 0.6611111111111111
11 0.5677083333333334 0.2620370370370371 0.528125 0.2620370370370371 0.528125 0.3351851851851853 0.5677083333333334 0.3351851851851853
2 0.22239583333333332 0.18333333333333338 0.190625 0.18333333333333338 0.190625 0.24166666666666667 0.22239583333333332 0.24166666666666667
6 0.32760416666666664 0.16111111111111118 0.2869791666666667 0.16111111111111118 0.2869791666666667 0.23611111111111116 0.32760416666666664 0.23611111111111116
11 0.2682291666666667 0.4435185185185186 0.2270833333333334 0.44351851851851853 0.2270833333333334 0.5212962962962963 0.2682291666666667 0.5212962962962963
4 0.20468750000000005 0.4759259259259259 0.16354166666666672 0.4759259259259259 0.16354166666666672 0.5546296296296296 0.20468750000000005 0.5546296296296296
3 0.25 0.27870370370370373 0.21770833333333334 0.27870370370370373 0.21770833333333334 0.337962962962963 0.25 0.3379629629629631