0 0.44635416666666666 0.5166666666666667 0.4125 0.5166666666666667 0.4125 0.5768518518518518 0.44635416666666666 0.5768518518518518
6 0.4973958333333333 0.5805555555555557 0.4640625 0.5805555555555556 0.4640625 0.6416666666666667 0.4973958333333333 0.6416666666666668
7 0.2947916666666667 0.45925925925925937 0.2619791666666667 0.45925925925925937 0.2619791666666667 0.5175925925925926 0.2947916666666667 0.5175925925925926
10 0.5578125 0.6611111111111113 0.5244791666666667 0.6611111111111113 0.5244791666666667 0.7203703703703705 0.5578125 0.7203703703703705
0 0.34427083333333336 0.525 0.3104166666666667 0.525 0.3104166666666667 0.5842592592592593 0.34427083333333336 0.5842592592592593
4 0.5239583333333333 0.2027777777777779 0.49270833333333336 0.2027777777777779 0.49270833333333336 0.2583333333333334 0.5239583333333333 0.2583333333333334
12 0.3390625 0.1481481481481482 0.30052083333333335 0.1481481481481482 0.30052083333333335 0.2157407407407408 0.3390625 0.2157407407407408
3 0.29583333333333334 0.6240740740740741 0.26979166666666665 0.6240740740740741 0.26979166666666665 0.6722222222222223 0.29583333333333334 0.6722222222222223
5 0.5203125 0.1361111111111112 0.48854166666666665 0.1361111111111112 0.48854166666666665 0.1898148148148149 0.5203125 0.1898148148148149
3 0.43020833333333336 0.3648148148148149 0.4041666666666667 0.3648148148148149 0.4041666666666667 0.4092592592592594 0.43020833333333336 0.4092592592592594
10 0.33645833333333336 0.30092592592592604 0.30416666666666664 0.30092592592592604 0.30416666666666664 0.3574074074074075 0.33645833333333336 0.3574074074074075
13 0.40625 0.6731481481481482 0.3645833333333333 0.6731481481481482 0.3645833333333333 0.7462962962962963 0.40625 0.7462962962962963
2 0.19739583333333338 0.5527777777777778 0.17135416666666672 0.5527777777777778 0.17135416666666672 0.6 0.19739583333333338 0.6
3 0.24218750000000003 0.3916666666666667 0.21614583333333334 0.39166666666666666 0.21614583333333337 0.437962962962963 0.24218750000000006 0.43796296296296305
6 0.39479166666666665 0.44166666666666676 0.3619791666666667 0.44166666666666676 0.3619791666666667 0.5018518518518519 0.39479166666666665 0.5018518518518519
2 0.334375 0.3814814814814816 0.30833333333333335 0.3814814814814816 0.30833333333333335 0.42592592592592604 0.334375 0.42592592592592604
7 0.409375 0.7601851851851852 0.37552083333333336 0.7601851851851852 0.37552083333333336 0.8203703703703704 0.409375 0.8203703703703704
3 0.571875 0.26574074074074083 0.5463541666666667 0.26574074074074083 0.5463541666666667 0.3101851851851853 0.571875 0.3101851851851853
2 0.48385416666666664 0.43055555555555564 0.45729166666666665 0.43055555555555564 0.45729166666666665 0.47592592592592603 0.48385416666666664 0.47592592592592614
11 0.4791666666666667 0.27685185185185196 0.44635416666666666 0.27685185185185196 0.44635416666666666 0.33425925925925937 0.4791666666666667 0.33425925925925937
9 0.39739583333333334 0.6101851851851852 0.3703125 0.6101851851851852 0.3703125 0.6583333333333333 0.39739583333333334 0.6583333333333333
3 0.5302083333333333 0.4212962962962964 0.5052083333333334 0.4212962962962964 0.5052083333333334 0.4666666666666668 0.5302083333333333 0.4666666666666668
1 0.19427083333333334 0.25462962962962965 0.16302083333333334 0.25462962962962965 0.16302083333333334 0.3111111111111111 0.19427083333333334 0.3111111111111111
1 0.46927083333333336 0.1462962962962964 0.4375 0.1462962962962964 0.4375 0.2000000000000001 0.46927083333333336 0.2000000000000001
8 0.4276041666666667 0.21666666666666679 0.40260416666666665 0.21666666666666679 0.40260416666666665 0.26111111111111124 0.4276041666666667 0.26111111111111124
4 0.43125 0.27962962962962973 0.39895833333333336 0.27962962962962973 0.39895833333333336 0.33703703703703713 0.43125 0.33703703703703713
9 0.4515625 0.674074074074074 0.425 0.674074074074074 0.425 0.7203703703703703 0.4515625 0.7203703703703703
2 0.5833333333333334 0.4888888888888891 0.5583333333333333 0.4888888888888891 0.5583333333333333 0.5351851851851854 0.5833333333333334 0.5351851851851854
2 0.38125 0.3648148148148149 0.35520833333333335 0.3648148148148149 0.35520833333333335 0.4111111111111112 0.38125 0.4111111111111112
5 0.5432291666666667 0.4888888888888891 0.509375 0.4888888888888891 0.509375 0.5472222222222224 0.5432291666666667 0.5472222222222224
11 0.25520833333333337 0.7027777777777777 0.22187500000000007 0.7027777777777777 0.22187500000000007 0.762962962962963 0.25520833333333337 0.762962962962963
8 0.421875 0.15740740740740752 0.3958333333333333 0.15740740740740752 0.3958333333333333 0.20092592592592604 0.421875 0.20092592592592604