4 0.47760416666666666 0.5009259259259259 0.43802083333333336 0.5009259259259259 0.43802083333333336 0.5722222222222222 0.47760416666666666 0.5722222222222222
0 0.59375 0.5842592592592595 0.5536458333333333 0.5842592592592595 0.5536458333333333 0.6583333333333335 0.59375 0.6583333333333335
1 0.20364583333333333 0.2537037037037037 0.16822916666666668 0.2537037037037037 0.16822916666666668 0.3175925925925926 0.20364583333333333 0.3175925925925926
6 0.5026041666666666 0.6472222222222224 0.4630208333333333 0.6472222222222223 0.4630208333333333 0.7203703703703704 0.5026041666666666 0.7203703703703705
13 0.3802083333333333 0.1861111111111112 0.33489583333333334 0.18611111111111117 0.33489583333333334 0.2666666666666668 0.3802083333333333 0.2666666666666668
7 0.26458333333333334 0.3444444444444445 0.228125 0.34444444444444444 0.228125 0.41018518518518526 0.26458333333333334 0.41018518518518526
10 0.3625 0.7388888888888889 0.3229166666666667 0.7388888888888889 0.3229166666666667 0.812962962962963 0.3625 0.812962962962963
6 0.4432291666666667 0.6037037037037037 0.4046875 0.6037037037037037 0.4046875 0.6768518518518518 0.4432291666666667 0.6768518518518518
3 0.48489583333333336 0.2750000000000001 0.45416666666666666 0.2750000000000001 0.45416666666666666 0.3296296296296297 0.48489583333333336 0.3296296296296297
7 0.3859375 0.2564814814814816 0.3489583333333333 0.2564814814814816 0.3489583333333333 0.3240740740740742 0.3859375 0.3240740740740742
5 0.4296875 0.23425925925925936 0.39166666666666666 0.23425925925925936 0.39166666666666666 0.301851851851852 0.4296875 0.301851851851852
11 0.35520833333333335 0.34814814814814826 0.3182291666666667 0.34814814814814826 0.3182291666666667 0.4166666666666668 0.35520833333333335 0.4166666666666668
11 0.39947916666666666 0.325925925925926 0.3619791666666667 0.325925925925926 0.3619791666666667 0.3935185185185186 0.39947916666666666 0.3935185185185186
12 0.46145833333333336 0.6638888888888889 0.41354166666666664 0.6638888888888889 0.41354166666666664 0.7537037037037037 0.46145833333333336 0.7537037037037037
4 0.39791666666666664 0.6370370370370371 0.3567708333333333 0.6370370370370371 0.3567708333333333 0.712037037037037 0.39791666666666664 0.712037037037037