2 0.3296875 0.6240740740740741 0.29375 0.6240740740740741 0.29375 0.6935185185185185 0.3296875 0.6935185185185185
7 0.7140625 0.8111111111111113 0.6734375 0.8111111111111113 0.6734375 0.8861111111111113 0.7140625 0.8861111111111113
7 0.4187500000000001 0.9296296296296296 0.3781250000000001 0.9296296296296296 0.3781250000000001 1 0.4187500000000001 1
3 0.4619791666666667 0.8379629629629629 0.4276041666666667 0.8379629629629629 0.42760416666666673 0.9055555555555556 0.4619791666666668 0.9055555555555556
2 0.5354166666666667 0.5546296296296298 0.5015625 0.5546296296296298 0.5015625 0.6231481481481483 0.5354166666666667 0.6231481481481483
3 0.6583333333333333 0.7703703703703706 0.6255208333333333 0.7703703703703706 0.6255208333333333 0.8342592592592595 0.6583333333333333 0.8342592592592595
3 0.565625 0.8083333333333336 0.5328125 0.8083333333333336 0.5328125 0.8740740740740743 0.565625 0.8740740740740743
2 0.6322916666666667 0.5305555555555558 0.5989583333333334 0.5305555555555558 0.5989583333333334 0.5944444444444447 0.6322916666666667 0.5944444444444447
3 0.75 0.7333333333333335 0.715625 0.7333333333333335 0.715625 0.7972222222222224 0.75 0.7972222222222224
3 0.36145833333333344 0.8666666666666667 0.32708333333333345 0.8666666666666667 0.32708333333333345 0.9333333333333333 0.36145833333333344 0.9333333333333333
6 0.678125 0.42777777777777787 0.6380208333333334 0.42777777777777787 0.6380208333333334 0.5055555555555558 0.678125 0.5055555555555558
2 0.43385416666666665 0.6018518518518519 0.39947916666666666 0.6018518518518519 0.39947916666666666 0.6694444444444444 0.43385416666666665 0.6694444444444444
6 0.37552083333333336 0.5194444444444445 0.328125 0.5194444444444445 0.328125 0.6046296296296296 0.37552083333333336 0.6046296296296296
12 0.5177083333333333 0.38796296296296306 0.4671875 0.38796296296296306 0.4671875 0.4861111111111112 0.5177083333333333 0.4861111111111113
4 0.6578125 0.275925925925926 0.6166666666666667 0.275925925925926 0.6166666666666667 0.3555555555555557 0.6578125 0.3555555555555557
13 0.590625 0.9435185185185188 0.5411458333333333 0.9435185185185188 0.5411458333333333 1 0.590625 1
2 0.7255208333333333 0.49537037037037057 0.6927083333333334 0.49537037037037057 0.6927083333333334 0.5592592592592595 0.7255208333333333 0.5592592592592595
0 0.31197916666666664 0.36296296296296304 0.2682291666666667 0.36296296296296304 0.2682291666666667 0.44814814814814824 0.31197916666666664 0.44814814814814824
8 0.5510416666666667 0.3064814814814816 0.5171875 0.3064814814814816 0.5171875 0.3712962962962964 0.5510416666666667 0.3712962962962964
4 0.41875 0.35277777777777786 0.37604166666666666 0.35277777777777786 0.37604166666666666 0.4361111111111112 0.41875 0.4361111111111112
8 0.4557291666666667 0.32685185185185195 0.42135416666666664 0.32685185185185195 0.42135416666666664 0.3916666666666668 0.4557291666666667 0.3916666666666668
0 0.6984375 0.26296296296296306 0.6578125 0.26296296296296306 0.6578125 0.34074074074074084 0.6984375 0.34074074074074084
10 0.6114583333333333 0.2879629629629631 0.5640625 0.2879629629629631 0.5640625 0.3694444444444446 0.6114583333333333 0.3694444444444446
10 0.36666666666666664 0.36574074074074087 0.31927083333333334 0.36574074074074087 0.31927083333333334 0.4500000000000001 0.36666666666666664 0.4500000000000001