7 0.5958333333333333 0.7564814814814816 0.5588541666666667 0.7564814814814816 0.5588541666666667 0.8129629629629632 0.5958333333333333 0.8129629629629632
4 0.28229166666666666 0.762962962962963 0.2458333333333334 0.762962962962963 0.2458333333333334 0.8203703703703704 0.28229166666666666 0.8203703703703704
0 0.28385416666666674 0.8481481481481481 0.24791666666666673 0.8481481481481481 0.24791666666666673 0.9064814814814814 0.2838541666666668 0.9064814814814814
7 0.596875 0.22500000000000012 0.5604166666666667 0.22500000000000012 0.5604166666666667 0.2777777777777779 0.596875 0.2777777777777779
6 0.37447916666666664 0.2250000000000001 0.3390625 0.22500000000000006 0.3390625 0.27685185185185196 0.37447916666666664 0.27685185185185196
2 0.4166666666666667 0.3240740740740742 0.38697916666666665 0.3240740740740742 0.38697916666666665 0.36574074074074087 0.4166666666666667 0.36574074074074087
11 0.6875 0.6611111111111113 0.6526041666666667 0.6611111111111113 0.6526041666666667 0.7240740740740743 0.6875 0.7240740740740743
5 0.6786458333333333 0.23240740740740756 0.6427083333333333 0.23240740740740756 0.6427083333333333 0.2861111111111112 0.6786458333333333 0.2861111111111112
3 0.5479166666666667 0.32222222222222235 0.5182291666666666 0.32222222222222235 0.5182291666666666 0.363888888888889 0.5479166666666667 0.363888888888889
1 0.6713541666666667 0.1444444444444446 0.6354166666666666 0.1444444444444446 0.6354166666666666 0.19629629629629644 0.6713541666666667 0.19629629629629644
2 0.41041666666666665 0.49722222222222223 0.38125 0.49722222222222223 0.38125 0.5425925925925926 0.41041666666666665 0.5425925925925926
2 0.40989583333333335 0.6777777777777778 0.3807291666666667 0.6777777777777778 0.3807291666666667 0.7185185185185186 0.40989583333333335 0.7185185185185186
3 0.5546875 0.853703703703704 0.5239583333333333 0.853703703703704 0.5239583333333334 0.8990740740740742 0.5546875 0.8990740740740742
4 0.2911458333333333 0.33703703703703713 0.2557291666666667 0.33703703703703713 0.2557291666666667 0.3870370370370371 0.2911458333333333 0.3870370370370371
6 0.37083333333333335 0.7731481481481481 0.3333333333333333 0.7731481481481481 0.3333333333333333 0.8287037037037037 0.37083333333333335 0.8287037037037037
13 0.6489583333333333 0.4851851851851854 0.6052083333333333 0.4851851851851854 0.6052083333333333 0.5601851851851853 0.6489583333333333 0.5601851851851853
2 0.41354166666666664 0.15277777777777787 0.3859375 0.15277777777777787 0.3859375 0.19351851851851862 0.41354166666666664 0.19351851851851862
3 0.5453125 0.15740740740740752 0.5161458333333333 0.15740740740740752 0.5161458333333333 0.19814814814814824 0.5453125 0.19814814814814824
3 0.5546875 0.5000000000000002 0.5239583333333333 0.5000000000000002 0.5239583333333333 0.5425925925925928 0.5546875 0.5425925925925928
2 0.4109375000000001 0.8629629629629629 0.38177083333333345 0.8629629629629629 0.38177083333333345 0.9092592592592592 0.4109375000000001 0.9092592592592592
12 0.3333333333333333 0.4787037037037037 0.28958333333333336 0.4787037037037037 0.28958333333333336 0.5444444444444444 0.3333333333333333 0.5444444444444444
3 0.553125 0.6731481481481484 0.5229166666666667 0.6731481481481484 0.5229166666666667 0.7175925925925928 0.553125 0.7175925925925928
8 0.2791666666666667 0.41574074074074086 0.25104166666666666 0.41574074074074086 0.2510416666666667 0.4583333333333334 0.2791666666666667 0.4583333333333334
8 0.2796875 0.5814814814814815 0.2515625000000001 0.5814814814814815 0.2515625000000001 0.6240740740740741 0.2796875 0.6240740740740741
10 0.29270833333333335 0.24722222222222232 0.2578125 0.24722222222222232 0.2578125 0.30092592592592604 0.29270833333333335 0.30092592592592604
5 0.6864583333333333 0.7537037037037039 0.6505208333333333 0.7537037037037039 0.6505208333333333 0.8111111111111113 0.6864583333333333 0.8111111111111113
0 0.28854166666666664 0.1657407407407408 0.2552083333333333 0.1657407407407408 0.2552083333333333 0.2194444444444445 0.28854166666666664 0.2194444444444445
9 0.6828125 0.3962962962962964 0.6526041666666667 0.3962962962962964 0.6526041666666667 0.438888888888889 0.6828125 0.438888888888889
10 0.2828125 0.6703703703703704 0.24687500000000007 0.6703703703703704 0.24687500000000007 0.7277777777777777 0.2828125 0.7277777777777777
11 0.6828125 0.30833333333333346 0.6494791666666667 0.30833333333333346 0.6494791666666667 0.36666666666666675 0.6828125 0.36666666666666675
9 0.6822916666666666 0.5740740740740743 0.6546875 0.5740740740740743 0.6546875 0.6231481481481483 0.6822916666666666 0.6231481481481483
1 0.6973958333333333 0.8342592592592595 0.659375 0.8342592592592595 0.659375 0.8898148148148151 0.6973958333333333 0.8898148148148151