10 0.38177083333333334 0.6731481481481482 0.3411458333333333 0.6731481481481482 0.3411458333333333 0.7444444444444445 0.38177083333333334 0.7444444444444445
13 0.37395833333333334 0.40185185185185196 0.32395833333333335 0.40185185185185196 0.32395833333333335 0.4898148148148148 0.37395833333333334 0.4898148148148148
5 0.6723958333333333 0.6157407407407409 0.63125 0.6157407407407409 0.63125 0.6888888888888891 0.6723958333333333 0.6888888888888891
7 0.48854166666666665 0.2351851851851853 0.446875 0.2351851851851853 0.446875 0.30925925925925934 0.48854166666666665 0.30925925925925934
1 0.6635416666666667 0.5333333333333335 0.6244791666666667 0.5333333333333335 0.6244791666666667 0.6018518518518521 0.6635416666666667 0.6018518518518521
3 0.521875 0.1601851851851853 0.48854166666666665 0.1601851851851853 0.48854166666666665 0.21944444444444455 0.521875 0.21944444444444455
6 0.496875 0.39814814814814825 0.45364583333333336 0.39814814814814825 0.45364583333333336 0.4750000000000001 0.496875 0.4750000000000002
12 0.659375 0.29537037037037045 0.6098958333333333 0.29537037037037045 0.6098958333333333 0.38055555555555565 0.659375 0.38055555555555565
0 0.45729166666666665 0.4861111111111111 0.41510416666666666 0.4861111111111111 0.41510416666666666 0.5611111111111111 0.45729166666666665 0.5611111111111111
1 0.5953125 0.0703703703703705 0.5552083333333333 0.0703703703703705 0.5552083333333333 0.14166666666666677 0.5953125 0.14166666666666677
3 0.5385416666666667 0.46944444444444455 0.5052083333333334 0.46944444444444455 0.5052083333333334 0.527777777777778 0.5385416666666667 0.527777777777778
2 0.43333333333333335 0.09351851851851861 0.4005208333333333 0.0935185185185186 0.4005208333333333 0.1500000000000001 0.43333333333333335 0.1500000000000001
7 0.32916666666666666 0.4250000000000001 0.2869791666666667 0.4250000000000001 0.2869791666666667 0.49907407407407406 0.32916666666666666 0.49907407407407406
2 0.5276041666666667 0.31296296296296305 0.4953125 0.31296296296296305 0.4953125 0.37222222222222234 0.5276041666666667 0.37222222222222234
8 0.6213541666666667 0.4722222222222223 0.5885416666666666 0.4722222222222223 0.5885416666666666 0.5314814814814817 0.6213541666666667 0.5314814814814817
3 0.39791666666666664 0.2500000000000001 0.3645833333333333 0.2500000000000001 0.3645833333333333 0.30833333333333346 0.39791666666666664 0.30833333333333346
3 0.5958333333333333 0.7212962962962965 0.5645833333333333 0.7212962962962965 0.5645833333333333 0.777777777777778 0.5958333333333333 0.777777777777778
5 0.471875 0.6481481481481481 0.43072916666666666 0.6481481481481481 0.43072916666666666 0.7222222222222222 0.471875 0.7222222222222222
11 0.3567708333333333 0.17222222222222228 0.31666666666666665 0.17222222222222228 0.31666666666666665 0.24444444444444455 0.3567708333333333 0.24444444444444455
2 0.5348958333333333 0.3916666666666668 0.503125 0.3916666666666668 0.503125 0.4500000000000001 0.5348958333333333 0.4500000000000001
2 0.5015625 0.5620370370370371 0.46822916666666664 0.562037037037037 0.46822916666666664 0.6212962962962963 0.5015625 0.6212962962962965
8 0.6541666666666667 0.46203703703703713 0.621875 0.46203703703703713 0.621875 0.5185185185185187 0.6541666666666667 0.5185185185185187
11 0.5895833333333333 0.5462962962962965 0.5489583333333333 0.5462962962962965 0.5489583333333333 0.6185185185185187 0.5895833333333333 0.6185185185185187
0 0.4515625 0.313888888888889 0.409375 0.313888888888889 0.409375 0.38796296296296306 0.4515625 0.38796296296296306
10 0.5729166666666666 0.3064814814814816 0.53125 0.3064814814814816 0.53125 0.37962962962962976 0.5729166666666666 0.37962962962962976
9 0.40572916666666664 0.4166666666666668 0.3734375 0.4166666666666668 0.3734375 0.47685185185185186 0.40572916666666664 0.47685185185185186
9 0.371875 0.5046296296296297 0.3380208333333333 0.5046296296296297 0.3380208333333333 0.5657407407407408 0.371875 0.5657407407407408
4 0.6322916666666667 0.6268518518518521 0.5921875 0.6268518518518521 0.5921875 0.7000000000000002 0.6322916666666667 0.7000000000000002
2 0.4734375 0.7342592592592593 0.4401041666666667 0.7342592592592593 0.4401041666666667 0.7935185185185185 0.4734375 0.7935185185185185
4 0.5869791666666667 0.4648148148148149 0.5453125 0.4648148148148149 0.5453125 0.5379629629629632 0.5869791666666667 0.5379629629629632
3 0.5114583333333333 0.6453703703703705 0.4765625 0.6453703703703704 0.4765625 0.7092592592592594 0.5114583333333333 0.7092592592592595
6 0.42239583333333336 0.5768518518518518 0.38229166666666664 0.5768518518518518 0.38229166666666664 0.649074074074074 0.42239583333333336 0.649074074074074