2 0.575 0.47777777777777797 0.5442708333333334 0.47777777777777797 0.5442708333333334 0.5351851851851854 0.575 0.5351851851851854
3 0.44427083333333334 0.28518518518518526 0.41510416666666666 0.28518518518518526 0.41510416666666666 0.3398148148148149 0.44427083333333334 0.3398148148148149
2 0.575 0.2962962962962964 0.5447916666666667 0.2962962962962964 0.5447916666666667 0.35277777777777786 0.575 0.35277777777777786
5 0.3109375 0.6907407407407408 0.275 0.6907407407407408 0.275 0.7583333333333333 0.3109375 0.7583333333333333
13 0.35833333333333334 0.44166666666666676 0.3151041666666667 0.44166666666666676 0.3151041666666667 0.525 0.35833333333333334 0.525
2 0.5625 0.6592592592592594 0.5317708333333333 0.6592592592592594 0.5317708333333333 0.714814814814815 0.5625 0.714814814814815
3 0.41979166666666673 0.8046296296296296 0.39114583333333336 0.8046296296296296 0.3911458333333334 0.8601851851851852 0.4197916666666668 0.8601851851851852
3 0.4265625 0.6324074074074074 0.39791666666666664 0.6324074074074074 0.39791666666666664 0.687962962962963 0.4265625 0.687962962962963
3 0.43125 0.4648148148148149 0.40260416666666665 0.4648148148148149 0.40260416666666665 0.5194444444444445 0.43125 0.5194444444444445
0 0.728125 0.1407407407407409 0.6895833333333333 0.1407407407407409 0.6895833333333333 0.20925925925925942 0.728125 0.20925925925925942
3 0.4546875 0.11666666666666677 0.42604166666666665 0.11666666666666677 0.42604166666666665 0.1712962962962964 0.4546875 0.1712962962962964
7 0.3932291666666667 0.7074074074074074 0.35625 0.7074074074074074 0.35625 0.775 0.3932291666666667 0.775
7 0.409375 0.18055555555555566 0.37395833333333334 0.18055555555555566 0.37395833333333334 0.24722222222222232 0.409375 0.24722222222222232
4 0.6994791666666667 0.7685185185185187 0.6604166666666667 0.7685185185185187 0.6604166666666667 0.8379629629629631 0.6994791666666667 0.8379629629629631
2 0.5854166666666667 0.12037037037037047 0.5557291666666667 0.12037037037037047 0.5557291666666667 0.17592592592592604 0.5854166666666667 0.17592592592592604
9 0.31197916666666664 0.524074074074074 0.2838541666666667 0.524074074074074 0.2838541666666667 0.5777777777777777 0.31197916666666664 0.5777777777777777
6 0.6078125 0.7620370370370373 0.5677083333333334 0.7620370370370373 0.5677083333333334 0.8314814814814817 0.6078125 0.8314814814814817
2 0.5536458333333333 0.8361111111111114 0.5239583333333333 0.8361111111111114 0.5239583333333334 0.8916666666666668 0.5536458333333333 0.8916666666666668
9 0.3177083333333333 0.34814814814814826 0.2890625 0.34814814814814826 0.2890625 0.40185185185185196 0.3177083333333333 0.40185185185185196
4 0.7145833333333333 0.3175925925925927 0.6729166666666667 0.3175925925925927 0.6729166666666667 0.3925925925925927 0.7145833333333333 0.3925925925925927
12 0.6708333333333333 0.4666666666666668 0.6234375 0.4666666666666668 0.6234375 0.5537037037037039 0.6708333333333333 0.5537037037037039
6 0.6317708333333333 0.20000000000000012 0.59375 0.2000000000000001 0.59375 0.2685185185185186 0.6317708333333333 0.2685185185185186
11 0.31145833333333334 0.6046296296296296 0.2760416666666667 0.6046296296296296 0.2760416666666667 0.6722222222222223 0.31145833333333334 0.6722222222222223
11 0.32395833333333335 0.26481481481481495 0.28854166666666664 0.26481481481481495 0.28854166666666664 0.33240740740740754 0.32395833333333335 0.33240740740740754
10 0.7192708333333333 0.22500000000000014 0.6796875 0.22500000000000014 0.6796875 0.2935185185185186 0.7192708333333333 0.2935185185185186
1 0.3026041666666667 0.762962962962963 0.26666666666666666 0.762962962962963 0.26666666666666666 0.8314814814814815 0.3026041666666667 0.8314814814814815
1 0.3411458333333333 0.10462962962962971 0.30520833333333336 0.10462962962962971 0.30520833333333336 0.1694444444444445 0.3411458333333333 0.1694444444444445
5 0.33125 0.1944444444444445 0.2953125 0.1944444444444445 0.2953125 0.25740740740740753 0.33125 0.25740740740740753
8 0.7197916666666667 0.4092592592592594 0.6859375 0.4092592592592594 0.6859375 0.4648148148148149 0.7197916666666667 0.4648148148148149
8 0.7057291666666666 0.5833333333333336 0.675 0.5833333333333336 0.675 0.6407407407407409 0.7057291666666666 0.6407407407407409
10 0.7036458333333333 0.6759259259259262 0.6635416666666667 0.6759259259259262 0.6635416666666667 0.7435185185185187 0.7036458333333333 0.7435185185185187
0 0.69375 0.8490740740740743 0.6520833333333333 0.8490740740740743 0.6520833333333333 0.9222222222222224 0.69375 0.9222222222222224