4 0.47604166666666664 0.3416666666666668 0.43645833333333334 0.3416666666666668 0.43645833333333334 0.40185185185185196 0.47604166666666664 0.40185185185185196
4 0.6359375 0.6981481481481484 0.596875 0.6981481481481484 0.596875 0.7583333333333335 0.6359375 0.7583333333333335
11 0.5875 0.3462962962962964 0.55 0.3462962962962964 0.55 0.41018518518518526 0.5875 0.41018518518518526
12 0.5333333333333333 0.7759259259259261 0.4869791666666667 0.7759259259259261 0.4869791666666667 0.8490740740740743 0.5333333333333333 0.8490740740740743
8 0.4682291666666668 0.8796296296296297 0.43906250000000013 0.8796296296296297 0.43906250000000013 0.9314814814814815 0.4682291666666668 0.9314814814814815
6 0.5307291666666667 0.34814814814814826 0.4895833333333333 0.34814814814814826 0.4895833333333333 0.4064814814814816 0.5307291666666667 0.4064814814814816
2 0.6380208333333334 0.6185185185185187 0.6083333333333333 0.6185185185185187 0.6083333333333333 0.665740740740741 0.6380208333333334 0.665740740740741
2 0.3104166666666667 0.6148148148148148 0.28072916666666664 0.6148148148148148 0.28072916666666664 0.662962962962963 0.3104166666666667 0.662962962962963
3 0.6505208333333333 0.3537037037037038 0.6197916666666666 0.3537037037037038 0.6197916666666666 0.4037037037037038 0.6505208333333333 0.4037037037037038
2 0.35989583333333336 0.6240740740740741 0.3302083333333333 0.6240740740740741 0.3302083333333333 0.674074074074074 0.35989583333333336 0.674074074074074
8 0.5885416666666666 0.8768518518518521 0.5552083333333333 0.8768518518518521 0.5552083333333333 0.9212962962962965 0.5885416666666666 0.9212962962962965
5 0.6401041666666667 0.08518518518518532 0.6041666666666666 0.08518518518518532 0.6041666666666666 0.14259259259259272 0.6401041666666667 0.14259259259259274
13 0.5354166666666667 0.08055555555555566 0.4875 0.08055555555555566 0.4875 0.15277777777777787 0.5354166666666667 0.15277777777777787
3 0.690625 0.34814814814814826 0.6619791666666667 0.34814814814814826 0.6619791666666667 0.4000000000000001 0.690625 0.4000000000000001
2 0.5296875 0.602777777777778 0.49947916666666664 0.602777777777778 0.49947916666666664 0.6537037037037039 0.5296875 0.6537037037037039
10 0.6432291666666666 0.8638888888888892 0.6020833333333333 0.8638888888888892 0.6020833333333333 0.9212962962962965 0.6432291666666666 0.9212962962962965
0 0.5307291666666667 0.17222222222222233 0.4973958333333333 0.17222222222222233 0.4973958333333333 0.23055555555555565 0.5307291666666667 0.23055555555555565