13 0.6421875 0.6861111111111113 0.5859375 0.6861111111111113 0.5859375 0.7787037037037039 0.6421875 0.7787037037037039
6 0.4114583333333333 0.43703703703703717 0.36666666666666664 0.43703703703703717 0.36666666666666664 0.512962962962963 0.4114583333333333 0.512962962962963
11 0.5932291666666667 0.8546296296296299 0.5484375 0.8546296296296299 0.5484375 0.927777777777778 0.5932291666666667 0.927777777777778
5 0.6807291666666667 0.5175925925925928 0.6333333333333333 0.5175925925925928 0.6333333333333333 0.5944444444444447 0.6807291666666667 0.5944444444444447
5 0.5666666666666667 0.9324074074074076 0.5286458333333335 0.9324074074074076 0.5286458333333335 0.9768518518518519 0.5666666666666667 0.9768518518518519
0 0.2984375 0.7287037037037037 0.25781250000000006 0.7287037037037037 0.25781250000000006 0.7981481481481482 0.2984375 0.7981481481481482
10 0.39166666666666666 0.5185185185185185 0.34791666666666665 0.5185185185185185 0.34791666666666665 0.5907407407407408 0.39166666666666666 0.5907407407407408
6 0.3536458333333333 0.6814814814814815 0.3104166666666667 0.6814814814814815 0.3104166666666667 0.7537037037037037 0.3536458333333333 0.7537037037037037
3 0.5270833333333333 0.7175925925925928 0.490625 0.7175925925925928 0.490625 0.7787037037037039 0.5270833333333333 0.7787037037037039
7 0.6161458333333333 0.5796296296296298 0.5708333333333333 0.5796296296296298 0.5708333333333333 0.6546296296296299 0.6161458333333333 0.6546296296296299
9 0.6083333333333333 0.7824074074074077 0.571875 0.7824074074074077 0.571875 0.8416666666666669 0.6083333333333333 0.8416666666666669
2 0.44635416666666666 0.46759259259259267 0.4109375 0.46759259259259267 0.4109375 0.5287037037037037 0.44635416666666666 0.5287037037037037
3 0.5072916666666667 0.8064814814814816 0.471875 0.8064814814814815 0.47187500000000004 0.8657407407407408 0.5072916666666668 0.8657407407407409
7 0.5302083333333335 0.9009259259259261 0.4854166666666668 0.9009259259259261 0.4854166666666668 0.9740740740740741 0.5302083333333335 0.9740740740740741
0 0.42916666666666664 0.35462962962962974 0.3848958333333333 0.35462962962962974 0.3848958333333333 0.43055555555555564 0.42916666666666664 0.43055555555555564
3 0.5515625 0.6416666666666668 0.5145833333333333 0.6416666666666668 0.5145833333333333 0.7037037037037039 0.5515625 0.7037037037037039
11 0.5703125 0.7481481481481483 0.5270833333333333 0.7481481481481483 0.5270833333333333 0.8222222222222224 0.5703125 0.8222222222222224
2 0.403125 0.6398148148148148 0.36822916666666666 0.6398148148148148 0.36822916666666666 0.6972222222222222 0.403125 0.6972222222222222
9 0.6541666666666667 0.6157407407407409 0.6166666666666667 0.6157407407407409 0.6166666666666667 0.676851851851852 0.6541666666666667 0.676851851851852
4 0.39010416666666664 0.32685185185185195 0.3463541666666667 0.32685185185185195 0.3463541666666667 0.3990740740740742 0.39010416666666664 0.3990740740740742
3 0.5713541666666667 0.5555555555555558 0.5354166666666667 0.5555555555555558 0.5354166666666667 0.6157407407407409 0.5713541666666667 0.6157407407407409
10 0.3703125 0.5972222222222222 0.32760416666666664 0.5972222222222222 0.32760416666666664 0.6685185185185185 0.3703125 0.6685185185185185
4 0.315625 0.65 0.2734375 0.65 0.2734375 0.7222222222222222 0.315625 0.7222222222222222
3 0.590625 0.4722222222222223 0.5552083333333333 0.4722222222222223 0.5552083333333333 0.5314814814814817 0.590625 0.5314814814814817
12 0.35885416666666664 0.4759259259259259 0.30625 0.4759259259259259 0.30625 0.562962962962963 0.35885416666666664 0.562962962962963
2 0.4265625 0.5564814814814815 0.39166666666666666 0.5564814814814815 0.39166666666666666 0.6148148148148148 0.4265625 0.6148148148148148
8 0.33229166666666665 0.575 0.2994791666666667 0.575 0.2994791666666667 0.6305555555555555 0.33229166666666665 0.6305555555555555
1 0.5505208333333333 0.8203703703703705 0.5067708333333333 0.8203703703703705 0.5067708333333334 0.8935185185185187 0.5505208333333333 0.8935185185185187
1 0.59375 0.6620370370370372 0.5489583333333333 0.6620370370370372 0.5489583333333333 0.7379629629629632 0.59375 0.7379629629629632
2 0.3859375 0.7194444444444444 0.35260416666666666 0.7194444444444444 0.35260416666666666 0.7759259259259259 0.3859375 0.7759259259259259
8 0.36666666666666664 0.41203703703703715 0.33229166666666665 0.41203703703703715 0.33229166666666665 0.4712962962962964 0.36666666666666664 0.4712962962962964
2 0.46822916666666664 0.38611111111111124 0.43333333333333335 0.38611111111111124 0.43333333333333335 0.44537037037037047 0.46822916666666664 0.44537037037037047