3 0.45625 0.4703703703703705 0.4161458333333333 0.4703703703703705 0.4161458333333333 0.5407407407407407 0.45625 0.5407407407407407
9 0.5119791666666667 0.16851851851851862 0.471875 0.16851851851851862 0.471875 0.23796296296296307 0.5119791666666667 0.23796296296296307
11 0.5536458333333333 0.09907407407407419 0.503125 0.09907407407407418 0.503125 0.18703703703703714 0.5536458333333333 0.18703703703703714
4 0.7494791666666667 0.5203703703703706 0.7010416666666667 0.5203703703703706 0.7010416666666667 0.6046296296296299 0.7494791666666667 0.6046296296296299
5 0.5927083333333333 0.038888888888889014 0.5411458333333333 0.03888888888888901 0.5411458333333333 0.12870370370370382 0.5927083333333333 0.12870370370370382
7 0.46927083333333336 0.3398148148148149 0.41770833333333335 0.3398148148148149 0.41770833333333335 0.42962962962962975 0.46927083333333336 0.42962962962962975
12 0.6796875 0.6314814814814816 0.621875 0.6314814814814816 0.621875 0.7324074074074076 0.6796875 0.7324074074074076
10 0.6890625 0.5240740740740742 0.6395833333333333 0.5240740740740742 0.6395833333333333 0.6111111111111113 0.6890625 0.6111111111111113
0 0.7822916666666667 0.46574074074074095 0.7359375 0.46574074074074095 0.7359375 0.5453703703703706 0.7822916666666667 0.5453703703703706
11 0.5479166666666667 0.22037037037037047 0.4979166666666667 0.22037037037037047 0.4979166666666667 0.3074074074074075 0.5479166666666667 0.3074074074074075
4 0.60625 0.7490740740740743 0.5583333333333333 0.7490740740740743 0.5583333333333333 0.8324074074074076 0.60625 0.8324074074074076
7 0.6223958333333334 0.10462962962962977 0.571875 0.10462962962962977 0.571875 0.19351851851851865 0.6223958333333334 0.19351851851851867
3 0.609375 0.2277777777777779 0.56875 0.22777777777777788 0.56875 0.29907407407407416 0.609375 0.29907407407407416
8 0.6369791666666667 0.7018518518518521 0.5973958333333333 0.7018518518518521 0.5973958333333333 0.7712962962962965 0.6369791666666667 0.7712962962962965
13 0.48333333333333334 0.20555555555555566 0.42083333333333334 0.20555555555555566 0.42083333333333334 0.3157407407407408 0.48333333333333334 0.3157407407407408
3 0.53125 0.3472222222222223 0.4901041666666667 0.3472222222222223 0.4901041666666667 0.4185185185185186 0.53125 0.4185185185185186
10 0.6520833333333333 0.577777777777778 0.6015625 0.577777777777778 0.6015625 0.6648148148148151 0.6520833333333333 0.6648148148148151
9 0.43333333333333335 0.28518518518518526 0.3927083333333333 0.28518518518518526 0.3927083333333333 0.35648148148148157 0.43333333333333335 0.35648148148148157
6 0.7244791666666667 0.4629629629629631 0.6755208333333333 0.4629629629629631 0.6755208333333333 0.5481481481481484 0.7244791666666667 0.5481481481481484
0 0.5802083333333333 0.690740740740741 0.5296875 0.690740740740741 0.5296875 0.777777777777778 0.5802083333333333 0.777777777777778
1 0.5088541666666667 0.2814814814814816 0.45729166666666665 0.2814814814814816 0.45729166666666665 0.37037037037037046 0.5088541666666667 0.37037037037037046
1 0.5838541666666667 0.1675925925925927 0.5333333333333333 0.1675925925925927 0.5333333333333333 0.2564814814814816 0.5838541666666667 0.2564814814814816
8 0.7052083333333333 0.5879629629629631 0.6666666666666666 0.5879629629629631 0.6666666666666666 0.6546296296296299 0.7052083333333333 0.6546296296296299
6 0.6161458333333333 0.6342592592592595 0.565625 0.6342592592592595 0.565625 0.7212962962962965 0.6161458333333333 0.7212962962962965
3 0.49270833333333336 0.4111111111111112 0.45208333333333334 0.4111111111111112 0.45208333333333334 0.4824074074074075 0.49270833333333336 0.4824074074074076
3 0.5703125 0.2962962962962964 0.5307291666666667 0.2962962962962964 0.5307291666666667 0.36574074074074087 0.5703125 0.36574074074074087
2 0.5421875 0.6472222222222225 0.503125 0.6472222222222225 0.503125 0.7157407407407409 0.5421875 0.7157407407407409
2 0.6942708333333333 0.41203703703703715 0.6546875 0.41203703703703715 0.6546875 0.4805555555555558 0.6942708333333333 0.4805555555555558
2 0.6598958333333333 0.4722222222222223 0.6213541666666667 0.4722222222222223 0.6213541666666667 0.5398148148148151 0.6598958333333333 0.5398148148148151
2 0.6192708333333333 0.5287037037037039 0.5807291666666666 0.5287037037037039 0.5807291666666666 0.5962962962962965 0.6192708333333333 0.5962962962962965
2 0.5807291666666666 0.5925925925925928 0.5421875 0.5925925925925928 0.5421875 0.6592592592592594 0.5807291666666666 0.6592592592592594
5 0.39947916666666666 0.3435185185185186 0.34791666666666665 0.3435185185185186 0.34791666666666665 0.43333333333333346 0.39947916666666666 0.43333333333333346