2 0.3390625 0.0935185185185186 0.3104166666666667 0.0935185185185186 0.3104166666666667 0.13888888888888895 0.3390625 0.13888888888888895
7 0.5098958333333333 0.3277777777777779 0.471875 0.3277777777777779 0.471875 0.38981481481481495 0.5098958333333333 0.38981481481481495
2 0.39010416666666664 0.09259259259259267 0.36041666666666666 0.09259259259259267 0.36041666666666666 0.13888888888888898 0.39010416666666664 0.138888888888889
0 0.5119791666666667 0.7629629629629631 0.47291666666666665 0.762962962962963 0.47291666666666665 0.8231481481481483 0.5119791666666667 0.8231481481481484
2 0.6104166666666667 0.16944444444444456 0.5786458333333333 0.16944444444444454 0.5786458333333333 0.21574074074074087 0.6104166666666667 0.2157407407407409
7 0.5625 0.15648148148148158 0.5255208333333333 0.15648148148148158 0.5255208333333333 0.2175925925925927 0.5625 0.2175925925925927
4 0.4630208333333334 0.8555555555555555 0.4234375 0.8555555555555555 0.4234375000000001 0.9175925925925926 0.46302083333333344 0.9175925925925926
3 0.34947916666666673 0.8537037037037037 0.31875 0.8537037037037037 0.31875000000000003 0.9009259259259259 0.3494791666666668 0.9009259259259259
9 0.4979166666666667 0.16203703703703715 0.46822916666666664 0.16203703703703715 0.46822916666666664 0.20833333333333343 0.4979166666666667 0.20833333333333343
2 0.39375 0.16944444444444454 0.3645833333333333 0.16944444444444454 0.3645833333333333 0.2175925925925927 0.39375 0.2175925925925927
3 0.3984375 0.7731481481481481 0.36614583333333334 0.7731481481481481 0.36614583333333334 0.8212962962962963 0.3984375 0.8212962962962963
3 0.6213541666666667 0.8564814814814817 0.5890625 0.8564814814814817 0.5890625 0.9046296296296299 0.6213541666666667 0.9046296296296299
4 0.5104166666666666 0.6796296296296297 0.4713541666666667 0.6796296296296296 0.4713541666666667 0.7425925925925927 0.5104166666666666 0.7425925925925928
8 0.45208333333333334 0.6916666666666667 0.421875 0.6916666666666667 0.421875 0.7416666666666667 0.45208333333333334 0.7416666666666667
5 0.5546875 0.07962962962962974 0.5166666666666667 0.07962962962962973 0.5166666666666667 0.138888888888889 0.5546875 0.138888888888889
6 0.5645833333333333 0.8509259259259261 0.5255208333333333 0.8509259259259261 0.5255208333333334 0.9120370370370372 0.5645833333333333 0.9120370370370372
2 0.6098958333333333 0.08240740740740754 0.5802083333333333 0.08240740740740754 0.5802083333333333 0.1277777777777779 0.6098958333333333 0.12777777777777793
1 0.4515625 0.07962962962962972 0.4119791666666667 0.0796296296296297 0.4119791666666667 0.14166666666666677 0.4515625 0.14166666666666677
6 0.5067708333333333 0.5916666666666668 0.46822916666666664 0.5916666666666667 0.46822916666666664 0.650925925925926 0.5067708333333333 0.6509259259259261
11 0.5036458333333333 0.07777777777777788 0.4666666666666667 0.07777777777777788 0.4666666666666667 0.14722222222222234 0.5036458333333333 0.14722222222222234
1 0.45260416666666664 0.24166666666666678 0.41510416666666666 0.24166666666666678 0.41510416666666666 0.30833333333333346 0.45260416666666664 0.30833333333333346
5 0.5572916666666666 0.2324074074074075 0.51875 0.2324074074074075 0.51875 0.3000000000000001 0.5572916666666666 0.3000000000000001
13 0.453125 0.1490740740740742 0.409375 0.1490740740740742 0.409375 0.23055555555555565 0.453125 0.23055555555555565
10 0.45677083333333335 0.7694444444444445 0.42135416666666664 0.7694444444444445 0.42135416666666664 0.8333333333333334 0.45677083333333335 0.8333333333333334
11 0.5067708333333333 0.24074074074074084 0.4671875 0.24074074074074084 0.4671875 0.30462962962962975 0.5067708333333333 0.30462962962962975
3 0.621875 0.7675925925925928 0.5880208333333333 0.7675925925925928 0.5880208333333333 0.8185185185185188 0.621875 0.8185185185185188
3 0.3979166666666668 0.8638888888888889 0.3645833333333334 0.8638888888888889 0.3645833333333334 0.9111111111111111 0.3979166666666668 0.9111111111111111
0 0.5625 0.6703703703703706 0.5244791666666667 0.6703703703703706 0.5244791666666667 0.7444444444444447 0.5625 0.7444444444444447
10 0.5109375 0.8527777777777779 0.4744791666666667 0.8527777777777777 0.47447916666666673 0.9194444444444445 0.5109375000000002 0.9194444444444446
12 0.5734375 0.752777777777778 0.5244791666666667 0.752777777777778 0.5244791666666667 0.8324074074074076 0.5734375 0.8324074074074076