1 0.32291666666666674 0.8240740740740741 0.27760416666666665 0.8240740740740741 0.2776041666666667 0.8935185185185185 0.3229166666666668 0.8935185185185185
11 0.7088541666666667 0.7388888888888892 0.6614583333333334 0.7388888888888892 0.6614583333333334 0.8101851851851853 0.7088541666666667 0.8101851851851853
5 0.3739583333333334 0.8212962962962963 0.32864583333333336 0.8212962962962963 0.3286458333333334 0.8898148148148148 0.37395833333333345 0.8898148148148148
4 0.596875 0.015740740740740864 0.553125 0.01574074074074086 0.553125 0.07870370370370383 0.596875 0.07870370370370383
6 0.5458333333333333 0.025000000000000116 0.5005208333333333 0.025000000000000112 0.5005208333333333 0.08796296296296308 0.5458333333333333 0.08796296296296309
6 0.44114583333333335 0.04629629629629639 0.3958333333333333 0.04629629629629639 0.3958333333333333 0.10925925925925935 0.44114583333333335 0.10925925925925936
0 0.6489583333333333 1.3658213607157288e-16 0.6057291666666667 1.31876317352627e-16 0.6057291666666667 0.06203703703703717 0.6489583333333333 0.06203703703703717
7 0.4390625000000001 0.8009259259259259 0.3932291666666667 0.8009259259259259 0.39322916666666674 0.8703703703703703 0.43906250000000013 0.8703703703703703
7 0.5416666666666666 0.790740740740741 0.49583333333333335 0.790740740740741 0.49583333333333335 0.8574074074074076 0.5416666666666666 0.8574074074074076
10 0.6989583333333333 1.475812786194704e-16 0.6567708333333333 1.4298885312266782e-16 0.6567708333333333 0.061111111111111255 0.6989583333333333 0.06111111111111127
2 0.7010416666666667 0.24166666666666678 0.6661458333333333 0.24166666666666678 0.6661458333333333 0.2935185185185186 0.7010416666666667 0.2935185185185186
2 0.6505208333333333 0.25555555555555565 0.6151041666666667 0.25555555555555565 0.6151041666666667 0.3074074074074075 0.6505208333333333 0.3074074074074075
13 0.49166666666666664 0.6240740740740742 0.43645833333333334 0.6240740740740741 0.43645833333333334 0.7092592592592594 0.49166666666666664 0.7092592592592595
4 0.38645833333333335 0.05740740740740748 0.34375 0.05740740740740748 0.34375 0.12129629629629637 0.38645833333333335 0.1212962962962964
12 0.4947916666666667 0.18703703703703714 0.44166666666666665 0.18703703703703714 0.44166666666666665 0.2666666666666668 0.4947916666666667 0.2666666666666668
1 0.65 0.7592592592592595 0.6078125 0.7592592592592595 0.6078125 0.827777777777778 0.65 0.827777777777778
9 0.5390625 0.6240740740740743 0.5010416666666667 0.6240740740740743 0.5010416666666667 0.6787037037037039 0.5390625 0.6787037037037039
3 0.6546875 0.5074074074074076 0.6182291666666667 0.5074074074074076 0.6182291666666667 0.5601851851851853 0.6546875 0.5601851851851853
10 0.2869791666666667 0.08611111111111117 0.24427083333333333 0.08611111111111117 0.24427083333333333 0.150925925925926 0.2869791666666667 0.150925925925926
2 0.2765625 0.32500000000000007 0.24010416666666667 0.325 0.24010416666666667 0.38518518518518524 0.2765625 0.3851851851851853
5 0.5942708333333333 0.7712962962962965 0.5458333333333333 0.7712962962962965 0.5458333333333333 0.8416666666666669 0.5942708333333333 0.8416666666666669
3 0.709375 0.4962962962962965 0.6729166666666667 0.4962962962962965 0.6729166666666667 0.5481481481481484 0.709375 0.5481481481481484
2 0.3302083333333333 0.32222222222222235 0.2942708333333333 0.32222222222222235 0.2942708333333333 0.38055555555555565 0.3302083333333333 0.38055555555555565
3 0.3203125 0.575 0.2833333333333333 0.575 0.2833333333333333 0.6268518518518519 0.3203125 0.6268518518518519
3 0.43333333333333335 0.4629629629629631 0.396875 0.4629629629629631 0.396875 0.5166666666666667 0.43333333333333335 0.5166666666666667
8 0.5411458333333333 0.18611111111111123 0.5046875 0.18611111111111123 0.5046875 0.24351851851851863 0.5411458333333333 0.24351851851851863
3 0.271875 0.587037037037037 0.23593750000000005 0.587037037037037 0.23593750000000005 0.6398148148148148 0.271875 0.6398148148148148
2 0.5427083333333333 0.3555555555555557 0.50625 0.3555555555555557 0.50625 0.4092592592592594 0.5427083333333333 0.4092592592592594
0 0.34010416666666665 0.07037037037037043 0.296875 0.07037037037037042 0.296875 0.1370370370370371 0.34010416666666665 0.1370370370370371
9 0.42864583333333334 0.6518518518518519 0.39010416666666664 0.6518518518518519 0.39010416666666664 0.7064814814814815 0.42864583333333334 0.7064814814814815
11 0.27083333333333337 0.825 0.22656250000000006 0.825 0.22656250000000006 0.8981481481481481 0.2708333333333334 0.8981481481481481
8 0.43020833333333336 0.20833333333333343 0.3963541666666667 0.20833333333333343 0.3963541666666667 0.2675925925925927 0.43020833333333336 0.2675925925925927