3 0.43802083333333336 0.4361111111111112 0.3984375 0.4361111111111112 0.3984375 0.5055555555555555 0.43802083333333336 0.5055555555555555
4 0.725 0.2842592592592594 0.678125 0.2842592592592594 0.678125 0.36666666666666675 0.725 0.36666666666666675
7 0.459375 0.5425925925925926 0.4083333333333333 0.5425925925925926 0.4083333333333333 0.6324074074074074 0.459375 0.6324074074074074
9 0.5140625 0.7166666666666668 0.4744791666666667 0.7166666666666667 0.4744791666666667 0.7861111111111112 0.5140625 0.7861111111111113
0 0.7625 0.33148148148148165 0.7161458333333334 0.3314814814814816 0.7161458333333334 0.4120370370370372 0.7625 0.41203703703703726
11 0.5598958333333334 0.7564814814814816 0.5098958333333333 0.7564814814814816 0.5098958333333333 0.8435185185185188 0.5598958333333334 0.8435185185185188
12 0.6484375 0.17962962962962975 0.590625 0.17962962962962972 0.590625 0.2814814814814816 0.6484375 0.2814814814814816
11 0.5463541666666667 0.6388888888888891 0.49635416666666665 0.6388888888888891 0.49635416666666665 0.7259259259259261 0.5463541666666667 0.7259259259259261
4 0.5677083333333334 0.10462962962962975 0.5197916666666667 0.10462962962962974 0.5197916666666667 0.18703703703703714 0.5677083333333334 0.18703703703703714
5 0.6026041666666667 0.8000000000000002 0.5515625 0.8000000000000002 0.5515625 0.8907407407407409 0.6026041666666667 0.8907407407407409
10 0.6651041666666667 0.29722222222222233 0.6161458333333333 0.29722222222222233 0.6161458333333333 0.38240740740740753 0.6651041666666667 0.38240740740740753
3 0.6067708333333334 0.6268518518518521 0.5666666666666667 0.6268518518518521 0.5666666666666667 0.6972222222222224 0.6067708333333334 0.6972222222222224
9 0.428125 0.6240740740740741 0.3880208333333333 0.6240740740740741 0.3880208333333333 0.6944444444444444 0.428125 0.6944444444444444
3 0.5208333333333334 0.5342592592592593 0.48072916666666665 0.5342592592592592 0.48072916666666665 0.6037037037037039 0.5208333333333334 0.603703703703704
7 0.628125 0.727777777777778 0.5776041666666667 0.727777777777778 0.5776041666666667 0.8166666666666669 0.628125 0.8166666666666669
6 0.7046875 0.3490740740740742 0.6567708333333333 0.3490740740740742 0.6567708333333333 0.4324074074074075 0.7046875 0.4324074074074075
10 0.6239583333333333 0.25462962962962976 0.575 0.25462962962962976 0.575 0.3416666666666668 0.6239583333333333 0.3416666666666668
13 0.4822916666666667 0.6527777777777778 0.4203125 0.6527777777777778 0.4203125 0.7620370370370371 0.4822916666666667 0.7620370370370371
8 0.6015625 0.15462962962962973 0.5630208333333333 0.15462962962962973 0.5630208333333333 0.22222222222222232 0.6015625 0.22222222222222232
8 0.6776041666666667 0.2462962962962964 0.6390625 0.2462962962962964 0.6390625 0.31296296296296305 0.6776041666666667 0.31296296296296305
1 0.5848958333333333 0.677777777777778 0.534375 0.677777777777778 0.534375 0.7666666666666668 0.5848958333333333 0.7666666666666668
0 0.5453125 0.16574074074074086 0.49635416666666665 0.16574074074074086 0.49635416666666665 0.2527777777777779 0.5453125 0.2527777777777779
6 0.5848958333333333 0.21111111111111122 0.5354166666666667 0.21111111111111122 0.5354166666666667 0.29722222222222233 0.5848958333333333 0.29722222222222233
3 0.478125 0.4824074074074074 0.43802083333333336 0.4824074074074074 0.43802083333333336 0.5537037037037037 0.478125 0.5537037037037037
1 0.5026041666666666 0.588888888888889 0.4515625 0.5888888888888889 0.4515625 0.6787037037037038 0.5026041666666666 0.6787037037037039
3 0.5640625 0.5731481481481484 0.5239583333333333 0.5731481481481484 0.5239583333333333 0.6435185185185187 0.5640625 0.6435185185185187
2 0.5114583333333333 0.23796296296296307 0.47291666666666665 0.23796296296296307 0.47291666666666665 0.30555555555555564 0.5114583333333333 0.30555555555555564
5 0.3890625 0.5601851851851852 0.3390625 0.5601851851851852 0.3390625 0.649074074074074 0.3890625 0.649074074074074
2 0.6395833333333333 0.3750000000000001 0.6020833333333333 0.3750000000000001 0.6020833333333333 0.4407407407407408 0.6395833333333333 0.4407407407407408
2 0.6786458333333333 0.4212962962962964 0.6395833333333333 0.4212962962962964 0.6395833333333333 0.48981481481481504 0.6786458333333333 0.48981481481481504
2 0.5958333333333333 0.3314814814814816 0.5578125 0.3314814814814816 0.5578125 0.39814814814814825 0.5958333333333333 0.39814814814814825
2 0.5536458333333333 0.28055555555555567 0.5151041666666667 0.28055555555555567 0.5151041666666667 0.34814814814814826 0.5536458333333333 0.34814814814814826