4 0.3203125 0.23518518518518525 0.28177083333333336 0.23518518518518525 0.28177083333333336 0.30833333333333346 0.3203125 0.30833333333333346
13 0.6859375 0.44351851851851865 0.6442708333333333 0.44351851851851865 0.6442708333333333 0.5231481481481484 0.6859375 0.5231481481481484
6 0.4109375 0.22037037037037047 0.375 0.22037037037037047 0.375 0.2898148148148149 0.4109375 0.2898148148148149
11 0.7145833333333333 0.2824074074074075 0.6802083333333333 0.2824074074074075 0.6802083333333333 0.35277777777777786 0.7145833333333333 0.35277777777777786
3 0.590625 0.3074074074074075 0.5630208333333333 0.3074074074074075 0.5630208333333333 0.36296296296296304 0.590625 0.36296296296296304
9 0.7109375 0.38055555555555565 0.6854166666666667 0.38055555555555565 0.6854166666666667 0.4351851851851853 0.7109375 0.4351851851851853
3 0.5973958333333333 0.6537037037037039 0.5692708333333333 0.6537037037037039 0.5692708333333333 0.7111111111111114 0.5973958333333333 0.7111111111111114
2 0.46875 0.6796296296296296 0.4401041666666667 0.6796296296296296 0.4401041666666667 0.737037037037037 0.46875 0.737037037037037
7 0.6447916666666667 0.7361111111111113 0.6109375 0.7361111111111113 0.6109375 0.8037037037037039 0.6447916666666667 0.8037037037037039
5 0.7088541666666667 0.19907407407407424 0.6739583333333333 0.19907407407407424 0.6739583333333333 0.26944444444444454 0.7088541666666667 0.26944444444444454
3 0.5854166666666667 0.1324074074074075 0.5578125 0.1324074074074075 0.5578125 0.18796296296296308 0.5854166666666667 0.18796296296296308
7 0.6255208333333333 0.20648148148148163 0.590625 0.2064814814814816 0.590625 0.2777777777777779 0.6255208333333333 0.2777777777777779
2 0.4546875 0.31666666666666676 0.42604166666666665 0.31666666666666676 0.42604166666666665 0.37407407407407417 0.4546875 0.37407407407407417
2 0.45729166666666665 0.5027777777777778 0.4276041666666667 0.5027777777777778 0.4276041666666667 0.5611111111111111 0.45729166666666665 0.5611111111111111
12 0.37395833333333334 0.512962962962963 0.3296875 0.512962962962963 0.3296875 0.5962962962962963 0.37395833333333334 0.5962962962962963
3 0.5979166666666667 0.47592592592592614 0.5692708333333333 0.47592592592592614 0.5692708333333333 0.5314814814814817 0.5979166666666667 0.5314814814814817
1 0.7125 0.12500000000000017 0.6776041666666667 0.12500000000000017 0.6776041666666667 0.19537037037037053 0.7125 0.19537037037037053
2 0.4697916666666668 0.8601851851851852 0.44114583333333346 0.8601851851851852 0.44114583333333346 0.9166666666666666 0.4697916666666668 0.9166666666666666
3 0.5984375 0.8231481481481484 0.5708333333333333 0.8231481481481484 0.5708333333333333 0.8796296296296299 0.5984375 0.8796296296296299
2 0.44947916666666665 0.1361111111111112 0.42135416666666664 0.1361111111111112 0.42135416666666664 0.1962962962962964 0.44947916666666665 0.1962962962962964
9 0.7192708333333333 0.552777777777778 0.6927083333333334 0.552777777777778 0.6927083333333334 0.6074074074074076 0.7192708333333333 0.6074074074074076
1 0.7192708333333333 0.7962962962962965 0.6848958333333334 0.7962962962962965 0.6848958333333334 0.8629629629629632 0.7192708333333333 0.8629629629629632
0 0.3328125000000001 0.8666666666666667 0.29531250000000014 0.8666666666666667 0.29531250000000014 0.937037037037037 0.3328125000000001 0.937037037037037
5 0.7239583333333334 0.7000000000000002 0.6869791666666667 0.7000000000000002 0.6869791666666667 0.7694444444444447 0.7239583333333334 0.7694444444444447
11 0.725 0.627777777777778 0.6901041666666666 0.627777777777778 0.6901041666666666 0.6944444444444446 0.725 0.6944444444444446
6 0.4234375 0.7833333333333333 0.3880208333333333 0.7833333333333333 0.3880208333333333 0.8518518518518519 0.4234375 0.8518518518518519
4 0.33489583333333334 0.6824074074074075 0.296875 0.6824074074074075 0.296875 0.7527777777777778 0.33489583333333334 0.7527777777777778
10 0.3390625 0.7787037037037037 0.30052083333333335 0.7787037037037037 0.30052083333333335 0.8444444444444444 0.3390625 0.8444444444444444
10 0.3234375 0.3296296296296297 0.28229166666666666 0.3296296296296297 0.28229166666666666 0.4037037037037038 0.3234375 0.4037037037037038
8 0.31927083333333334 0.4361111111111112 0.28854166666666664 0.4361111111111112 0.28854166666666664 0.49907407407407406 0.31927083333333334 0.49907407407407406
8 0.32083333333333336 0.6138888888888889 0.290625 0.6138888888888889 0.290625 0.6722222222222223 0.32083333333333336 0.6722222222222223
0 0.3229166666666667 0.15370370370370376 0.28125 0.15370370370370376 0.28125 0.2231481481481482 0.3229166666666667 0.2231481481481482