6 0.628125 0.21574074074074087 0.5869791666666667 0.21574074074074084 0.5869791666666667 0.2750000000000001 0.628125 0.2750000000000001
4 0.5760416666666667 0.4814814814814817 0.534375 0.4814814814814817 0.534375 0.5435185185185187 0.5760416666666667 0.5435185185185187
4 0.6838541666666667 0.2157407407407409 0.6421875 0.2157407407407409 0.6421875 0.2750000000000001 0.6838541666666667 0.2750000000000001
10 0.5208333333333334 0.13055555555555567 0.4822916666666667 0.13055555555555567 0.4822916666666667 0.1898148148148149 0.5208333333333334 0.1898148148148149
3 0.409375 0.4861111111111111 0.378125 0.4861111111111111 0.378125 0.5388888888888889 0.409375 0.5388888888888889
8 0.5682291666666667 0.2185185185185186 0.534375 0.2185185185185186 0.534375 0.2666666666666668 0.5682291666666667 0.2666666666666668
12 0.5765625 0.04166666666666679 0.5270833333333333 0.04166666666666678 0.5270833333333333 0.11481481481481494 0.5765625 0.11481481481481495
5 0.5182291666666666 0.5648148148148149 0.48072916666666665 0.5648148148148148 0.48072916666666665 0.6277777777777779 0.5182291666666666 0.627777777777778
0 0.46458333333333335 0.21944444444444455 0.4244791666666667 0.21944444444444455 0.4244791666666667 0.27685185185185196 0.46458333333333335 0.27685185185185196
3 0.4625 0.487962962962963 0.428125 0.487962962962963 0.428125 0.5388888888888889 0.4625 0.5388888888888889
5 0.6369791666666667 0.7342592592592595 0.5958333333333333 0.7342592592592595 0.5958333333333333 0.802777777777778 0.6369791666666667 0.802777777777778
11 0.5208333333333334 0.21666666666666679 0.48020833333333335 0.21666666666666679 0.48020833333333335 0.2777777777777779 0.5208333333333334 0.2777777777777779
3 0.5713541666666667 0.5694444444444446 0.5401041666666667 0.5694444444444446 0.5401041666666667 0.6157407407407409 0.5713541666666667 0.6157407407407409
11 0.3614583333333333 0.22407407407407412 0.32135416666666666 0.22407407407407412 0.32135416666666666 0.28518518518518526 0.3614583333333333 0.28518518518518526
2 0.6848958333333334 0.6564814814814817 0.65 0.6564814814814817 0.65 0.7074074074074076 0.6848958333333334 0.7074074074074076
13 0.4739583333333333 0.7342592592592593 0.42552083333333335 0.7342592592592593 0.42552083333333335 0.8138888888888889 0.4739583333333333 0.8138888888888889
7 0.7369791666666666 0.5629629629629632 0.6963541666666667 0.5629629629629632 0.6963541666666667 0.6259259259259261 0.7369791666666666 0.6259259259259261
8 0.5140625 0.05092592592592604 0.4828125 0.050925925925926034 0.4828125 0.09629629629629641 0.5140625 0.09629629629629641
3 0.5135416666666667 0.38425925925925936 0.48125 0.38425925925925936 0.48125 0.43981481481481494 0.5135416666666667 0.43981481481481494
7 0.6213541666666667 0.04907407407407421 0.5864583333333333 0.04907407407407421 0.5864583333333333 0.10833333333333346 0.6213541666666667 0.10833333333333346
1 0.4671875 0.05555555555555566 0.4322916666666667 0.05555555555555565 0.4322916666666667 0.11666666666666677 0.4671875 0.11666666666666677
2 0.6822916666666666 0.3916666666666668 0.6526041666666667 0.3916666666666668 0.6526041666666667 0.4407407407407408 0.6822916666666666 0.4407407407407408
3 0.6776041666666667 0.47777777777777797 0.6494791666666667 0.47777777777777797 0.6494791666666667 0.5240740740740742 0.6776041666666667 0.5240740740740742
6 0.3020833333333333 0.49166666666666664 0.26406250000000003 0.49166666666666664 0.26406250000000003 0.5555555555555556 0.3020833333333333 0.5555555555555556
2 0.3541666666666667 0.6657407407407407 0.32447916666666665 0.6657407407407407 0.32447916666666665 0.7185185185185186 0.3541666666666667 0.7185185185185186
2 0.46145833333333336 0.3953703703703705 0.43020833333333336 0.3953703703703705 0.43020833333333336 0.44444444444444453 0.46145833333333336 0.44444444444444453
1 0.4671875 0.649074074074074 0.43020833333333336 0.649074074074074 0.43020833333333336 0.7129629629629629 0.4671875 0.7129629629629629
2 0.4119791666666667 0.6657407407407407 0.3802083333333333 0.6657407407407407 0.3802083333333333 0.7138888888888889 0.4119791666666667 0.7138888888888889
9 0.5229166666666667 0.7444444444444447 0.4901041666666667 0.7444444444444447 0.4901041666666667 0.7935185185185187 0.5229166666666667 0.7935185185185187
9 0.5734375 0.7500000000000002 0.5463541666666667 0.7500000000000002 0.5463541666666667 0.802777777777778 0.5734375 0.802777777777778
10 0.5213541666666667 0.8231481481481483 0.4828125 0.8231481481481482 0.48281250000000003 0.8833333333333334 0.5213541666666668 0.8833333333333335
0 0.5729166666666666 0.651851851851852 0.5364583333333334 0.651851851851852 0.5364583333333334 0.7185185185185188 0.5729166666666666 0.7185185185185188