6 0.6765625 0.07037037037037051 0.625 0.0703703703703705 0.625 0.16296296296296311 0.6765625 0.16296296296296311
11 0.425 0.7481481481481481 0.37447916666666664 0.7481481481481481 0.37447916666666664 0.8379629629629629 0.425 0.8379629629629629
4 0.5864583333333333 1.219544104150906e-16 0.5338541666666666 1.1622805269685528e-16 0.5338541666666666 0.088888888888889 0.5864583333333333 0.08888888888888902
3 0.7020833333333333 0.20000000000000015 0.6598958333333333 0.20000000000000015 0.6598958333333333 0.2750000000000001 0.7020833333333333 0.2750000000000001
0 0.6291666666666667 0.2277777777777779 0.5786458333333333 0.22777777777777788 0.5786458333333333 0.31944444444444453 0.6291666666666667 0.31944444444444453
2 0.5390625 0.7564814814814816 0.4984375 0.7564814814814816 0.4984375 0.8287037037037039 0.5390625 0.8287037037037039
9 0.4354166666666667 0.687037037037037 0.3953125 0.687037037037037 0.3953125 0.7583333333333333 0.4354166666666667 0.7583333333333333
3 0.725 0.11851851851851868 0.6833333333333333 0.11851851851851868 0.6833333333333333 0.19259259259259276 0.725 0.19259259259259276
7 0.49270833333333336 0.5175925925925927 0.440625 0.5175925925925926 0.440625 0.6101851851851853 0.49270833333333336 0.6101851851851854
1 0.4203125 0.5611111111111111 0.37083333333333335 0.5611111111111111 0.37083333333333335 0.65 0.4203125 0.65
2 0.34375 0.6083333333333333 0.30416666666666664 0.6083333333333333 0.30416666666666664 0.6796296296296296 0.34375 0.6796296296296296
2 0.2786458333333333 0.6481481481481481 0.2395833333333334 0.6481481481481481 0.2395833333333334 0.7166666666666667 0.2786458333333333 0.7166666666666667
2 0.5156250000000001 0.8370370370370371 0.47604166666666664 0.837037037037037 0.47604166666666675 0.9074074074074076 0.5156250000000001 0.9074074074074077
3 0.5052083333333334 0.04814814814814825 0.4635416666666667 0.04814814814814825 0.4635416666666667 0.12314814814814826 0.5052083333333334 0.12314814814814826
7 0.4947916666666667 0.7166666666666668 0.4453125 0.7166666666666667 0.4453125 0.8055555555555557 0.4947916666666667 0.8055555555555558
0 0.6078125 0.11574074074074087 0.5557291666666667 0.11574074074074087 0.5557291666666667 0.20833333333333345 0.6078125 0.20833333333333348
3 0.4817708333333333 1.0040969820786865e-16 0.440625 9.593066593320934e-17 0.440625 0.014814814814814916 0.4817708333333333 0.01481481481481492
5 0.515625 0.6370370370370372 0.4630208333333333 0.6370370370370371 0.4630208333333333 0.7324074074074075 0.515625 0.7324074074074076
8 0.53125 0.16203703703703715 0.4890625 0.16203703703703715 0.4890625 0.23796296296296307 0.53125 0.23796296296296307
2 0.321875 0.6796296296296296 0.28229166666666666 0.6796296296296296 0.28229166666666666 0.7509259259259259 0.321875 0.7509259259259259
4 0.5838541666666667 0.19166666666666676 0.5317708333333333 0.19166666666666676 0.5317708333333333 0.2861111111111112 0.5838541666666667 0.2861111111111112
6 0.559375 0.2712962962962964 0.5083333333333333 0.2712962962962964 0.5083333333333333 0.363888888888889 0.559375 0.363888888888889
1 0.378125 0.7083333333333334 0.32760416666666664 0.7083333333333334 0.32760416666666664 0.8027777777777778 0.378125 0.8027777777777778
5 0.4677083333333334 0.7851851851851852 0.41770833333333335 0.7851851851851852 0.4177083333333334 0.8759259259259259 0.46770833333333345 0.8759259259259259
13 0.40260416666666665 0.6268518518518519 0.34270833333333334 0.6268518518518519 0.34270833333333334 0.737037037037037 0.40260416666666665 0.737037037037037
12 0.6640625 0.14351851851851866 0.6010416666666667 0.14351851851851863 0.6010416666666667 0.26111111111111124 0.6640625 0.26111111111111124
11 0.47239583333333335 0.587037037037037 0.41770833333333335 0.587037037037037 0.41770833333333335 0.6907407407407408 0.47239583333333335 0.6907407407407408
10 0.6302083333333334 0.025000000000000133 0.5791666666666667 0.025000000000000126 0.5791666666666667 0.1203703703703705 0.6302083333333334 0.12037037037037053
10 0.5609375 0.07129629629629641 0.5109375 0.0712962962962964 0.5109375 0.163888888888889 0.5609375 0.163888888888889
3 0.5270833333333333 1.1027490853433342e-16 0.4859375 1.0579587625967411e-16 0.4859375 0.041666666666666775 0.5270833333333333 0.04166666666666678