6 0.5463541666666667 0.1750000000000001 0.5104166666666666 0.1750000000000001 0.5104166666666666 0.22777777777777788 0.5463541666666667 0.22777777777777788
4 0.6348958333333333 0.19629629629629644 0.5984375 0.1962962962962964 0.5984375 0.2500000000000001 0.6348958333333333 0.2500000000000001
11 0.234375 0.24351851851851852 0.19895833333333332 0.24351851851851852 0.19895833333333332 0.29814814814814816 0.234375 0.29814814814814816
3 0.3578125 0.25555555555555565 0.32864583333333336 0.25555555555555565 0.32864583333333336 0.301851851851852 0.3578125 0.301851851851852
3 0.3375 0.7953703703703704 0.30885416666666665 0.7953703703703704 0.30885416666666665 0.8407407407407408 0.3375 0.8407407407407408
7 0.33177083333333335 0.1666666666666667 0.296875 0.1666666666666667 0.296875 0.22129629629629635 0.33177083333333335 0.22129629629629635
13 0.26927083333333335 0.3981481481481482 0.22447916666666667 0.39814814814814814 0.2244791666666667 0.47222222222222227 0.26927083333333335 0.4722222222222223
2 0.49635416666666665 0.2685185185185186 0.4661458333333333 0.2685185185185186 0.4661458333333333 0.3175925925925927 0.49635416666666665 0.3175925925925927
2 0.49375 0.4462962962962964 0.4640625 0.4462962962962964 0.4640625 0.49074074074074087 0.49375 0.490740740740741
3 0.34739583333333335 0.42777777777777787 0.3182291666666667 0.42777777777777787 0.3182291666666667 0.4712962962962964 0.34739583333333335 0.4712962962962964
3 0.36614583333333334 0.09444444444444453 0.3375 0.09444444444444453 0.3375 0.13518518518518527 0.36614583333333334 0.1351851851851853
12 0.5848958333333333 0.45740740740740754 0.5416666666666666 0.45740740740740754 0.5416666666666666 0.5250000000000002 0.5848958333333333 0.5250000000000002
1 0.21302083333333338 0.7824074074074074 0.17812500000000006 0.7824074074074074 0.17812500000000006 0.8379629629629629 0.21302083333333338 0.8379629629629629
2 0.4786458333333333 0.6333333333333333 0.4484375 0.6333333333333333 0.4484375 0.6768518518518518 0.4786458333333333 0.6768518518518518
4 0.6192708333333333 0.627777777777778 0.5817708333333333 0.627777777777778 0.5817708333333333 0.6851851851851853 0.6192708333333333 0.6851851851851853
3 0.34270833333333334 0.612037037037037 0.31302083333333336 0.612037037037037 0.31302083333333336 0.6564814814814814 0.34270833333333334 0.6564814814814814
7 0.29739583333333336 0.7046296296296296 0.26093750000000004 0.7046296296296296 0.26093750000000004 0.7620370370370371 0.29739583333333336 0.7620370370370371
2 0.47604166666666675 0.8175925925925925 0.44635416666666666 0.8175925925925925 0.4463541666666667 0.8648148148148148 0.4760416666666668 0.8648148148148148
1 0.24166666666666667 0.08888888888888895 0.2078125 0.08888888888888895 0.2078125 0.14166666666666672 0.24166666666666667 0.14166666666666672
2 0.503125 0.10277777777777788 0.475 0.10277777777777788 0.475 0.14537037037037048 0.503125 0.14537037037037048
0 0.634375 0.1203703703703705 0.5984375 0.12037037037037047 0.5984375 0.17500000000000013 0.634375 0.17500000000000016
6 0.5307291666666667 0.728703703703704 0.49322916666666666 0.728703703703704 0.49322916666666666 0.790740740740741 0.5307291666666667 0.790740740740741
8 0.6296875 0.552777777777778 0.6 0.552777777777778 0.6 0.5972222222222224 0.6296875 0.5972222222222224
9 0.2161458333333334 0.5175925925925926 0.1833333333333334 0.5175925925925926 0.1833333333333334 0.5703703703703704 0.2161458333333334 0.5703703703703704
10 0.6182291666666667 0.7175925925925928 0.5786458333333333 0.7175925925925928 0.5786458333333333 0.7842592592592594 0.6182291666666667 0.7842592592592594
5 0.21250000000000005 0.6796296296296296 0.17760416666666673 0.6796296296296296 0.17760416666666673 0.7361111111111112 0.21250000000000005 0.7361111111111112
11 0.2114583333333334 0.5962962962962963 0.1755208333333334 0.5962962962962963 0.1755208333333334 0.6527777777777778 0.2114583333333334 0.6527777777777778
8 0.6276041666666666 0.38240740740740753 0.5984375 0.38240740740740753 0.5984375 0.43425925925925934 0.6276041666666666 0.43425925925925934
0 0.6223958333333334 0.8120370370370372 0.5848958333333333 0.8120370370370372 0.5848958333333333 0.8750000000000002 0.6223958333333334 0.8750000000000002
9 0.22864583333333333 0.3351851851851852 0.20052083333333334 0.3351851851851852 0.20052083333333334 0.37777777777777777 0.22864583333333333 0.37777777777777777
5 0.24322916666666666 0.15648148148148153 0.20833333333333334 0.15648148148148153 0.20833333333333334 0.21666666666666673 0.24322916666666666 0.21666666666666673
10 0.6317708333333333 0.2777777777777779 0.5942708333333333 0.2777777777777779 0.5942708333333333 0.34259259259259267 0.6317708333333333 0.34259259259259267