5 0.27708333333333335 0.45833333333333337 0.2255208333333334 0.4583333333333333 0.2255208333333334 0.5583333333333333 0.27708333333333335 0.5583333333333333
0 0.6572916666666667 0.1129629629629631 0.6088541666666667 0.1129629629629631 0.6088541666666667 0.20370370370370386 0.6572916666666667 0.20370370370370386
4 0.6739583333333333 0.1981481481481483 0.6265625 0.1981481481481483 0.6265625 0.2898148148148149 0.6739583333333333 0.2898148148148149
1 0.25625000000000003 0.36388888888888893 0.20520833333333333 0.3638888888888889 0.20520833333333335 0.4620370370370371 0.25625000000000003 0.46203703703703713
7 0.3385416666666667 0.7194444444444444 0.28802083333333334 0.7194444444444444 0.28802083333333334 0.8166666666666667 0.3385416666666667 0.8166666666666667
2 0.5208333333333334 0.19537037037037047 0.48072916666666665 0.19537037037037047 0.48072916666666665 0.2722222222222223 0.5208333333333334 0.2722222222222223
5 0.35781250000000003 0.825 0.3067708333333333 0.825 0.3067708333333334 0.9212962962962963 0.35781250000000014 0.9212962962962963
1 0.38125000000000014 0.9064814814814814 0.32968750000000013 0.9064814814814814 0.32968750000000013 1 0.38125000000000014 1
10 0.6328125 0.06944444444444457 0.5859375 0.06944444444444457 0.5859375 0.1203703703703705 0.6328125 0.12037037037037053
10 0.7895833333333333 0.7129629629629631 0.7416666666666667 0.7129629629629631 0.7416666666666667 0.8046296296296298 0.7895833333333333 0.8046296296296298
13 0.4088541666666667 0.5722222222222222 0.34791666666666665 0.5722222222222222 0.34791666666666665 0.6861111111111111 0.4088541666666667 0.6861111111111111
7 0.29322916666666665 0.5509259259259259 0.2427083333333334 0.5509259259259259 0.2427083333333334 0.6481481481481481 0.29322916666666665 0.6481481481481481
2 0.640625 0.7240740740740743 0.6005208333333333 0.7240740740740743 0.6005208333333333 0.8009259259259262 0.640625 0.8009259259259262
12 0.6375 0.41944444444444456 0.5786458333333333 0.41944444444444456 0.5786458333333333 0.5314814814814817 0.6375 0.5314814814814817
2 0.5026041666666666 0.11018518518518529 0.4635416666666667 0.11018518518518529 0.4635416666666667 0.18518518518518529 0.5026041666666666 0.18518518518518529
3 0.3625 0.18425925925925932 0.3229166666666667 0.18425925925925932 0.3229166666666667 0.2601851851851853 0.3625 0.2601851851851853
4 0.7552083333333334 0.5425925925925928 0.7067708333333333 0.5425925925925928 0.7067708333333333 0.6361111111111113 0.7552083333333334 0.6361111111111113
6 0.6963541666666667 0.2824074074074075 0.6479166666666667 0.2824074074074075 0.6479166666666667 0.37685185185185194 0.6963541666666667 0.37685185185185194
11 0.23802083333333332 0.26481481481481484 0.18541666666666667 0.26481481481481484 0.18541666666666667 0.36666666666666664 0.23802083333333332 0.36666666666666664
6 0.7338541666666667 0.451851851851852 0.6859375 0.45185185185185195 0.6859375 0.5462962962962965 0.7338541666666667 0.5462962962962965
3 0.5114583333333333 0.826851851851852 0.471875 0.8268518518518518 0.47187500000000004 0.9046296296296298 0.5114583333333335 0.9046296296296299
3 0.3848958333333333 0.2703703703703705 0.34479166666666666 0.2703703703703705 0.34479166666666666 0.34814814814814826 0.3848958333333333 0.34814814814814826
3 0.51875 0.6074074074074075 0.475 0.6074074074074074 0.475 0.6870370370370371 0.51875 0.6870370370370372
2 0.6635416666666667 0.8120370370370372 0.625 0.8120370370370372 0.625 0.8870370370370373 0.6635416666666667 0.8870370370370373
8 0.6098958333333333 0.34259259259259267 0.565625 0.34259259259259267 0.565625 0.4250000000000001 0.6098958333333333 0.4250000000000001
3 0.5296875000000001 0.9083333333333335 0.48854166666666676 0.9083333333333335 0.48854166666666676 0.987037037037037 0.5296875000000001 0.987037037037037
2 0.5177083333333333 0.3990740740740742 0.47760416666666666 0.3990740740740742 0.47760416666666666 0.47592592592592603 0.5177083333333333 0.47592592592592614
0 0.7713541666666667 0.627777777777778 0.7229166666666667 0.627777777777778 0.7229166666666667 0.7194444444444447 0.7713541666666667 0.7194444444444447
9 0.38125 0.49537037037037035 0.34010416666666665 0.49537037037037035 0.34010416666666665 0.5740740740740741 0.38125 0.5740740740740741
8 0.6489583333333333 0.5305555555555558 0.609375 0.5305555555555558 0.609375 0.6055555555555557 0.6489583333333333 0.6055555555555557
11 0.4036458333333334 0.9888888888888889 0.35052083333333345 0.9888888888888889 0.35052083333333345 1 0.4036458333333334 1
9 0.4197916666666667 0.6796296296296296 0.37604166666666666 0.6796296296296296 0.37604166666666666 0.7601851851851852 0.4197916666666667 0.7601851851851852