12 0.46145833333333336 0.725925925925926 0.42135416666666664 0.725925925925926 0.42135416666666664 0.7981481481481482 0.46145833333333336 0.7981481481481482
0 0.5984375 0.7342592592592595 0.565625 0.7342592592592595 0.565625 0.7916666666666669 0.5984375 0.7916666666666669
10 0.35625 0.7416666666666667 0.3234375 0.7416666666666667 0.3234375 0.8 0.35625 0.8
13 0.4583333333333333 0.2175925925925927 0.42083333333333334 0.2175925925925927 0.42083333333333334 0.28055555555555567 0.4583333333333333 0.28055555555555567
1 0.2828125 0.18240740740740746 0.2526041666666667 0.18240740740740746 0.2526041666666667 0.23240740740740745 0.2828125 0.23240740740740745
3 0.546875 0.3675925925925927 0.5213541666666667 0.3675925925925927 0.5213541666666667 0.41203703703703715 0.546875 0.41203703703703715
5 0.5 0.29722222222222233 0.46927083333333336 0.29722222222222233 0.46927083333333336 0.3500000000000001 0.5 0.3500000000000001
7 0.3265625 0.301851851851852 0.29583333333333334 0.301851851851852 0.29583333333333334 0.35462962962962974 0.3265625 0.35462962962962974
7 0.4546875 0.2925925925925927 0.42291666666666666 0.2925925925925927 0.42291666666666666 0.3462962962962964 0.4546875 0.3462962962962964
6 0.50625 0.7370370370370372 0.47291666666666665 0.737037037037037 0.47291666666666665 0.7962962962962964 0.50625 0.7962962962962965
4 0.40677083333333336 0.6666666666666666 0.3734375 0.6666666666666666 0.3734375 0.7240740740740741 0.40677083333333336 0.7240740740740741
11 0.45729166666666665 0.363888888888889 0.42552083333333335 0.363888888888889 0.42552083333333335 0.4185185185185186 0.45729166666666665 0.4185185185185186
11 0.4114583333333333 0.3592592592592594 0.3807291666666667 0.3592592592592594 0.3807291666666667 0.4129629629629631 0.4114583333333333 0.4129629629629631
6 0.45625 0.6611111111111111 0.42291666666666666 0.6611111111111111 0.42291666666666666 0.7185185185185186 0.45625 0.7185185185185186
4 0.5015625 0.5796296296296297 0.4703125 0.5796296296296296 0.4703125 0.6370370370370372 0.5015625 0.6370370370370373