4 0.5776041666666667 0.7814814814814817 0.528125 0.7814814814814817 0.5281250000000001 0.8731481481481483 0.5776041666666667 0.8731481481481483
13 0.371875 0.1972222222222223 0.31145833333333334 0.19722222222222227 0.31145833333333334 0.3101851851851853 0.371875 0.3101851851851853
3 0.3572916666666667 0.46574074074074084 0.3182291666666667 0.46574074074074084 0.3182291666666667 0.537962962962963 0.3572916666666667 0.537962962962963
3 0.4234375 0.325925925925926 0.38385416666666666 0.325925925925926 0.38385416666666666 0.3990740740740742 0.4234375 0.3990740740740742
11 0.3921875 0.047222222222222304 0.3453125 0.047222222222222304 0.3453125 0.13425925925925933 0.3921875 0.13425925925925936
3 0.55 0.09907407407407419 0.5135416666666667 0.09907407407407418 0.5135416666666667 0.16666666666666677 0.55 0.16666666666666677
2 0.4015625 0.7777777777777778 0.3614583333333333 0.7777777777777778 0.3614583333333333 0.8518518518518519 0.4015625 0.8518518518518519
7 0.49375 0.10277777777777788 0.4479166666666667 0.10277777777777788 0.4479166666666667 0.188888888888889 0.49375 0.188888888888889
2 0.5354166666666667 0.5092592592592595 0.49583333333333335 0.5092592592592595 0.49583333333333335 0.5824074074074076 0.5354166666666667 0.5824074074074076
2 0.596875 0.3787037037037038 0.5583333333333333 0.3787037037037038 0.5583333333333333 0.4500000000000001 0.596875 0.4500000000000001
7 0.2911458333333333 0.4703703703703705 0.24322916666666672 0.4703703703703705 0.24322916666666672 0.5592592592592592 0.2911458333333333 0.5592592592592592
6 0.6697916666666667 0.3555555555555557 0.6208333333333333 0.3555555555555557 0.6208333333333333 0.44814814814814824 0.6697916666666667 0.44814814814814824
2 0.46510416666666665 0.6324074074074074 0.425 0.6324074074074074 0.425 0.7074074074074074 0.46510416666666665 0.7074074074074074
2 0.6567708333333333 0.2601851851851853 0.6192708333333333 0.2601851851851853 0.6192708333333333 0.33055555555555566 0.6567708333333333 0.33055555555555566
6 0.4755208333333334 0.762962962962963 0.4244791666666667 0.762962962962963 0.42447916666666674 0.8601851851851852 0.47552083333333345 0.8601851851851852
4 0.7317708333333334 0.47407407407407426 0.684375 0.47407407407407426 0.684375 0.5629629629629632 0.7317708333333334 0.5629629629629632
3 0.2942708333333333 0.5981481481481481 0.25520833333333337 0.5981481481481481 0.25520833333333337 0.6712962962962963 0.2942708333333333 0.6712962962962963
3 0.490625 0.20462962962962974 0.44895833333333335 0.20462962962962974 0.44895833333333335 0.28333333333333344 0.490625 0.28333333333333344
5 0.23177083333333337 0.35555555555555557 0.184375 0.35555555555555557 0.18437500000000004 0.44537037037037036 0.2317708333333334 0.44537037037037036
0 0.75625 0.41296296296296314 0.7098958333333333 0.4129629629629631 0.7098958333333333 0.5000000000000002 0.75625 0.5000000000000002
8 0.6104166666666667 0.7490740740740743 0.571875 0.7490740740740743 0.571875 0.8212962962962965 0.6104166666666667 0.8212962962962965
12 0.6083333333333333 0.6129629629629632 0.5505208333333333 0.6129629629629632 0.5505208333333333 0.7203703703703705 0.6083333333333333 0.7203703703703705
1 0.19947916666666674 0.43703703703703706 0.1520833333333334 0.43703703703703706 0.1520833333333334 0.525 0.19947916666666674 0.525
5 0.428125 0.050000000000000086 0.38229166666666664 0.05000000000000008 0.38229166666666664 0.08611111111111121 0.428125 0.08611111111111122
10 0.5473958333333333 0.8592592592592595 0.49895833333333334 0.8592592592592595 0.4989583333333334 0.9490740740740741 0.5473958333333333 0.9490740740740741
11 0.2604166666666667 0.2888888888888889 0.21041666666666667 0.28888888888888886 0.21041666666666667 0.3842592592592593 0.2604166666666667 0.38425925925925936
9 0.35625 0.12129629629629635 0.31979166666666664 0.12129629629629635 0.31979166666666664 0.18796296296296303 0.35625 0.18796296296296303
8 0.6640625 0.6185185185185187 0.6260416666666667 0.6185185185185187 0.6260416666666667 0.689814814814815 0.6640625 0.689814814814815
9 0.284375 0.24074074074074084 0.24583333333333332 0.24074074074074084 0.24583333333333332 0.31296296296296305 0.284375 0.31296296296296305
10 0.703125 0.5333333333333335 0.6526041666666667 0.5333333333333335 0.6526041666666667 0.6287037037037039 0.703125 0.6287037037037039
0 0.5213541666666668 0.9342592592592593 0.4734375000000001 0.9342592592592592 0.4734375000000001 1 0.5213541666666668 1