12 0.3984375 0.524074074074074 0.3421875 0.524074074074074 0.3421875 0.6259259259259259 0.3984375 0.6259259259259259
13 0.7026041666666667 0.5842592592592595 0.653125 0.5842592592592595 0.653125 0.676851851851852 0.7026041666666667 0.676851851851852
5 0.7114583333333333 0.3333333333333334 0.66875 0.3333333333333334 0.66875 0.4129629629629631 0.7114583333333333 0.4129629629629631
1 0.6640625 0.4129629629629631 0.6203125 0.4129629629629631 0.6203125 0.4925925925925928 0.6640625 0.4925925925925928
7 0.6520833333333333 0.6694444444444446 0.6104166666666667 0.6694444444444446 0.6104166666666667 0.7472222222222225 0.6520833333333333 0.7472222222222225
7 0.6692708333333334 0.32222222222222235 0.6255208333333333 0.32222222222222235 0.6255208333333333 0.40185185185185196 0.6692708333333334 0.40185185185185196
5 0.6859375 0.7648148148148151 0.6447916666666667 0.7648148148148151 0.6447916666666667 0.8407407407407409 0.6859375 0.8407407407407409
0 0.40677083333333336 0.2500000000000001 0.3619791666666667 0.2500000000000001 0.3619791666666667 0.33240740740740754 0.40677083333333336 0.33240740740740754
11 0.7067708333333333 0.42222222222222233 0.6645833333333333 0.42222222222222233 0.6645833333333333 0.5000000000000002 0.7067708333333333 0.5000000000000002
4 0.384375 0.7027777777777777 0.3390625 0.7027777777777777 0.3390625 0.7851851851851852 0.384375 0.7851851851851852
8 0.3932291666666667 0.4490740740740742 0.3572916666666667 0.4490740740740742 0.3572916666666667 0.5138888888888888 0.3932291666666667 0.5138888888888888
11 0.6609375 0.4925925925925928 0.6177083333333333 0.4925925925925928 0.6177083333333333 0.5722222222222224 0.6609375 0.5722222222222224
10 0.43854166666666666 0.5370370370370371 0.39479166666666665 0.5370370370370371 0.39479166666666665 0.6175925925925926 0.43854166666666666 0.6175925925925926
10 0.4395833333333333 0.44722222222222235 0.3958333333333333 0.44722222222222235 0.3958333333333333 0.5268518518518519 0.4395833333333333 0.5268518518518519
0 0.43072916666666666 0.7101851851851851 0.3859375 0.7101851851851851 0.3859375 0.7916666666666666 0.43072916666666666 0.7916666666666666
2 0.48802083333333335 0.37037037037037046 0.45260416666666664 0.37037037037037046 0.45260416666666664 0.4351851851851853 0.48802083333333335 0.4351851851851853
6 0.4354166666666667 0.6240740740740741 0.390625 0.6240740740740741 0.390625 0.7055555555555556 0.4354166666666667 0.7055555555555556
3 0.6015625 0.7555555555555558 0.5682291666666667 0.7555555555555558 0.5682291666666667 0.8185185185185188 0.6015625 0.8185185185185188
2 0.4739583333333333 0.6462962962962963 0.4390625 0.6462962962962963 0.4390625 0.7101851851851851 0.4739583333333333 0.7101851851851851
4 0.4 0.3416666666666668 0.35625 0.3416666666666668 0.35625 0.42222222222222233 0.4 0.42222222222222233
8 0.38229166666666664 0.6268518518518519 0.34739583333333335 0.6268518518518519 0.34739583333333335 0.6898148148148148 0.38229166666666664 0.6898148148148148
1 0.6557291666666667 0.5842592592592595 0.6135416666666667 0.5842592592592595 0.6135416666666667 0.6620370370370372 0.6557291666666667 0.6620370370370372
6 0.4473958333333333 0.35092592592592603 0.403125 0.35092592592592603 0.403125 0.43333333333333346 0.4473958333333333 0.43333333333333346
9 0.6963541666666667 0.5129629629629632 0.6635416666666667 0.5129629629629632 0.6635416666666667 0.5750000000000002 0.6963541666666667 0.5750000000000002
3 0.6135416666666667 0.49814814814814834 0.5796875 0.49814814814814834 0.5796875 0.5601851851851853 0.6135416666666667 0.5601851851851853
3 0.6135416666666667 0.5833333333333336 0.5791666666666667 0.5833333333333336 0.5791666666666667 0.6472222222222225 0.6135416666666667 0.6472222222222225
2 0.48072916666666665 0.45740740740740754 0.44583333333333336 0.45740740740740754 0.44583333333333336 0.5212962962962963 0.48072916666666665 0.5212962962962963
3 0.6072916666666667 0.6722222222222224 0.5729166666666666 0.6722222222222224 0.5729166666666666 0.7370370370370373 0.6072916666666667 0.7370370370370373
2 0.47291666666666665 0.7351851851851852 0.43802083333333336 0.7351851851851852 0.43802083333333336 0.8 0.47291666666666665 0.8
2 0.4796875 0.5527777777777778 0.44479166666666664 0.5527777777777778 0.44479166666666664 0.6175925925925926 0.4796875 0.6175925925925926
9 0.6890625 0.6833333333333336 0.65625 0.6833333333333336 0.65625 0.7453703703703706 0.6890625 0.7453703703703706
3 0.6203125 0.4037037037037038 0.5869791666666667 0.4037037037037038 0.5869791666666667 0.46574074074074084 0.6203125 0.46574074074074084