5 0.5708333333333333 0.018518518518518635 0.5166666666666667 0.018518518518518632 0.5166666666666667 0.10925925925925938 0.5708333333333333 0.10925925925925939
1 0.7723958333333333 0.31203703703703717 0.7161458333333334 0.31203703703703717 0.7161458333333334 0.40740740740740755 0.7723958333333333 0.4074074074074076
0 0.2510416666666667 0.5814814814814815 0.19843750000000007 0.5814814814814815 0.19843750000000007 0.6703703703703704 0.2510416666666667 0.6703703703703704
4 0.28958333333333336 0.6305555555555555 0.23750000000000007 0.6305555555555555 0.23750000000000007 0.7185185185185186 0.28958333333333336 0.7185185185185186
7 0.6875 0.1907407407407409 0.6317708333333333 0.1907407407407409 0.6317708333333333 0.28518518518518526 0.6875 0.28518518518518526
2 0.33177083333333335 0.37962962962962976 0.2875 0.37962962962962976 0.2875 0.45370370370370383 0.33177083333333335 0.45370370370370383
10 0.2135416666666667 0.5175925925925926 0.16197916666666673 0.5175925925925926 0.16197916666666673 0.6055555555555555 0.2135416666666667 0.6055555555555555
5 0.7338541666666667 0.2537037037037039 0.6828125 0.2537037037037038 0.6828125 0.34166666666666684 0.7338541666666667 0.3416666666666669
1 0.525 1.0851731359111269e-16 0.471875 1.0273425926180574e-16 0.471875 0.04722222222222233 0.525 0.04722222222222234
13 0.5953125 0.2537037037037038 0.5291666666666667 0.2537037037037038 0.5291666666666667 0.36666666666666675 0.5953125 0.36666666666666675
10 0.5223958333333335 0.9611111111111111 0.47239583333333346 0.9611111111111111 0.47239583333333346 0.9805555555555555 0.5223958333333335 0.9805555555555555
2 0.5713541666666667 0.7240740740740743 0.528125 0.7240740740740743 0.528125 0.7972222222222224 0.5713541666666667 0.7972222222222224
4 0.44531250000000006 0.8574074074074074 0.39166666666666666 0.8574074074074074 0.3916666666666667 0.9472222222222222 0.4453125000000001 0.9472222222222222
7 0.6125 0.0703703703703705 0.5578125 0.0703703703703705 0.5578125 0.16203703703703717 0.6125 0.1620370370370372
2 0.2921875 0.32870370370370383 0.24895833333333334 0.32870370370370383 0.24895833333333334 0.4000000000000001 0.2921875 0.4000000000000001
12 0.43333333333333335 0.6092592592592593 0.36875 0.6092592592592593 0.36875 0.7175925925925926 0.43333333333333335 0.7175925925925926
3 0.42135416666666664 0.1675925925925927 0.3770833333333333 0.1675925925925927 0.3770833333333333 0.24166666666666678 0.42135416666666664 0.24166666666666678
3 0.38125 0.1083333333333334 0.33697916666666666 0.1083333333333334 0.33697916666666666 0.18148148148148155 0.38125 0.18148148148148158
3 0.6713541666666667 0.5305555555555558 0.6265625 0.5305555555555558 0.6265625 0.6055555555555557 0.6713541666666667 0.6055555555555557
6 0.40468750000000003 0.799074074074074 0.3515625 0.799074074074074 0.35156250000000006 0.887962962962963 0.40468750000000014 0.887962962962963
2 0.6098958333333333 0.7842592592592594 0.5645833333333333 0.7842592592592594 0.5645833333333333 0.8601851851851854 0.6098958333333333 0.8601851851851854
6 0.3296875 0.6907407407407408 0.2760416666666667 0.6907407407407408 0.2760416666666667 0.7805555555555556 0.3296875 0.7805555555555556
8 0.3828125 0.5648148148148148 0.33489583333333334 0.5648148148148148 0.33489583333333334 0.6453703703703704 0.3828125 0.6453703703703704
3 0.553125 0.4814814814814817 0.509375 0.4814814814814817 0.509375 0.5564814814814817 0.553125 0.5564814814814817
3 0.709375 0.5814814814814817 0.6640625 0.5814814814814817 0.6640625 0.6574074074074077 0.709375 0.6574074074074077
9 0.5416666666666666 0.21574074074074084 0.496875 0.21574074074074084 0.496875 0.2916666666666668 0.5416666666666666 0.2916666666666668
0 0.48489583333333347 0.9064814814814816 0.43177083333333344 0.9064814814814814 0.43177083333333344 0.9824074074074074 0.48489583333333347 0.9824074074074074
2 0.44166666666666665 0.42777777777777787 0.3953125 0.42777777777777787 0.3953125 0.5064814814814815 0.44166666666666665 0.5064814814814815
8 0.4625 0.6907407407407408 0.42083333333333334 0.6907407407407408 0.42083333333333334 0.7620370370370371 0.4625 0.7620370370370371
9 0.628125 0.3314814814814816 0.5822916666666667 0.3314814814814816 0.5822916666666667 0.4111111111111112 0.628125 0.4111111111111112
11 0.8083333333333333 0.3750000000000002 0.753125 0.3750000000000002 0.753125 0.46944444444444466 0.8083333333333333 0.46944444444444466