11 0.540625 0.09537037037037048 0.5026041666666666 0.09537037037037048 0.5026041666666666 0.1601851851851853 0.540625 0.1601851851851853
12 0.49114583333333334 0.6490740740740741 0.4432291666666667 0.649074074074074 0.4432291666666667 0.7361111111111113 0.49114583333333334 0.7361111111111113
13 0.4505208333333333 0.11296296296296306 0.40520833333333334 0.11296296296296304 0.40520833333333334 0.1925925925925927 0.4505208333333333 0.1925925925925927
4 0.39010416666666664 0.687962962962963 0.3515625 0.687962962962963 0.3515625 0.7574074074074074 0.39010416666666664 0.7574074074074074
10 0.5354166666666667 0.5666666666666669 0.49583333333333335 0.5666666666666669 0.49583333333333335 0.6370370370370373 0.5354166666666667 0.6370370370370373
6 0.434375 0.5898148148148148 0.3958333333333333 0.5898148148148148 0.3958333333333333 0.6592592592592592 0.434375 0.6592592592592592
7 0.403125 0.20833333333333343 0.365625 0.20833333333333343 0.365625 0.2740740740740742 0.403125 0.2740740740740742
11 0.5010416666666667 0.18055555555555566 0.4640625 0.18055555555555566 0.4640625 0.24722222222222232 0.5010416666666667 0.24722222222222232
6 0.5875 0.5444444444444446 0.5473958333333333 0.5444444444444446 0.5473958333333333 0.6157407407407409 0.5875 0.6157407407407409
7 0.596875 0.15370370370370381 0.5588541666666667 0.15370370370370381 0.5588541666666667 0.21944444444444455 0.596875 0.21944444444444455
3 0.3567708333333333 0.30277777777777787 0.3260416666666667 0.30277777777777787 0.3260416666666667 0.35648148148148157 0.3567708333333333 0.35648148148148157
1 0.4510416666666667 0.19444444444444456 0.41354166666666664 0.19444444444444456 0.41354166666666664 0.26111111111111124 0.4510416666666667 0.26111111111111124
3 0.403125 0.28703703703703715 0.3729166666666667 0.28703703703703715 0.3729166666666667 0.3398148148148149 0.403125 0.3398148148148149
4 0.5947916666666667 0.6296296296296299 0.5557291666666667 0.6296296296296299 0.5557291666666667 0.6981481481481484 0.5947916666666667 0.6981481481481484
3 0.5536458333333333 0.2425925925925927 0.5223958333333333 0.2425925925925927 0.5223958333333333 0.2962962962962964 0.5536458333333333 0.2962962962962964
10 0.484375 0.5759259259259261 0.44479166666666664 0.575925925925926 0.44479166666666664 0.6462962962962964 0.484375 0.6462962962962965
2 0.475 0.5037037037037037 0.4432291666666667 0.5037037037037037 0.4432291666666667 0.5574074074074075 0.475 0.5574074074074075
5 0.35 0.15648148148148153 0.3125 0.15648148148148153 0.3125 0.2203703703703704 0.35 0.2203703703703704
3 0.45364583333333336 0.2703703703703705 0.42239583333333336 0.2703703703703705 0.42239583333333336 0.32314814814814824 0.45364583333333336 0.32314814814814824
3 0.5010416666666667 0.26296296296296306 0.4708333333333333 0.26296296296296306 0.4708333333333333 0.3157407407407408 0.5010416666666667 0.3157407407407408
2 0.371875 0.5305555555555556 0.3411458333333333 0.5305555555555556 0.3411458333333333 0.587037037037037 0.371875 0.587037037037037
5 0.5890625 0.08055555555555569 0.5510416666666667 0.08055555555555569 0.5510416666666667 0.1462962962962964 0.5890625 0.1462962962962964
0 0.38697916666666665 0.6046296296296296 0.34739583333333335 0.6046296296296296 0.34739583333333335 0.674074074074074 0.38697916666666665 0.674074074074074
9 0.490625 0.11759259259259269 0.46041666666666664 0.11759259259259269 0.46041666666666664 0.16851851851851862 0.490625 0.16851851851851862
2 0.421875 0.5203703703703704 0.390625 0.5203703703703704 0.390625 0.575 0.421875 0.575
8 0.4359375 0.6814814814814815 0.4041666666666667 0.6814814814814815 0.4041666666666667 0.7379629629629629 0.4359375 0.7379629629629629
0 0.6447916666666667 0.6111111111111113 0.6052083333333333 0.6111111111111113 0.6052083333333333 0.6805555555555558 0.6447916666666667 0.6805555555555558
2 0.5276041666666667 0.49351851851851875 0.49635416666666665 0.49351851851851875 0.49635416666666665 0.5481481481481484 0.5276041666666667 0.5481481481481484
1 0.5458333333333333 0.17037037037037048 0.5078125 0.17037037037037048 0.5078125 0.23611111111111122 0.5458333333333333 0.23611111111111122
2 0.5760416666666667 0.47407407407407426 0.5447916666666667 0.47407407407407426 0.5447916666666667 0.5287037037037039 0.5760416666666667 0.5287037037037039
9 0.3958333333333333 0.14351851851851863 0.3645833333333333 0.14351851851851863 0.3645833333333333 0.1962962962962964 0.3958333333333333 0.1962962962962964
8 0.5348958333333333 0.6490740740740742 0.5036458333333333 0.6490740740740742 0.5036458333333333 0.7046296296296298 0.5348958333333333 0.7046296296296298