7 0.6640625 0.2601851851851853 0.6322916666666667 0.2601851851851853 0.6322916666666667 0.3175925925925927 0.6640625 0.3175925925925927
7 0.4703125 0.21111111111111122 0.43697916666666664 0.21111111111111122 0.43697916666666664 0.2685185185185186 0.4703125 0.2685185185185186
12 0.48020833333333335 0.6777777777777778 0.4375 0.6777777777777778 0.4375 0.7555555555555555 0.48020833333333335 0.7555555555555555
11 0.6203125 0.17407407407407421 0.5880208333333333 0.1740740740740742 0.5880208333333333 0.23055555555555568 0.6203125 0.2305555555555557
10 0.4869791666666667 0.6055555555555556 0.453125 0.6055555555555555 0.453125 0.6666666666666667 0.4869791666666667 0.6666666666666669
0 0.3885416666666667 0.5814814814814815 0.3546875 0.5814814814814815 0.3546875 0.6425925925925926 0.3885416666666667 0.6425925925925926
13 0.5291666666666667 0.1425925925925927 0.4901041666666667 0.1425925925925927 0.4901041666666667 0.21111111111111122 0.5291666666666667 0.21111111111111122
5 0.4270833333333333 0.13055555555555567 0.3953125 0.13055555555555567 0.3953125 0.18611111111111123 0.4270833333333333 0.18611111111111123
0 0.6348958333333333 0.7240740740740743 0.6005208333333333 0.7240740740740743 0.6005208333333333 0.7842592592592594 0.6348958333333333 0.7842592592592594
4 0.37916666666666665 0.662962962962963 0.3458333333333333 0.662962962962963 0.3458333333333333 0.725 0.37916666666666665 0.725
8 0.4239583333333333 0.6833333333333333 0.39739583333333334 0.6833333333333333 0.39739583333333334 0.7324074074074074 0.4239583333333333 0.7324074074074074
5 0.6692708333333334 0.18611111111111128 0.6364583333333333 0.18611111111111128 0.6364583333333333 0.24351851851851863 0.6692708333333334 0.24351851851851863
9 0.5703125 0.1712962962962964 0.5442708333333334 0.1712962962962964 0.5442708333333334 0.21574074074074084 0.5703125 0.21574074074074084
1 0.5182291666666666 0.22314814814814826 0.48489583333333336 0.22314814814814826 0.48489583333333336 0.2824074074074075 0.5182291666666666 0.2824074074074075
1 0.6135416666666667 0.24907407407407417 0.58125 0.24907407407407417 0.58125 0.3064814814814816 0.6135416666666667 0.3064814814814816
6 0.4375 0.5925925925925926 0.4036458333333333 0.5925925925925926 0.4036458333333333 0.6537037037037037 0.4375 0.6537037037037037
3 0.55625 0.31666666666666676 0.5302083333333333 0.31666666666666676 0.5302083333333333 0.36203703703703716 0.55625 0.36203703703703716
4 0.5833333333333334 0.714814814814815 0.55 0.714814814814815 0.55 0.7759259259259261 0.5833333333333334 0.7759259259259261
2 0.4375 0.5212962962962963 0.4109375 0.5212962962962963 0.4109375 0.5694444444444444 0.4375 0.5694444444444444
3 0.4109375 0.2777777777777779 0.3848958333333333 0.2777777777777779 0.3848958333333333 0.3240740740740742 0.4109375 0.3240740740740742
11 0.56875 0.23611111111111122 0.5359375 0.23611111111111122 0.5359375 0.29444444444444456 0.56875 0.29444444444444456
10 0.5364583333333334 0.6231481481481483 0.503125 0.6231481481481483 0.503125 0.6842592592592595 0.5364583333333334 0.6842592592592595
3 0.6104166666666667 0.3250000000000001 0.5838541666666667 0.3250000000000001 0.5838541666666667 0.3712962962962964 0.6104166666666667 0.3712962962962964
6 0.590625 0.6314814814814816 0.5567708333333333 0.6314814814814816 0.5567708333333333 0.6925925925925928 0.590625 0.6925925925925928
8 0.5239583333333333 0.7037037037037039 0.4979166666666667 0.7037037037037039 0.4979166666666667 0.752777777777778 0.5239583333333333 0.752777777777778
9 0.4739583333333333 0.14537037037037048 0.4484375 0.14537037037037048 0.4484375 0.1898148148148149 0.4739583333333333 0.1898148148148149
3 0.4583333333333333 0.28703703703703715 0.4328125 0.28703703703703715 0.4328125 0.33425925925925937 0.4583333333333333 0.33425925925925937
2 0.5927083333333333 0.5583333333333336 0.5661458333333333 0.5583333333333336 0.5661458333333333 0.6064814814814817 0.5927083333333333 0.6064814814814817
2 0.5432291666666667 0.5509259259259262 0.5171875 0.5509259259259262 0.5171875 0.5990740740740743 0.5432291666666667 0.5990740740740743
2 0.49114583333333334 0.5324074074074076 0.46458333333333335 0.5324074074074074 0.46458333333333335 0.5805555555555557 0.49114583333333334 0.5805555555555557
3 0.5088541666666667 0.29722222222222233 0.48333333333333334 0.29722222222222233 0.48333333333333334 0.3435185185185186 0.5088541666666667 0.3435185185185186
2 0.3880208333333333 0.5037037037037037 0.3614583333333333 0.5037037037037037 0.3614583333333333 0.5527777777777778 0.3880208333333333 0.5527777777777778