4 0.7822916666666667 0.6611111111111113 0.7328125 0.6611111111111113 0.7328125 0.7509259259259261 0.7822916666666667 0.7509259259259261
4 0.5869791666666667 0.9101851851851854 0.5401041666666667 0.9101851851851854 0.5401041666666667 0.9953703703703703 0.5869791666666667 0.9953703703703703
12 0.6359375 0.7574074074074076 0.5760416666666667 0.7574074074074076 0.5760416666666667 0.8666666666666669 0.6359375 0.8666666666666669
7 0.5796875 0.22314814814814826 0.53125 0.22314814814814826 0.53125 0.31203703703703717 0.5796875 0.31203703703703717
2 0.6536458333333334 0.5388888888888891 0.6145833333333334 0.5388888888888891 0.6145833333333334 0.6111111111111113 0.6536458333333334 0.6111111111111113
7 0.3463541666666667 0.5462962962962963 0.3 0.5462962962962963 0.3 0.6324074074074074 0.3463541666666667 0.6324074074074074
13 0.440625 0.29907407407407416 0.38229166666666664 0.29907407407407416 0.38229166666666664 0.4074074074074075 0.440625 0.4074074074074075
2 0.7328125 0.4240740740740742 0.6921875 0.42407407407407416 0.6921875 0.4990740740740743 0.7328125 0.4990740740740743
11 0.4817708333333333 0.13981481481481492 0.43125 0.13981481481481492 0.43125 0.2314814814814816 0.4817708333333333 0.2314814814814816
3 0.6390625 0.2240740740740742 0.5989583333333334 0.22407407407407418 0.5989583333333334 0.29722222222222233 0.6390625 0.29722222222222233
6 0.4854166666666667 0.8592592592592594 0.4395833333333333 0.8592592592592593 0.4395833333333334 0.9435185185185186 0.4854166666666668 0.9435185185185188
3 0.484375 0.43981481481481494 0.4453125 0.43981481481481494 0.4453125 0.5120370370370372 0.484375 0.5120370370370373
2 0.5755208333333334 0.6481481481481484 0.5369791666666667 0.6481481481481484 0.5369791666666667 0.7185185185185188 0.5755208333333334 0.7185185185185188
0 0.8177083333333334 0.6101851851851854 0.7692708333333333 0.6101851851851854 0.7692708333333333 0.6981481481481484 0.8177083333333334 0.6981481481481484
1 0.5515625 0.03981481481481493 0.5 0.03981481481481492 0.5 0.1212962962962964 0.5515625 0.1212962962962964
2 0.4229166666666667 0.8518518518518519 0.3859375 0.8518518518518519 0.38593750000000004 0.9194444444444444 0.4229166666666668 0.9194444444444444
3 0.559375 0.3361111111111112 0.5203125 0.3361111111111112 0.5203125 0.40833333333333344 0.559375 0.40833333333333344
2 0.4942708333333333 0.7462962962962963 0.45625 0.7462962962962963 0.45625 0.8148148148148149 0.4942708333333333 0.814814814814815
8 0.6229166666666667 0.8879629629629632 0.5833333333333334 0.8879629629629632 0.5833333333333334 0.9592592592592593 0.6229166666666667 0.9592592592592593
3 0.41041666666666665 0.5611111111111111 0.37135416666666665 0.5611111111111111 0.37135416666666665 0.6324074074074074 0.41041666666666665 0.6324074074074074
3 0.33958333333333335 0.6657407407407407 0.3020833333333333 0.6657407407407407 0.3020833333333333 0.7342592592592593 0.33958333333333335 0.7342592592592593
1 0.26354166666666673 0.48703703703703705 0.21718750000000006 0.48703703703703705 0.21718750000000006 0.5731481481481482 0.26354166666666673 0.5731481481481482
10 0.7416666666666667 0.7185185185185188 0.6932291666666667 0.7185185185185188 0.6932291666666667 0.8064814814814817 0.7416666666666667 0.8064814814814817
6 0.7296875 0.5305555555555558 0.68125 0.5305555555555558 0.68125 0.6194444444444447 0.7296875 0.6194444444444447
5 0.2984375 0.4175925925925927 0.2515625 0.4175925925925927 0.2515625 0.5037037037037037 0.2984375 0.5037037037037037
8 0.69375 0.7870370370370372 0.6552083333333333 0.7870370370370372 0.6552083333333333 0.8564814814814817 0.69375 0.8564814814814817
11 0.32864583333333336 0.36666666666666675 0.28072916666666664 0.36666666666666675 0.28072916666666664 0.4546296296296297 0.32864583333333336 0.4546296296296297
5 0.5229166666666667 0.08888888888888899 0.47239583333333335 0.08888888888888899 0.47239583333333335 0.18240740740740752 0.5229166666666667 0.18240740740740752
9 0.3578125 0.32685185185185195 0.3177083333333333 0.32685185185185195 0.3177083333333333 0.3990740740740742 0.3578125 0.3990740740740742
10 0.55 0.962037037037037 0.5005208333333334 0.962037037037037 0.5005208333333334 1 0.55 1
9 0.43802083333333336 0.213888888888889 0.3984375 0.213888888888889 0.3984375 0.28518518518518526 0.43802083333333336 0.28518518518518526