4 0.7822916666666667 0.4712962962962965 0.7348958333333333 0.4712962962962965 0.7348958333333333 0.5546296296296298 0.7822916666666667 0.5546296296296298
7 0.5984375 0.7981481481481484 0.5484375 0.7981481481481484 0.5484375 0.8842592592592595 0.5984375 0.8842592592592595
11 0.5317708333333333 0.7675925925925927 0.4817708333333333 0.7675925925925926 0.4817708333333333 0.8537037037037039 0.5317708333333333 0.853703703703704
7 0.4890625 0.49166666666666675 0.4375 0.49166666666666664 0.4375 0.5805555555555557 0.4890625 0.5805555555555557
5 0.42239583333333336 0.450925925925926 0.37135416666666665 0.450925925925926 0.37135416666666665 0.537962962962963 0.42239583333333336 0.537962962962963
12 0.734375 0.31018518518518534 0.6770833333333334 0.3101851851851853 0.6770833333333334 0.4101851851851853 0.734375 0.4101851851851854
0 0.6479166666666667 0.21851851851851864 0.5994791666666667 0.2185185185185186 0.5994791666666667 0.3037037037037038 0.6479166666666667 0.3037037037037038
3 0.5765625 0.6083333333333335 0.5364583333333334 0.6083333333333335 0.5364583333333334 0.676851851851852 0.5765625 0.676851851851852
0 0.8046875 0.5453703703703706 0.7583333333333333 0.5453703703703706 0.7583333333333333 0.6259259259259261 0.8046875 0.6259259259259261
13 0.48385416666666664 0.6064814814814816 0.42135416666666664 0.6064814814814815 0.42135416666666664 0.712962962962963 0.48385416666666664 0.7129629629629631
3 0.5479166666666667 0.5379629629629632 0.5067708333333333 0.5379629629629632 0.5067708333333333 0.6083333333333335 0.5479166666666667 0.6083333333333335
4 0.68125 0.17962962962962978 0.6338541666666667 0.17962962962962978 0.6338541666666667 0.2620370370370371 0.68125 0.2620370370370371
5 0.559375 0.8425925925925928 0.5083333333333333 0.8425925925925928 0.5083333333333334 0.9305555555555558 0.559375 0.9305555555555558
10 0.6984375 0.36296296296296304 0.65 0.36296296296296304 0.65 0.44722222222222235 0.6984375 0.44722222222222235
3 0.5208333333333334 0.45740740740740754 0.48020833333333335 0.45740740740740754 0.48020833333333335 0.525925925925926 0.5208333333333334 0.5259259259259261
3 0.6041666666666666 0.6916666666666669 0.5625 0.6916666666666669 0.5625 0.7638888888888891 0.6041666666666666 0.7638888888888891
10 0.7255208333333333 0.43518518518518534 0.6770833333333334 0.4351851851851853 0.6770833333333334 0.5185185185185187 0.7255208333333333 0.5185185185185187
2 0.7114583333333333 0.564814814814815 0.6734375 0.564814814814815 0.6734375 0.6296296296296299 0.7114583333333333 0.6296296296296299
1 0.5723958333333333 0.7175925925925928 0.5208333333333334 0.7175925925925928 0.5208333333333334 0.8055555555555558 0.5723958333333333 0.8055555555555558
3 0.4953125 0.3814814814814816 0.4546875 0.3814814814814816 0.4546875 0.4500000000000001 0.4953125 0.4500000000000001
11 0.5458333333333333 0.6500000000000002 0.49583333333333335 0.6500000000000002 0.49583333333333335 0.7361111111111113 0.5458333333333333 0.7361111111111113
6 0.6734375 0.29074074074074086 0.6239583333333333 0.29074074074074086 0.6239583333333333 0.37592592592592605 0.6734375 0.37592592592592605
6 0.75 0.5138888888888891 0.7015625 0.5138888888888891 0.7015625 0.5972222222222224 0.75 0.5972222222222224
9 0.5015625 0.7000000000000001 0.4609375 0.7 0.4609375 0.7694444444444446 0.5015625 0.7694444444444447
2 0.6322916666666667 0.33425925925925937 0.5942708333333333 0.33425925925925937 0.5942708333333333 0.3990740740740742 0.6322916666666667 0.3990740740740742
2 0.6588541666666666 0.41574074074074086 0.6208333333333333 0.41574074074074086 0.6208333333333333 0.4805555555555558 0.6588541666666666 0.4805555555555558
2 0.6880208333333333 0.49166666666666686 0.6505208333333333 0.49166666666666686 0.6505208333333333 0.5555555555555558 0.6880208333333333 0.5555555555555558
9 0.44479166666666664 0.5435185185185185 0.403125 0.5435185185185185 0.403125 0.6148148148148148 0.44479166666666664 0.6148148148148148
2 0.6041666666666666 0.26111111111111124 0.565625 0.26111111111111124 0.565625 0.32685185185185195 0.6041666666666666 0.32685185185185195
8 0.7494791666666667 0.4046296296296298 0.7119791666666667 0.40462962962962973 0.7119791666666667 0.4694444444444446 0.7494791666666667 0.46944444444444466
8 0.7015625 0.25740740740740753 0.6630208333333333 0.25740740740740753 0.6630208333333333 0.32314814814814824 0.7015625 0.32314814814814824
1 0.5166666666666667 0.5685185185185186 0.4661458333333333 0.5685185185185185 0.4661458333333333 0.6564814814814816 0.5166666666666667 0.6564814814814817