8 0.546875 0.09814814814814826 0.5151041666666667 0.09814814814814825 0.5151041666666667 0.14722222222222234 0.546875 0.14722222222222234
2 0.32916666666666666 0.3277777777777779 0.29791666666666666 0.3277777777777779 0.29791666666666666 0.37592592592592605 0.32916666666666666 0.37592592592592605
3 0.4395833333333333 0.1425925925925927 0.4088541666666667 0.1425925925925927 0.4088541666666667 0.19166666666666676 0.4395833333333333 0.19166666666666676
2 0.5973958333333333 0.3935185185185186 0.5640625 0.3935185185185186 0.5640625 0.4425925925925927 0.5973958333333333 0.4425925925925927
8 0.5244791666666667 0.5425925925925928 0.49166666666666664 0.5425925925925928 0.49166666666666664 0.5925925925925928 0.5244791666666667 0.5925925925925928
7 0.3848958333333333 0.2296296296296297 0.34479166666666666 0.22962962962962968 0.34479166666666666 0.2916666666666668 0.3848958333333333 0.2916666666666668
5 0.36614583333333334 0.10740740740740749 0.3265625 0.10740740740740749 0.3265625 0.16759259259259268 0.36614583333333334 0.1675925925925927
7 0.5234375 0.7759259259259261 0.48541666666666666 0.7759259259259261 0.48541666666666666 0.8379629629629631 0.5234375 0.8379629629629631
12 0.4744791666666667 0.5518518518518518 0.4270833333333333 0.5518518518518518 0.4270833333333333 0.6231481481481481 0.4744791666666667 0.6231481481481481
4 0.678125 0.1333333333333335 0.6390625 0.1333333333333335 0.6390625 0.19444444444444461 0.678125 0.19444444444444461
9 0.5458333333333333 0.6083333333333335 0.5140625 0.6083333333333335 0.5140625 0.6601851851851854 0.5458333333333333 0.6601851851851854
0 0.43333333333333335 0.42777777777777787 0.39427083333333335 0.42777777777777787 0.39427083333333335 0.4888888888888889 0.43333333333333335 0.4888888888888889
6 0.6041666666666666 0.7231481481481483 0.5630208333333333 0.7231481481481483 0.5630208333333333 0.7842592592592594 0.6041666666666666 0.7842592592592594
2 0.6119791666666666 0.1666666666666668 0.5807291666666666 0.16666666666666677 0.5807291666666666 0.21666666666666679 0.6119791666666666 0.2166666666666668
4 0.390625 0.5370370370370371 0.35 0.5370370370370371 0.35 0.5953703703703703 0.390625 0.5953703703703703
6 0.609375 0.2925925925925927 0.5713541666666667 0.2925925925925927 0.5713541666666667 0.35185185185185197 0.609375 0.35185185185185197
10 0.6010416666666667 0.5564814814814817 0.5614583333333333 0.5564814814814817 0.5614583333333333 0.6166666666666669 0.6010416666666667 0.6166666666666669
11 0.7338541666666667 0.5009259259259261 0.69375 0.5009259259259261 0.69375 0.5620370370370372 0.7338541666666667 0.5620370370370372
5 0.4432291666666667 0.3351851851851853 0.4041666666666667 0.3351851851851853 0.4041666666666667 0.39444444444444454 0.4432291666666667 0.39444444444444454
3 0.3828125 0.3712962962962964 0.35 0.3712962962962964 0.35 0.4185185185185186 0.3828125 0.4185185185185186
1 0.5385416666666667 0.24351851851851863 0.5010416666666667 0.24351851851851863 0.5010416666666667 0.30277777777777787 0.5385416666666667 0.30277777777777787
13 0.6651041666666667 0.42962962962962975 0.6161458333333333 0.42962962962962975 0.6161458333333333 0.502777777777778 0.6651041666666667 0.502777777777778
3 0.5671875 0.47777777777777797 0.5359375 0.47777777777777797 0.5359375 0.5324074074074077 0.5671875 0.5324074074074077
2 0.5151041666666667 0.3694444444444446 0.484375 0.3694444444444446 0.484375 0.4212962962962964 0.5151041666666667 0.4212962962962964
2 0.3921875 0.7407407407407407 0.3625 0.7407407407407407 0.3625 0.7925925925925926 0.3921875 0.7925925925925926
9 0.6401041666666667 0.6361111111111113 0.6109375 0.6361111111111113 0.6109375 0.6851851851851853 0.6401041666666667 0.6851851851851853
10 0.45208333333333334 0.674074074074074 0.415625 0.674074074074074 0.415625 0.7416666666666667 0.45208333333333334 0.7416666666666667
3 0.7 0.728703703703704 0.671875 0.728703703703704 0.671875 0.7787037037037039 0.7 0.7787037037037039
11 0.3302083333333333 0.6361111111111111 0.2953125 0.6361111111111111 0.2953125 0.6953703703703704 0.3302083333333333 0.6953703703703704
1 0.6947916666666667 0.2962962962962964 0.6583333333333333 0.2962962962962964 0.6583333333333333 0.3611111111111112 0.6947916666666667 0.3611111111111112
3 0.32395833333333335 0.4666666666666668 0.29322916666666665 0.4666666666666668 0.29322916666666665 0.5222222222222223 0.32395833333333335 0.5222222222222223
0 0.4630208333333333 0.22962962962962974 0.42552083333333335 0.22962962962962974 0.42552083333333335 0.2962962962962964 0.4630208333333333 0.2962962962962964