13 0.37447916666666664 0.512962962962963 0.31875 0.512962962962963 0.31875 0.612037037037037 0.37447916666666664 0.612037037037037
6 0.615625 0.3361111111111112 0.5713541666666667 0.3361111111111112 0.5713541666666667 0.4129629629629631 0.615625 0.4129629629629631
1 0.3515625 0.3351851851851853 0.3078125 0.3351851851851853 0.3078125 0.4129629629629631 0.3515625 0.4129629629629631
7 0.43854166666666666 0.5518518518518518 0.3921875 0.5518518518518518 0.3921875 0.6324074074074074 0.43854166666666666 0.6324074074074074
12 0.6276041666666666 0.22500000000000014 0.5744791666666667 0.22500000000000012 0.5744791666666667 0.3175925925925927 0.6276041666666666 0.3175925925925927
4 0.6817708333333333 0.36666666666666675 0.6375 0.36666666666666675 0.6375 0.44166666666666676 0.6817708333333333 0.44166666666666676
0 0.646875 0.40555555555555567 0.6015625 0.40555555555555567 0.6015625 0.48333333333333356 0.646875 0.48333333333333356
2 0.4864583333333333 0.17592592592592604 0.45208333333333334 0.17592592592592604 0.45208333333333334 0.2351851851851853 0.4864583333333333 0.2351851851851853
0 0.5307291666666667 0.03055555555555567 0.48854166666666665 0.030555555555555662 0.48854166666666665 0.10277777777777788 0.5307291666666667 0.10277777777777788
11 0.3125 0.3777777777777779 0.2677083333333333 0.3777777777777779 0.2677083333333333 0.45555555555555566 0.3125 0.45555555555555566
9 0.3963541666666667 0.6055555555555555 0.359375 0.6055555555555555 0.359375 0.6703703703703704 0.3963541666666667 0.6703703703703704
2 0.5796875 0.388888888888889 0.5442708333333334 0.388888888888889 0.5442708333333334 0.4500000000000001 0.5796875 0.4500000000000001
3 0.37916666666666665 0.2962962962962964 0.34270833333333334 0.2962962962962964 0.34270833333333334 0.3592592592592594 0.37916666666666665 0.3592592592592594
11 0.3776041666666667 0.40185185185185196 0.3333333333333333 0.40185185185185196 0.3333333333333333 0.4787037037037037 0.3776041666666667 0.4787037037037037
1 0.4083333333333333 0.4777777777777778 0.3625 0.4777777777777778 0.3625 0.5583333333333333 0.4083333333333333 0.5583333333333333
3 0.43854166666666666 0.44537037037037047 0.4010416666666667 0.44537037037037047 0.4010416666666667 0.5083333333333333 0.43854166666666666 0.5083333333333333
8 0.6479166666666667 0.3064814814814816 0.6130208333333333 0.3064814814814816 0.6130208333333333 0.36574074074074087 0.6479166666666667 0.36574074074074087
7 0.321875 0.26296296296296306 0.27760416666666665 0.26296296296296306 0.27760416666666665 0.3398148148148149 0.321875 0.3398148148148149
3 0.5015625 0.5916666666666668 0.46458333333333335 0.5916666666666667 0.46458333333333335 0.6546296296296298 0.5015625 0.6546296296296299
5 0.2838541666666667 0.30555555555555564 0.24010416666666667 0.3055555555555556 0.24010416666666667 0.3842592592592593 0.2838541666666667 0.38425925925925936
6 0.525 0.13055555555555567 0.4822916666666667 0.13055555555555567 0.4822916666666667 0.20462962962962974 0.525 0.20462962962962974
2 0.5463541666666667 0.3157407407407408 0.5104166666666666 0.3157407407407408 0.5104166666666666 0.37592592592592605 0.5463541666666667 0.37592592592592605
4 0.5598958333333334 0.09351851851851864 0.5177083333333333 0.09351851851851863 0.5177083333333333 0.16574074074074086 0.5598958333333334 0.16574074074074086
8 0.5864583333333333 0.1740740740740742 0.5526041666666667 0.1740740740740742 0.5526041666666667 0.2324074074074075 0.5864583333333333 0.2324074074074075
10 0.5578125 0.19907407407407418 0.5151041666666667 0.19907407407407418 0.5151041666666667 0.27314814814814825 0.5578125 0.27314814814814825
9 0.33697916666666666 0.4546296296296297 0.3015625 0.4546296296296297 0.3015625 0.5175925925925926 0.33697916666666666 0.5175925925925926
2 0.5171875 0.23888888888888898 0.4817708333333333 0.23888888888888898 0.4817708333333333 0.29722222222222233 0.5171875 0.29722222222222233
2 0.6088541666666667 0.463888888888889 0.5734375 0.463888888888889 0.5734375 0.5259259259259261 0.6088541666666667 0.5259259259259261
3 0.41302083333333334 0.3712962962962964 0.3765625 0.3712962962962964 0.3765625 0.43333333333333346 0.41302083333333334 0.43333333333333346
3 0.4703125 0.5212962962962963 0.43333333333333335 0.5212962962962963 0.43333333333333335 0.5842592592592593 0.4703125 0.5842592592592593
10 0.5869791666666667 0.2675925925925927 0.5421875 0.2675925925925927 0.5421875 0.3453703703703705 0.5869791666666667 0.3453703703703705
5 0.4348958333333333 0.6759259259259259 0.3880208333333333 0.6759259259259259 0.3880208333333333 0.7574074074074074 0.4348958333333333 0.7574074074074074