13 0.5322916666666667 0.7092592592592594 0.48125 0.7092592592592593 0.48125 0.7916666666666667 0.5322916666666667 0.7916666666666669
4 0.671875 0.10370370370370385 0.6239583333333333 0.10370370370370384 0.6239583333333333 0.17870370370370386 0.671875 0.17870370370370386
4 0.46510416666666665 0.05925925925925935 0.41822916666666665 0.05925925925925934 0.41822916666666665 0.13425925925925936 0.46510416666666665 0.13425925925925936
2 0.546875 0.3416666666666668 0.509375 0.3416666666666668 0.509375 0.39814814814814825 0.546875 0.39814814814814825
1 0.33697916666666666 0.7546296296296297 0.2911458333333333 0.7546296296296297 0.2911458333333333 0.825 0.33697916666666666 0.825
7 0.6776041666666667 0.6833333333333336 0.6338541666666667 0.6833333333333336 0.6338541666666667 0.7537037037037039 0.6776041666666667 0.7537037037037039
7 0.37916666666666665 0.6203703703703703 0.334375 0.6203703703703703 0.334375 0.6907407407407408 0.37916666666666665 0.6907407407407408
9 0.475 0.7972222222222223 0.43854166666666666 0.7972222222222223 0.43854166666666666 0.850925925925926 0.475 0.850925925925926
3 0.63125 0.5981481481481483 0.5942708333333333 0.5981481481481483 0.5942708333333333 0.6555555555555558 0.63125 0.6555555555555558
11 0.42864583333333334 0.7796296296296297 0.38333333333333336 0.7796296296296297 0.38333333333333336 0.85 0.42864583333333334 0.85
3 0.33697916666666666 0.5370370370370371 0.2989583333333333 0.5370370370370371 0.2989583333333333 0.5935185185185186 0.33697916666666666 0.5935185185185186
5 0.6182291666666667 0.801851851851852 0.5734375 0.801851851851852 0.5734375 0.8740740740740743 0.6182291666666667 0.8740740740740743
3 0.5302083333333333 0.5861111111111114 0.49322916666666666 0.5861111111111114 0.49322916666666666 0.6425925925925928 0.5302083333333333 0.6425925925925928
2 0.7494791666666667 0.37129629629629646 0.7114583333333333 0.3712962962962964 0.7114583333333333 0.43148148148148163 0.7494791666666667 0.4314814814814817
5 0.3859375 0.7657407407407407 0.3416666666666667 0.7657407407407407 0.3416666666666667 0.8342592592592593 0.3859375 0.8342592592592593
2 0.3515625 0.30555555555555564 0.3125 0.30555555555555564 0.3125 0.363888888888889 0.3515625 0.363888888888889
3 0.43072916666666666 0.5574074074074075 0.39375 0.5574074074074075 0.39375 0.6148148148148148 0.43072916666666666 0.6148148148148148
9 0.5609375 0.8194444444444446 0.5255208333333333 0.8194444444444446 0.5255208333333334 0.8740740740740743 0.5609375 0.8740740740740743
2 0.4453125 0.313888888888889 0.40625 0.313888888888889 0.40625 0.37222222222222234 0.4453125 0.37222222222222234
3 0.7270833333333333 0.6138888888888892 0.6911458333333333 0.6138888888888892 0.6911458333333333 0.6712962962962965 0.7270833333333333 0.6712962962962965
2 0.646875 0.35277777777777786 0.6088541666666667 0.35277777777777786 0.6088541666666667 0.4129629629629631 0.646875 0.4129629629629631
6 0.4015625 0.22037037037037044 0.35572916666666665 0.2203703703703704 0.35572916666666665 0.2935185185185186 0.4015625 0.2935185185185186
1 0.709375 0.8287037037037039 0.6640625 0.8287037037037039 0.6640625 0.8981481481481484 0.709375 0.8981481481481484
6 0.7010416666666667 0.2712962962962964 0.653125 0.2712962962962964 0.653125 0.3453703703703705 0.7010416666666667 0.3453703703703705
12 0.5671875 0.15092592592592602 0.5119791666666667 0.15092592592592602 0.5119791666666667 0.23981481481481493 0.5671875 0.23981481481481493
0 0.3614583333333333 0.04629629629629637 0.3145833333333333 0.04629629629629636 0.3145833333333333 0.1231481481481482 0.3614583333333333 0.1231481481481482
11 0.6677083333333333 0.8212962962962965 0.6223958333333334 0.8212962962962965 0.6223958333333334 0.8916666666666668 0.6677083333333333 0.8916666666666668
0 0.7708333333333334 0.1305555555555557 0.7234375 0.1305555555555557 0.7234375 0.20740740740740757 0.7708333333333334 0.20740740740740757
8 0.5151041666666667 0.07962962962962973 0.4765625 0.07962962962962973 0.4765625 0.14074074074074083 0.5151041666666667 0.14074074074074083
8 0.6114583333333333 0.10462962962962977 0.5739583333333333 0.10462962962962977 0.5739583333333333 0.16574074074074088 0.6114583333333333 0.1657407407407409
10 0.415625 0.06759259259259268 0.36822916666666666 0.06759259259259268 0.36822916666666666 0.14444444444444454 0.415625 0.14444444444444454
10 0.7140625 0.11481481481481497 0.6666666666666666 0.11481481481481497 0.6666666666666666 0.19444444444444461 0.7140625 0.19444444444444461