7 0.39739583333333334 0.09259259259259267 0.34479166666666666 0.09259259259259267 0.34479166666666666 0.1833333333333334 0.39739583333333334 0.18333333333333343
7 0.546875 0.301851851851852 0.49322916666666666 0.301851851851852 0.49322916666666666 0.39444444444444454 0.546875 0.39444444444444454
11 0.465625 0.07685185185185195 0.4140625 0.07685185185185194 0.4140625 0.16574074074074086 0.465625 0.16574074074074086
4 0.26302083333333337 0.5268518518518519 0.2135416666666667 0.5268518518518519 0.2135416666666667 0.612037037037037 0.26302083333333337 0.612037037037037
0 0.4296875 0.6685185185185185 0.378125 0.6685185185185185 0.378125 0.7564814814814815 0.4296875 0.7564814814814815
5 0.6166666666666667 0.29537037037037045 0.5640625 0.29537037037037045 0.5640625 0.3870370370370371 0.6166666666666667 0.3870370370370371
12 0.340625 0.6240740740740741 0.28020833333333334 0.6240740740740741 0.28020833333333334 0.7277777777777777 0.340625 0.7277777777777777
3 0.4359375 0.275925925925926 0.39427083333333335 0.275925925925926 0.39427083333333335 0.3472222222222223 0.4359375 0.3472222222222223
13 0.5453125 0.16944444444444454 0.48125 0.16944444444444454 0.48125 0.28055555555555567 0.5453125 0.28055555555555567
0 0.22968750000000007 0.475 0.18125000000000005 0.475 0.18125000000000005 0.5583333333333333 0.22968750000000007 0.5583333333333333
3 0.4744791666666667 0.32037037037037047 0.4317708333333333 0.32037037037037047 0.4317708333333333 0.3935185185185186 0.4744791666666667 0.3935185185185186
2 0.3098958333333333 0.4111111111111112 0.2703125 0.4111111111111112 0.2703125 0.4787037037037037 0.3098958333333333 0.4787037037037037
4 0.4010416666666667 0.7296296296296296 0.3515625 0.7296296296296296 0.3515625 0.8148148148148148 0.4010416666666667 0.8148148148148148
10 0.32395833333333335 0.5194444444444445 0.2734375 0.5194444444444445 0.2734375 0.6074074074074074 0.32395833333333335 0.6074074074074074
5 0.4296875 0.023148148148148234 0.3765625 0.023148148148148227 0.3765625 0.11481481481481491 0.4296875 0.11481481481481493
3 0.5109375 0.3787037037037038 0.46979166666666666 0.3787037037037038 0.46979166666666666 0.4490740740740742 0.5109375 0.4490740740740742
11 0.46875 0.19537037037037047 0.4166666666666667 0.19537037037037047 0.4166666666666667 0.28518518518518526 0.46875 0.28518518518518526
10 0.36041666666666666 0.5675925925925925 0.30885416666666665 0.5675925925925925 0.30885416666666665 0.6555555555555556 0.36041666666666666 0.6555555555555556
3 0.5463541666666667 0.4324074074074075 0.5052083333333334 0.4324074074074075 0.5052083333333334 0.502777777777778 0.5463541666666667 0.502777777777778
6 0.39479166666666665 0.6185185185185185 0.34322916666666664 0.6185185185185185 0.34322916666666664 0.7055555555555556 0.39479166666666665 0.7055555555555556
8 0.29583333333333334 0.587037037037037 0.25572916666666673 0.587037037037037 0.25572916666666673 0.6546296296296297 0.29583333333333334 0.6546296296296297
1 0.434375 0.14814814814814825 0.38177083333333334 0.14814814814814825 0.38177083333333334 0.23888888888888898 0.434375 0.23888888888888898
6 0.2890625 0.462962962962963 0.23854166666666674 0.46296296296296297 0.23854166666666674 0.55 0.2890625 0.55
9 0.49635416666666665 0.13796296296296306 0.45364583333333336 0.13796296296296306 0.45364583333333336 0.21111111111111122 0.49635416666666665 0.21111111111111122
3 0.39895833333333336 0.21296296296296305 0.35520833333333335 0.21296296296296302 0.35520833333333335 0.28703703703703715 0.39895833333333336 0.28703703703703715
9 0.5734375 0.24444444444444455 0.5307291666666667 0.24444444444444455 0.5307291666666667 0.3175925925925927 0.5734375 0.3175925925925927
2 0.45677083333333335 0.6212962962962963 0.4171875 0.6212962962962963 0.4171875 0.6888888888888889 0.45677083333333335 0.6888888888888889
2 0.41875 0.5722222222222222 0.37916666666666665 0.5722222222222222 0.37916666666666665 0.6398148148148148 0.41875 0.6398148148148148
2 0.38177083333333334 0.5138888888888888 0.3416666666666667 0.5138888888888888 0.3416666666666667 0.5833333333333334 0.38177083333333334 0.5833333333333334
2 0.3421875 0.46574074074074084 0.303125 0.46574074074074084 0.303125 0.5324074074074074 0.3421875 0.5324074074074074
8 0.3625 0.6907407407407408 0.3229166666666667 0.6907407407407408 0.3229166666666667 0.7592592592592593 0.3625 0.7592592592592593
1 0.5078125 0.25092592592592605 0.4552083333333333 0.25092592592592605 0.4552083333333333 0.3416666666666668 0.5078125 0.3416666666666668