2 0.48072916666666665 0.30925925925925934 0.4515625 0.30925925925925934 0.4515625 0.3555555555555557 0.48072916666666665 0.3555555555555557
3 0.37395833333333334 0.5675925925925925 0.3453125 0.5675925925925925 0.3453125 0.6157407407407407 0.37395833333333334 0.6157407407407407
3 0.584375 0.5685185185185188 0.5557291666666667 0.5685185185185188 0.5557291666666667 0.6157407407407409 0.584375 0.6157407407407409
7 0.32708333333333334 0.625 0.2911458333333333 0.625 0.2911458333333333 0.6861111111111111 0.32708333333333334 0.6861111111111111
8 0.5333333333333333 0.07592592592592604 0.5046875 0.07592592592592604 0.5046875 0.11944444444444455 0.5333333333333333 0.11944444444444455
4 0.33489583333333334 0.07314814814814821 0.2984375 0.0731481481481482 0.2984375 0.1268518518518519 0.33489583333333334 0.1268518518518519
13 0.4822916666666667 0.7287037037037037 0.43697916666666664 0.7287037037037037 0.43697916666666664 0.799074074074074 0.4822916666666667 0.799074074074074
3 0.47708333333333336 0.5740740740740741 0.446875 0.5740740740740741 0.446875 0.6231481481481481 0.47708333333333336 0.6231481481481481
6 0.3260416666666667 0.22592592592592597 0.2911458333333333 0.22592592592592597 0.2911458333333333 0.2842592592592594 0.3260416666666667 0.2842592592592594
12 0.49583333333333335 0.1425925925925927 0.45260416666666664 0.1425925925925927 0.45260416666666664 0.21203703703703713 0.49583333333333335 0.21203703703703713
1 0.6927083333333334 0.7981481481481484 0.6567708333333333 0.7981481481481484 0.6567708333333333 0.8583333333333335 0.6927083333333334 0.8583333333333335
2 0.37864583333333335 0.3101851851851853 0.35 0.3101851851851853 0.35 0.3574074074074075 0.37864583333333335 0.3574074074074075
4 0.5817708333333333 0.08981481481481494 0.5458333333333333 0.08981481481481494 0.5458333333333333 0.14537037037037048 0.5817708333333333 0.14537037037037048
2 0.27291666666666664 0.3074074074074075 0.24270833333333333 0.3074074074074075 0.24270833333333333 0.35277777777777786 0.27291666666666664 0.35277777777777786
2 0.5838541666666667 0.3240740740740742 0.5557291666666667 0.3240740740740742 0.5557291666666667 0.37037037037037046 0.5838541666666667 0.37037037037037046
2 0.6854166666666667 0.3240740740740742 0.6578125 0.3240740740740742 0.6578125 0.37037037037037046 0.6854166666666667 0.37037037037037046
7 0.6447916666666667 0.6509259259259261 0.6088541666666667 0.6509259259259261 0.6088541666666667 0.7111111111111114 0.6447916666666667 0.7111111111111114
10 0.38697916666666665 0.0722222222222223 0.3515625 0.0722222222222223 0.3515625 0.12777777777777785 0.38697916666666665 0.12777777777777788
8 0.4390625 0.07777777777777788 0.41041666666666665 0.07777777777777786 0.41041666666666665 0.12222222222222233 0.4390625 0.12222222222222233
5 0.32447916666666665 0.7972222222222223 0.2875 0.7972222222222223 0.2875 0.8592592592592593 0.32447916666666665 0.8592592592592593
0 0.6817708333333333 0.08425925925925941 0.646875 0.0842592592592594 0.646875 0.13888888888888903 0.6817708333333333 0.13888888888888903
3 0.6875 0.564814814814815 0.6583333333333333 0.564814814814815 0.6583333333333333 0.6101851851851854 0.6875 0.6101851851851854
11 0.3760416666666667 0.8055555555555556 0.3390625 0.8055555555555556 0.33906250000000004 0.8675925925925926 0.3760416666666668 0.8675925925925926
0 0.28802083333333334 0.06759259259259265 0.25364583333333335 0.06759259259259265 0.25364583333333335 0.1268518518518519 0.28802083333333334 0.1268518518518519
10 0.6317708333333333 0.08981481481481494 0.5989583333333334 0.08981481481481494 0.5989583333333334 0.14814814814814828 0.6317708333333333 0.1481481481481483
6 0.6427083333333333 0.23240740740740756 0.6088541666666667 0.23240740740740756 0.6088541666666667 0.2962962962962964 0.6427083333333333 0.2962962962962964
3 0.2713541666666667 0.5611111111111111 0.24322916666666672 0.5611111111111111 0.24322916666666672 0.612037037037037 0.2713541666666667 0.612037037037037
1 0.27812500000000007 0.8055555555555556 0.24322916666666672 0.8055555555555556 0.24322916666666672 0.8703703703703703 0.2781250000000001 0.8703703703703703
9 0.42864583333333334 0.8092592592592592 0.39947916666666666 0.8092592592592592 0.39947916666666666 0.8555555555555555 0.42864583333333334 0.8555555555555555
9 0.5401041666666667 0.8231481481481484 0.5088541666666667 0.8231481481481484 0.5088541666666667 0.8712962962962965 0.5401041666666667 0.8712962962962965
11 0.5916666666666667 0.8111111111111113 0.5541666666666667 0.8111111111111113 0.5541666666666667 0.8796296296296299 0.5916666666666667 0.8796296296296299
5 0.6354166666666666 0.8055555555555558 0.5994791666666667 0.8055555555555558 0.5994791666666667 0.8712962962962965 0.6354166666666666 0.8712962962962965