7 0.48385416666666664 0.46203703703703713 0.43645833333333334 0.46203703703703713 0.43645833333333334 0.5537037037037038 0.48385416666666664 0.5537037037037039
4 0.7734375 0.5990740740740743 0.7276041666666667 0.5990740740740743 0.7276041666666667 0.6851851851851853 0.7734375 0.6851851851851853
6 0.7380208333333333 0.7592592592592595 0.6911458333333333 0.7592592592592595 0.6911458333333333 0.8444444444444447 0.7380208333333333 0.8444444444444447
1 0.45677083333333335 0.33425925925925937 0.4088541666666667 0.33425925925925937 0.4088541666666667 0.4250000000000001 0.45677083333333335 0.4250000000000001
3 0.8 0.43333333333333357 0.7609375 0.43333333333333357 0.7609375 0.5083333333333335 0.8 0.5083333333333335
3 0.6703125 0.8296296296296298 0.6328125 0.8296296296296298 0.6328125 0.8981481481481484 0.6703125 0.8981481481481484
3 0.7458333333333333 0.47777777777777797 0.7057291666666666 0.47777777777777797 0.7057291666666666 0.5546296296296298 0.7458333333333333 0.5546296296296298
2 0.303125 0.5407407407407407 0.26406250000000003 0.5407407407407407 0.26406250000000003 0.612037037037037 0.303125 0.612037037037037
9 0.3859375 0.388888888888889 0.34791666666666665 0.388888888888889 0.34791666666666665 0.45925925925925937 0.3859375 0.45925925925925937
3 0.7151041666666667 0.8620370370370373 0.6765625 0.8620370370370373 0.6765625 0.9324074074074076 0.7151041666666667 0.9324074074074076
2 0.38125 0.17685185185185193 0.34322916666666664 0.1768518518518519 0.34322916666666664 0.24722222222222232 0.38125 0.24722222222222232
11 0.3489583333333333 0.3555555555555557 0.3 0.3555555555555557 0.3 0.44537037037037047 0.3489583333333333 0.44537037037037047
13 0.4166666666666667 0.28518518518518526 0.35833333333333334 0.28518518518518526 0.35833333333333334 0.3972222222222223 0.4166666666666667 0.3972222222222223
7 0.3723958333333333 0.4787037037037037 0.325 0.4787037037037037 0.325 0.5666666666666667 0.3723958333333333 0.5666666666666667
2 0.3541666666666667 0.575925925925926 0.31614583333333335 0.575925925925926 0.31614583333333335 0.6481481481481481 0.3541666666666667 0.6481481481481481
3 0.7885416666666667 0.5138888888888891 0.75 0.5138888888888891 0.75 0.5879629629629631 0.7885416666666667 0.5879629629629631
6 0.6265625 0.5731481481481484 0.5791666666666667 0.5731481481481484 0.5791666666666667 0.6611111111111113 0.6265625 0.6611111111111113
11 0.4401041666666667 0.4250000000000001 0.39114583333333336 0.4250000000000001 0.39114583333333336 0.5157407407407407 0.4401041666666667 0.5157407407407407
5 0.41875 0.5074074074074074 0.37083333333333335 0.5074074074074074 0.37083333333333335 0.5981481481481481 0.41875 0.5981481481481481
2 0.4234375 0.21666666666666679 0.3848958333333333 0.21666666666666679 0.3848958333333333 0.288888888888889 0.4234375 0.288888888888889
0 0.7098958333333333 0.6490740740740742 0.6630208333333333 0.6490740740740742 0.6630208333333333 0.7379629629629632 0.7098958333333333 0.7379629629629632
5 0.32760416666666664 0.4314814814814816 0.2796875 0.4314814814814816 0.2796875 0.5203703703703704 0.32760416666666664 0.5203703703703704
1 0.36666666666666664 0.263888888888889 0.31875 0.263888888888889 0.31875 0.35462962962962974 0.36666666666666664 0.35462962962962974
4 0.6692708333333334 0.603703703703704 0.6223958333333334 0.603703703703704 0.6223958333333334 0.689814814814815 0.6692708333333334 0.689814814814815
10 0.7317708333333334 0.5638888888888891 0.6838541666666667 0.5638888888888891 0.6838541666666667 0.6472222222222225 0.7317708333333334 0.6472222222222225
2 0.39895833333333336 0.09074074074074082 0.36041666666666666 0.09074074074074082 0.36041666666666666 0.16388888888888897 0.39895833333333336 0.163888888888889
10 0.7588541666666667 0.6796296296296298 0.7098958333333333 0.6796296296296298 0.7098958333333333 0.7629629629629632 0.7588541666666667 0.7629629629629632
8 0.6854166666666667 0.5324074074074077 0.6458333333333334 0.5324074074074077 0.6458333333333334 0.6074074074074076 0.6854166666666667 0.6074074074074076
12 0.6973958333333333 0.728703703703704 0.6421875 0.728703703703704 0.6421875 0.8305555555555557 0.6973958333333333 0.8305555555555557
0 0.6552083333333333 0.6879629629629632 0.6015625 0.6879629629629632 0.6015625 0.7851851851851854 0.6552083333333333 0.7851851851851854