12 0.39375 0.13796296296296304 0.32916666666666666 0.137962962962963 0.32916666666666666 0.25092592592592605 0.39375 0.25092592592592605
5 0.7333333333333333 0.48796296296296315 0.6828125 0.48796296296296315 0.6828125 0.5768518518518521 0.7333333333333333 0.5768518518518521
1 0.3255208333333333 0.29722222222222233 0.27291666666666664 0.29722222222222233 0.27291666666666664 0.388888888888889 0.3255208333333333 0.388888888888889
10 0.39427083333333335 0.2740740740740742 0.340625 0.2740740740740742 0.340625 0.3675925925925927 0.39427083333333335 0.3675925925925927
7 0.421875 0.07129629629629637 0.36875 0.07129629629629637 0.36875 0.16296296296296306 0.421875 0.16296296296296306
5 0.5864583333333333 0.5425925925925928 0.5348958333333333 0.5425925925925928 0.5348958333333333 0.6333333333333335 0.5864583333333333 0.6333333333333335
7 0.7208333333333333 0.24074074074074084 0.6697916666666667 0.24074074074074084 0.6697916666666667 0.33055555555555566 0.7208333333333333 0.33055555555555566
1 0.5927083333333333 0.6685185185185187 0.5416666666666666 0.6685185185185187 0.5416666666666666 0.7583333333333335 0.5927083333333333 0.7583333333333335
9 0.6583333333333333 0.6481481481481484 0.6166666666666667 0.6481481481481484 0.6166666666666667 0.7222222222222224 0.6583333333333333 0.7222222222222224
4 0.584375 0.41574074074074086 0.5333333333333333 0.41574074074074086 0.5333333333333333 0.5046296296296299 0.584375 0.5046296296296299
6 0.5010416666666667 0.17314814814814825 0.44947916666666665 0.17314814814814825 0.44947916666666665 0.26296296296296306 0.5010416666666667 0.26296296296296306
11 0.33177083333333335 0.5601851851851852 0.2791666666666667 0.5601851851851852 0.2791666666666667 0.6518518518518519 0.33177083333333335 0.6518518518518519
2 0.5234375000000001 0.8296296296296297 0.47760416666666666 0.8296296296296296 0.4776041666666667 0.9064814814814816 0.5234375000000001 0.9064814814814817
4 0.5338541666666666 0.09629629629629641 0.4822916666666667 0.09629629629629641 0.4822916666666667 0.18611111111111123 0.5338541666666666 0.18611111111111123
10 0.6994791666666667 0.690740740740741 0.64375 0.690740740740741 0.64375 0.7888888888888891 0.6994791666666667 0.7888888888888891
2 0.6088541666666667 0.20740740740740754 0.565625 0.2074074074074075 0.565625 0.28055555555555567 0.6088541666666667 0.28055555555555567
3 0.6421875 0.26574074074074083 0.6005208333333333 0.26574074074074083 0.6005208333333333 0.3379629629629631 0.6421875 0.3379629629629631
3 0.6145833333333334 0.4750000000000002 0.5734375 0.4750000000000002 0.5734375 0.5462962962962965 0.6145833333333334 0.5462962962962965
3 0.5135416666666667 0.5740740740740742 0.46875 0.5740740740740741 0.46875 0.6537037037037038 0.5135416666666667 0.6537037037037039
2 0.7213541666666666 0.3750000000000001 0.6796875 0.3750000000000001 0.6796875 0.44722222222222235 0.7213541666666666 0.44722222222222235
3 0.4765625 0.649074074074074 0.4354166666666667 0.649074074074074 0.4354166666666667 0.7212962962962963 0.4765625 0.7212962962962963
8 0.4583333333333333 0.2620370370370371 0.4171875 0.2620370370370371 0.4171875 0.3333333333333334 0.4583333333333333 0.3333333333333334
3 0.5005208333333333 0.438888888888889 0.45677083333333335 0.438888888888889 0.45677083333333335 0.514814814814815 0.5005208333333333 0.5148148148148151
2 0.553125 0.7537037037037039 0.5125 0.7537037037037039 0.5125 0.8250000000000002 0.553125 0.8250000000000002
6 0.41718750000000004 0.8037037037037037 0.3651041666666667 0.8037037037037037 0.36510416666666673 0.8944444444444445 0.4171875000000001 0.8944444444444445
0 0.39791666666666664 0.40462962962962973 0.3453125 0.40462962962962973 0.3453125 0.49722222222222223 0.39791666666666664 0.49722222222222223
2 0.46979166666666666 0.5175925925925926 0.4270833333333333 0.5175925925925926 0.4270833333333333 0.5916666666666667 0.46979166666666666 0.5916666666666667
0 0.6583333333333333 0.5175925925925928 0.60625 0.5175925925925928 0.60625 0.6083333333333335 0.6583333333333333 0.6083333333333335
13 0.6348958333333333 0.7101851851851854 0.5713541666666667 0.7101851851851854 0.5713541666666667 0.8203703703703705 0.6348958333333333 0.8203703703703705
9 0.6947916666666667 0.5759259259259262 0.6505208333333333 0.5759259259259262 0.6505208333333333 0.651851851851852 0.6947916666666667 0.651851851851852
11 0.43385416666666665 0.33055555555555566 0.38385416666666666 0.33055555555555566 0.38385416666666666 0.4185185185185186 0.43385416666666665 0.4185185185185186
8 0.3484375 0.23240740740740745 0.30625 0.23240740740740745 0.30625 0.30555555555555564 0.3484375 0.30555555555555564