0 0.30885416666666665 0.25092592592592605 0.2625 0.25092592592592605 0.2625 0.3333333333333334 0.30885416666666665 0.3333333333333334
13 0.6291666666666667 0.49444444444444463 0.5682291666666667 0.49444444444444463 0.5682291666666667 0.603703703703704 0.6291666666666667 0.603703703703704
10 0.35520833333333335 0.5092592592592593 0.30833333333333335 0.5092592592592593 0.30833333333333335 0.5935185185185186 0.35520833333333335 0.5935185185185186
6 0.3578125 0.5935185185185186 0.31145833333333334 0.5935185185185186 0.31145833333333334 0.6777777777777778 0.3578125 0.6777777777777778
0 0.36041666666666666 0.6759259259259259 0.31354166666666666 0.6759259259259259 0.31354166666666666 0.7611111111111111 0.36041666666666666 0.7611111111111111
1 0.5765625 0.5055555555555558 0.5255208333333333 0.5055555555555558 0.5255208333333333 0.5962962962962965 0.5765625 0.5962962962962965
2 0.39895833333333336 0.6944444444444444 0.3614583333333333 0.6944444444444444 0.3614583333333333 0.7611111111111111 0.39895833333333336 0.7611111111111111
3 0.5223958333333333 0.42777777777777787 0.4828125 0.42777777777777787 0.4828125 0.49814814814814823 0.5223958333333333 0.49814814814814834
12 0.31927083333333334 0.5074074074074074 0.26250000000000007 0.5074074074074074 0.26250000000000007 0.6111111111111112 0.31927083333333334 0.6111111111111112
7 0.5776041666666667 0.5972222222222224 0.528125 0.5972222222222224 0.528125 0.6861111111111113 0.5776041666666667 0.6861111111111113
6 0.3515625 0.3314814814814816 0.30416666666666664 0.3314814814814816 0.30416666666666664 0.4166666666666668 0.3515625 0.4166666666666668
7 0.5703125 0.2287037037037038 0.5203125 0.2287037037037038 0.5203125 0.31944444444444453 0.5703125 0.31944444444444453
10 0.35104166666666664 0.4212962962962964 0.30364583333333334 0.4212962962962964 0.30364583333333334 0.5064814814814815 0.35104166666666664 0.5064814814814815
11 0.6208333333333333 0.32222222222222235 0.5697916666666667 0.32222222222222235 0.5697916666666667 0.413888888888889 0.6208333333333333 0.413888888888889
1 0.5713541666666667 0.325925925925926 0.5203125 0.325925925925926 0.5203125 0.4175925925925927 0.5713541666666667 0.4175925925925927
2 0.3885416666666667 0.33703703703703713 0.35 0.33703703703703713 0.35 0.40462962962962973 0.3885416666666667 0.40462962962962973
11 0.5739583333333333 0.4111111111111112 0.5234375 0.4111111111111112 0.5234375 0.5009259259259261 0.5739583333333333 0.5009259259259261
3 0.5286458333333334 0.6935185185185188 0.4890625 0.6935185185185188 0.4890625 0.7648148148148151 0.5286458333333334 0.7648148148148151
2 0.3875 0.42222222222222233 0.35 0.42222222222222233 0.35 0.4898148148148148 0.3875 0.4898148148148148
3 0.5286458333333334 0.6083333333333335 0.48854166666666665 0.6083333333333335 0.48854166666666665 0.6787037037037039 0.5286458333333334 0.6787037037037039
4 0.3098958333333333 0.33425925925925937 0.2625 0.33425925925925937 0.2625 0.42037037037037045 0.3098958333333333 0.42037037037037045
3 0.5286458333333334 0.5148148148148151 0.48854166666666665 0.5148148148148151 0.48854166666666665 0.5861111111111114 0.5286458333333334 0.5861111111111114
9 0.6145833333333334 0.42222222222222233 0.575 0.42222222222222233 0.575 0.4925925925925928 0.6145833333333334 0.4925925925925928
8 0.3109375 0.6064814814814815 0.27447916666666666 0.6064814814814815 0.27447916666666666 0.6731481481481482 0.3109375 0.6731481481481482
4 0.31875 0.6787037037037037 0.27291666666666664 0.6787037037037037 0.27291666666666664 0.7620370370370371 0.31875 0.7620370370370371
3 0.5234375 0.32685185185185195 0.48333333333333334 0.32685185185185195 0.48333333333333334 0.3990740740740742 0.5234375 0.3990740740740742
2 0.39375 0.6074074074074074 0.35625 0.6074074074074074 0.35625 0.675 0.39375 0.675
2 0.3932291666666667 0.5138888888888888 0.35520833333333335 0.5138888888888888 0.35520833333333335 0.5824074074074074 0.3932291666666667 0.5824074074074074
9 0.6197916666666666 0.6055555555555557 0.5796875 0.6055555555555557 0.5796875 0.676851851851852 0.6197916666666666 0.676851851851852
8 0.30833333333333335 0.43703703703703717 0.2713541666666667 0.43703703703703717 0.2713541666666667 0.5037037037037037 0.30833333333333335 0.5037037037037037
5 0.6234375 0.6925925925925928 0.5739583333333333 0.6925925925925928 0.5739583333333333 0.7814814814814817 0.6234375 0.7814814814814817
5 0.6208333333333333 0.22592592592592606 0.5682291666666667 0.22592592592592603 0.5682291666666667 0.3212962962962964 0.6208333333333333 0.3212962962962964