3 0.5692708333333333 0.41944444444444456 0.5333333333333333 0.41944444444444456 0.5333333333333333 0.48981481481481504 0.5692708333333333 0.48981481481481504
2 0.403125 0.5120370370370371 0.36822916666666666 0.5120370370370371 0.36822916666666666 0.5796296296296296 0.403125 0.5796296296296296
8 0.3411458333333333 0.20092592592592598 0.30833333333333335 0.20092592592592598 0.30833333333333335 0.26574074074074083 0.3411458333333333 0.26574074074074083
3 0.6072916666666667 0.2500000000000001 0.5713541666666667 0.2500000000000001 0.5713541666666667 0.31944444444444453 0.6072916666666667 0.31944444444444453
3 0.646875 0.08055555555555569 0.6114583333333333 0.08055555555555569 0.6114583333333333 0.14907407407407422 0.646875 0.14907407407407422
3 0.5234375 0.5953703703703705 0.48802083333333335 0.5953703703703705 0.48802083333333335 0.6638888888888891 0.5234375 0.6638888888888891
2 0.3614583333333333 0.6777777777777778 0.32760416666666664 0.6777777777777778 0.32760416666666664 0.7435185185185185 0.3614583333333333 0.7435185185185185
12 0.36822916666666666 0.2916666666666668 0.3171875 0.2916666666666668 0.3171875 0.39074074074074083 0.36822916666666666 0.39074074074074083
7 0.6645833333333333 0.17500000000000016 0.6203125 0.17500000000000016 0.6203125 0.25925925925925936 0.6645833333333333 0.25925925925925936
2 0.43645833333333334 0.34259259259259267 0.40208333333333335 0.34259259259259267 0.40208333333333335 0.41018518518518526 0.43645833333333334 0.41018518518518526
7 0.5473958333333333 0.7037037037037039 0.5026041666666666 0.7037037037037039 0.5026041666666666 0.7898148148148151 0.5473958333333333 0.7898148148148151
2 0.4786458333333333 0.1740740740740742 0.44427083333333334 0.1740740740740742 0.44427083333333334 0.2425925925925927 0.4786458333333333 0.2425925925925927
2 0.51875 0.004629629629629739 0.484375 0.004629629629629735 0.484375 0.07222222222222233 0.51875 0.07222222222222233
4 0.3875 0.022222222222222303 0.3463541666666667 0.022222222222222296 0.3463541666666667 0.10277777777777786 0.3875 0.10277777777777786
13 0.6604166666666667 0.450925925925926 0.60625 0.450925925925926 0.60625 0.5546296296296298 0.6604166666666667 0.5546296296296298
3 0.4791666666666667 0.7592592592592593 0.44479166666666664 0.7592592592592593 0.44479166666666664 0.8268518518518518 0.4791666666666667 0.8268518518518518
6 0.34427083333333336 0.5685185185185185 0.3015625 0.5685185185185185 0.3015625 0.6509259259259259 0.34427083333333336 0.6509259259259259
8 0.3 0.35648148148148157 0.2677083333333333 0.35648148148148157 0.2677083333333333 0.42037037037037045 0.3 0.42037037037037045
5 0.7510416666666667 0.22592592592592609 0.7046875 0.22592592592592609 0.7046875 0.3129629629629631 0.7510416666666667 0.31296296296296316
6 0.4666666666666667 0.052777777777777875 0.4239583333333333 0.05277777777777787 0.4239583333333333 0.1351851851851853 0.4666666666666667 0.1351851851851853
1 0.603125 0.8361111111111114 0.5583333333333333 0.8361111111111114 0.5583333333333333 0.9203703703703706 0.603125 0.9203703703703706
4 0.3 0.42222222222222233 0.2578125 0.42222222222222233 0.25781250000000006 0.5037037037037037 0.3 0.5037037037037037
9 0.7072916666666667 0.413888888888889 0.6713541666666667 0.413888888888889 0.6713541666666667 0.4824074074074076 0.7072916666666667 0.4824074074074076
5 0.6317708333333333 0.7444444444444447 0.5854166666666667 0.7444444444444447 0.5854166666666667 0.8287037037037039 0.6317708333333333 0.8287037037037039
0 0.4083333333333333 8.41377708303089e-17 0.3645833333333333 7.937525550029142e-17 0.3645833333333333 0.026851851851851936 0.4083333333333333 0.026851851851851943
10 0.36822916666666666 0.10000000000000007 0.321875 0.10000000000000007 0.321875 0.18981481481481488 0.36822916666666666 0.1898148148148149
0 0.25572916666666673 0.5833333333333334 0.21197916666666672 0.5833333333333334 0.21197916666666672 0.6648148148148149 0.25572916666666673 0.6648148148148149
1 0.7770833333333333 0.15185185185185202 0.7276041666666667 0.15185185185185202 0.7276041666666667 0.24907407407407428 0.7770833333333333 0.24907407407407428
11 0.7338541666666667 0.3166666666666668 0.6890625 0.31666666666666676 0.6890625 0.40277777777777796 0.7338541666666667 0.402777777777778
9 0.6682291666666667 0.5953703703703705 0.6322916666666667 0.5953703703703705 0.6322916666666667 0.6648148148148151 0.6682291666666667 0.6648148148148151
11 0.6541666666666667 0.6648148148148151 0.6041666666666666 0.6648148148148151 0.6041666666666666 0.7629629629629632 0.6541666666666667 0.7629629629629632
10 0.27760416666666665 0.5064814814814815 0.23593750000000005 0.5064814814814815 0.23593750000000005 0.5851851851851851 0.27760416666666665 0.5851851851851851