7 0.3921875 0.6638888888888889 0.3515625 0.6638888888888889 0.3515625 0.7240740740740741 0.3921875 0.7240740740740741
10 0.4828125 0.05833333333333343 0.4421875 0.058333333333333424 0.4421875 0.11574074074074085 0.4828125 0.11574074074074085
7 0.6109375 0.6481481481481484 0.5713541666666667 0.6481481481481484 0.5713541666666667 0.7092592592592595 0.6109375 0.7092592592592595
3 0.6140625 0.739814814814815 0.5802083333333333 0.739814814814815 0.5802083333333333 0.7861111111111113 0.6140625 0.7861111111111113
11 0.5614583333333333 0.8166666666666669 0.5197916666666667 0.8166666666666669 0.5197916666666668 0.8768518518518521 0.5614583333333333 0.8768518518518521
2 0.37864583333333335 0.15555555555555564 0.34791666666666665 0.1555555555555556 0.34791666666666665 0.20185185185185192 0.37864583333333335 0.20185185185185195
1 0.5083333333333334 0.8250000000000001 0.47291666666666665 0.825 0.4729166666666667 0.8861111111111112 0.5083333333333334 0.8861111111111113
9 0.4270833333333333 0.15925925925925938 0.3958333333333333 0.15925925925925938 0.3958333333333333 0.20555555555555566 0.4270833333333333 0.20555555555555566
0 0.5385416666666667 0.053703703703703816 0.49947916666666664 0.05370370370370381 0.49947916666666664 0.10925925925925936 0.5385416666666667 0.10925925925925936
10 0.4890625 0.1361111111111112 0.44947916666666665 0.1361111111111112 0.44947916666666665 0.19537037037037047 0.4890625 0.19537037037037047
3 0.3958333333333333 0.762962962962963 0.3619791666666667 0.762962962962963 0.3619791666666667 0.8083333333333333 0.3958333333333333 0.8083333333333333
12 0.5067708333333333 0.6500000000000001 0.45729166666666665 0.65 0.45729166666666665 0.726851851851852 0.5067708333333333 0.7268518518518521
2 0.5854166666666667 0.12870370370370382 0.5541666666666667 0.12870370370370382 0.5541666666666667 0.1750000000000001 0.5854166666666667 0.1750000000000001
13 0.49166666666666664 0.21111111111111122 0.4432291666666667 0.21111111111111122 0.4432291666666667 0.2916666666666668 0.49166666666666664 0.2916666666666668
8 0.446875 0.7583333333333333 0.41302083333333334 0.7583333333333333 0.41302083333333334 0.8064814814814815 0.446875 0.8064814814814815
2 0.5328125 0.22037037037037047 0.503125 0.22037037037037047 0.503125 0.26944444444444454 0.5328125 0.26944444444444454
6 0.5963541666666666 0.20462962962962974 0.55625 0.20462962962962974 0.55625 0.26574074074074083 0.5963541666666666 0.26574074074074083
0 0.4328125 0.06203703703703713 0.3921875 0.06203703703703711 0.3921875 0.11759259259259268 0.4328125 0.11759259259259269
2 0.425 0.23425925925925936 0.3927083333333333 0.23425925925925936 0.3927083333333333 0.2824074074074075 0.425 0.2824074074074075
6 0.37916666666666665 0.23240740740740748 0.33958333333333335 0.23240740740740745 0.33958333333333335 0.2916666666666668 0.37916666666666665 0.2916666666666668
1 0.5057291666666667 0.738888888888889 0.46979166666666666 0.7388888888888889 0.46979166666666666 0.7981481481481483 0.5057291666666667 0.7981481481481484
8 0.5557291666666667 0.7444444444444447 0.5229166666666667 0.7444444444444447 0.5229166666666667 0.7925925925925928 0.5557291666666667 0.7925925925925928
4 0.5432291666666667 0.30277777777777787 0.503125 0.30277777777777787 0.503125 0.363888888888889 0.5432291666666667 0.363888888888889
11 0.4536458333333334 0.8351851851851851 0.4171875 0.8351851851851851 0.41718750000000004 0.8944444444444445 0.45364583333333347 0.8944444444444445
5 0.5552083333333333 0.5675925925925928 0.5140625 0.5675925925925928 0.5140625 0.627777777777778 0.5552083333333333 0.627777777777778
3 0.5536458333333333 0.6555555555555558 0.5229166666666667 0.6555555555555558 0.5229166666666667 0.7037037037037039 0.5536458333333333 0.7037037037037039
3 0.49895833333333334 0.5731481481481483 0.46510416666666665 0.5731481481481482 0.46510416666666665 0.6231481481481482 0.49895833333333334 0.6231481481481483
9 0.5390625 0.1425925925925927 0.5072916666666667 0.1425925925925927 0.5072916666666667 0.18796296296296308 0.5390625 0.18796296296296308
4 0.43854166666666666 0.31851851851851865 0.39947916666666666 0.31851851851851865 0.39947916666666666 0.37592592592592605 0.43854166666666666 0.37592592592592605
2 0.48541666666666666 0.3101851851851853 0.453125 0.3101851851851853 0.453125 0.363888888888889 0.48541666666666666 0.363888888888889
3 0.4421875 0.6620370370370371 0.4119791666666667 0.6620370370370371 0.4119791666666667 0.7175925925925926 0.4421875 0.7175925925925926
5 0.4395833333333333 0.575 0.40208333333333335 0.575 0.40208333333333335 0.6407407407407407 0.4395833333333333 0.6407407407407407