5 0.6739583333333333 0.6814814814814817 0.6307291666666667 0.6814814814814817 0.6307291666666667 0.7546296296296299 0.6739583333333333 0.7546296296296299
2 0.4348958333333333 0.7333333333333333 0.40520833333333334 0.7333333333333333 0.40520833333333334 0.7861111111111111 0.4348958333333333 0.7861111111111111
7 0.578125 0.363888888888889 0.5359375 0.363888888888889 0.5359375 0.4351851851851853 0.578125 0.4351851851851853
3 0.5166666666666667 0.31481481481481494 0.48385416666666664 0.31481481481481494 0.48385416666666664 0.37037037037037046 0.5166666666666667 0.37037037037037046
7 0.6265625 0.7101851851851854 0.5848958333333333 0.7101851851851854 0.5848958333333333 0.7805555555555558 0.6265625 0.7805555555555558
1 0.6125 0.6203703703703706 0.5713541666666667 0.6203703703703706 0.5713541666666667 0.690740740740741 0.6125 0.690740740740741
5 0.6078125 0.24722222222222232 0.5651041666666666 0.24722222222222232 0.5651041666666666 0.3175925925925927 0.6078125 0.3175925925925927
3 0.5442708333333334 0.48425925925925944 0.5109375 0.48425925925925944 0.5109375 0.5398148148148151 0.5442708333333334 0.5398148148148151
4 0.31145833333333334 0.43981481481481494 0.27291666666666664 0.43981481481481494 0.27291666666666664 0.5074074074074074 0.31145833333333334 0.5074074074074074
0 0.3708333333333334 0.8453703703703703 0.33125 0.8453703703703703 0.33125000000000004 0.9101851851851852 0.37083333333333346 0.9101851851851852
11 0.6614583333333334 0.5953703703703705 0.6192708333333333 0.5953703703703705 0.6192708333333333 0.6666666666666669 0.6614583333333334 0.6666666666666669
6 0.3645833333333333 0.4981481481481482 0.325 0.4981481481481482 0.325 0.5657407407407408 0.3645833333333333 0.5657407407407408
2 0.4125 0.5648148148148148 0.38177083333333334 0.5648148148148148 0.38177083333333334 0.6166666666666667 0.4125 0.6166666666666667
2 0.42239583333333336 0.6546296296296297 0.390625 0.6546296296296297 0.390625 0.7083333333333334 0.42239583333333336 0.7083333333333334
3 0.5526041666666667 0.5694444444444446 0.51875 0.5694444444444446 0.51875 0.6268518518518521 0.5526041666666667 0.6268518518518521
1 0.5895833333333333 0.45185185185185195 0.5479166666666667 0.45185185185185195 0.5479166666666667 0.5222222222222225 0.5895833333333333 0.5222222222222225
13 0.6416666666666667 0.41574074074074086 0.5895833333333333 0.41574074074074086 0.5895833333333333 0.5046296296296299 0.6416666666666667 0.5046296296296299
11 0.6020833333333333 0.5416666666666669 0.5609375 0.5416666666666669 0.5609375 0.6120370370370373 0.6020833333333333 0.6120370370370373
10 0.375 0.5796296296296296 0.33489583333333334 0.5796296296296296 0.33489583333333334 0.6472222222222223 0.375 0.6472222222222223
6 0.39895833333333336 0.7462962962962963 0.359375 0.7462962962962963 0.359375 0.8138888888888889 0.39895833333333336 0.8138888888888889
2 0.3984375 0.47685185185185186 0.36770833333333336 0.47685185185185186 0.36770833333333336 0.5296296296296297 0.3984375 0.5296296296296297
4 0.3572916666666667 0.7666666666666667 0.31875 0.7666666666666667 0.31875 0.8342592592592593 0.3572916666666667 0.8342592592592593
0 0.35260416666666666 0.4175925925925927 0.31302083333333336 0.4175925925925927 0.31302083333333336 0.4861111111111111 0.35260416666666666 0.4861111111111111
12 0.3375 0.587037037037037 0.29010416666666666 0.587037037037037 0.29010416666666666 0.6712962962962963 0.3375 0.6712962962962963
9 0.6197916666666666 0.34444444444444455 0.5859375 0.34444444444444455 0.5859375 0.40185185185185196 0.6197916666666666 0.40185185185185196
3 0.5682291666666667 0.6601851851851854 0.5348958333333333 0.6601851851851854 0.5348958333333333 0.7157407407407409 0.5682291666666667 0.7157407407407409
3 0.5302083333333333 0.3972222222222223 0.4973958333333333 0.3972222222222223 0.4973958333333333 0.45185185185185195 0.5302083333333333 0.45185185185185195
8 0.34270833333333334 0.6842592592592592 0.31145833333333334 0.6842592592592592 0.31145833333333334 0.7379629629629629 0.34270833333333334 0.7379629629629629
10 0.384375 0.6611111111111111 0.34479166666666666 0.6611111111111111 0.34479166666666666 0.7296296296296296 0.384375 0.7296296296296296
8 0.3177083333333333 0.5259259259259259 0.2864583333333333 0.5259259259259259 0.2864583333333333 0.5796296296296296 0.3177083333333333 0.5796296296296296
2 0.39010416666666664 0.3916666666666668 0.35833333333333334 0.3916666666666668 0.35833333333333334 0.44537037037037047 0.39010416666666664 0.44537037037037047
9 0.6432291666666666 0.5203703703703706 0.609375 0.5203703703703706 0.609375 0.577777777777778 0.6432291666666666 0.577777777777778