11 0.303125 0.6592592592592592 0.2677083333333333 0.6592592592592592 0.2677083333333333 0.7231481481481481 0.303125 0.7231481481481481
12 0.5963541666666666 0.4166666666666668 0.5479166666666667 0.4166666666666668 0.5479166666666667 0.5000000000000002 0.5963541666666666 0.5000000000000002
4 0.5817708333333333 0.2527777777777779 0.54375 0.2527777777777779 0.54375 0.31851851851851865 0.5817708333333333 0.31851851851851865
9 0.28489583333333335 0.413888888888889 0.2552083333333333 0.413888888888889 0.25520833333333337 0.46759259259259267 0.28489583333333335 0.46759259259259267
7 0.32708333333333334 0.3962962962962964 0.2916666666666667 0.3962962962962964 0.2916666666666667 0.46203703703703713 0.32708333333333334 0.46203703703703713
11 0.3385416666666667 0.5712962962962963 0.3026041666666667 0.5712962962962963 0.3026041666666667 0.6370370370370371 0.3385416666666667 0.6370370370370371
13 0.2953125 0.48518518518518516 0.2520833333333334 0.48518518518518516 0.2520833333333334 0.5638888888888889 0.2953125 0.5638888888888889
6 0.5411458333333333 0.35185185185185197 0.5020833333333333 0.35185185185185197 0.5020833333333333 0.42037037037037045 0.5411458333333333 0.42037037037037045
7 0.3489583333333333 0.7388888888888889 0.31302083333333336 0.7388888888888889 0.31302083333333336 0.8037037037037037 0.3489583333333333 0.8037037037037037
9 0.29583333333333334 0.5833333333333334 0.2677083333333333 0.5833333333333334 0.2677083333333333 0.6351851851851852 0.29583333333333334 0.6351851851851852
2 0.496875 0.45740740740740754 0.4671875 0.45740740740740754 0.4671875 0.5111111111111112 0.496875 0.5111111111111113
10 0.5546875 0.5287037037037039 0.515625 0.5287037037037039 0.515625 0.5981481481481483 0.5546875 0.5981481481481483
1 0.33229166666666665 0.4824074074074074 0.296875 0.4824074074074074 0.296875 0.5472222222222223 0.33229166666666665 0.5472222222222223
4 0.6036458333333333 0.6157407407407409 0.565625 0.6157407407407409 0.565625 0.6814814814814817 0.6036458333333333 0.6814814814814817
10 0.5473958333333333 0.438888888888889 0.5072916666666667 0.438888888888889 0.5072916666666667 0.5092592592592595 0.5473958333333333 0.5092592592592595
3 0.35885416666666664 0.30833333333333346 0.3296875 0.30833333333333346 0.3296875 0.3611111111111112 0.35885416666666664 0.3611111111111112
6 0.5572916666666666 0.6222222222222225 0.51875 0.6222222222222225 0.51875 0.690740740740741 0.5572916666666666 0.690740740740741
3 0.3625 0.3916666666666668 0.3338541666666667 0.3916666666666668 0.3338541666666667 0.4425925925925927 0.3625 0.4425925925925927
5 0.30885416666666665 0.7435185185185185 0.27395833333333336 0.7435185185185185 0.27395833333333336 0.8083333333333333 0.30885416666666665 0.8083333333333333
3 0.37916666666666665 0.6574074074074074 0.35 0.6574074074074074 0.35 0.7111111111111111 0.37916666666666665 0.7111111111111111
3 0.3671875 0.48055555555555557 0.3380208333333333 0.48055555555555557 0.3380208333333333 0.5333333333333333 0.3671875 0.5333333333333333
8 0.5927083333333333 0.5231481481481484 0.5614583333333333 0.5231481481481484 0.5614583333333333 0.577777777777778 0.5927083333333333 0.577777777777778
2 0.4859375 0.2740740740740742 0.4546875 0.2740740740740742 0.4546875 0.3277777777777779 0.4859375 0.3277777777777779
2 0.509375 0.638888888888889 0.478125 0.6388888888888888 0.478125 0.6916666666666668 0.509375 0.6916666666666669
8 0.584375 0.3462962962962964 0.553125 0.3462962962962964 0.553125 0.3990740740740742 0.584375 0.3990740740740742
0 0.5359375 0.26574074074074083 0.4979166666666667 0.26574074074074083 0.4979166666666667 0.3333333333333334 0.5359375 0.3333333333333334
2 0.5067708333333333 0.5518518518518519 0.47604166666666664 0.5518518518518518 0.47604166666666664 0.6055555555555556 0.5067708333333333 0.6055555555555557
3 0.37604166666666666 0.562962962962963 0.346875 0.562962962962963 0.346875 0.6157407407407407 0.37604166666666666 0.6157407407407407
0 0.6072916666666667 0.7046296296296298 0.5692708333333333 0.7046296296296298 0.5692708333333333 0.7712962962962965 0.6072916666666667 0.7712962962962965
5 0.284375 0.31851851851851865 0.24895833333333334 0.31851851851851865 0.24895833333333334 0.3814814814814816 0.284375 0.3814814814814816
2 0.49322916666666666 0.36296296296296304 0.4625 0.36296296296296304 0.4625 0.4166666666666668 0.49322916666666666 0.4166666666666668
1 0.34479166666666666 0.649074074074074 0.30885416666666665 0.649074074074074 0.30885416666666665 0.7148148148148148 0.34479166666666666 0.7148148148148148