4 0.725 0.8675925925925928 0.6828125 0.8675925925925928 0.6828125 0.9416666666666669 0.725 0.9416666666666669
2 0.6661458333333333 0.22037037037037052 0.6338541666666667 0.22037037037037052 0.6338541666666667 0.27314814814814825 0.6661458333333333 0.27314814814814825
13 0.40989583333333335 0.42592592592592604 0.3572916666666667 0.42592592592592604 0.3572916666666667 0.512962962962963 0.40989583333333335 0.512962962962963
7 0.4895833333333333 0.1925925925925927 0.44895833333333335 0.1925925925925927 0.44895833333333335 0.2620370370370371 0.4895833333333333 0.2620370370370371
3 0.44375000000000003 0.8194444444444444 0.4083333333333333 0.8194444444444444 0.4083333333333334 0.8787037037037037 0.44375000000000014 0.8787037037037037
2 0.64375 0.3787037037037038 0.6104166666666667 0.3787037037037038 0.6104166666666667 0.4351851851851853 0.64375 0.4351851851851853
7 0.4244791666666667 0.7092592592592593 0.38229166666666664 0.7092592592592593 0.38229166666666664 0.7805555555555556 0.4244791666666667 0.7805555555555556
1 0.42604166666666665 0.08148148148148157 0.3848958333333333 0.08148148148148156 0.3848958333333333 0.14814814814814825 0.42604166666666665 0.14814814814814825
0 0.7135416666666666 0.9490740740740741 0.6703125 0.9490740740740741 0.6703125 1 0.7135416666666666 1
2 0.5802083333333333 0.8990740740740742 0.5442708333333334 0.8990740740740742 0.5442708333333334 0.9574074074074074 0.5802083333333333 0.9574074074074074
3 0.4890625 0.47685185185185197 0.4546875 0.47685185185185186 0.4546875 0.5351851851851853 0.4890625 0.5351851851851854
3 0.5161458333333333 0.3101851851851853 0.48125 0.3101851851851853 0.48125 0.36851851851851863 0.5161458333333333 0.36851851851851863
2 0.6046875 0.7231481481481483 0.5697916666666667 0.7231481481481483 0.5697916666666667 0.7814814814814817 0.6046875 0.7814814814814817
8 0.7651041666666667 0.5370370370370372 0.7322916666666667 0.5370370370370372 0.7322916666666667 0.5916666666666669 0.7651041666666667 0.5916666666666669
6 0.7046875 0.3037037037037038 0.6625 0.3037037037037038 0.6625 0.3777777777777779 0.7046875 0.3777777777777779
5 0.4083333333333333 0.16666666666666677 0.3671875 0.16666666666666677 0.3671875 0.23611111111111122 0.4083333333333333 0.23611111111111122
2 0.6317708333333333 0.5509259259259262 0.5979166666666667 0.5509259259259262 0.5979166666666667 0.6074074074074076 0.6317708333333333 0.6074074074074076
12 0.7234375 0.5694444444444446 0.6734375 0.5694444444444446 0.6734375 0.6574074074074077 0.7234375 0.6574074074074077
3 0.46770833333333334 0.6481481481481481 0.43333333333333335 0.6481481481481481 0.43333333333333335 0.7055555555555556 0.46770833333333334 0.7055555555555556
3 0.5432291666666667 0.15277777777777787 0.5057291666666667 0.15277777777777787 0.5057291666666667 0.22037037037037047 0.5432291666666667 0.22037037037037047
4 0.771875 0.4509259259259261 0.7276041666666667 0.4509259259259261 0.7276041666666667 0.5259259259259261 0.771875 0.5259259259259261
6 0.6401041666666667 0.8287037037037039 0.5947916666666667 0.8287037037037039 0.5947916666666667 0.9101851851851854 0.6401041666666667 0.9101851851851854
0 0.7947916666666667 0.2888888888888891 0.7515625 0.2888888888888891 0.7515625 0.36666666666666686 0.7947916666666667 0.36666666666666686
9 0.37604166666666666 0.313888888888889 0.3421875 0.313888888888889 0.3421875 0.37037037037037046 0.37604166666666666 0.37037037037037046
11 0.39427083333333335 0.2361111111111112 0.353125 0.23611111111111116 0.353125 0.30555555555555564 0.39427083333333335 0.30555555555555564
5 0.33229166666666665 0.6601851851851852 0.28802083333333334 0.6601851851851852 0.28802083333333334 0.7351851851851852 0.33229166666666665 0.7351851851851852
8 0.7453125 0.6962962962962965 0.7119791666666667 0.6962962962962965 0.7119791666666667 0.7518518518518521 0.7453125 0.7518518518518521
10 0.7791666666666667 0.36944444444444463 0.7390625 0.36944444444444463 0.7390625 0.43796296296296316 0.7791666666666667 0.43796296296296316
9 0.35260416666666666 0.4898148148148148 0.3182291666666667 0.4898148148148148 0.3182291666666667 0.549074074074074 0.35260416666666666 0.549074074074074
1 0.315625 0.7314814814814815 0.2703125 0.7314814814814815 0.2703125 0.8064814814814815 0.315625 0.8064814814814815
11 0.3416666666666667 0.5722222222222222 0.2984375 0.5722222222222222 0.2984375 0.6453703703703704 0.3416666666666667 0.6453703703703704
10 0.7390625 0.7750000000000002 0.6953125 0.7750000000000002 0.6953125 0.8574074074074076 0.7390625 0.8574074074074076