5 0.44947916666666665 0.10277777777777787 0.40989583333333335 0.10277777777777786 0.40989583333333335 0.1601851851851853 0.44947916666666665 0.1601851851851853
11 0.7546875 0.13981481481481497 0.7151041666666667 0.13981481481481497 0.7151041666666667 0.19537037037037053 0.7546875 0.19537037037037053
7 0.5 0.10185185185185196 0.4609375 0.10185185185185196 0.4609375 0.15833333333333344 0.5 0.15833333333333344
5 0.6546875 0.12129629629629646 0.6166666666666667 0.12129629629629646 0.6166666666666667 0.176851851851852 0.6546875 0.176851851851852
1 0.7052083333333333 0.13240740740740756 0.665625 0.13240740740740756 0.665625 0.1907407407407409 0.7052083333333333 0.1907407407407409
11 0.3359375 0.10000000000000006 0.30052083333333335 0.10000000000000005 0.30052083333333335 0.1555555555555556 0.3359375 0.1555555555555556
4 0.4187500000000001 0.8657407407407407 0.3796875000000001 0.8657407407407407 0.3796875000000001 0.925 0.4187500000000001 0.925
2 0.690625 0.6342592592592595 0.6588541666666666 0.6342592592592595 0.6588541666666666 0.6824074074074076 0.690625 0.6824074074074076
12 0.5390625 0.6972222222222224 0.49322916666666666 0.6972222222222224 0.49322916666666666 0.7731481481481484 0.5390625 0.7731481481481484
4 0.6364583333333333 0.8879629629629632 0.5979166666666667 0.8879629629629632 0.5979166666666667 0.9472222222222224 0.6364583333333333 0.9472222222222224
6 0.47291666666666676 0.8712962962962963 0.4343750000000001 0.8712962962962963 0.4343750000000001 0.9324074074074075 0.47291666666666676 0.9324074074074075
6 0.5838541666666667 0.8842592592592595 0.5447916666666667 0.8842592592592595 0.5447916666666667 0.9462962962962965 0.5838541666666667 0.9462962962962965
0 0.3671875000000001 0.8629629629629629 0.32864583333333347 0.8629629629629629 0.32864583333333347 0.9231481481481482 0.3671875000000001 0.9231481481481482
0 0.690625 0.8870370370370373 0.6515625 0.8870370370370373 0.6515625 0.9472222222222224 0.690625 0.9472222222222224
2 0.36770833333333336 0.6027777777777777 0.334375 0.6027777777777777 0.334375 0.65 0.36770833333333336 0.65
2 0.7453125 0.6453703703703706 0.7125 0.6453703703703706 0.7125 0.690740740740741 0.7453125 0.690740740740741
13 0.5473958333333333 0.25740740740740753 0.5010416666666667 0.25740740740740753 0.5010416666666667 0.32870370370370383 0.5473958333333333 0.32870370370370383
7 0.5947916666666667 0.1212962962962964 0.55625 0.1212962962962964 0.55625 0.1787037037037038 0.5947916666666667 0.1787037037037038
8 0.475 0.7046296296296296 0.4421875 0.7046296296296296 0.4421875 0.7564814814814815 0.475 0.7564814814814815
2 0.4765625 0.5314814814814814 0.44375 0.5314814814814814 0.44375 0.5787037037037037 0.4765625 0.5787037037037037
2 0.3151041666666667 0.6 0.2833333333333333 0.6 0.2833333333333333 0.6472222222222223 0.3151041666666667 0.6472222222222223
10 0.3140625000000001 0.8490740740740741 0.275 0.8490740740740741 0.2750000000000001 0.9092592592592592 0.31406250000000013 0.9092592592592592
3 0.37395833333333334 0.3490740740740742 0.3411458333333333 0.3490740740740742 0.3411458333333333 0.39444444444444454 0.37395833333333334 0.39444444444444454
10 0.7447916666666666 0.8898148148148151 0.7052083333333333 0.8898148148148151 0.7052083333333333 0.9490740740740741 0.7447916666666666 0.9490740740740741
3 0.5895833333333333 0.45740740740740754 0.55625 0.45740740740740754 0.55625 0.5037037037037039 0.5895833333333333 0.5037037037037039
1 0.39166666666666666 0.09722222222222231 0.3515625 0.09722222222222231 0.3515625 0.1537037037037038 0.39166666666666666 0.15370370370370381
9 0.4875 0.2666666666666668 0.45416666666666666 0.2666666666666668 0.45416666666666666 0.32037037037037047 0.4875 0.32037037037037047
3 0.7473958333333334 0.3861111111111113 0.7161458333333334 0.38611111111111124 0.7161458333333334 0.4324074074074076 0.7473958333333334 0.43240740740740763
3 0.7026041666666667 0.38240740740740753 0.6713541666666667 0.38240740740740753 0.6713541666666667 0.42777777777777787 0.7026041666666667 0.42777777777777787
3 0.3182291666666667 0.3416666666666668 0.2864583333333333 0.3416666666666668 0.2864583333333333 0.3870370370370371 0.3182291666666667 0.3870370370370371
9 0.59375 0.2740740740740742 0.5640625 0.2740740740740742 0.5640625 0.3240740740740742 0.59375 0.3240740740740742
8 0.5854166666666667 0.7175925925925928 0.5536458333333333 0.7175925925925928 0.5536458333333333 0.7648148148148151 0.5854166666666667 0.7648148148148151