13 0.7484375 0.43888888888888905 0.6973958333333333 0.438888888888889 0.6973958333333333 0.5231481481481484 0.7484375 0.5231481481481484
3 0.6322916666666667 0.29907407407407416 0.5994791666666667 0.29907407407407416 0.5994791666666667 0.34814814814814826 0.6322916666666667 0.34814814814814826
11 0.7609375 0.28425925925925943 0.7213541666666666 0.2842592592592594 0.7213541666666666 0.3481481481481483 0.7609375 0.3481481481481484
6 0.446875 0.21296296296296308 0.40625 0.21296296296296308 0.40625 0.28333333333333344 0.446875 0.28333333333333344
7 0.6619791666666667 0.20833333333333348 0.6229166666666667 0.20833333333333348 0.6229166666666667 0.2712962962962964 0.6619791666666667 0.2712962962962964
3 0.6546875 0.4685185185185186 0.621875 0.4685185185185186 0.621875 0.5194444444444447 0.6546875 0.5194444444444447
0 0.3567708333333333 0.15833333333333338 0.31614583333333335 0.15833333333333338 0.31614583333333335 0.22129629629629635 0.3567708333333333 0.22129629629629635
2 0.49635416666666665 0.31296296296296305 0.4635416666666667 0.31296296296296305 0.4635416666666667 0.36296296296296304 0.49635416666666665 0.36296296296296304
7 0.734375 0.7472222222222225 0.69375 0.7472222222222225 0.69375 0.8120370370370372 0.734375 0.8120370370370372
4 0.40572916666666664 0.6657407407407407 0.3645833333333333 0.6657407407407407 0.3645833333333333 0.7324074074074074 0.40572916666666664 0.7324074074074074
2 0.5114583333333333 0.48703703703703716 0.47708333333333336 0.48703703703703705 0.47708333333333336 0.538888888888889 0.5114583333333333 0.5388888888888891
12 0.4328125 0.49722222222222223 0.3848958333333333 0.49722222222222223 0.3848958333333333 0.575925925925926 0.4328125 0.575925925925926
3 0.6708333333333333 0.6555555555555558 0.6375 0.6555555555555558 0.6375 0.7083333333333336 0.6708333333333333 0.7083333333333336
2 0.5520833333333334 0.8611111111111113 0.5182291666666667 0.8611111111111113 0.5182291666666667 0.9138888888888891 0.5520833333333334 0.9138888888888891
3 0.6885416666666667 0.8379629629629631 0.65625 0.8379629629629631 0.65625 0.8907407407407409 0.6885416666666667 0.8907407407407409
2 0.5380208333333333 0.6731481481481484 0.5041666666666667 0.6731481481481484 0.5041666666666667 0.7240740740740743 0.5380208333333333 0.7240740740740743
4 0.3614583333333333 0.23148148148148154 0.32135416666666666 0.23148148148148154 0.32135416666666666 0.29444444444444456 0.3614583333333333 0.29444444444444456
3 0.6119791666666666 0.13240740740740753 0.5796875 0.1324074074074075 0.5796875 0.17962962962962975 0.6119791666666666 0.17962962962962978
1 0.8192708333333333 0.8185185185185188 0.7786458333333334 0.8185185185185188 0.7786458333333334 0.8898148148148151 0.8192708333333333 0.8898148148148151
2 0.47604166666666664 0.14444444444444454 0.44427083333333334 0.14444444444444454 0.44427083333333334 0.19444444444444456 0.47604166666666664 0.19444444444444456
6 0.5010416666666667 0.7740740740740741 0.459375 0.774074074074074 0.459375 0.8416666666666668 0.5010416666666667 0.8416666666666669
0 0.41718750000000004 0.8564814814814815 0.37447916666666664 0.8564814814814815 0.37447916666666675 0.9231481481481482 0.4171875000000001 0.9231481481481482
1 0.7453125 0.13148148148148164 0.70625 0.13148148148148164 0.70625 0.19259259259259276 0.7453125 0.19259259259259276
5 0.8145833333333333 0.7194444444444447 0.7755208333333333 0.7194444444444447 0.7755208333333333 0.7861111111111113 0.8145833333333333 0.7861111111111113
8 0.384375 0.5916666666666667 0.35104166666666664 0.5916666666666667 0.35104166666666664 0.6435185185185185 0.384375 0.6435185185185185
8 0.371875 0.42777777777777787 0.34010416666666665 0.42777777777777787 0.34010416666666665 0.4759259259259259 0.371875 0.4759259259259259
11 0.809375 0.6379629629629632 0.76875 0.6379629629629632 0.76875 0.702777777777778 0.809375 0.702777777777778
10 0.3671875 0.32314814814814824 0.3265625 0.32314814814814824 0.3265625 0.38611111111111124 0.3671875 0.38611111111111124
9 0.7666666666666667 0.377777777777778 0.7348958333333333 0.377777777777778 0.7348958333333333 0.42685185185185204 0.7666666666666667 0.42685185185185204
5 0.7447916666666666 0.2009259259259261 0.7052083333333333 0.2009259259259261 0.7052083333333333 0.26481481481481495 0.7447916666666666 0.264814814814815
9 0.796875 0.5601851851851853 0.7640625 0.5601851851851853 0.7640625 0.6111111111111113 0.796875 0.6111111111111113
10 0.41302083333333334 0.762962962962963 0.37552083333333336 0.762962962962963 0.37552083333333336 0.8314814814814815 0.41302083333333334 0.8314814814814815