2 0.5052083333333334 0.663888888888889 0.46979166666666666 0.6638888888888889 0.46979166666666666 0.7222222222222223 0.5052083333333334 0.7222222222222224
7 0.709375 0.41574074074074086 0.6661458333333333 0.41574074074074086 0.6661458333333333 0.48981481481481504 0.709375 0.48981481481481504
3 0.5479166666666667 0.41018518518518526 0.5130208333333334 0.41018518518518526 0.5130208333333334 0.4703703703703705 0.5479166666666667 0.4703703703703705
2 0.4083333333333333 0.6027777777777777 0.37447916666666664 0.6027777777777777 0.37447916666666664 0.6601851851851852 0.4083333333333333 0.6601851851851852
2 0.6046875 0.7120370370370372 0.5703125 0.7120370370370372 0.5703125 0.7703703703703706 0.6046875 0.7703703703703706
3 0.6442708333333333 0.463888888888889 0.609375 0.463888888888889 0.609375 0.5231481481481484 0.6442708333333333 0.5231481481481484
12 0.4833333333333334 0.7962962962962963 0.4317708333333333 0.7962962962962963 0.4317708333333334 0.8814814814814815 0.48333333333333345 0.8814814814814815
3 0.7442708333333333 0.5111111111111113 0.7078125 0.5111111111111113 0.7078125 0.5750000000000002 0.7442708333333333 0.5750000000000002
2 0.7036458333333333 0.7601851851851854 0.6697916666666667 0.7601851851851854 0.6697916666666667 0.8185185185185188 0.7036458333333333 0.8185185185185188
8 0.5135416666666668 0.9092592592592593 0.4796875000000001 0.9092592592592592 0.4796875000000001 0.9648148148148148 0.5135416666666668 0.9648148148148148
4 0.6203125 0.9518518518518518 0.5786458333333333 0.9518518518518518 0.5786458333333333 1 0.6203125 1
6 0.65 0.8055555555555558 0.6088541666666667 0.8055555555555558 0.6088541666666667 0.8759259259259261 0.65 0.8759259259259261
2 0.309375 0.5601851851851852 0.27447916666666666 0.5601851851851852 0.27447916666666666 0.6166666666666667 0.309375 0.6166666666666667
7 0.403125 0.24722222222222232 0.35885416666666664 0.24722222222222232 0.35885416666666664 0.3212962962962964 0.403125 0.3212962962962964
5 0.7369791666666666 0.2509259259259261 0.6927083333333334 0.25092592592592605 0.6927083333333334 0.32592592592592606 0.7369791666666666 0.3259259259259261
3 0.4427083333333333 0.36574074074074087 0.4078125 0.36574074074074087 0.4078125 0.42592592592592604 0.4427083333333333 0.42592592592592604
3 0.34375 0.3250000000000001 0.30885416666666665 0.3250000000000001 0.30885416666666665 0.3833333333333334 0.34375 0.3833333333333334
6 0.34479166666666666 0.6527777777777778 0.30416666666666664 0.6527777777777778 0.30416666666666664 0.7212962962962963 0.34479166666666666 0.7212962962962963
13 0.5828125 0.23703703703703713 0.5291666666666667 0.23703703703703713 0.5291666666666667 0.3296296296296297 0.5828125 0.3296296296296297
11 0.4817708333333333 0.11111111111111122 0.4375 0.11111111111111122 0.4375 0.18703703703703714 0.4817708333333333 0.18703703703703714
10 0.5723958333333333 0.927777777777778 0.5260416666666667 0.927777777777778 0.5260416666666667 1 0.5723958333333333 1
1 0.378125 0.08148148148148156 0.3359375 0.08148148148148156 0.3359375 0.15555555555555564 0.378125 0.15555555555555567
4 0.38541666666666674 0.8231481481481482 0.34322916666666664 0.8231481481481482 0.34322916666666675 0.8916666666666667 0.3854166666666668 0.8916666666666667
0 0.6651041666666667 0.9685185185185186 0.6229166666666667 0.9685185185185186 0.6229166666666667 1 0.6651041666666667 1
8 0.42031250000000014 0.8675925925925926 0.3859375000000001 0.8675925925925926 0.3859375000000001 0.9277777777777778 0.42031250000000014 0.9277777777777778
0 0.2869791666666667 0.7805555555555556 0.24635416666666674 0.7805555555555556 0.24635416666666674 0.8546296296296296 0.2869791666666667 0.8546296296296296
10 0.33385416666666673 0.7953703703703704 0.29375 0.7953703703703704 0.29375000000000007 0.8657407407407407 0.3338541666666668 0.8657407407407407
1 0.7828125 0.2564814814814817 0.7380208333333333 0.2564814814814817 0.7380208333333333 0.3379629629629632 0.7828125 0.3379629629629632
11 0.6869791666666667 0.21481481481481499 0.6416666666666667 0.21481481481481499 0.6416666666666667 0.29722222222222233 0.6869791666666667 0.29722222222222233
9 0.6296875 0.1990740740740742 0.5916666666666667 0.19907407407407418 0.5916666666666667 0.2666666666666668 0.6296875 0.2666666666666668
9 0.5234375 0.13703703703703715 0.48802083333333335 0.13703703703703715 0.48802083333333335 0.2037037037037038 0.5234375 0.2037037037037038
5 0.4359375 0.0962962962962964 0.39166666666666666 0.09629629629629638 0.39166666666666666 0.1750000000000001 0.4359375 0.1750000000000001