4 0.5380208333333333 0.8009259259259262 0.4890625 0.8009259259259262 0.48906250000000007 0.8833333333333335 0.5380208333333333 0.8833333333333335
4 0.771875 0.6194444444444447 0.7223958333333333 0.6194444444444447 0.7223958333333333 0.702777777777778 0.771875 0.702777777777778
13 0.484375 0.15370370370370381 0.42864583333333334 0.15370370370370381 0.42864583333333334 0.24444444444444455 0.484375 0.24444444444444455
0 0.4463541666666668 0.8888888888888888 0.3984375000000001 0.8888888888888888 0.3984375000000001 0.9657407407407408 0.4463541666666668 0.9657407407407408
3 0.5088541666666667 0.30277777777777787 0.4708333333333333 0.30277777777777787 0.4708333333333333 0.36574074074074087 0.5088541666666667 0.36574074074074087
1 0.6255208333333333 1.310825647976241e-16 0.5786458333333333 1.259798698011768e-16 0.5786458333333333 0.04074074074074087 0.6255208333333333 0.04074074074074087
2 0.6588541666666666 0.4490740740740742 0.6182291666666667 0.4490740740740742 0.6182291666666667 0.5148148148148151 0.6588541666666666 0.5148148148148151
6 0.4432291666666667 0.7101851851851851 0.3953125 0.7101851851851851 0.3953125 0.7898148148148149 0.4432291666666667 0.7898148148148149
2 0.46927083333333336 0.5990740740740741 0.43072916666666666 0.5990740740740741 0.43072916666666666 0.662962962962963 0.46927083333333336 0.662962962962963
7 0.35572916666666665 0.34444444444444455 0.309375 0.34444444444444455 0.309375 0.42222222222222233 0.35572916666666665 0.42222222222222233
7 0.6265625 0.13148148148148162 0.5802083333333333 0.1314814814814816 0.5802083333333333 0.2101851851851853 0.6265625 0.21018518518518534
11 0.546875 0.03240740740740752 0.5005208333333333 0.03240740740740751 0.5005208333333333 0.11111111111111123 0.546875 0.11111111111111124
12 0.6083333333333333 0.6601851851851854 0.5494791666666666 0.6601851851851854 0.5494791666666666 0.7601851851851854 0.6083333333333333 0.7601851851851854
2 0.5677083333333334 0.5296296296296299 0.5276041666666667 0.5296296296296299 0.5276041666666667 0.5962962962962965 0.5677083333333334 0.5962962962962965
3 0.3333333333333333 0.4564814814814816 0.296875 0.4564814814814816 0.296875 0.5157407407407407 0.3333333333333333 0.5157407407407407
5 0.5927083333333333 0.0018518518518519755 0.5453125 0.0018518518518519703 0.5453125 0.08148148148148161 0.5927083333333333 0.08148148148148161
9 0.4979166666666667 0.08055555555555566 0.46145833333333336 0.08055555555555566 0.46145833333333336 0.14074074074074083 0.4979166666666667 0.14074074074074083
3 0.684375 0.1620370370370372 0.6473958333333333 0.1620370370370372 0.6473958333333333 0.22222222222222238 0.684375 0.22222222222222238
6 0.7307291666666667 0.46851851851851867 0.6838541666666667 0.4685185185185186 0.6838541666666667 0.5462962962962965 0.7307291666666667 0.5462962962962965
3 0.5963541666666666 0.2324074074074075 0.5583333333333333 0.2324074074074075 0.5583333333333333 0.2962962962962964 0.5963541666666666 0.2962962962962964
2 0.37916666666666665 0.6787037037037037 0.3416666666666667 0.6787037037037037 0.3416666666666667 0.7425925925925926 0.37916666666666665 0.7425925925925926
11 0.37135416666666665 0.17500000000000007 0.3255208333333333 0.17500000000000004 0.3255208333333333 0.2527777777777779 0.37135416666666665 0.2527777777777779
3 0.4166666666666667 0.3870370370370371 0.378125 0.3870370370370371 0.378125 0.4500000000000001 0.4166666666666667 0.4500000000000001
9 0.4041666666666667 0.15185185185185196 0.36875 0.15185185185185196 0.36875 0.21018518518518528 0.4041666666666667 0.21018518518518528
2 0.75 0.3722222222222224 0.7098958333333333 0.37222222222222234 0.7098958333333333 0.43703703703703717 0.75 0.4370370370370372
8 0.5765625 0.7935185185185187 0.5380208333333333 0.7935185185185187 0.5380208333333333 0.8601851851851854 0.5765625 0.8601851851851854
5 0.33177083333333335 0.2157407407407408 0.2859375 0.2157407407407408 0.2859375 0.29074074074074086 0.33177083333333335 0.29074074074074086
1 0.2890625 0.2620370370370371 0.24375 0.2620370370370371 0.24375 0.3379629629629631 0.2890625 0.3379629629629631
10 0.49166666666666675 0.8351851851851853 0.4395833333333333 0.8351851851851851 0.4395833333333334 0.9268518518518519 0.4916666666666668 0.926851851851852
10 0.7239583333333334 0.6555555555555558 0.6734375 0.6555555555555558 0.6734375 0.7453703703703706 0.7239583333333334 0.7453703703703706
0 0.8109375 0.5750000000000002 0.7614583333333333 0.5750000000000002 0.7614583333333333 0.665740740740741 0.8109375 0.665740740740741
8 0.6671875 0.7092592592592595 0.6255208333333333 0.7092592592592595 0.6255208333333333 0.7787037037037039 0.6671875 0.7787037037037039