7 0.3640625 0.23888888888888898 0.309375 0.23888888888888898 0.309375 0.33240740740740754 0.3640625 0.33240740740740754
7 0.49114583333333334 0.7592592592592594 0.43645833333333334 0.7592592592592593 0.43645833333333334 0.8546296296296297 0.49114583333333334 0.8546296296296299
5 0.5833333333333334 0.5574074074074076 0.5260416666666666 0.5574074074074076 0.5260416666666666 0.6564814814814817 0.5833333333333334 0.6564814814814817
8 0.6557291666666667 0.7212962962962965 0.6130208333333333 0.7212962962962965 0.6130208333333333 0.7944444444444446 0.6557291666666667 0.7944444444444446
6 0.6630208333333333 0.3787037037037038 0.6072916666666667 0.3787037037037038 0.6072916666666667 0.47592592592592614 0.6630208333333333 0.47592592592592614
12 0.43072916666666666 0.44722222222222235 0.36666666666666664 0.44722222222222235 0.36666666666666664 0.5592592592592592 0.43072916666666666 0.5592592592592592
4 0.3927083333333333 0.6129629629629629 0.3385416666666667 0.6129629629629629 0.3385416666666667 0.7074074074074074 0.3927083333333333 0.7074074074074074
5 0.6692708333333334 0.5916666666666669 0.6151041666666667 0.5916666666666669 0.6151041666666667 0.6842592592592595 0.6692708333333334 0.6842592592592595
2 0.3 0.48333333333333334 0.25625000000000003 0.48333333333333334 0.25625000000000003 0.5592592592592592 0.3 0.5592592592592592
2 0.5411458333333333 0.7564814814814816 0.4984375 0.7564814814814816 0.4984375 0.8314814814814817 0.5411458333333333 0.8314814814814817
3 0.6666666666666666 0.26296296296296306 0.621875 0.26296296296296306 0.621875 0.338888888888889 0.6666666666666666 0.338888888888889
9 0.5005208333333333 0.163888888888889 0.4557291666666667 0.163888888888889 0.4557291666666667 0.24166666666666678 0.5005208333333333 0.24166666666666678
6 0.43802083333333336 0.1611111111111112 0.384375 0.1611111111111112 0.384375 0.2537037037037038 0.43802083333333336 0.2537037037037038
3 0.5755208333333334 0.4490740740740742 0.5296875 0.4490740740740742 0.5296875 0.5287037037037039 0.5755208333333334 0.5287037037037039
1 0.6015625 0.7037037037037039 0.5463541666666667 0.7037037037037039 0.5463541666666667 0.7981481481481484 0.6015625 0.7981481481481484
3 0.5192708333333333 0.37314814814814823 0.4744791666666667 0.37314814814814823 0.4744791666666667 0.4500000000000001 0.5192708333333333 0.4500000000000001
3 0.4973958333333333 0.026851851851851953 0.45364583333333336 0.02685185185185195 0.45364583333333336 0.10185185185185196 0.4973958333333333 0.10185185185185196
2 0.5723958333333333 0.8805555555555558 0.5291666666666668 0.8805555555555558 0.5291666666666668 0.9564814814814815 0.5723958333333333 0.9564814814814815
0 0.5052083333333334 0.46759259259259267 0.45 0.46759259259259267 0.45 0.5629629629629631 0.5052083333333334 0.5629629629629632
4 0.42708333333333337 0.7916666666666666 0.3723958333333333 0.7916666666666666 0.37239583333333337 0.8870370370370371 0.4270833333333334 0.8870370370370371
10 0.36354166666666665 0.4000000000000001 0.30833333333333335 0.4000000000000001 0.30833333333333335 0.49444444444444446 0.36354166666666665 0.49444444444444446
1 0.75 0.3185185185185187 0.6994791666666667 0.31851851851851865 0.6994791666666667 0.40370370370370384 0.75 0.4037037037037039
2 0.7385416666666667 0.5370370370370372 0.6984375 0.5370370370370372 0.6984375 0.603703703703704 0.7385416666666667 0.603703703703704
10 0.7270833333333333 0.42314814814814833 0.6760416666666667 0.4231481481481483 0.6760416666666667 0.5101851851851854 0.7270833333333333 0.5101851851851854
3 0.45260416666666664 0.6037037037037037 0.4078125 0.6037037037037037 0.4078125 0.6805555555555556 0.45260416666666664 0.6805555555555556
8 0.49895833333333345 0.8972222222222224 0.4562500000000001 0.8972222222222223 0.4562500000000001 0.9703703703703703 0.49895833333333345 0.9703703703703703
2 0.6390625 0.5314814814814817 0.5973958333333333 0.5314814814814817 0.5973958333333333 0.6018518518518521 0.6390625 0.6018518518518521
13 0.5770833333333333 0.2583333333333334 0.5072916666666667 0.2583333333333334 0.5072916666666667 0.3750000000000001 0.5770833333333333 0.3750000000000001
9 0.4505208333333333 0.32222222222222235 0.40677083333333336 0.32222222222222235 0.40677083333333336 0.3972222222222223 0.4505208333333333 0.3972222222222223
0 0.521875 0.6175925925925927 0.46770833333333334 0.6175925925925926 0.46770833333333334 0.7101851851851853 0.521875 0.7101851851851854
11 0.6203125 0.1166666666666668 0.5661458333333333 0.1166666666666668 0.5661458333333333 0.20740740740740754 0.6203125 0.20740740740740757
11 0.32447916666666665 0.6259259259259259 0.2661458333333334 0.6259259259259259 0.2661458333333334 0.7240740740740741 0.32447916666666665 0.7240740740740741