2 0.44375 0.5842592592592593 0.403125 0.5842592592592593 0.403125 0.6537037037037037 0.44375 0.6537037037037037
11 0.3708333333333334 0.7972222222222223 0.32083333333333336 0.7972222222222223 0.3208333333333334 0.8842592592592593 0.37083333333333346 0.8842592592592593
1 0.5083333333333334 0.9018518518518519 0.45729166666666676 0.9018518518518519 0.45729166666666676 0.9879629629629629 0.5083333333333334 0.9879629629629629
7 0.6708333333333333 0.26481481481481495 0.6203125 0.26481481481481495 0.6203125 0.3490740740740742 0.6708333333333333 0.3490740740740742
1 0.403125 0.32222222222222235 0.3546875 0.32222222222222235 0.3546875 0.40462962962962973 0.403125 0.40462962962962973
3 0.4921875 0.5648148148148149 0.4515625 0.5648148148148148 0.4515625 0.6333333333333334 0.4921875 0.6333333333333335
2 0.6536458333333334 0.47314814814814826 0.6135416666666667 0.47314814814814826 0.6135416666666667 0.5398148148148151 0.6536458333333334 0.5398148148148151
10 0.5421875 0.8009259259259262 0.49166666666666664 0.8009259259259262 0.49166666666666675 0.8870370370370373 0.5421875 0.8870370370370373
6 0.6317708333333333 0.6592592592592594 0.5817708333333333 0.6592592592592594 0.5817708333333333 0.7453703703703706 0.6317708333333333 0.7453703703703706
2 0.34791666666666665 0.3574074074074075 0.30885416666666665 0.3574074074074075 0.30885416666666665 0.4250000000000001 0.34791666666666665 0.4250000000000001
9 0.4390625 0.22222222222222232 0.39895833333333336 0.22222222222222232 0.39895833333333336 0.288888888888889 0.4390625 0.288888888888889
7 0.6588541666666666 0.8268518518518521 0.6078125 0.8268518518518521 0.6078125 0.9120370370370372 0.6588541666666666 0.9120370370370372
3 0.375 0.5259259259259259 0.33489583333333334 0.5259259259259259 0.33489583333333334 0.5925925925925926 0.375 0.5925925925925926
4 0.5348958333333333 0.42777777777777787 0.484375 0.42777777777777787 0.484375 0.5138888888888891 0.5348958333333333 0.5138888888888891
2 0.6052083333333333 0.22129629629629644 0.5651041666666666 0.2212962962962964 0.5651041666666666 0.28703703703703715 0.6052083333333333 0.28703703703703715
3 0.5161458333333333 0.3574074074074075 0.47604166666666664 0.3574074074074075 0.47604166666666664 0.42592592592592604 0.5161458333333333 0.42592592592592604
3 0.6338541666666667 0.3916666666666668 0.59375 0.3916666666666668 0.59375 0.45925925925925937 0.6338541666666667 0.45925925925925937
13 0.39739583333333334 0.2296296296296297 0.33645833333333336 0.22962962962962968 0.33645833333333336 0.3361111111111112 0.39739583333333334 0.3361111111111112
2 0.296875 0.38425925925925936 0.25729166666666664 0.38425925925925936 0.2572916666666667 0.4500000000000001 0.296875 0.4500000000000001
4 0.6854166666666667 0.6268518518518521 0.634375 0.6268518518518521 0.634375 0.7138888888888891 0.6854166666666667 0.7138888888888891
9 0.48854166666666665 0.18703703703703714 0.4479166666666667 0.18703703703703714 0.4479166666666667 0.25462962962962976 0.48854166666666665 0.25462962962962976
8 0.5755208333333334 0.7009259259259262 0.5333333333333333 0.7009259259259262 0.5333333333333333 0.7712962962962965 0.5755208333333334 0.7712962962962965
6 0.2708333333333333 0.5657407407407408 0.22187500000000007 0.5657407407407408 0.22187500000000007 0.6509259259259259 0.2708333333333333 0.6509259259259259
0 0.5057291666666667 0.2620370370370371 0.453125 0.2620370370370371 0.453125 0.3500000000000001 0.5057291666666667 0.3500000000000001
3 0.4270833333333333 0.49074074074074076 0.38229166666666664 0.49074074074074076 0.38229166666666664 0.5648148148148148 0.4270833333333333 0.5648148148148148
8 0.5510416666666667 0.9009259259259261 0.5098958333333334 0.9009259259259261 0.5098958333333334 0.9685185185185186 0.5510416666666667 0.9685185185185186
10 0.425 0.1351851851851853 0.3765625 0.1351851851851853 0.3765625 0.22037037037037047 0.425 0.22037037037037047
12 0.6125 0.8444444444444447 0.55 0.8444444444444447 0.55 0.9518518518518518 0.6125 0.9518518518518518
11 0.5286458333333334 0.7101851851851853 0.4765625 0.7101851851851851 0.4765625 0.8037037037037038 0.5286458333333334 0.8037037037037039
0 0.4713541666666667 0.7444444444444445 0.42291666666666666 0.7444444444444445 0.42291666666666666 0.8305555555555556 0.4713541666666667 0.8305555555555556
5 0.46822916666666664 0.37592592592592605 0.41770833333333335 0.37592592592592605 0.41770833333333335 0.4666666666666668 0.46822916666666664 0.4666666666666668
5 0.5484375 0.15185185185185196 0.496875 0.15185185185185196 0.496875 0.24444444444444455 0.5484375 0.24444444444444455