13 0.6192708333333333 0.1805555555555557 0.5677083333333334 0.18055555555555566 0.5677083333333334 0.26481481481481495 0.6192708333333333 0.26481481481481495
4 0.36770833333333336 0.6851851851851852 0.32135416666666666 0.6851851851851852 0.32135416666666666 0.7620370370370371 0.36770833333333336 0.7620370370370371
4 0.6104166666666667 0.8305555555555557 0.5635416666666667 0.8305555555555557 0.5635416666666667 0.9092592592592594 0.6104166666666667 0.9092592592592594
0 0.7057291666666666 0.9064814814814817 0.6614583333333334 0.9064814814814817 0.6614583333333334 0.9814814814814815 0.7057291666666666 0.9814814814814815
2 0.5546875 0.5601851851851853 0.515625 0.5601851851851853 0.515625 0.6287037037037039 0.5546875 0.6287037037037039
3 0.496875 0.2740740740740742 0.46041666666666664 0.2740740740740742 0.46041666666666664 0.33055555555555566 0.496875 0.33055555555555566
7 0.4640625 0.18148148148148158 0.4203125 0.18148148148148158 0.4203125 0.25185185185185194 0.4640625 0.25185185185185194
3 0.4036458333333333 0.21481481481481493 0.36770833333333336 0.21481481481481493 0.36770833333333336 0.2722222222222223 0.4036458333333333 0.2722222222222223
2 0.4546875 0.49722222222222223 0.4161458333333333 0.49722222222222223 0.4161458333333333 0.5601851851851852 0.4546875 0.5601851851851852
6 0.39114583333333336 0.5314814814814814 0.3458333333333333 0.5314814814814814 0.3458333333333333 0.6046296296296296 0.39114583333333336 0.6046296296296296
2 0.35885416666666664 0.43333333333333346 0.3203125 0.43333333333333346 0.3203125 0.4962962962962963 0.35885416666666664 0.4962962962962963
5 0.4895833333333333 0.043518518518518616 0.44583333333333336 0.04351851851851861 0.44583333333333336 0.11481481481481493 0.4895833333333333 0.11481481481481493
3 0.5911458333333334 0.33055555555555566 0.55625 0.33055555555555566 0.55625 0.3870370370370371 0.5911458333333334 0.3870370370370371
9 0.584375 0.1027777777777779 0.5427083333333333 0.10277777777777788 0.5427083333333333 0.1675925925925927 0.584375 0.1675925925925927
12 0.5416666666666666 0.7009259259259262 0.4864583333333333 0.7009259259259262 0.4864583333333333 0.7925925925925928 0.5416666666666666 0.7925925925925928
7 0.7510416666666667 0.3509259259259261 0.7083333333333334 0.35092592592592603 0.7083333333333334 0.42129629629629645 0.7510416666666667 0.4212962962962965
3 0.7744791666666667 0.4638888888888891 0.7380208333333333 0.4638888888888891 0.7380208333333333 0.5194444444444447 0.7744791666666667 0.5194444444444447
5 0.7640625 0.21851851851851867 0.7208333333333333 0.21851851851851867 0.7208333333333333 0.28796296296296314 0.7640625 0.2879629629629632
3 0.6859375 0.39814814814814825 0.6505208333333333 0.39814814814814825 0.6505208333333333 0.4546296296296297 0.6859375 0.4546296296296297
9 0.678125 0.16388888888888906 0.6427083333333333 0.16388888888888906 0.6427083333333333 0.22037037037037052 0.678125 0.22037037037037052
11 0.5354166666666667 0.06666666666666678 0.4921875 0.06666666666666678 0.4921875 0.1361111111111112 0.5354166666666667 0.1361111111111112
2 0.6526041666666667 0.6157407407407409 0.615625 0.6157407407407409 0.615625 0.6787037037037039 0.6526041666666667 0.6787037037037039
1 0.4546875 0.026851851851851946 0.409375 0.026851851851851943 0.409375 0.08055555555555564 0.4546875 0.08055555555555566
11 0.7213541666666666 0.18611111111111128 0.678125 0.18611111111111128 0.678125 0.25555555555555565 0.7213541666666666 0.25555555555555565
8 0.5588541666666667 0.8287037037037039 0.5229166666666667 0.8287037037037039 0.5229166666666667 0.8898148148148151 0.5588541666666667 0.8898148148148151
2 0.746875 0.6861111111111113 0.7109375 0.6861111111111113 0.7109375 0.7435185185185187 0.746875 0.7435185185185187
6 0.6973958333333333 0.7268518518518521 0.6515625 0.7268518518518521 0.6515625 0.8000000000000002 0.6973958333333333 0.8000000000000002
1 0.8104166666666667 0.2601851851851854 0.7671875 0.2601851851851854 0.7671875 0.3287037037037039 0.8104166666666667 0.3287037037037039
8 0.46822916666666664 0.7620370370370371 0.43072916666666666 0.7620370370370371 0.43072916666666666 0.8240740740740741 0.46822916666666664 0.8240740740740741
10 0.6630208333333333 0.864814814814815 0.6171875 0.864814814814815 0.6171875 0.9416666666666669 0.6630208333333333 0.9416666666666669
10 0.41875 0.712037037037037 0.37083333333333335 0.712037037037037 0.37083333333333335 0.8 0.41875 0.8
0 0.3223958333333333 0.6481481481481481 0.27708333333333335 0.6481481481481481 0.27708333333333335 0.7277777777777777 0.3223958333333333 0.7277777777777777