2 0.4984375 0.4898148148148149 0.4666666666666667 0.4898148148148148 0.4666666666666667 0.5444444444444445 0.4984375 0.5444444444444446
3 0.5036458333333333 0.2425925925925927 0.47291666666666665 0.2425925925925927 0.47291666666666665 0.29444444444444456 0.5036458333333333 0.29444444444444456
2 0.3963541666666667 0.475 0.3645833333333333 0.475 0.3645833333333333 0.5296296296296297 0.3963541666666667 0.5296296296296297
3 0.6005208333333333 0.25092592592592605 0.5692708333333333 0.25092592592592605 0.5692708333333333 0.30277777777777787 0.6005208333333333 0.30277777777777787
0 0.29583333333333334 0.7157407407407408 0.25625000000000003 0.7157407407407408 0.25625000000000003 0.7851851851851852 0.29583333333333334 0.7851851851851852
3 0.40520833333333334 0.2453703703703705 0.37447916666666664 0.2453703703703705 0.37447916666666664 0.29722222222222233 0.40520833333333334 0.29722222222222233
5 0.6557291666666667 0.039814814814814956 0.6161458333333333 0.03981481481481495 0.6161458333333333 0.10833333333333346 0.6557291666666667 0.10833333333333346
7 0.6546875 0.18518518518518534 0.615625 0.18518518518518534 0.615625 0.25092592592592605 0.6546875 0.25092592592592605
2 0.2953125 0.4740740740740741 0.26354166666666673 0.4740740740740741 0.26354166666666673 0.5277777777777778 0.2953125 0.5277777777777778
7 0.35885416666666664 0.15833333333333338 0.32135416666666666 0.15833333333333338 0.32135416666666666 0.22129629629629635 0.35885416666666664 0.22129629629629635
3 0.6984375 0.25740740740740753 0.6666666666666666 0.25740740740740753 0.6666666666666666 0.30925925925925934 0.6984375 0.30925925925925934
2 0.6979166666666666 0.4962962962962965 0.665625 0.4962962962962965 0.665625 0.5500000000000002 0.6979166666666666 0.5500000000000002
9 0.45677083333333335 0.0287037037037038 0.42552083333333335 0.028703703703703797 0.42552083333333335 0.07685185185185196 0.45677083333333335 0.07685185185185196
3 0.30885416666666665 0.24722222222222232 0.2791666666666667 0.24722222222222232 0.2791666666666667 0.2981481481481483 0.30885416666666665 0.2981481481481483
9 0.5546875 0.039814814814814935 0.5244791666666667 0.039814814814814935 0.5244791666666667 0.08796296296296308 0.5546875 0.08796296296296309
5 0.37447916666666664 0.02407407407407415 0.33697916666666666 0.024074074074074147 0.33697916666666666 0.0861111111111112 0.37447916666666664 0.0861111111111112
11 0.4171875 0.019444444444444535 0.37916666666666665 0.01944444444444453 0.37916666666666665 0.08148148148148156 0.4171875 0.08148148148148156
13 0.5213541666666667 0.08333333333333344 0.4739583333333333 0.08333333333333344 0.4739583333333333 0.1611111111111112 0.5213541666666667 0.1611111111111112
12 0.4953125 0.6333333333333334 0.446875 0.6333333333333333 0.446875 0.7175925925925927 0.4953125 0.7175925925925928
2 0.5958333333333333 0.48981481481481504 0.5651041666666666 0.48981481481481504 0.5651041666666666 0.5444444444444446 0.5958333333333333 0.5444444444444446
6 0.6567708333333333 0.5666666666666669 0.6171875 0.5666666666666669 0.6171875 0.6333333333333335 0.6567708333333333 0.6333333333333335
8 0.5385416666666667 0.7333333333333335 0.5052083333333334 0.7333333333333335 0.5052083333333334 0.7898148148148151 0.5385416666666667 0.7898148148148151
6 0.340625 0.55 0.30104166666666665 0.55 0.30104166666666665 0.6194444444444445 0.340625 0.6194444444444445
4 0.65 0.7296296296296299 0.609375 0.7296296296296299 0.609375 0.8000000000000002 0.65 0.8000000000000002
1 0.32395833333333335 0.032407407407407475 0.28541666666666665 0.032407407407407475 0.28541666666666665 0.09537037037037044 0.32395833333333335 0.09537037037037045
11 0.6078125 0.027777777777777905 0.5697916666666667 0.0277777777777779 0.5697916666666667 0.09722222222222235 0.6078125 0.09722222222222235
1 0.696875 0.03148148148148163 0.6583333333333333 0.031481481481481624 0.6583333333333333 0.10092592592592607 0.696875 0.10092592592592609
10 0.34427083333333336 0.7037037037037037 0.30625 0.7037037037037037 0.30625 0.7777777777777778 0.34427083333333336 0.7777777777777778
4 0.3984375 0.7037037037037037 0.35833333333333334 0.7037037037037037 0.35833333333333334 0.7814814814814814 0.3984375 0.7814814814814814
8 0.43854166666666666 0.7324074074074074 0.4046875 0.7324074074074074 0.4046875 0.7972222222222223 0.43854166666666666 0.7972222222222223
10 0.5984375 0.7212962962962965 0.5572916666666666 0.7212962962962965 0.5572916666666666 0.801851851851852 0.5984375 0.801851851851852
0 0.6984375 0.7203703703703705 0.6552083333333333 0.7203703703703705 0.6552083333333333 0.8009259259259262 0.6984375 0.8009259259259262