7 0.53125 0.6259259259259261 0.4921875 0.6259259259259261 0.4921875 0.6990740740740743 0.53125 0.6990740740740743
11 0.4276041666666667 0.6416666666666667 0.38958333333333334 0.6416666666666667 0.38958333333333334 0.7138888888888889 0.4276041666666667 0.7138888888888889
4 0.346875 0.19722222222222227 0.31145833333333334 0.19722222222222227 0.31145833333333334 0.263888888888889 0.346875 0.263888888888889
13 0.49114583333333334 0.7083333333333335 0.44375 0.7083333333333334 0.44375 0.7990740740740742 0.49114583333333334 0.7990740740740743
10 0.4479166666666667 0.2500000000000001 0.4109375 0.2500000000000001 0.4109375 0.31944444444444453 0.4479166666666667 0.31944444444444453
7 0.3302083333333333 0.6592592592592592 0.2921875 0.6592592592592592 0.2921875 0.7314814814814815 0.3302083333333333 0.7314814814814815
3 0.36822916666666666 0.5814814814814815 0.33697916666666666 0.5814814814814815 0.33697916666666666 0.6388888888888888 0.36822916666666666 0.6388888888888888
10 0.4 0.25462962962962976 0.3640625 0.25462962962962976 0.3640625 0.3250000000000001 0.4 0.3250000000000001
3 0.4703125 0.5657407407407408 0.4395833333333333 0.5657407407407408 0.4395833333333333 0.6231481481481481 0.4703125 0.6231481481481481
3 0.421875 0.5648148148148148 0.390625 0.5648148148148148 0.390625 0.6231481481481481 0.421875 0.6231481481481481
6 0.4942708333333333 0.2425925925925927 0.4583333333333333 0.2425925925925927 0.4583333333333333 0.3111111111111112 0.4942708333333333 0.3111111111111112
2 0.49947916666666664 0.32037037037037047 0.471875 0.32037037037037047 0.471875 0.37407407407407417 0.49947916666666664 0.37407407407407417
3 0.521875 0.5537037037037039 0.49166666666666664 0.5537037037037039 0.49166666666666664 0.6111111111111113 0.521875 0.6111111111111113
8 0.4864583333333333 0.1750000000000001 0.4583333333333333 0.1750000000000001 0.4583333333333333 0.2287037037037038 0.4864583333333333 0.2287037037037038
6 0.35104166666666664 0.2703703703703705 0.3145833333333333 0.2703703703703705 0.3145833333333333 0.33703703703703713 0.35104166666666664 0.33703703703703713
2 0.44895833333333335 0.33240740740740754 0.4192708333333333 0.33240740740740754 0.4192708333333333 0.3870370370370371 0.44895833333333335 0.3870370370370371
12 0.45 0.17037037037037048 0.40520833333333334 0.17037037037037048 0.40520833333333334 0.25185185185185194 0.45 0.25185185185185194
2 0.39739583333333334 0.33703703703703713 0.3692708333333333 0.33703703703703713 0.3692708333333333 0.39074074074074083 0.39739583333333334 0.39074074074074083
1 0.48020833333333335 0.6333333333333333 0.44114583333333335 0.6333333333333333 0.44114583333333335 0.7074074074074074 0.48020833333333335 0.7074074074074074
2 0.5489583333333333 0.31481481481481494 0.5197916666666667 0.31481481481481494 0.5197916666666667 0.3694444444444446 0.5489583333333333 0.3694444444444446
9 0.5354166666666667 0.7157407407407409 0.5036458333333333 0.7157407407407409 0.5036458333333333 0.7740740740740742 0.5354166666666667 0.7740740740740742
8 0.39427083333333335 0.19722222222222233 0.36614583333333334 0.19722222222222233 0.36614583333333334 0.24907407407407417 0.39427083333333335 0.24907407407407417
3 0.5708333333333333 0.5425925925925928 0.5401041666666667 0.5425925925925928 0.5401041666666667 0.6000000000000002 0.5708333333333333 0.6000000000000002
2 0.3515625 0.3490740740740742 0.3234375 0.3490740740740742 0.3234375 0.4037037037037038 0.3515625 0.4037037037037038
0 0.540625 0.2324074074074075 0.5046875 0.2324074074074075 0.5046875 0.30092592592592604 0.540625 0.30092592592592604
5 0.5921875 0.6935185185185188 0.553125 0.6935185185185188 0.553125 0.7675925925925928 0.5921875 0.7675925925925928
5 0.33697916666666666 0.7425925925925926 0.29791666666666666 0.7425925925925926 0.29791666666666666 0.8166666666666667 0.33697916666666666 0.8166666666666667
9 0.43125 0.7296296296296296 0.4005208333333333 0.7296296296296296 0.4005208333333333 0.787962962962963 0.43125 0.787962962962963
4 0.5359375 0.1601851851851853 0.5 0.1601851851851853 0.5 0.22685185185185194 0.5359375 0.22685185185185194
0 0.3015625 0.21018518518518522 0.26458333333333334 0.21018518518518522 0.26458333333333334 0.2777777777777779 0.3015625 0.2777777777777779
1 0.38177083333333334 0.6462962962962963 0.34375 0.6462962962962963 0.34375 0.7212962962962963 0.38177083333333334 0.7212962962962963
11 0.3880208333333333 0.7314814814814815 0.34739583333333335 0.7314814814814815 0.34739583333333335 0.8092592592592592 0.3880208333333333 0.8092592592592592