10 0.6791666666666667 0.7805555555555558 0.6447916666666667 0.7805555555555558 0.6447916666666667 0.839814814814815 0.6791666666666667 0.839814814814815
7 0.6416666666666667 0.25462962962962976 0.6098958333333333 0.25462962962962976 0.6098958333333333 0.30925925925925934 0.6416666666666667 0.30925925925925934
7 0.35833333333333334 0.32037037037037047 0.3260416666666667 0.32037037037037047 0.3260416666666667 0.37592592592592605 0.35833333333333334 0.37592592592592605
11 0.5802083333333333 0.11481481481481495 0.5489583333333333 0.11481481481481495 0.5489583333333333 0.17037037037037048 0.5802083333333333 0.17037037037037048
10 0.42447916666666674 0.8342592592592593 0.39114583333333336 0.8342592592592593 0.3911458333333334 0.8944444444444445 0.4244791666666668 0.8944444444444445
0 0.7260416666666667 0.7564814814814816 0.6921875 0.7564814814814816 0.6921875 0.814814814814815 0.7260416666666667 0.814814814814815
4 0.6244791666666667 0.7981481481481484 0.590625 0.7981481481481484 0.590625 0.8583333333333335 0.6244791666666667 0.8583333333333335
11 0.3963541666666667 0.1601851851851853 0.365625 0.1601851851851853 0.365625 0.213888888888889 0.3963541666666667 0.213888888888889
13 0.49322916666666666 0.19537037037037047 0.4546875 0.19537037037037047 0.4546875 0.263888888888889 0.49322916666666666 0.263888888888889
2 0.4088541666666667 0.6037037037037037 0.38333333333333336 0.6037037037037037 0.38333333333333336 0.6518518518518519 0.4088541666666667 0.6518518518518519
3 0.5911458333333334 0.338888888888889 0.5651041666666666 0.338888888888889 0.5651041666666666 0.38425925925925936 0.5911458333333334 0.38425925925925936
0 0.32812500000000006 0.8425925925925926 0.2942708333333333 0.8425925925925926 0.29427083333333337 0.9027777777777778 0.3281250000000001 0.9027777777777778
4 0.37343750000000003 0.8407407407407408 0.340625 0.8407407407407408 0.34062500000000007 0.899074074074074 0.37343750000000014 0.899074074074074
1 0.30833333333333335 0.17407407407407413 0.27708333333333335 0.17407407407407413 0.27708333333333335 0.22777777777777783 0.30833333333333335 0.22777777777777783
5 0.3484375 0.16759259259259265 0.3182291666666667 0.16759259259259265 0.3182291666666667 0.22129629629629635 0.3484375 0.22129629629629635
3 0.3932291666666667 0.37592592592592605 0.36770833333333336 0.37592592592592605 0.36770833333333336 0.4212962962962964 0.3932291666666667 0.4212962962962964
3 0.49322916666666666 0.35462962962962974 0.4671875 0.35462962962962974 0.4671875 0.4000000000000001 0.49322916666666666 0.4000000000000001
2 0.6083333333333333 0.5722222222222224 0.5822916666666667 0.5722222222222224 0.5822916666666667 0.6194444444444447 0.6083333333333333 0.6194444444444447
6 0.6651041666666667 0.6231481481481483 0.6328125 0.6231481481481483 0.6328125 0.6814814814814817 0.6651041666666667 0.6814814814814817
3 0.30572916666666666 0.3953703703703705 0.28072916666666664 0.3953703703703705 0.28072916666666664 0.4407407407407408 0.30572916666666666 0.4407407407407408
2 0.5072916666666667 0.588888888888889 0.48072916666666665 0.5888888888888889 0.48072916666666665 0.6361111111111112 0.5072916666666667 0.6361111111111113
3 0.6869791666666667 0.31203703703703717 0.6614583333333334 0.31203703703703717 0.6614583333333334 0.3574074074074075 0.6869791666666667 0.3574074074074075
1 0.6708333333333333 0.1092592592592594 0.6395833333333333 0.10925925925925939 0.6395833333333333 0.16296296296296311 0.6708333333333333 0.16296296296296311
12 0.5302083333333333 0.7296296296296299 0.48854166666666665 0.7296296296296299 0.48854166666666665 0.8046296296296298 0.5302083333333333 0.8046296296296298
9 0.43802083333333336 0.14814814814814825 0.41302083333333334 0.14814814814814825 0.41302083333333334 0.19074074074074085 0.43802083333333336 0.19074074074074085
9 0.5276041666666667 0.1361111111111112 0.5020833333333333 0.1361111111111112 0.5020833333333333 0.1777777777777779 0.5276041666666667 0.1777777777777779
8 0.5713541666666667 0.8064814814814817 0.5447916666666667 0.8064814814814817 0.5447916666666667 0.8546296296296299 0.5713541666666667 0.8546296296296299
2 0.31614583333333335 0.625 0.290625 0.625 0.290625 0.6694444444444444 0.31614583333333335 0.6694444444444444
2 0.7005208333333334 0.540740740740741 0.6744791666666666 0.540740740740741 0.6744791666666666 0.5870370370370372 0.7005208333333334 0.5870370370370372
5 0.6244791666666667 0.10925925925925939 0.59375 0.10925925925925939 0.59375 0.16481481481481494 0.6244791666666667 0.16481481481481497
8 0.46718750000000003 0.8277777777777777 0.440625 0.8277777777777777 0.44062500000000004 0.8759259259259259 0.46718750000000014 0.8759259259259259
6 0.3651041666666667 0.6888888888888889 0.33177083333333335 0.6888888888888889 0.33177083333333335 0.7472222222222222 0.3651041666666667 0.7472222222222222