11 0.5265625000000002 0.8611111111111113 0.4838541666666668 0.8611111111111113 0.4838541666666668 0.9287037037037039 0.5265625000000002 0.9287037037037039
3 0.5786458333333333 0.4824074074074076 0.5427083333333333 0.4824074074074076 0.5427083333333333 0.5379629629629632 0.5786458333333333 0.5379629629629632
2 0.278125 0.6444444444444445 0.24062500000000006 0.6444444444444445 0.24062500000000006 0.700925925925926 0.278125 0.700925925925926
13 0.5791666666666667 0.6861111111111113 0.5270833333333333 0.6861111111111113 0.5270833333333333 0.7694444444444447 0.5791666666666667 0.7694444444444447
3 0.43802083333333336 0.7027777777777777 0.40208333333333335 0.7027777777777777 0.40208333333333335 0.7592592592592593 0.43802083333333336 0.7592592592592593
7 0.4317708333333334 0.812962962962963 0.38958333333333334 0.812962962962963 0.3895833333333334 0.8824074074074074 0.43177083333333344 0.8824074074074074
2 0.4171875 0.40833333333333344 0.3796875 0.40833333333333344 0.3796875 0.46574074074074084 0.4171875 0.46574074074074084
6 0.5072916666666667 0.17037037037037048 0.4630208333333333 0.17037037037037048 0.4630208333333333 0.24166666666666678 0.5072916666666667 0.24166666666666678
6 0.28020833333333334 0.5259259259259259 0.23645833333333338 0.5259259259259259 0.23645833333333338 0.5990740740740741 0.28020833333333334 0.5990740740740741
2 0.3484375 0.5342592592592592 0.3109375 0.5342592592592592 0.3109375 0.5925925925925926 0.3484375 0.5925925925925926
8 0.2916666666666667 0.2842592592592594 0.2552083333333333 0.2842592592592594 0.2552083333333333 0.3435185185185186 0.2916666666666667 0.3435185185185186
7 0.6395833333333333 0.4648148148148149 0.5963541666666666 0.4648148148148149 0.5963541666666666 0.5342592592592594 0.6395833333333333 0.5342592592592594
8 0.3625 0.1805555555555556 0.3265625 0.1805555555555556 0.3265625 0.23796296296296307 0.3625 0.23796296296296307
2 0.49322916666666666 0.2962962962962964 0.45677083333333335 0.2962962962962964 0.45677083333333335 0.3537037037037038 0.49322916666666666 0.3537037037037038
12 0.3640625 0.28518518518518526 0.3104166666666667 0.28518518518518526 0.3104166666666667 0.37407407407407417 0.3640625 0.37407407407407417
3 0.3682291666666667 0.8092592592592592 0.3328125 0.8092592592592592 0.33281250000000007 0.8638888888888889 0.3682291666666668 0.8638888888888889
5 0.6932291666666667 0.577777777777778 0.6520833333333333 0.577777777777778 0.6520833333333333 0.6462962962962965 0.6932291666666667 0.6462962962962965
3 0.5098958333333333 0.5925925925925927 0.475 0.5925925925925926 0.475 0.6490740740740741 0.5098958333333333 0.6490740740740742
9 0.6223958333333334 0.6981481481481484 0.5869791666666667 0.6981481481481484 0.5869791666666667 0.7537037037037039 0.6223958333333334 0.7537037037037039
4 0.44479166666666664 0.05277777777777787 0.4005208333333333 0.05277777777777787 0.4005208333333333 0.1250000000000001 0.44479166666666664 0.1250000000000001
5 0.4953125000000001 0.9037037037037038 0.44947916666666676 0.9037037037037037 0.44947916666666676 0.9777777777777777 0.4953125000000001 0.9777777777777777
0 0.19322916666666673 0.44814814814814813 0.14947916666666672 0.44814814814814813 0.14947916666666672 0.5185185185185185 0.19322916666666673 0.5185185185185185
9 0.5557291666666667 0.8175925925925928 0.5192708333333333 0.8175925925925928 0.5192708333333333 0.8731481481481483 0.5557291666666667 0.8731481481481483
1 0.4541666666666668 0.9555555555555556 0.4135416666666668 0.9555555555555556 0.4135416666666668 0.9805555555555555 0.4541666666666668 0.9805555555555555
11 0.6630208333333333 0.6351851851851854 0.6192708333333333 0.6351851851851854 0.6192708333333333 0.7111111111111114 0.6630208333333333 0.7111111111111114
1 0.7255208333333333 0.5333333333333335 0.684375 0.5333333333333335 0.684375 0.6055555555555557 0.7255208333333333 0.6055555555555557
10 0.23281250000000003 0.40185185185185185 0.19010416666666666 0.40185185185185185 0.19010416666666669 0.4777777777777778 0.23281250000000006 0.4777777777777778
10 0.4083333333333333 0.10648148148148157 0.3614583333333333 0.10648148148148157 0.3614583333333333 0.18981481481481488 0.4083333333333333 0.1898148148148149
4 0.2703125 0.3462962962962963 0.2265625 0.34629629629629627 0.2265625 0.41851851851851857 0.2703125 0.4185185185185186
0 0.48125 0.003703703703703804 0.43697916666666664 0.0037037037037037993 0.43697916666666664 0.08240740740740751 0.48125 0.08240740740740751
2 0.5630208333333333 0.18518518518518529 0.5265625 0.18518518518518529 0.5265625 0.24444444444444455 0.5630208333333333 0.24444444444444455
3 0.6463541666666667 0.3712962962962964 0.6135416666666667 0.3712962962962964 0.6135416666666667 0.4324074074074075 0.6463541666666667 0.4324074074074075