0 0.5125 0.5351851851851853 0.4708333333333333 0.5351851851851852 0.4708333333333333 0.6055555555555556 0.5125 0.6055555555555557
7 0.640625 0.36574074074074087 0.6 0.36574074074074087 0.6 0.4351851851851853 0.640625 0.4351851851851853
5 0.5026041666666666 0.36851851851851863 0.45989583333333334 0.36851851851851863 0.45989583333333334 0.438888888888889 0.5026041666666666 0.438888888888889
7 0.5088541666666668 0.8814814814814815 0.46718750000000014 0.8814814814814815 0.46718750000000014 0.950925925925926 0.5088541666666668 0.950925925925926
6 0.37604166666666666 0.3787037037037038 0.3333333333333333 0.3787037037037038 0.3333333333333333 0.44722222222222235 0.37604166666666666 0.44722222222222235
1 0.5489583333333333 0.24907407407407417 0.5072916666666667 0.24907407407407417 0.5072916666666667 0.31666666666666676 0.5489583333333333 0.31666666666666676
12 0.5619791666666667 0.6462962962962965 0.5104166666666666 0.6462962962962965 0.5104166666666666 0.7296296296296299 0.5619791666666667 0.7296296296296299
1 0.28854166666666664 0.2962962962962964 0.24791666666666667 0.2962962962962964 0.24791666666666667 0.36203703703703716 0.28854166666666664 0.36203703703703716
6 0.42968750000000006 0.8333333333333334 0.3885416666666667 0.8333333333333334 0.38854166666666673 0.9 0.4296875000000001 0.9
4 0.6453125 0.5990740740740743 0.6026041666666667 0.5990740740740743 0.6026041666666667 0.6685185185185187 0.6453125 0.6685185185185187
3 0.31354166666666666 0.45555555555555566 0.2796875 0.45555555555555566 0.2796875 0.5092592592592593 0.31354166666666666 0.5092592592592593
8 0.6822916666666666 0.2703703703703705 0.6484375 0.2703703703703705 0.6484375 0.32314814814814824 0.6822916666666666 0.32314814814814824
2 0.6276041666666666 0.17500000000000013 0.5942708333333333 0.1750000000000001 0.5942708333333333 0.2277777777777779 0.6276041666666666 0.22777777777777794
8 0.5078125 0.1675925925925927 0.475 0.1675925925925927 0.475 0.2212962962962964 0.5078125 0.2212962962962964
2 0.6395833333333333 0.8203703703703705 0.60625 0.8203703703703705 0.60625 0.8750000000000002 0.6395833333333333 0.8750000000000002
9 0.4765625 0.7148148148148148 0.44166666666666665 0.7148148148148148 0.44166666666666665 0.7712962962962963 0.4765625 0.7712962962962963
3 0.5932291666666667 0.5222222222222225 0.559375 0.5222222222222225 0.559375 0.577777777777778 0.5932291666666667 0.577777777777778
5 0.4552083333333333 0.2324074074074075 0.4140625 0.2324074074074075 0.4140625 0.2962962962962964 0.4552083333333333 0.2962962962962964
9 0.37916666666666665 0.75 0.3463541666666667 0.75 0.3463541666666667 0.8064814814814815 0.37916666666666665 0.8064814814814815
11 0.28958333333333336 0.6092592592592593 0.2541666666666667 0.6092592592592593 0.2541666666666667 0.6805555555555556 0.28958333333333336 0.6805555555555556
3 0.453125 0.5861111111111111 0.4192708333333333 0.5861111111111111 0.4192708333333333 0.6425925925925926 0.453125 0.6425925925925926
3 0.3218750000000001 0.8444444444444444 0.2890625 0.8444444444444444 0.28906250000000006 0.9 0.32187500000000013 0.9
10 0.346875 0.25555555555555565 0.30885416666666665 0.25555555555555565 0.30885416666666665 0.32685185185185195 0.346875 0.32685185185185195
2 0.4375 0.31296296296296305 0.40572916666666664 0.31296296296296305 0.40572916666666664 0.37037037037037046 0.4375 0.37037037037037046
10 0.5770833333333333 0.777777777777778 0.5375 0.777777777777778 0.5375 0.8472222222222224 0.5770833333333333 0.8472222222222224
2 0.37083333333333335 0.17407407407407416 0.34270833333333334 0.17407407407407413 0.34270833333333334 0.2250000000000001 0.37083333333333335 0.22500000000000012
0 0.5614583333333333 0.41574074074074086 0.5223958333333333 0.41574074074074086 0.5223958333333333 0.4851851851851854 0.5614583333333333 0.4851851851851854
3 0.44895833333333335 0.45555555555555566 0.41770833333333335 0.45555555555555566 0.41770833333333335 0.5120370370370371 0.44895833333333335 0.5120370370370371
13 0.39114583333333336 0.5722222222222222 0.3458333333333333 0.5722222222222222 0.3458333333333333 0.6555555555555556 0.39114583333333336 0.6555555555555556
2 0.5932291666666667 0.30092592592592604 0.5609375 0.30092592592592604 0.5609375 0.3555555555555557 0.5932291666666667 0.3555555555555557
4 0.6963541666666667 0.4324074074074075 0.6583333333333333 0.4324074074074075 0.6583333333333333 0.49814814814814834 0.6963541666666667 0.49814814814814834
11 0.6963541666666667 0.6824074074074076 0.6541666666666667 0.6824074074074076 0.6541666666666667 0.7555555555555558 0.6963541666666667 0.7555555555555558