11 0.5963541666666666 0.7250000000000002 0.5515625 0.7250000000000002 0.5515625 0.8064814814814817 0.5963541666666666 0.8064814814814817
12 0.4296875 0.24722222222222232 0.3697916666666667 0.24722222222222232 0.3697916666666667 0.3555555555555557 0.4296875 0.3555555555555557
10 0.42291666666666666 0.38240740740740753 0.37395833333333334 0.38240740740740753 0.37395833333333334 0.4712962962962964 0.42291666666666666 0.4712962962962964
6 0.4890625 0.23796296296296307 0.4401041666666667 0.23796296296296307 0.4401041666666667 0.3277777777777779 0.4890625 0.3277777777777779
7 0.6567708333333333 0.46944444444444455 0.6104166666666667 0.46944444444444455 0.6104166666666667 0.551851851851852 0.6567708333333333 0.551851851851852
6 0.39166666666666666 0.4629629629629631 0.34322916666666664 0.4629629629629631 0.34322916666666664 0.5509259259259259 0.39166666666666666 0.5509259259259259
13 0.6625 0.5787037037037039 0.6072916666666667 0.5787037037037039 0.6072916666666667 0.6796296296296298 0.6625 0.6796296296296298
11 0.5927083333333333 0.6138888888888892 0.546875 0.6138888888888892 0.546875 0.6962962962962965 0.5927083333333333 0.6962962962962965
10 0.45729166666666665 0.3111111111111112 0.4078125 0.3111111111111112 0.4078125 0.4000000000000001 0.45729166666666665 0.4000000000000001
1 0.6260416666666667 0.5379629629629632 0.5791666666666667 0.5379629629629632 0.5791666666666667 0.6240740740740743 0.6260416666666667 0.6240740740740743
0 0.5197916666666667 0.16666666666666677 0.4713541666666667 0.16666666666666677 0.4713541666666667 0.2537037037037038 0.5197916666666667 0.2537037037037038
7 0.5322916666666667 0.7537037037037039 0.4859375 0.7537037037037039 0.4859375 0.8370370370370372 0.5322916666666667 0.8370370370370372
4 0.484375 0.113888888888889 0.43645833333333334 0.113888888888889 0.43645833333333334 0.20185185185185195 0.484375 0.20185185185185195
5 0.5661458333333333 0.7935185185185187 0.5197916666666667 0.7935185185185187 0.5197916666666668 0.877777777777778 0.5661458333333333 0.877777777777778
3 0.6510416666666666 0.3592592592592594 0.6135416666666667 0.3592592592592594 0.6135416666666667 0.42777777777777787 0.6510416666666666 0.42777777777777787
3 0.5901041666666667 0.5083333333333335 0.553125 0.5083333333333335 0.553125 0.5759259259259262 0.5901041666666667 0.5759259259259262
4 0.3541666666666667 0.4148148148148149 0.3067708333333333 0.4148148148148149 0.3067708333333333 0.5018518518518519 0.3541666666666667 0.5018518518518519
3 0.5260416666666666 0.6546296296296299 0.4890625 0.6546296296296299 0.4890625 0.7212962962962965 0.5260416666666666 0.7212962962962965
3 0.5578125 0.5722222222222224 0.5208333333333334 0.5722222222222224 0.5208333333333334 0.6398148148148151 0.5578125 0.6398148148148151
2 0.5197916666666667 0.29074074074074086 0.4817708333333333 0.29074074074074086 0.4817708333333333 0.3592592592592594 0.5197916666666667 0.3592592592592594
5 0.7171875 0.43796296296296305 0.6723958333333333 0.43796296296296305 0.6723958333333333 0.5212962962962965 0.7171875 0.5212962962962965
2 0.4864583333333333 0.3694444444444446 0.4484375 0.3694444444444446 0.4484375 0.438888888888889 0.4864583333333333 0.438888888888889
2 0.45 0.44444444444444453 0.4119791666666667 0.44444444444444453 0.4119791666666667 0.5138888888888888 0.45 0.5138888888888888
2 0.5541666666666667 0.2185185185185186 0.5151041666666667 0.2185185185185186 0.5151041666666667 0.2879629629629631 0.5541666666666667 0.2879629629629631
3 0.621875 0.4324074074074075 0.5854166666666667 0.4324074074074075 0.5854166666666667 0.49814814814814834 0.621875 0.49814814814814834
8 0.38645833333333335 0.3435185185185186 0.34791666666666665 0.3435185185185186 0.34791666666666665 0.413888888888889 0.38645833333333335 0.413888888888889
8 0.4484375 0.1925925925925927 0.409375 0.1925925925925927 0.409375 0.26296296296296306 0.4484375 0.26296296296296306
2 0.42135416666666664 0.5194444444444445 0.38333333333333336 0.5194444444444445 0.38333333333333336 0.5879629629629629 0.42135416666666664 0.5879629629629629
1 0.5635416666666667 0.677777777777778 0.5177083333333333 0.677777777777778 0.5177083333333333 0.7620370370370373 0.5635416666666667 0.7620370370370373
0 0.32447916666666665 0.49074074074074076 0.2760416666666667 0.49074074074074076 0.2760416666666667 0.5796296296296296 0.32447916666666665 0.5796296296296296
9 0.6203125 0.6629629629629632 0.5838541666666667 0.6629629629629632 0.5838541666666667 0.7296296296296299 0.6203125 0.7296296296296299
9 0.6833333333333333 0.5212962962962965 0.6463541666666667 0.5212962962962965 0.6463541666666667 0.5888888888888891 0.6833333333333333 0.5888888888888891