7 0.4880208333333334 0.8074074074074075 0.4359375 0.8074074074074075 0.43593750000000003 0.9000000000000001 0.48802083333333346 0.9000000000000002
2 0.6078125 0.5546296296296298 0.565625 0.5546296296296298 0.565625 0.6287037037037039 0.6078125 0.6287037037037039
2 0.4744791666666667 0.22685185185185194 0.4317708333333333 0.22685185185185194 0.4317708333333333 0.301851851851852 0.4744791666666667 0.301851851851852
13 0.3541666666666667 0.6175925925925926 0.2916666666666667 0.6175925925925926 0.2916666666666667 0.7277777777777777 0.3541666666666667 0.7277777777777777
2 0.41354166666666664 0.06296296296296304 0.371875 0.06296296296296304 0.371875 0.13425925925925936 0.41354166666666664 0.13425925925925936
3 0.3 0.21203703703703708 0.25833333333333336 0.21203703703703708 0.25833333333333336 0.2842592592592594 0.3 0.2842592592592594
7 0.2890625 0.3231481481481482 0.23802083333333332 0.32314814814814813 0.23802083333333332 0.4120370370370371 0.2890625 0.41203703703703715
11 0.3755208333333334 0.825 0.3229166666666667 0.825 0.32291666666666674 0.9175925925925926 0.37552083333333347 0.9175925925925926
3 0.41875 0.5425925925925926 0.37604166666666666 0.5425925925925926 0.37604166666666666 0.6157407407407407 0.41875 0.6157407407407407
3 0.3572916666666667 0.37037037037037046 0.3151041666666667 0.37037037037037046 0.3151041666666667 0.4425925925925927 0.3572916666666667 0.4425925925925927
4 0.5994791666666667 0.09351851851851865 0.5479166666666667 0.09351851851851865 0.5479166666666667 0.18333333333333343 0.5994791666666667 0.18333333333333343
3 0.48072916666666665 0.6981481481481482 0.43802083333333336 0.6981481481481482 0.43802083333333336 0.7731481481481481 0.48072916666666665 0.7731481481481481
0 0.7947916666666667 0.565740740740741 0.7421875 0.565740740740741 0.7421875 0.6583333333333335 0.7947916666666667 0.6583333333333335
3 0.5473958333333333 0.864814814814815 0.5046875000000001 0.864814814814815 0.5046875000000001 0.9379629629629632 0.5473958333333333 0.9379629629629632
8 0.6338541666666667 0.16018518518518532 0.5916666666666667 0.1601851851851853 0.5916666666666667 0.23333333333333348 0.6338541666666667 0.2333333333333335
2 0.5453125 0.38796296296296306 0.5026041666666666 0.38796296296296306 0.5026041666666666 0.4601851851851853 0.5453125 0.4601851851851853
8 0.6932291666666667 0.31851851851851865 0.6505208333333333 0.31851851851851865 0.6505208333333333 0.3925925925925927 0.6932291666666667 0.3925925925925927
5 0.22395833333333337 0.42685185185185187 0.1734375 0.42685185185185187 0.17343750000000002 0.5148148148148148 0.2239583333333334 0.5148148148148148
2 0.6744791666666666 0.7231481481481483 0.6322916666666667 0.7231481481481483 0.6322916666666667 0.7953703703703706 0.6744791666666666 0.7953703703703706
10 0.5666666666666667 0.02685185185185197 0.5135416666666667 0.026851851851851963 0.5135416666666667 0.09907407407407419 0.5666666666666667 0.0990740740740742
6 0.4869791666666667 0.07500000000000011 0.43385416666666665 0.07500000000000011 0.43385416666666665 0.17037037037037048 0.4869791666666667 0.17037037037037048
10 0.734375 0.39907407407407425 0.6786458333333333 0.3990740740740742 0.6786458333333333 0.49537037037037057 0.734375 0.49537037037037057
4 0.7661458333333333 0.4861111111111113 0.7135416666666666 0.4861111111111113 0.7135416666666666 0.5805555555555557 0.7661458333333333 0.5805555555555557
6 0.6875 0.5916666666666669 0.634375 0.5916666666666669 0.634375 0.6879629629629632 0.6875 0.6879629629629632
1 0.19739583333333333 0.33425925925925926 0.14739583333333334 0.33425925925925926 0.14739583333333334 0.42314814814814816 0.19739583333333333 0.42314814814814816
11 0.24635416666666674 0.49722222222222223 0.1958333333333334 0.49722222222222223 0.1958333333333334 0.5898148148148148 0.24635416666666674 0.5898148148148148
9 0.26875 0.5814814814814815 0.2270833333333334 0.5814814814814815 0.2270833333333334 0.6546296296296297 0.26875 0.6546296296296297
9 0.33645833333333336 0.7453703703703703 0.2953125 0.7453703703703703 0.2953125 0.8194444444444444 0.33645833333333336 0.8194444444444444
5 0.4088541666666668 0.8981481481481481 0.3546875000000001 0.8981481481481481 0.3546875000000001 0.9944444444444445 0.4088541666666668 0.9944444444444445
1 0.43125000000000013 0.975925925925926 0.3781250000000001 0.975925925925926 0.3781250000000001 1 0.43125000000000013 1
12 0.6307291666666667 0.25925925925925936 0.5619791666666667 0.25925925925925936 0.5619791666666667 0.3814814814814816 0.6307291666666667 0.3814814814814816