3 0.5182291666666666 0.638888888888889 0.4828125 0.6388888888888888 0.4828125 0.7009259259259261 0.5182291666666666 0.7009259259259262
2 0.4015625 0.4166666666666668 0.36666666666666664 0.4166666666666668 0.36666666666666664 0.475 0.4015625 0.475
8 0.525 0.16203703703703715 0.49166666666666664 0.16203703703703715 0.49166666666666664 0.2175925925925927 0.525 0.2175925925925927
3 0.6166666666666667 0.6157407407407409 0.58125 0.6157407407407409 0.58125 0.676851851851852 0.6166666666666667 0.676851851851852
3 0.7161458333333334 0.5953703703703705 0.68125 0.5953703703703705 0.68125 0.6555555555555558 0.7161458333333334 0.6555555555555558
3 0.4140625 0.6537037037037037 0.37916666666666665 0.6537037037037037 0.37916666666666665 0.7129629629629629 0.4140625 0.7129629629629629
2 0.303125 0.43333333333333346 0.26979166666666665 0.43333333333333346 0.26979166666666665 0.49074074074074076 0.303125 0.49074074074074076
12 0.4895833333333333 0.22962962962962974 0.43854166666666666 0.22962962962962974 0.43854166666666666 0.31666666666666676 0.4895833333333333 0.31666666666666676
7 0.6770833333333334 0.6611111111111113 0.6338541666666667 0.6611111111111113 0.6338541666666667 0.7370370370370373 0.6770833333333334 0.7370370370370373
2 0.4979166666666667 0.38611111111111124 0.4635416666666667 0.38611111111111124 0.4635416666666667 0.44537037037037047 0.4979166666666667 0.44537037037037047
7 0.3703125 0.7361111111111112 0.3260416666666667 0.7361111111111112 0.3260416666666667 0.812962962962963 0.3703125 0.812962962962963
2 0.5973958333333333 0.37037037037037046 0.5625 0.37037037037037046 0.5625 0.4287037037037038 0.5973958333333333 0.4287037037037038
2 0.696875 0.35092592592592603 0.6619791666666667 0.35092592592592603 0.6619791666666667 0.40833333333333344 0.696875 0.40833333333333344
4 0.6296875 0.1379629629629631 0.5885416666666666 0.13796296296296306 0.5885416666666666 0.20648148148148163 0.6296875 0.20648148148148163
13 0.5395833333333333 0.7824074074074077 0.4875 0.7824074074074077 0.48750000000000004 0.8740740740740743 0.5395833333333333 0.8740740740740743
3 0.315625 0.6648148148148149 0.28125 0.6648148148148149 0.28125 0.7240740740740741 0.315625 0.7240740740740741
6 0.34739583333333335 0.3398148148148149 0.30520833333333336 0.3398148148148149 0.30520833333333336 0.41203703703703715 0.34739583333333335 0.41203703703703715
8 0.4322916666666667 0.1740740740740742 0.39947916666666666 0.1740740740740742 0.39947916666666666 0.2287037037037038 0.4322916666666667 0.2287037037037038
5 0.6895833333333333 0.8250000000000002 0.6453125 0.8250000000000002 0.6453125 0.9046296296296299 0.6895833333333333 0.9046296296296299
6 0.6489583333333333 0.27962962962962973 0.6078125 0.27962962962962973 0.6078125 0.35185185185185197 0.6489583333333333 0.35185185185185197
1 0.3312500000000001 0.8916666666666667 0.28802083333333345 0.8916666666666667 0.28802083333333345 0.9685185185185186 0.3312500000000001 0.9685185185185186
4 0.3984375 0.19537037037037044 0.35625 0.19537037037037042 0.35625 0.26574074074074083 0.3984375 0.26574074074074083
9 0.5817708333333333 0.8611111111111113 0.546875 0.8611111111111113 0.546875 0.9212962962962965 0.5817708333333333 0.9212962962962965
5 0.38697916666666676 0.8907407407407407 0.3447916666666668 0.8907407407407407 0.3447916666666668 0.9703703703703703 0.38697916666666676 0.9703703703703703
0 0.6760416666666667 0.12870370370370385 0.6338541666666667 0.12870370370370385 0.6338541666666667 0.20370370370370386 0.6760416666666667 0.20370370370370386
10 0.5828125 0.138888888888889 0.5375 0.138888888888889 0.5375 0.2175925925925927 0.5828125 0.2175925925925927
0 0.30052083333333335 0.20000000000000004 0.259375 0.20000000000000004 0.259375 0.275925925925926 0.30052083333333335 0.275925925925926
1 0.7364583333333333 0.8268518518518521 0.6864583333333333 0.8268518518518521 0.6864583333333333 0.9111111111111113 0.7364583333333333 0.9111111111111113
11 0.6385416666666667 0.8453703703703705 0.5942708333333333 0.8453703703703705 0.5942708333333333 0.9212962962962965 0.6385416666666667 0.9212962962962965
9 0.47708333333333347 0.8888888888888888 0.44166666666666676 0.8888888888888888 0.44166666666666676 0.95 0.47708333333333347 0.95
11 0.4348958333333334 0.8842592592592593 0.38489583333333344 0.8842592592592593 0.38489583333333344 0.9694444444444444 0.4348958333333334 0.9694444444444444
10 0.34791666666666665 0.20000000000000004 0.30833333333333335 0.20000000000000004 0.30833333333333335 0.2712962962962964 0.34791666666666665 0.2712962962962964