7 0.5458333333333333 0.2787037037037038 0.49166666666666664 0.2787037037037038 0.49166666666666664 0.37314814814814823 0.5458333333333333 0.37314814814814823
4 0.43437500000000007 0.7907407407407407 0.38125 0.7907407407407407 0.38125000000000003 0.8833333333333333 0.4343750000000001 0.8833333333333333
6 0.3484375 0.7101851851851851 0.2947916666666667 0.7101851851851851 0.2947916666666667 0.8027777777777778 0.3484375 0.8027777777777778
2 0.496875 0.05740740740740751 0.4552083333333333 0.05740740740740751 0.4552083333333333 0.12870370370370382 0.496875 0.12870370370370382
0 0.39947916666666666 0.5546296296296296 0.3463541666666667 0.5546296296296296 0.3463541666666667 0.6481481481481481 0.39947916666666666 0.6481481481481481
9 0.5984375 0.13425925925925936 0.5567708333333333 0.13425925925925936 0.5567708333333333 0.20555555555555566 0.5984375 0.20555555555555566
0 0.41770833333333335 0.6694444444444444 0.3640625 0.6694444444444444 0.3640625 0.762962962962963 0.41770833333333335 0.762962962962963
2 0.7088541666666667 0.15000000000000016 0.6682291666666667 0.15000000000000016 0.6682291666666667 0.22129629629629646 0.7088541666666667 0.22129629629629646
7 0.5489583333333333 0.08518518518518531 0.4979166666666667 0.0851851851851853 0.4979166666666667 0.1740740740740742 0.5489583333333333 0.1740740740740742
2 0.5223958333333333 1.0936776275718724e-16 0.4822916666666667 1.0500212370467122e-16 0.4822916666666667 0.04722222222222233 0.5223958333333333 0.04722222222222234
5 0.5796875 0.014814814814814933 0.5276041666666667 0.014814814814814926 0.5276041666666667 0.10462962962962975 0.5796875 0.10462962962962977
3 0.5244791666666668 0.8731481481481482 0.4822916666666668 0.8731481481481481 0.4822916666666668 0.9462962962962964 0.5244791666666668 0.9462962962962965
3 0.29010416666666666 0.674074074074074 0.24791666666666673 0.674074074074074 0.24791666666666673 0.7481481481481481 0.29010416666666666 0.7481481481481481
11 0.6197916666666666 0.056481481481481605 0.56875 0.0564814814814816 0.56875 0.14351851851851866 0.6197916666666666 0.14351851851851868
3 0.3171875 0.5944444444444444 0.2734375 0.5944444444444444 0.2734375 0.6694444444444444 0.3171875 0.6694444444444444
3 0.50625 0.763888888888889 0.4630208333333333 0.7638888888888888 0.4630208333333333 0.837962962962963 0.50625 0.8379629629629631
2 0.684375 0.2194444444444446 0.6427083333333333 0.2194444444444446 0.6427083333333333 0.2925925925925927 0.684375 0.2925925925925927
6 0.46822916666666664 0.5194444444444445 0.41458333333333336 0.5194444444444445 0.41458333333333336 0.6129629629629629 0.46822916666666664 0.6129629629629629
8 0.48333333333333334 0.65 0.440625 0.65 0.440625 0.725925925925926 0.48333333333333334 0.725925925925926
2 0.7526041666666666 0.18888888888888905 0.7114583333333333 0.18888888888888905 0.7114583333333333 0.2592592592592594 0.7526041666666666 0.25925925925925947
4 0.44375 0.5953703703703703 0.390625 0.5953703703703703 0.390625 0.687037037037037 0.44375 0.687037037037037
1 0.6177083333333333 0.2425925925925927 0.565625 0.2425925925925927 0.565625 0.33240740740740754 0.6177083333333333 0.33240740740740754
10 0.3921875 0.7527777777777778 0.3385416666666667 0.7527777777777778 0.3385416666666667 0.8453703703703703 0.3921875 0.8453703703703703
11 0.571875 0.2000000000000001 0.5182291666666666 0.2000000000000001 0.5182291666666666 0.2935185185185186 0.571875 0.2935185185185186
13 0.6489583333333333 0.16111111111111123 0.584375 0.1611111111111112 0.584375 0.27314814814814825 0.6489583333333333 0.27314814814814825
10 0.4630208333333333 0.7092592592592593 0.40520833333333334 0.7092592592592593 0.40520833333333334 0.8138888888888889 0.4630208333333333 0.8138888888888889
5 0.53125 0.15092592592592602 0.47708333333333336 0.15092592592592602 0.47708333333333336 0.2500000000000001 0.53125 0.2500000000000001
3 0.48385416666666675 0.8407407407407409 0.43854166666666666 0.8407407407407408 0.4385416666666667 0.9212962962962964 0.4838541666666668 0.9212962962962965
1 0.6661458333333333 0.0944444444444446 0.6130208333333333 0.09444444444444458 0.6130208333333333 0.18981481481481496 0.6661458333333333 0.18981481481481496
12 0.37552083333333336 0.6129629629629629 0.309375 0.6129629629629629 0.309375 0.7296296296296296 0.37552083333333336 0.7296296296296296