0 0.5567708333333333 1.1685171541864328e-16 0.5166666666666667 1.1248607636612727e-16 0.5166666666666667 0.06018518518518531 0.5567708333333333 0.060185185185185314
3 0.390625 0.4490740740740742 0.35572916666666665 0.4490740740740742 0.35572916666666665 0.5101851851851852 0.390625 0.5101851851851852
10 0.5463541666666667 0.16203703703703715 0.5046875 0.16203703703703715 0.5046875 0.23425925925925936 0.5463541666666667 0.23425925925925936
4 0.571875 0.06018518518518531 0.5296875 0.06018518518518529 0.5296875 0.13333333333333344 0.571875 0.13333333333333344
7 0.35104166666666664 0.46944444444444455 0.3078125 0.46944444444444455 0.3078125 0.5462962962962963 0.35104166666666664 0.5462962962962963
12 0.60625 0.20833333333333345 0.5541666666666667 0.20833333333333343 0.5541666666666667 0.3000000000000001 0.60625 0.3000000000000001
11 0.32916666666666666 0.30462962962962975 0.2864583333333333 0.30462962962962975 0.2864583333333333 0.3814814814814816 0.32916666666666666 0.3814814814814816
0 0.5859375 0.3916666666666668 0.5416666666666666 0.3916666666666668 0.5416666666666666 0.46944444444444455 0.5859375 0.46944444444444455
3 0.35572916666666665 0.2055555555555556 0.3203125 0.2055555555555556 0.3203125 0.26481481481481495 0.35572916666666665 0.26481481481481495
5 0.321875 0.587037037037037 0.278125 0.587037037037037 0.278125 0.6657407407407407 0.321875 0.6657407407407407
13 0.2994791666666667 0.41018518518518526 0.24791666666666667 0.41018518518518526 0.2479166666666667 0.5009259259259259 0.2994791666666667 0.5009259259259259
1 0.3203125 0.2333333333333334 0.278125 0.2333333333333334 0.278125 0.30925925925925934 0.3203125 0.30925925925925934
10 0.5578125 0.23888888888888898 0.5151041666666667 0.23888888888888898 0.5151041666666667 0.313888888888889 0.5578125 0.313888888888889
6 0.5291666666666667 0.08611111111111122 0.48802083333333335 0.08611111111111122 0.48802083333333335 0.15833333333333344 0.5291666666666667 0.15833333333333344
4 0.6296875 0.3648148148148149 0.5864583333333333 0.3648148148148149 0.5864583333333333 0.44166666666666676 0.6296875 0.44166666666666676
6 0.5708333333333333 0.31481481481481494 0.5276041666666667 0.31481481481481494 0.5276041666666667 0.3925925925925927 0.5708333333333333 0.3925925925925927
5 0.26510416666666664 0.18611111111111117 0.2234375 0.18611111111111117 0.2234375 0.26018518518518524 0.26510416666666664 0.2601851851851853
2 0.48385416666666664 0.11851851851851862 0.45 0.11851851851851862 0.45 0.17685185185185195 0.48385416666666664 0.17685185185185195
7 0.309375 0.1555555555555556 0.26666666666666666 0.1555555555555556 0.26666666666666666 0.22870370370370377 0.309375 0.22870370370370377
11 0.27447916666666666 0.26388888888888895 0.23333333333333334 0.2638888888888889 0.23333333333333334 0.3370370370370371 0.27447916666666666 0.33703703703703713
8 0.58125 0.1490740740740742 0.5479166666666667 0.1490740740740742 0.5479166666666667 0.2074074074074075 0.58125 0.2074074074074075
3 0.3703125 0.2879629629629631 0.33489583333333334 0.2879629629629631 0.33489583333333334 0.34814814814814826 0.3703125 0.34814814814814826
1 0.340625 0.38796296296296306 0.29791666666666666 0.38796296296296306 0.29791666666666666 0.4648148148148149 0.340625 0.4648148148148149
2 0.5255208333333333 0.35648148148148157 0.490625 0.35648148148148157 0.490625 0.41574074074074086 0.5255208333333333 0.41574074074074086
3 0.378125 0.36574074074074087 0.3416666666666667 0.36574074074074087 0.3416666666666667 0.42777777777777787 0.378125 0.42777777777777787
8 0.6109375 0.2981481481481483 0.5770833333333333 0.2981481481481483 0.5770833333333333 0.35833333333333345 0.6109375 0.35833333333333345
2 0.509375 0.2740740740740742 0.475 0.2740740740740742 0.475 0.3333333333333334 0.509375 0.3333333333333334
2 0.5364583333333334 0.438888888888889 0.5015625 0.438888888888889 0.5015625 0.5000000000000002 0.5364583333333334 0.5000000000000002
2 0.4984375 0.19074074074074085 0.46458333333333335 0.19074074074074085 0.46458333333333335 0.24907407407407417 0.4984375 0.24907407407407417
9 0.2828125 0.3453703703703705 0.24947916666666667 0.3453703703703705 0.24947916666666667 0.40555555555555567 0.2828125 0.40555555555555567
3 0.4046875 0.5277777777777778 0.36875 0.5277777777777778 0.36875 0.5916666666666667 0.4046875 0.5916666666666667
9 0.3020833333333333 0.5092592592592593 0.26875 0.5092592592592593 0.26875 0.5703703703703704 0.3020833333333333 0.5703703703703704