4 0.42135416666666664 0.06296296296296304 0.3776041666666667 0.06296296296296304 0.3776041666666667 0.13425925925925936 0.42135416666666664 0.13425925925925936
7 0.478125 0.5675925925925925 0.43072916666666666 0.5675925925925925 0.43072916666666666 0.6453703703703704 0.478125 0.6453703703703704
7 0.28489583333333335 0.4759259259259259 0.24010416666666673 0.4759259259259259 0.24010416666666673 0.5509259259259259 0.28489583333333335 0.5509259259259259
11 0.3171875 0.5796296296296296 0.271875 0.5796296296296296 0.271875 0.6546296296296297 0.3171875 0.6546296296296297
5 0.5145833333333333 0.6685185185185186 0.46927083333333336 0.6685185185185185 0.46927083333333336 0.7453703703703705 0.5145833333333333 0.7453703703703706
5 0.26979166666666665 0.5564814814814815 0.2239583333333334 0.5564814814814815 0.2239583333333334 0.6333333333333333 0.26979166666666665 0.6333333333333333
0 0.590625 0.21481481481481493 0.5458333333333333 0.21481481481481493 0.5458333333333333 0.28703703703703715 0.590625 0.28703703703703715
3 0.43802083333333336 0.47962962962962963 0.4010416666666667 0.47962962962962963 0.4010416666666667 0.5398148148148149 0.43802083333333336 0.5398148148148149
12 0.5213541666666667 0.09907407407407418 0.46927083333333336 0.09907407407407418 0.46927083333333336 0.18425925925925937 0.5213541666666667 0.18425925925925937
3 0.3927083333333333 0.45185185185185195 0.3567708333333333 0.45185185185185195 0.3567708333333333 0.5111111111111111 0.3927083333333333 0.5111111111111111
0 0.37552083333333336 0.048148148148148225 0.3333333333333333 0.048148148148148225 0.3333333333333333 0.11574074074074082 0.37552083333333336 0.11574074074074082
2 0.3854166666666667 0.20833333333333343 0.35104166666666664 0.2083333333333334 0.35104166666666664 0.26574074074074083 0.3854166666666667 0.26574074074074083
4 0.6036458333333333 0.14537037037037048 0.5604166666666667 0.14537037037037048 0.5604166666666667 0.21574074074074084 0.6036458333333333 0.21574074074074084
13 0.4171875 0.6166666666666667 0.3614583333333333 0.6166666666666667 0.3614583333333333 0.7101851851851851 0.4171875 0.7101851851851851
3 0.3411458333333333 0.43055555555555564 0.303125 0.43055555555555564 0.303125 0.4925925925925926 0.3411458333333333 0.4925925925925926
11 0.378125 0.5203703703703704 0.3328125 0.5203703703703704 0.3328125 0.5944444444444444 0.378125 0.5944444444444444
3 0.48802083333333335 0.500925925925926 0.45260416666666664 0.5009259259259259 0.45260416666666664 0.5601851851851853 0.48802083333333335 0.5601851851851853
3 0.5354166666666667 0.5203703703703706 0.49895833333333334 0.5203703703703706 0.49895833333333334 0.5805555555555557 0.5354166666666667 0.5805555555555557
8 0.46510416666666665 0.09537037037037048 0.4296875 0.09537037037037048 0.4296875 0.15092592592592602 0.46510416666666665 0.15092592592592602
10 0.5 0.17222222222222233 0.4552083333333333 0.17222222222222233 0.4552083333333333 0.2462962962962964 0.5 0.2462962962962964
10 0.4546875 0.14814814814814825 0.41041666666666665 0.14814814814814825 0.41041666666666665 0.2212962962962964 0.4546875 0.2212962962962964
6 0.5447916666666667 0.19351851851851862 0.5 0.19351851851851862 0.5 0.2675925925925927 0.5447916666666667 0.2675925925925927
9 0.36041666666666666 0.6074074074074074 0.3234375 0.6074074074074074 0.3234375 0.6675925925925926 0.36041666666666666 0.6675925925925926
2 0.5760416666666667 0.2981481481481483 0.5416666666666666 0.2981481481481483 0.5416666666666666 0.3555555555555557 0.5760416666666667 0.3555555555555557
1 0.33489583333333334 0.49722222222222223 0.2890625 0.49722222222222223 0.2890625 0.5731481481481482 0.33489583333333334 0.5731481481481482
6 0.40520833333333334 0.13148148148148156 0.3619791666666667 0.13148148148148153 0.3619791666666667 0.20370370370370378 0.40520833333333334 0.2037037037037038
9 0.45729166666666665 0.6555555555555556 0.42083333333333334 0.6555555555555556 0.42083333333333334 0.7175925925925926 0.45729166666666665 0.7175925925925926
2 0.5296875 0.2722222222222223 0.4953125 0.2722222222222223 0.4953125 0.3296296296296297 0.5296875 0.3296296296296297
2 0.43125 0.22500000000000012 0.39739583333333334 0.22500000000000012 0.39739583333333334 0.2814814814814816 0.43125 0.2814814814814816
2 0.4791666666666667 0.2527777777777779 0.44427083333333334 0.2527777777777779 0.44427083333333334 0.30925925925925934 0.4791666666666667 0.30925925925925934
8 0.55625 0.1314814814814816 0.5208333333333334 0.1314814814814816 0.5208333333333334 0.188888888888889 0.55625 0.188888888888889
1 0.42864583333333334 0.5435185185185185 0.38229166666666664 0.5435185185185185 0.38229166666666664 0.6203703703703703 0.42864583333333334 0.6203703703703703