10 0.6791666666666667 0.6583333333333335 0.6473958333333333 0.6583333333333335 0.6473958333333333 0.7138888888888891 0.6791666666666667 0.7138888888888891
13 0.5432291666666667 0.7435185185185187 0.5046875 0.7435185185185187 0.5046875 0.8129629629629632 0.5432291666666667 0.8129629629629632
5 0.5703125 0.17685185185185195 0.5380208333333333 0.17685185185185195 0.5380208333333333 0.2324074074074075 0.5703125 0.2324074074074075
7 0.41458333333333336 0.5935185185185186 0.38125 0.5935185185185186 0.38125 0.6509259259259259 0.41458333333333336 0.6509259259259259
1 0.525 0.21296296296296308 0.4947916666666667 0.21296296296296308 0.4947916666666667 0.2675925925925927 0.525 0.2675925925925927
3 0.35625 0.5583333333333333 0.3296875 0.5583333333333333 0.3296875 0.6027777777777777 0.35625 0.6027777777777777
6 0.5015625 0.5351851851851853 0.4671875 0.5351851851851852 0.4671875 0.5944444444444446 0.5015625 0.5944444444444447
12 0.40677083333333336 0.28518518518518526 0.3697916666666667 0.28518518518518526 0.3697916666666667 0.3537037037037038 0.40677083333333336 0.3537037037037038
0 0.5583333333333333 0.5787037037037039 0.5260416666666666 0.5787037037037039 0.5260416666666666 0.6379629629629632 0.5583333333333333 0.6379629629629632
1 0.2942708333333333 0.45555555555555566 0.26302083333333337 0.45555555555555566 0.26302083333333337 0.5101851851851852 0.2942708333333333 0.5101851851851852
3 0.51875 0.44537037037037047 0.49270833333333336 0.44537037037037047 0.49270833333333336 0.490740740740741 0.51875 0.490740740740741
2 0.3421875 0.7277777777777777 0.3177083333333333 0.7277777777777777 0.3177083333333333 0.7722222222222223 0.3421875 0.7722222222222223
7 0.5604166666666667 0.815740740740741 0.5276041666666667 0.815740740740741 0.5276041666666668 0.8722222222222225 0.5604166666666667 0.8722222222222225
2 0.4375 0.5064814814814815 0.4109375 0.5064814814814815 0.4109375 0.55 0.4375 0.55
8 0.4984375 0.30277777777777787 0.471875 0.30277777777777787 0.471875 0.3472222222222223 0.4984375 0.3472222222222223
3 0.43802083333333336 0.7453703703703703 0.4125 0.7453703703703703 0.4125 0.7907407407407407 0.43802083333333336 0.7907407407407407
3 0.6385416666666667 0.2787037037037038 0.6130208333333333 0.2787037037037038 0.6130208333333333 0.32222222222222235 0.6385416666666667 0.32222222222222235
5 0.6421875 0.5101851851851854 0.609375 0.5101851851851854 0.609375 0.5666666666666669 0.6421875 0.5666666666666669
11 0.4145833333333334 0.8361111111111111 0.3828125 0.8361111111111111 0.38281250000000006 0.8907407407407407 0.41458333333333347 0.8907407407407407
2 0.47708333333333336 0.4722222222222223 0.4510416666666667 0.4722222222222223 0.4510416666666667 0.5157407407407407 0.47708333333333336 0.5157407407407407
2 0.5796875 0.48425925925925944 0.553125 0.48425925925925944 0.553125 0.5287037037037039 0.5796875 0.5287037037037039
8 0.4817708333333333 0.2500000000000001 0.4578125 0.2500000000000001 0.4578125 0.2935185185185186 0.4817708333333333 0.2935185185185186
11 0.5546875 0.3361111111111112 0.5223958333333333 0.3361111111111112 0.5223958333333333 0.3925925925925927 0.5546875 0.3925925925925927
0 0.4671875 0.6351851851851852 0.434375 0.6351851851851852 0.434375 0.6925925925925925 0.4671875 0.6925925925925925
10 0.42916666666666664 0.42962962962962975 0.396875 0.42962962962962975 0.396875 0.48703703703703705 0.42916666666666664 0.48703703703703705
9 0.5270833333333333 0.6870370370370372 0.5005208333333333 0.6870370370370372 0.5005208333333333 0.7305555555555557 0.5270833333333333 0.7305555555555557
9 0.584375 0.7212962962962965 0.5572916666666666 0.7212962962962965 0.5572916666666666 0.7657407407407409 0.584375 0.7657407407407409
4 0.5864583333333333 0.24166666666666678 0.5541666666666667 0.24166666666666678 0.5541666666666667 0.2962962962962964 0.5864583333333333 0.2962962962962964
2 0.6802083333333333 0.4851851851851854 0.6536458333333334 0.4851851851851854 0.6536458333333334 0.5305555555555558 0.6802083333333333 0.5305555555555558
4 0.5114583333333333 0.363888888888889 0.4791666666666667 0.363888888888889 0.4791666666666667 0.42037037037037045 0.5114583333333333 0.42037037037037045
3 0.6239583333333333 0.44351851851851865 0.5958333333333333 0.44351851851851865 0.5958333333333333 0.49166666666666686 0.6239583333333333 0.49166666666666686
6 0.615625 0.6138888888888892 0.5838541666666667 0.6138888888888892 0.5838541666666667 0.6694444444444446 0.615625 0.6694444444444446