11 0.5588541666666667 0.13333333333333344 0.5260416666666666 0.13333333333333344 0.5260416666666666 0.1898148148148149 0.5588541666666667 0.1898148148148149
12 0.46145833333333336 0.6675925925925926 0.4197916666666667 0.6675925925925926 0.4197916666666667 0.7435185185185185 0.46145833333333336 0.7435185185185185
13 0.46770833333333334 0.12685185185185197 0.428125 0.12685185185185197 0.428125 0.19537037037037047 0.46770833333333334 0.19537037037037047
4 0.359375 0.6787037037037037 0.3265625 0.6787037037037037 0.3265625 0.7398148148148148 0.359375 0.7398148148148148
10 0.5130208333333334 0.5972222222222223 0.4791666666666667 0.5972222222222222 0.4791666666666667 0.6592592592592593 0.5130208333333334 0.6592592592592594
6 0.4114583333333333 0.5935185185185186 0.37864583333333335 0.5935185185185186 0.37864583333333335 0.6546296296296297 0.4114583333333333 0.6546296296296297
7 0.41354166666666664 0.20833333333333343 0.38125 0.20833333333333343 0.38125 0.26574074074074083 0.41354166666666664 0.26574074074074083
11 0.5125 0.2074074074074075 0.48072916666666665 0.2074074074074075 0.48072916666666665 0.26574074074074083 0.5125 0.26574074074074083
6 0.5661458333333333 0.589814814814815 0.5322916666666667 0.589814814814815 0.5322916666666667 0.652777777777778 0.5661458333333333 0.652777777777778
7 0.609375 0.20648148148148163 0.5765625 0.2064814814814816 0.5765625 0.263888888888889 0.609375 0.263888888888889
3 0.36041666666666666 0.2898148148148149 0.334375 0.2898148148148149 0.334375 0.3361111111111112 0.36041666666666666 0.3361111111111112
1 0.46197916666666666 0.2074074074074075 0.4296875 0.2074074074074075 0.4296875 0.26574074074074083 0.46197916666666666 0.26574074074074083
3 0.4078125 0.28703703703703715 0.38177083333333334 0.28703703703703715 0.38177083333333334 0.33240740740740754 0.4078125 0.33240740740740754
4 0.5666666666666667 0.6759259259259262 0.5328125 0.6759259259259262 0.5328125 0.7361111111111113 0.5666666666666667 0.7361111111111113
3 0.5598958333333334 0.28333333333333344 0.5333333333333333 0.28333333333333344 0.5333333333333333 0.3296296296296297 0.5598958333333334 0.3296296296296297
10 0.46197916666666666 0.5925925925925926 0.428125 0.5925925925925926 0.428125 0.6546296296296297 0.46197916666666666 0.6546296296296297
2 0.45989583333333334 0.5194444444444445 0.4328125 0.5194444444444445 0.4328125 0.5666666666666667 0.45989583333333334 0.5666666666666667
5 0.3651041666666667 0.14259259259259266 0.3328125 0.14259259259259263 0.3328125 0.19814814814814824 0.3651041666666667 0.19814814814814824
3 0.4588541666666667 0.28333333333333344 0.4322916666666667 0.28333333333333344 0.4322916666666667 0.32870370370370383 0.4588541666666667 0.32870370370370383
3 0.50625 0.288888888888889 0.48072916666666665 0.288888888888889 0.48072916666666665 0.3351851851851853 0.50625 0.3351851851851853
2 0.35572916666666665 0.5185185185185185 0.3296875 0.5185185185185185 0.3296875 0.5675925925925925 0.35572916666666665 0.5675925925925925
5 0.6078125 0.13148148148148162 0.575 0.1314814814814816 0.575 0.18888888888888902 0.6078125 0.18888888888888905
0 0.36302083333333335 0.5953703703703703 0.3296875 0.5953703703703703 0.3296875 0.6564814814814814 0.36302083333333335 0.6564814814814814
9 0.5088541666666667 0.1425925925925927 0.4822916666666667 0.1425925925925927 0.4822916666666667 0.18703703703703714 0.5088541666666667 0.18703703703703714
2 0.40625 0.5222222222222223 0.3796875 0.5222222222222223 0.3796875 0.5694444444444444 0.40625 0.5694444444444444
8 0.40625 0.6851851851851852 0.37916666666666665 0.6851851851851852 0.37916666666666665 0.7342592592592593 0.40625 0.7342592592592593
0 0.6177083333333333 0.6712962962962965 0.5833333333333334 0.6712962962962965 0.5833333333333334 0.7314814814814817 0.6177083333333333 0.7314814814814817
2 0.5130208333333334 0.5240740740740742 0.4859375 0.5240740740740742 0.4859375 0.5712962962962965 0.5130208333333334 0.5712962962962965
1 0.5578125 0.20925925925925937 0.525 0.20925925925925937 0.525 0.2666666666666668 0.5578125 0.2666666666666668
2 0.5625 0.5175925925925928 0.5354166666666667 0.5175925925925928 0.5354166666666667 0.565740740740741 0.5625 0.565740740740741
9 0.4125 0.1425925925925927 0.3859375 0.1425925925925927 0.3859375 0.18796296296296308 0.4125 0.18796296296296308
8 0.5067708333333333 0.6796296296296297 0.48020833333333335 0.6796296296296296 0.48020833333333335 0.7277777777777779 0.5067708333333333 0.727777777777778