3 0.5942708333333333 0.5768518518518521 0.5604166666666667 0.5768518518518521 0.5604166666666667 0.6314814814814816 0.5942708333333333 0.6314814814814816
6 0.39479166666666665 0.3398148148148149 0.35208333333333336 0.3398148148148149 0.35208333333333336 0.41203703703703715 0.39479166666666665 0.41203703703703715
0 0.70625 1.4899869389626131e-16 0.6625 1.4423617856624383e-16 0.6625 0.0666666666666668 0.70625 0.06666666666666682
3 0.690625 0.5157407407407409 0.6567708333333333 0.5157407407407409 0.6567708333333333 0.5712962962962965 0.690625 0.5712962962962965
3 0.5020833333333333 0.6231481481481482 0.4671875 0.6231481481481481 0.4671875 0.6777777777777779 0.5020833333333333 0.677777777777778
5 0.765625 0.6962962962962965 0.7260416666666667 0.6962962962962965 0.7260416666666667 0.7601851851851854 0.765625 0.7601851851851854
2 0.3614583333333333 0.44722222222222235 0.3260416666666667 0.44722222222222235 0.3260416666666667 0.5055555555555555 0.3614583333333333 0.5055555555555555
2 0.5546875 0.3333333333333334 0.5203125 0.3333333333333334 0.5203125 0.39074074074074083 0.5546875 0.39074074074074083
2 0.4583333333333333 0.3953703703703705 0.4234375 0.3953703703703705 0.4234375 0.45185185185185195 0.4583333333333333 0.45185185185185195
7 0.4713541666666667 0.7 0.43125 0.7 0.43125 0.7675925925925926 0.4713541666666667 0.7675925925925926
2 0.7463541666666667 0.23611111111111127 0.7125 0.23611111111111127 0.7125 0.29166666666666685 0.7463541666666667 0.29166666666666685
12 0.5432291666666667 0.16574074074074086 0.4890625 0.16574074074074086 0.4890625 0.25555555555555565 0.5432291666666667 0.25555555555555565
9 0.5875 0.8009259259259262 0.5536458333333333 0.8009259259259262 0.5536458333333333 0.8518518518518521 0.5875 0.8518518518518521
13 0.6239583333333333 0.7037037037037039 0.575 0.7037037037037039 0.575 0.7851851851851854 0.6239583333333333 0.7851851851851854
2 0.6552083333333333 0.2925925925925927 0.6192708333333333 0.2925925925925927 0.6192708333333333 0.35092592592592603 0.6552083333333333 0.35092592592592603
7 0.7567708333333333 0.5546296296296298 0.715625 0.5546296296296298 0.715625 0.6222222222222225 0.7567708333333333 0.6222222222222225
11 0.728125 0.7212962962962965 0.684375 0.7212962962962965 0.684375 0.7925925925925928 0.728125 0.7925925925925928
4 0.3697916666666667 0.18055555555555564 0.3255208333333333 0.1805555555555556 0.3255208333333333 0.25740740740740753 0.3697916666666667 0.25740740740740753
3 0.7760416666666666 0.4592592592592595 0.7432291666666667 0.4592592592592595 0.7432291666666667 0.5138888888888891 0.7760416666666666 0.5138888888888891
9 0.6828125 0.7518518518518521 0.6494791666666667 0.7518518518518521 0.6494791666666667 0.8064814814814817 0.6828125 0.8064814814814817
4 0.6125 0.05555555555555568 0.5682291666666667 0.05555555555555568 0.5682291666666667 0.13518518518518532 0.6125 0.13518518518518535
3 0.4088541666666667 0.674074074074074 0.37447916666666664 0.674074074074074 0.37447916666666664 0.7287037037037037 0.4088541666666667 0.7287037037037037
5 0.4989583333333334 0.8361111111111112 0.45729166666666665 0.8361111111111111 0.4572916666666667 0.9046296296296298 0.49895833333333345 0.9046296296296299
8 0.559375 0.07037037037037049 0.5255208333333333 0.07037037037037047 0.5255208333333333 0.12777777777777788 0.559375 0.12777777777777788
0 0.3255208333333333 0.21203703703703708 0.28072916666666664 0.21203703703703708 0.28072916666666664 0.2861111111111112 0.3255208333333333 0.2861111111111112
8 0.46927083333333336 0.12777777777777788 0.43333333333333335 0.12777777777777788 0.43333333333333335 0.18611111111111123 0.46927083333333336 0.18611111111111123
1 0.8119791666666667 0.6574074074074077 0.7734375 0.6574074074074077 0.7734375 0.7222222222222224 0.8119791666666667 0.7222222222222224
11 0.5416666666666666 0.8194444444444446 0.5026041666666666 0.8194444444444446 0.5026041666666667 0.8879629629629632 0.5416666666666666 0.8879629629629632
1 0.4609375000000001 0.8648148148148148 0.41822916666666676 0.8648148148148148 0.41822916666666676 0.9398148148148148 0.4609375000000001 0.9398148148148148
6 0.6989583333333333 0.1694444444444446 0.6510416666666666 0.1694444444444446 0.6510416666666666 0.2462962962962964 0.6989583333333333 0.2462962962962964
10 0.42291666666666666 0.14722222222222234 0.37447916666666664 0.14722222222222234 0.37447916666666664 0.23333333333333345 0.42291666666666666 0.23333333333333345
10 0.6614583333333334 0.028703703703703842 0.6182291666666667 0.028703703703703835 0.6182291666666667 0.10462962962962977 0.6614583333333334 0.10462962962962977