1 0.39479166666666665 0.44351851851851865 0.3572916666666667 0.44351851851851865 0.3572916666666667 0.5185185185185185 0.39479166666666665 0.5185185185185185
1 0.7307291666666667 0.38148148148148164 0.6911458333333333 0.3814814814814816 0.6911458333333333 0.4592592592592594 0.7307291666666667 0.4592592592592595
12 0.7583333333333333 0.5537037037037039 0.7083333333333334 0.5537037037037039 0.7083333333333334 0.6500000000000002 0.7583333333333333 0.6500000000000002
5 0.3802083333333333 0.7333333333333333 0.33697916666666666 0.7333333333333333 0.33697916666666666 0.8231481481481482 0.3802083333333333 0.8231481481481482
3 0.47604166666666664 0.3296296296296297 0.44166666666666665 0.3296296296296297 0.44166666666666665 0.3953703703703705 0.47604166666666664 0.3953703703703705
9 0.3572916666666667 0.5583333333333333 0.3265625 0.5583333333333333 0.3265625 0.6212962962962963 0.3572916666666667 0.6212962962962963
0 0.6359375 0.3870370370370371 0.596875 0.3870370370370371 0.596875 0.4648148148148149 0.6359375 0.4648148148148149
2 0.36614583333333334 0.25740740740740753 0.33697916666666666 0.25740740740740753 0.33697916666666666 0.3175925925925927 0.36614583333333334 0.3175925925925927
10 0.696875 0.47777777777777797 0.6578125 0.47777777777777797 0.6578125 0.5564814814814817 0.696875 0.5564814814814817
3 0.55 0.5064814814814816 0.51875 0.5064814814814816 0.51875 0.5694444444444446 0.55 0.5694444444444446
3 0.484375 0.42222222222222233 0.4515625 0.42222222222222233 0.4515625 0.48796296296296304 0.484375 0.48796296296296315
7 0.4916666666666668 0.9000000000000001 0.4526041666666668 0.9 0.4526041666666668 0.9805555555555555 0.4916666666666668 0.9805555555555555
2 0.5776041666666667 0.8074074074074076 0.546875 0.8074074074074076 0.546875 0.8703703703703706 0.5776041666666667 0.8703703703703706
6 0.45364583333333336 0.12777777777777788 0.4109375 0.12777777777777788 0.4109375 0.2064814814814816 0.45364583333333336 0.2064814814814816
6 0.6713541666666667 0.6731481481481484 0.6286458333333333 0.6731481481481484 0.6286458333333333 0.7583333333333335 0.6713541666666667 0.7583333333333335
2 0.5359375 0.4175925925925927 0.5046875 0.4175925925925927 0.5046875 0.48333333333333356 0.5359375 0.48333333333333356
7 0.7625 0.6537037037037039 0.7244791666666667 0.6537037037037039 0.7244791666666667 0.7333333333333335 0.7625 0.7333333333333335
8 0.6572916666666667 0.5861111111111114 0.625 0.5861111111111114 0.625 0.6490740740740742 0.6572916666666667 0.6490740740740742
2 0.37916666666666665 0.35185185185185197 0.3484375 0.35185185185185197 0.3484375 0.41203703703703715 0.37916666666666665 0.41203703703703715
3 0.4583333333333333 0.6240740740740741 0.4276041666666667 0.6240740740740741 0.4276041666666667 0.6861111111111111 0.4583333333333333 0.6861111111111111
11 0.646875 0.48796296296296315 0.6072916666666667 0.48796296296296315 0.6072916666666667 0.5675925925925928 0.646875 0.5675925925925928
3 0.5307291666666667 0.8074074074074076 0.5 0.8074074074074076 0.5000000000000001 0.8694444444444447 0.5307291666666668 0.8694444444444447
10 0.3125 0.5462962962962963 0.27447916666666666 0.5462962962962963 0.27447916666666666 0.6240740740740741 0.3125 0.6240740740740741
2 0.42968750000000006 0.8268518518518518 0.39947916666666666 0.8268518518518518 0.3994791666666667 0.887962962962963 0.4296875000000001 0.887962962962963
4 0.6765625 0.7796296296296299 0.6380208333333334 0.7796296296296299 0.6380208333333334 0.8564814814814817 0.6765625 0.8564814814814817
11 0.6151041666666667 0.19814814814814827 0.575 0.19814814814814824 0.575 0.27685185185185196 0.6151041666666667 0.27685185185185196
0 0.4140625 0.6287037037037037 0.375 0.6287037037037037 0.375 0.7055555555555556 0.4140625 0.7055555555555556
9 0.3609375 0.649074074074074 0.3296875 0.649074074074074 0.3296875 0.7101851851851851 0.3609375 0.7101851851851851
13 0.35104166666666664 0.4425925925925927 0.30416666666666664 0.4425925925925927 0.30416666666666664 0.5361111111111111 0.35104166666666664 0.5361111111111111
5 0.4515625 0.5185185185185185 0.41302083333333334 0.5185185185185185 0.41302083333333334 0.5962962962962963 0.4515625 0.5962962962962963
8 0.7432291666666667 0.4694444444444446 0.7119791666666667 0.46944444444444455 0.7119791666666667 0.5305555555555558 0.7432291666666667 0.5305555555555558
4 0.50625 0.6157407407407408 0.4666666666666667 0.6157407407407407 0.4666666666666667 0.6925925925925926 0.50625 0.6925925925925928