4 0.28177083333333336 0.5833333333333334 0.24010416666666673 0.5833333333333334 0.24010416666666673 0.6620370370370371 0.28177083333333336 0.6620370370370371
7 0.6552083333333333 0.3175925925925927 0.6109375 0.3175925925925927 0.6109375 0.4000000000000001 0.6552083333333333 0.4000000000000001
13 0.6546875 0.5907407407407409 0.6005208333333333 0.5907407407407409 0.6005208333333333 0.690740740740741 0.6546875 0.690740740740741
1 0.7515625 0.2805555555555557 0.70625 0.28055555555555567 0.70625 0.3657407407407409 0.7515625 0.365740740740741
3 0.5630208333333333 0.5703703703703705 0.5265625 0.5703703703703705 0.5265625 0.6407407407407409 0.5630208333333333 0.6407407407407409
12 0.35052083333333334 0.4324074074074075 0.3 0.4324074074074075 0.3 0.5277777777777778 0.35052083333333334 0.5277777777777778
2 0.4296875 0.49444444444444446 0.3953125 0.49444444444444446 0.3953125 0.5611111111111111 0.4296875 0.5611111111111111
3 0.6145833333333334 0.2231481481481483 0.5786458333333333 0.22314814814814826 0.5786458333333333 0.2935185185185186 0.6145833333333334 0.2935185185185186
3 0.5010416666666668 0.9046296296296298 0.4661458333333334 0.9046296296296297 0.4661458333333334 0.9731481481481481 0.5010416666666668 0.9731481481481481
7 0.5671875 0.8481481481481483 0.5223958333333333 0.8481481481481483 0.5223958333333334 0.9333333333333336 0.5671875 0.9333333333333336
4 0.34010416666666665 0.25555555555555565 0.2994791666666667 0.25555555555555565 0.2994791666666667 0.33425925925925937 0.34010416666666665 0.33425925925925937
2 0.4557291666666667 0.3277777777777779 0.42135416666666664 0.3277777777777779 0.42135416666666664 0.3962962962962964 0.4557291666666667 0.3962962962962964
8 0.3223958333333333 0.35185185185185197 0.2890625 0.35185185185185197 0.2890625 0.4175925925925927 0.3223958333333333 0.4175925925925927
6 0.43072916666666666 0.22592592592592603 0.3885416666666667 0.22592592592592603 0.3885416666666667 0.3064814814814816 0.43072916666666666 0.3064814814814816
3 0.5276041666666667 0.7435185185185187 0.4921875 0.7435185185185187 0.4921875 0.8129629629629632 0.5276041666666667 0.8129629629629632
2 0.3963541666666667 0.6657407407407407 0.3614583333333333 0.6657407407407407 0.3614583333333333 0.7342592592592593 0.3963541666666667 0.7342592592592593
2 0.3791666666666667 0.8231481481481482 0.3411458333333333 0.8231481481481482 0.34114583333333337 0.8944444444444445 0.37916666666666676 0.8944444444444445
8 0.29375 0.5018518518518519 0.26041666666666674 0.5018518518518519 0.26041666666666674 0.5657407407407408 0.29375 0.5657407407407408
3 0.5885416666666666 0.388888888888889 0.5536458333333333 0.388888888888889 0.5536458333333333 0.4564814814814816 0.5885416666666666 0.4564814814814816
2 0.48333333333333334 0.15740740740740752 0.4479166666666667 0.15740740740740752 0.4479166666666667 0.22500000000000012 0.48333333333333334 0.22500000000000012
5 0.65625 0.8740740740740743 0.609375 0.8740740740740743 0.609375 0.9601851851851851 0.65625 0.9601851851851851
1 0.6401041666666667 0.9629629629629629 0.5942708333333333 0.9629629629629629 0.5942708333333333 1 0.6401041666666667 1
10 0.275 0.6685185185185185 0.2333333333333334 0.6685185185185185 0.2333333333333334 0.7472222222222222 0.275 0.7472222222222222
0 0.3729166666666667 0.09629629629629638 0.3302083333333333 0.09629629629629638 0.3302083333333333 0.17777777777777787 0.3729166666666667 0.1777777777777779
9 0.6802083333333333 0.7166666666666669 0.6421875 0.7166666666666669 0.6421875 0.7879629629629632 0.6802083333333333 0.7879629629629632
6 0.35052083333333334 0.7212962962962963 0.3078125 0.7212962962962963 0.3078125 0.8027777777777778 0.35052083333333334 0.8027777777777778
11 0.740625 0.3564814814814816 0.6942708333333333 0.35648148148148157 0.6942708333333333 0.4435185185185187 0.740625 0.44351851851851876
9 0.7088541666666667 0.552777777777778 0.6734375 0.552777777777778 0.6734375 0.6194444444444447 0.7088541666666667 0.6194444444444447
10 0.3546875 0.18518518518518523 0.31145833333333334 0.18518518518518523 0.31145833333333334 0.2685185185185186 0.3546875 0.2685185185185186
0 0.25468750000000007 0.7527777777777778 0.2114583333333334 0.7527777777777778 0.2114583333333334 0.8324074074074074 0.25468750000000007 0.8324074074074074
5 0.721875 0.44814814814814824 0.675 0.44814814814814824 0.675 0.5342592592592594 0.721875 0.5342592592592594
11 0.6713541666666667 0.7990740740740743 0.6244791666666667 0.7990740740740743 0.6244791666666667 0.8833333333333335 0.6713541666666667 0.8833333333333335