7 0.49114583333333334 0.576851851851852 0.4510416666666667 0.5768518518518518 0.4510416666666667 0.6351851851851853 0.49114583333333334 0.6351851851851854
4 0.5354166666666667 0.058333333333333445 0.49635416666666665 0.05833333333333344 0.49635416666666665 0.11666666666666677 0.5354166666666667 0.11666666666666677
3 0.5890625 0.1462962962962964 0.5588541666666667 0.1462962962962964 0.5588541666666667 0.19351851851851862 0.5890625 0.19351851851851862
2 0.603125 0.752777777777778 0.571875 0.752777777777778 0.571875 0.801851851851852 0.603125 0.801851851851852
11 0.4989583333333334 0.8342592592592594 0.459375 0.8342592592592593 0.45937500000000003 0.8990740740740741 0.49895833333333345 0.8990740740740742
7 0.4395833333333333 0.7537037037037037 0.4015625 0.7537037037037037 0.4015625 0.8157407407407408 0.4395833333333333 0.8157407407407408
2 0.38125 0.7555555555555555 0.3494791666666667 0.7555555555555555 0.3494791666666667 0.8055555555555556 0.38125 0.8055555555555556
9 0.496875 0.7611111111111112 0.4640625 0.7611111111111111 0.4640625 0.8092592592592593 0.496875 0.8092592592592595
8 0.5359375 0.22407407407407418 0.5067708333333333 0.22407407407407418 0.5067708333333333 0.2722222222222223 0.5359375 0.2722222222222223
3 0.375 0.150925925925926 0.34010416666666665 0.150925925925926 0.34010416666666665 0.21018518518518525 0.375 0.21018518518518528
0 0.4859375 0.14722222222222234 0.44635416666666666 0.14722222222222234 0.44635416666666666 0.2064814814814816 0.4859375 0.2064814814814816
5 0.45104166666666673 0.8407407407407408 0.4119791666666667 0.8407407407407408 0.41197916666666673 0.9027777777777778 0.4510416666666668 0.9027777777777778
6 0.4348958333333333 0.06666666666666676 0.39739583333333334 0.06666666666666675 0.39739583333333334 0.1314814814814816 0.4348958333333333 0.1314814814814816
6 0.490625 0.30833333333333346 0.45260416666666664 0.30833333333333346 0.45260416666666664 0.3712962962962964 0.490625 0.3712962962962964
3 0.37552083333333336 0.0722222222222223 0.3421875 0.0722222222222223 0.3421875 0.12314814814814823 0.37552083333333336 0.12314814814814826
13 0.5567708333333333 0.7416666666666669 0.5083333333333333 0.7416666666666669 0.5083333333333333 0.814814814814815 0.5567708333333333 0.814814814814815
3 0.6364583333333333 0.06944444444444457 0.60625 0.06944444444444457 0.60625 0.11851851851851868 0.6364583333333333 0.11851851851851868
11 0.49583333333333335 0.6657407407407409 0.45625 0.6657407407407407 0.45625 0.7259259259259261 0.49583333333333335 0.7259259259259261
10 0.5369791666666667 0.13981481481481492 0.49895833333333334 0.13981481481481492 0.49895833333333334 0.19814814814814824 0.5369791666666667 0.19814814814814824
1 0.5479166666666667 0.6611111111111113 0.5083333333333333 0.6611111111111113 0.5083333333333333 0.7212962962962965 0.5479166666666667 0.7212962962962965
5 0.44114583333333335 0.6703703703703704 0.4005208333333333 0.6703703703703704 0.4005208333333333 0.7314814814814815 0.44114583333333335 0.7314814814814815
3 0.5880208333333333 0.0629629629629631 0.5583333333333333 0.0629629629629631 0.5583333333333333 0.10925925925925939 0.5880208333333333 0.10925925925925939
12 0.4322916666666667 0.138888888888889 0.38697916666666665 0.138888888888889 0.38697916666666665 0.213888888888889 0.4322916666666667 0.213888888888889
10 0.4859375 0.05833333333333343 0.4484375 0.058333333333333424 0.4484375 0.12314814814814826 0.4859375 0.12314814814814826
0 0.4359375 0.22592592592592603 0.39739583333333334 0.22592592592592603 0.39739583333333334 0.2898148148148149 0.4359375 0.2898148148148149
2 0.6088541666666667 0.8324074074074076 0.5760416666666667 0.8324074074074076 0.5760416666666667 0.8824074074074076 0.6088541666666667 0.8824074074074076
4 0.48802083333333335 0.22500000000000012 0.4510416666666667 0.22500000000000012 0.4510416666666667 0.2861111111111112 0.48802083333333335 0.2861111111111112
1 0.5552083333333333 0.827777777777778 0.5119791666666667 0.827777777777778 0.5119791666666668 0.8953703703703706 0.5552083333333333 0.8953703703703706
2 0.3838541666666667 0.8462962962962963 0.35104166666666664 0.8462962962962963 0.35104166666666675 0.9037037037037037 0.3838541666666668 0.9037037037037037
2 0.6598958333333333 0.8324074074074076 0.6307291666666667 0.8324074074074076 0.6307291666666667 0.8851851851851854 0.6598958333333333 0.8851851851851854