6 0.5755208333333334 0.8592592592592595 0.5364583333333334 0.8592592592592595 0.5364583333333334 0.9203703703703706 0.5755208333333334 0.9203703703703706
11 0.528125 0.08703703703703715 0.490625 0.08703703703703715 0.490625 0.1462962962962964 0.528125 0.1462962962962964
4 0.4723958333333334 0.8583333333333333 0.4328125 0.8583333333333333 0.43281250000000004 0.9212962962962963 0.47239583333333346 0.9212962962962963
3 0.6328125 0.7805555555555558 0.6005208333333333 0.7805555555555558 0.6005208333333333 0.8296296296296298 0.6328125 0.8296296296296298
0 0.5744791666666667 0.6879629629629632 0.5364583333333334 0.6879629629629632 0.5364583333333334 0.7490740740740743 0.5744791666666667 0.7490740740740743
2 0.634375 0.17870370370370384 0.603125 0.1787037037037038 0.603125 0.22500000000000014 0.634375 0.22500000000000014
9 0.5197916666666667 0.16666666666666677 0.4890625 0.16666666666666677 0.4890625 0.21203703703703713 0.5197916666666667 0.21203703703703713
3 0.63125 0.8703703703703706 0.6 0.8703703703703706 0.6 0.9185185185185187 0.63125 0.9185185185185187
7 0.528125 0.33425925925925937 0.4890625 0.33425925925925937 0.4890625 0.39444444444444454 0.528125 0.39444444444444454
1 0.4734375 0.24907407407407417 0.4354166666666667 0.24907407407407417 0.4354166666666667 0.3064814814814816 0.4734375 0.3064814814814816
2 0.4140625 0.16851851851851862 0.3848958333333333 0.16851851851851862 0.3848958333333333 0.21574074074074084 0.4140625 0.21574074074074084
2 0.3645833333333333 0.08981481481481489 0.33489583333333334 0.08981481481481489 0.33489583333333334 0.13425925925925933 0.3645833333333333 0.13425925925925936
2 0.6338541666666667 0.09351851851851865 0.6041666666666666 0.09351851851851865 0.6041666666666666 0.13888888888888903 0.6338541666666667 0.13888888888888903
3 0.41041666666666665 0.7731481481481481 0.37864583333333335 0.7731481481481481 0.37864583333333335 0.8212962962962963 0.41041666666666665 0.8212962962962963
7 0.5838541666666667 0.16574074074074086 0.5463541666666667 0.16574074074074086 0.5463541666666667 0.22407407407407418 0.5838541666666667 0.22407407407407418
0 0.5244791666666667 0.7703703703703706 0.48541666666666666 0.7703703703703706 0.48541666666666666 0.8314814814814817 0.5244791666666667 0.8314814814814817
3 0.3598958333333334 0.850925925925926 0.32916666666666666 0.850925925925926 0.3291666666666667 0.8981481481481481 0.35989583333333347 0.8981481481481481
5 0.5817708333333333 0.24444444444444455 0.5427083333333333 0.24444444444444455 0.5427083333333333 0.3064814814814816 0.5817708333333333 0.3064814814814816
8 0.46510416666666665 0.6907407407407408 0.43333333333333335 0.6907407407407408 0.43333333333333335 0.7407407407407407 0.46510416666666665 0.7407407407407407
2 0.41302083333333334 0.09074074074074082 0.38385416666666666 0.09074074074074082 0.38385416666666666 0.13703703703703715 0.41302083333333334 0.13703703703703715
4 0.5234375 0.6851851851851853 0.48489583333333336 0.6851851851851853 0.48489583333333336 0.7481481481481483 0.5234375 0.7481481481481483
6 0.5223958333333333 0.6000000000000002 0.48385416666666664 0.6000000000000002 0.48385416666666664 0.6601851851851854 0.5223958333333333 0.6601851851851854
1 0.4739583333333333 0.08240740740740751 0.43802083333333336 0.08240740740740751 0.43802083333333336 0.14814814814814825 0.4739583333333333 0.14814814814814825
5 0.5776041666666667 0.08333333333333345 0.5401041666666667 0.08333333333333344 0.5401041666666667 0.14444444444444454 0.5776041666666667 0.14444444444444454
13 0.47604166666666664 0.15648148148148158 0.4322916666666667 0.15648148148148158 0.4322916666666667 0.2314814814814816 0.47604166666666664 0.2314814814814816
12 0.5854166666666667 0.7620370370370373 0.5395833333333333 0.7620370370370373 0.5395833333333333 0.8416666666666669 0.5854166666666667 0.8416666666666669
11 0.528125 0.24722222222222232 0.4895833333333333 0.24722222222222232 0.4895833333333333 0.32037037037037047 0.528125 0.32037037037037047
10 0.5203125000000001 0.8620370370370373 0.4838541666666668 0.8620370370370373 0.4838541666666668 0.9287037037037039 0.5203125000000001 0.9287037037037039
10 0.46875 0.775 0.4328125 0.775 0.4328125 0.8388888888888889 0.46875 0.8388888888888889
3 0.4093750000000001 0.8601851851851852 0.3781250000000001 0.8601851851851852 0.3781250000000001 0.9074074074074074 0.4093750000000001 0.9074074074074074