1 0.7192708333333333 0.08888888888888904 0.6796875 0.08888888888888904 0.6796875 0.14537037037037054 0.7192708333333333 0.14537037037037054
5 0.4640625 0.04074074074074084 0.425 0.040740740740740834 0.425 0.09537037037037048 0.4640625 0.09537037037037048
0 0.36666666666666664 0.7870370370370371 0.32708333333333334 0.7870370370370371 0.32708333333333334 0.8462962962962963 0.36666666666666664 0.8462962962962963
7 0.5145833333333333 0.04722222222222233 0.475 0.047222222222222325 0.475 0.10185185185185196 0.5145833333333333 0.10185185185185196
11 0.3541666666666667 0.030555555555555627 0.31354166666666666 0.03055555555555562 0.31354166666666666 0.0861111111111112 0.3541666666666667 0.0861111111111112
7 0.6104166666666667 0.06944444444444457 0.5713541666666667 0.06944444444444457 0.5713541666666667 0.126851851851852 0.6104166666666667 0.12685185185185202
4 0.4171875 0.7962962962962963 0.3776041666666667 0.7962962962962963 0.3776041666666667 0.8574074074074074 0.4171875 0.8574074074074074
12 0.540625 0.6361111111111113 0.49375 0.6361111111111113 0.49375 0.7064814814814817 0.540625 0.7064814814814817
6 0.47187500000000004 0.8064814814814815 0.4328125 0.8064814814814815 0.43281250000000004 0.8675925925925926 0.4718750000000001 0.8675925925925926
4 0.634375 0.8361111111111114 0.5958333333333333 0.8361111111111114 0.5958333333333333 0.8972222222222225 0.634375 0.8972222222222225
6 0.5822916666666667 0.827777777777778 0.5427083333333333 0.827777777777778 0.5427083333333333 0.8879629629629632 0.5822916666666667 0.8879629629629632
2 0.48385416666666664 0.4685185185185186 0.4505208333333333 0.4685185185185186 0.4505208333333333 0.513888888888889 0.48385416666666664 0.5138888888888891
13 0.5604166666666667 0.19907407407407418 0.5109375 0.19907407407407418 0.5109375 0.2685185185185186 0.5604166666666667 0.2685185185185186
10 0.7411458333333333 0.8435185185185188 0.7015625 0.8435185185185188 0.7015625 0.901851851851852 0.7411458333333333 0.901851851851852
5 0.6697916666666667 0.07685185185185199 0.63125 0.07685185185185198 0.63125 0.13240740740740756 0.6697916666666667 0.13240740740740756
2 0.3729166666666667 0.5324074074074074 0.3385416666666667 0.5324074074074074 0.3385416666666667 0.5787037037037037 0.3729166666666667 0.5787037037037037
10 0.3098958333333333 0.775 0.2713541666666667 0.775 0.2713541666666667 0.8351851851851851 0.3098958333333333 0.8351851851851851
2 0.32083333333333336 0.5268518518518519 0.28802083333333334 0.5268518518518519 0.28802083333333334 0.5722222222222222 0.32083333333333336 0.5722222222222222
3 0.5947916666666667 0.4037037037037038 0.5619791666666667 0.4037037037037038 0.5619791666666667 0.4490740740740742 0.5947916666666667 0.4490740740740742
2 0.6953125 0.5796296296296298 0.6625 0.5796296296296298 0.6625 0.6250000000000002 0.6953125 0.6250000000000002
2 0.7484375 0.5981481481481483 0.7151041666666667 0.5981481481481483 0.7151041666666667 0.6425925925925928 0.7484375 0.6425925925925928
8 0.5911458333333334 0.6583333333333335 0.5572916666666666 0.6583333333333335 0.5572916666666666 0.7055555555555557 0.5911458333333334 0.7055555555555557
3 0.384375 0.27685185185185196 0.3515625 0.27685185185185196 0.3515625 0.3212962962962964 0.384375 0.3212962962962964
9 0.6057291666666667 0.21944444444444458 0.571875 0.21944444444444455 0.571875 0.263888888888889 0.6057291666666667 0.263888888888889
3 0.3296875 0.2685185185185186 0.296875 0.2685185185185186 0.296875 0.31203703703703717 0.3296875 0.31203703703703717
8 0.4786458333333333 0.6407407407407407 0.4453125 0.6407407407407407 0.4453125 0.687037037037037 0.4786458333333333 0.687037037037037
0 0.6895833333333333 0.8351851851851854 0.6505208333333333 0.8351851851851854 0.6505208333333333 0.8962962962962965 0.6895833333333333 0.8962962962962965
1 0.4083333333333333 0.037037037037037125 0.3692708333333333 0.03703703703703712 0.3692708333333333 0.09166666666666674 0.4083333333333333 0.09166666666666674
9 0.49947916666666664 0.21018518518518528 0.465625 0.21018518518518528 0.465625 0.25462962962962976 0.49947916666666664 0.25462962962962976
3 0.7546875 0.3407407407407409 0.7229166666666667 0.34074074074074084 0.7229166666666667 0.3861111111111113 0.7546875 0.38611111111111135
3 0.7083333333333334 0.3333333333333334 0.675 0.3333333333333334 0.675 0.3777777777777779 0.7083333333333334 0.3777777777777779
11 0.7640625 0.10000000000000016 0.725 0.10000000000000016 0.725 0.15370370370370387 0.7640625 0.15370370370370387