11 0.21354166666666666 0.2953703703703704 0.17864583333333334 0.2953703703703704 0.17864583333333334 0.35 0.21354166666666666 0.35
13 0.25625000000000003 0.44629629629629636 0.2114583333333334 0.4462962962962963 0.2114583333333334 0.5175925925925926 0.25625000000000003 0.5175925925925926
4 0.6114583333333333 0.6175925925925928 0.5739583333333333 0.6175925925925928 0.5739583333333333 0.676851851851852 0.6114583333333333 0.676851851851852
7 0.30364583333333334 0.20648148148148154 0.26875 0.20648148148148154 0.26875 0.2601851851851853 0.30364583333333334 0.2601851851851853
3 0.3380208333333333 0.6481481481481481 0.30885416666666665 0.6481481481481481 0.30885416666666665 0.6935185185185185 0.3380208333333333 0.6935185185185185
3 0.33645833333333336 0.28703703703703715 0.30572916666666666 0.28703703703703715 0.30572916666666666 0.338888888888889 0.33645833333333336 0.338888888888889
2 0.47239583333333335 0.113888888888889 0.44375 0.113888888888889 0.44375 0.15555555555555567 0.47239583333333335 0.15555555555555567
3 0.34322916666666675 0.8287037037037037 0.31302083333333336 0.8287037037037037 0.3130208333333334 0.875 0.3432291666666668 0.875
3 0.3338541666666667 0.45925925925925937 0.30364583333333334 0.45925925925925937 0.30364583333333334 0.5074074074074074 0.3338541666666667 0.5074074074074074
7 0.29583333333333334 0.7472222222222222 0.2598958333333334 0.7472222222222222 0.2598958333333334 0.8046296296296296 0.29583333333333334 0.8046296296296296
2 0.4807291666666667 0.8305555555555556 0.44947916666666665 0.8305555555555556 0.4494791666666667 0.8759259259259259 0.48072916666666676 0.8759259259259259
2 0.4739583333333333 0.2787037037037038 0.44479166666666664 0.2787037037037038 0.44479166666666664 0.33055555555555566 0.4739583333333333 0.33055555555555566
12 0.5734375 0.4564814814814816 0.5307291666666667 0.4564814814814816 0.5307291666666667 0.5250000000000002 0.5734375 0.5250000000000002
3 0.33645833333333336 0.12777777777777782 0.30885416666666665 0.12777777777777782 0.30885416666666665 0.16851851851851857 0.33645833333333336 0.16851851851851857
2 0.47604166666666664 0.4611111111111112 0.446875 0.4611111111111112 0.446875 0.5046296296296297 0.47604166666666664 0.5046296296296297
9 0.20833333333333337 0.39166666666666666 0.18072916666666666 0.39166666666666666 0.1807291666666667 0.4351851851851852 0.2083333333333334 0.4351851851851852
2 0.4734375 0.6444444444444445 0.4432291666666667 0.6444444444444445 0.4432291666666667 0.6898148148148148 0.4734375 0.6898148148148148
6 0.51875 0.18240740740740752 0.4828125 0.18240740740740752 0.4828125 0.23611111111111122 0.51875 0.23611111111111122
6 0.5296875 0.739814814814815 0.49270833333333336 0.739814814814815 0.49270833333333336 0.7953703703703706 0.5296875 0.7953703703703706
8 0.6203125 0.5444444444444446 0.590625 0.5444444444444446 0.590625 0.5879629629629631 0.6203125 0.5879629629629631
1 0.21979166666666672 0.8324074074074074 0.18385416666666674 0.8324074074074074 0.18385416666666674 0.8888888888888888 0.21979166666666672 0.8888888888888888
10 0.615625 0.7175925925925928 0.5791666666666667 0.7175925925925928 0.5791666666666667 0.7731481481481484 0.615625 0.7731481481481484
4 0.6072916666666667 0.18981481481481494 0.5713541666666667 0.1898148148148149 0.5713541666666667 0.24351851851851863 0.6072916666666667 0.24351851851851863
1 0.21197916666666666 0.14166666666666672 0.17864583333333334 0.14166666666666672 0.17864583333333334 0.19537037037037042 0.21197916666666666 0.19537037037037042
5 0.21093750000000006 0.7324074074074074 0.1755208333333334 0.7324074074074074 0.1755208333333334 0.7898148148148149 0.21093750000000006 0.7898148148148149
0 0.6026041666666667 0.11111111111111124 0.5666666666666667 0.11111111111111124 0.5666666666666667 0.16481481481481491 0.6026041666666667 0.16481481481481491
8 0.6104166666666667 0.37685185185185194 0.5802083333333333 0.37685185185185194 0.5802083333333333 0.41944444444444456 0.6104166666666667 0.41944444444444456
5 0.21875 0.20648148148148154 0.18385416666666668 0.20648148148148154 0.18385416666666668 0.26851851851851855 0.21875 0.26851851851851855
9 0.20312500000000006 0.5685185185185185 0.1755208333333334 0.5685185185185185 0.1755208333333334 0.6203703703703703 0.20312500000000006 0.6203703703703703
11 0.20781250000000007 0.6444444444444445 0.1723958333333334 0.6444444444444445 0.1723958333333334 0.7092592592592593 0.20781250000000007 0.7092592592592593
10 0.6114583333333333 0.26944444444444454 0.5734375 0.26944444444444454 0.5734375 0.3333333333333334 0.6114583333333333 0.3333333333333334
0 0.6265625 0.7990740740740743 0.5890625 0.7990740740740743 0.5890625 0.8666666666666669 0.6265625 0.8666666666666669