4 0.32708333333333334 0.22777777777777783 0.2765625 0.22777777777777783 0.2765625 0.32037037037037047 0.32708333333333334 0.32037037037037047
7 0.5854166666666667 0.4601851851851853 0.5328125 0.4601851851851853 0.5328125 0.5574074074074076 0.5854166666666667 0.5574074074074076
2 0.7229166666666667 0.4212962962962964 0.6802083333333333 0.4212962962962964 0.6802083333333333 0.4990740740740743 0.7229166666666667 0.4990740740740743
13 0.6307291666666667 0.6379629629629632 0.5677083333333334 0.6379629629629632 0.5677083333333334 0.7546296296296299 0.6307291666666667 0.7546296296296299
7 0.6953125 0.49166666666666686 0.6427083333333333 0.49166666666666686 0.6427083333333333 0.5870370370370372 0.6953125 0.5870370370370372
3 0.45989583333333334 0.05833333333333343 0.41875 0.058333333333333424 0.41875 0.13425925925925936 0.45989583333333334 0.13425925925925936
4 0.43072916666666666 0.25925925925925936 0.37916666666666665 0.25925925925925936 0.37916666666666665 0.3537037037037038 0.43072916666666666 0.3537037037037038
9 0.6552083333333333 0.5888888888888891 0.6135416666666667 0.5888888888888891 0.6135416666666667 0.6666666666666669 0.6552083333333333 0.6666666666666669
3 0.32083333333333336 0.3675925925925927 0.28072916666666664 0.3675925925925927 0.28072916666666664 0.44166666666666676 0.32083333333333336 0.44166666666666676
1 0.5895833333333333 0.5925925925925928 0.5369791666666667 0.5925925925925928 0.5369791666666667 0.689814814814815 0.5895833333333333 0.689814814814815
3 0.2598958333333334 0.38888888888888895 0.2203125 0.3888888888888889 0.22031250000000002 0.4620370370370371 0.2598958333333334 0.46203703703703713
0 0.396875 0.20277777777777786 0.3453125 0.20277777777777783 0.3453125 0.2981481481481483 0.396875 0.2981481481481483
3 0.42135416666666664 0.012037037037037124 0.3802083333333333 0.012037037037037119 0.3802083333333333 0.08796296296296305 0.42135416666666664 0.08796296296296305
5 0.7302083333333333 0.5564814814814817 0.6770833333333334 0.5564814814814817 0.6770833333333334 0.6537037037037039 0.7302083333333333 0.6537037037037039
8 0.39010416666666664 0.338888888888889 0.3484375 0.338888888888889 0.3484375 0.4148148148148149 0.39010416666666664 0.4148148148148149
11 0.6989583333333333 0.6222222222222225 0.6453125 0.6222222222222225 0.6453125 0.7212962962962965 0.6989583333333333 0.7212962962962965
2 0.61875 0.7962962962962965 0.5760416666666667 0.7962962962962965 0.5760416666666667 0.8740740740740743 0.61875 0.8740740740740743
10 0.3609375 0.27685185185185196 0.3104166666666667 0.27685185185185196 0.3104166666666667 0.37037037037037046 0.3609375 0.37037037037037046
1 0.6630208333333333 0.6981481481481484 0.6109375 0.6981481481481484 0.6109375 0.7935185185185187 0.6630208333333333 0.7935185185185187
6 0.390625 0.0861111111111112 0.34010416666666665 0.0861111111111112 0.34010416666666665 0.17870370370370378 0.390625 0.1787037037037038
6 0.4661458333333333 0.3074074074074075 0.41354166666666664 0.3074074074074075 0.41354166666666664 0.4027777777777779 0.4661458333333333 0.4027777777777779
2 0.5859375 0.7407407407407409 0.5442708333333334 0.7407407407407409 0.5442708333333334 0.8166666666666669 0.5859375 0.8166666666666669
3 0.2859375 0.31666666666666676 0.2453125 0.31666666666666676 0.2453125 0.39074074074074083 0.2859375 0.39074074074074083
5 0.6598958333333333 0.4490740740740742 0.60625 0.4490740740740742 0.60625 0.5481481481481484 0.6598958333333333 0.5481481481481484
12 0.43697916666666664 0.11296296296296306 0.37395833333333334 0.11296296296296304 0.37395833333333334 0.22777777777777788 0.43697916666666664 0.22777777777777788
10 0.35625 0.1555555555555556 0.30625 0.1555555555555556 0.30625 0.2453703703703705 0.35625 0.2453703703703705
2 0.7661458333333333 0.47407407407407426 0.7203125 0.47407407407407426 0.7203125 0.5574074074074076 0.7661458333333333 0.5574074074074076
0 0.4640625 0.18333333333333343 0.4119791666666667 0.18333333333333343 0.4119791666666667 0.27685185185185196 0.4640625 0.27685185185185196
2 0.5880208333333333 0.8703703703703706 0.5447916666666667 0.8703703703703706 0.5447916666666667 0.9490740740740741 0.5880208333333333 0.9490740740740741
11 0.6239583333333333 0.5157407407407409 0.5708333333333333 0.5157407407407409 0.5708333333333333 0.6120370370370373 0.6239583333333333 0.6120370370370373