7 0.5135416666666667 0.5194444444444446 0.46979166666666666 0.5194444444444445 0.46979166666666666 0.5972222222222223 0.5135416666666667 0.5972222222222224
11 0.41041666666666665 0.5722222222222222 0.36666666666666664 0.5722222222222222 0.36666666666666664 0.6481481481481481 0.41041666666666665 0.6481481481481481
4 0.3255208333333333 0.15925925925925932 0.28541666666666665 0.15925925925925932 0.28541666666666665 0.22962962962962968 0.3255208333333333 0.22962962962962968
13 0.4744791666666667 0.6166666666666667 0.42083333333333334 0.6166666666666667 0.42083333333333334 0.712037037037037 0.4744791666666667 0.712037037037037
10 0.4276041666666667 0.17592592592592604 0.3848958333333333 0.17592592592592604 0.3848958333333333 0.2500000000000001 0.4276041666666667 0.2500000000000001
7 0.31302083333333336 0.6240740740740741 0.26927083333333335 0.6240740740740741 0.26927083333333335 0.7 0.31302083333333336 0.7
3 0.3494791666666667 0.5324074074074074 0.3140625 0.5324074074074074 0.3140625 0.5935185185185186 0.3494791666666667 0.5935185185185186
10 0.3796875 0.19814814814814824 0.3385416666666667 0.1981481481481482 0.3385416666666667 0.2712962962962964 0.3796875 0.2712962962962964
3 0.4515625 0.48148148148148145 0.4166666666666667 0.48148148148148145 0.4166666666666667 0.5416666666666666 0.4515625 0.5416666666666666
3 0.403125 0.49722222222222223 0.36770833333333336 0.49722222222222223 0.36770833333333336 0.5583333333333333 0.403125 0.5583333333333333
6 0.4734375 0.15277777777777787 0.4328125 0.15277777777777787 0.4328125 0.22407407407407418 0.4734375 0.22407407407407418
2 0.4791666666666667 0.22777777777777788 0.4473958333333333 0.22777777777777788 0.4473958333333333 0.2842592592592594 0.4791666666666667 0.2842592592592594
3 0.503125 0.450925925925926 0.46875 0.450925925925926 0.46875 0.5111111111111112 0.503125 0.5111111111111113
8 0.46510416666666665 0.08703703703703715 0.4328125 0.08703703703703715 0.4328125 0.14444444444444454 0.46510416666666665 0.14444444444444454
6 0.3307291666666667 0.2305555555555556 0.2890625 0.2305555555555556 0.2890625 0.30092592592592604 0.3307291666666667 0.30092592592592604
2 0.42864583333333334 0.25740740740740753 0.39479166666666665 0.25740740740740753 0.39479166666666665 0.31481481481481494 0.42864583333333334 0.31481481481481494
12 0.42916666666666664 0.09814814814814823 0.37864583333333335 0.09814814814814822 0.37864583333333335 0.18333333333333343 0.42916666666666664 0.18333333333333343
2 0.3765625 0.27962962962962973 0.34427083333333336 0.27962962962962973 0.34427083333333336 0.3361111111111112 0.3765625 0.3361111111111112
1 0.4630208333333333 0.5453703703703704 0.41875 0.5453703703703704 0.41875 0.6231481481481481 0.4630208333333333 0.6231481481481481
2 0.5286458333333334 0.2037037037037038 0.4947916666666667 0.2037037037037038 0.4947916666666667 0.2620370370370371 0.5286458333333334 0.2620370370370371
9 0.5177083333333333 0.6064814814814816 0.4817708333333333 0.6064814814814815 0.4817708333333333 0.6694444444444445 0.5177083333333333 0.6694444444444446
8 0.3729166666666667 0.14166666666666675 0.3411458333333333 0.14166666666666672 0.3411458333333333 0.1972222222222223 0.3729166666666667 0.19722222222222233
3 0.5520833333333334 0.4231481481481483 0.5171875 0.4231481481481483 0.5171875 0.4824074074074076 0.5520833333333334 0.4824074074074076
2 0.33125 0.3074074074074075 0.2989583333333333 0.3074074074074075 0.2989583333333333 0.3648148148148149 0.33125 0.3648148148148149
0 0.5197916666666667 0.12685185185185197 0.4791666666666667 0.12685185185185197 0.4791666666666667 0.19814814814814824 0.5197916666666667 0.19814814814814824
5 0.575 0.565740740740741 0.5307291666666667 0.565740740740741 0.5307291666666667 0.6435185185185187 0.575 0.6435185185185187
5 0.3203125 0.7046296296296296 0.2760416666666667 0.7046296296296296 0.2760416666666667 0.7824074074074074 0.3203125 0.7824074074074074
9 0.4140625 0.6574074074074074 0.37864583333333335 0.6574074074074074 0.37864583333333335 0.7185185185185186 0.4140625 0.7185185185185186
4 0.5151041666666667 0.05648148148148159 0.4739583333333333 0.056481481481481584 0.4739583333333333 0.12685185185185197 0.5151041666666667 0.12685185185185197
0 0.28020833333333334 0.18796296296296303 0.23802083333333332 0.18796296296296303 0.23802083333333332 0.26018518518518524 0.28020833333333334 0.2601851851851853
1 0.3640625 0.5916666666666667 0.3203125 0.5916666666666667 0.3203125 0.6712962962962963 0.3640625 0.6712962962962963
11 0.37135416666666665 0.675 0.32447916666666665 0.675 0.32447916666666665 0.7564814814814815 0.37135416666666665 0.7564814814814815