11 0.5671875 0.0564814814814816 0.5197916666666667 0.0564814814814816 0.5197916666666667 0.1500000000000001 0.5671875 0.1500000000000001
1 0.6927083333333334 0.16666666666666682 0.6479166666666667 0.16666666666666682 0.6479166666666667 0.25092592592592605 0.6927083333333334 0.25092592592592605
5 0.38645833333333335 0.7231481481481481 0.34010416666666665 0.7231481481481481 0.34010416666666665 0.8148148148148148 0.38645833333333335 0.8148148148148148
7 0.5156250000000001 0.8148148148148149 0.471875 0.8148148148148148 0.47187500000000004 0.8953703703703705 0.5156250000000001 0.8953703703703706
7 0.7510416666666667 0.41111111111111126 0.7041666666666667 0.4111111111111112 0.7041666666666667 0.4990740740740743 0.7510416666666667 0.4990740740740743
10 0.6697916666666667 0.2814814814814816 0.6255208333333333 0.2814814814814816 0.6255208333333333 0.35833333333333345 0.6697916666666667 0.35833333333333345
2 0.5890625 0.6629629629629632 0.5515625 0.6629629629629632 0.5515625 0.7370370370370373 0.5890625 0.7370370370370373
9 0.3458333333333333 0.5509259259259259 0.30833333333333335 0.5509259259259259 0.30833333333333335 0.6268518518518519 0.3458333333333333 0.6268518518518519
2 0.4479166666666667 0.774074074074074 0.4114583333333333 0.774074074074074 0.4114583333333333 0.8462962962962963 0.4479166666666667 0.8462962962962963
8 0.6411458333333333 0.400925925925926 0.6036458333333333 0.400925925925926 0.6036458333333333 0.4750000000000002 0.6411458333333333 0.4750000000000002
3 0.46041666666666664 0.3462962962962964 0.42239583333333336 0.3462962962962964 0.42239583333333336 0.42037037037037045 0.46041666666666664 0.42037037037037045
2 0.5130208333333334 0.30462962962962975 0.4708333333333333 0.30462962962962975 0.4708333333333333 0.3870370370370371 0.5130208333333334 0.3870370370370371
6 0.6635416666666667 0.48796296296296315 0.6177083333333333 0.48796296296296315 0.6177083333333333 0.5768518518518521 0.6635416666666667 0.5768518518518521
3 0.44375 0.26111111111111124 0.40572916666666664 0.26111111111111124 0.40572916666666664 0.3351851851851853 0.44375 0.3351851851851853
3 0.4552083333333333 0.5592592592592592 0.41770833333333335 0.5592592592592592 0.41770833333333335 0.6324074074074074 0.4552083333333333 0.6324074074074074
3 0.5338541666666666 0.38611111111111124 0.49375 0.38611111111111124 0.49375 0.4629629629629631 0.5338541666666666 0.4629629629629631
3 0.5432291666666667 0.6944444444444446 0.5067708333333333 0.6944444444444446 0.5067708333333333 0.7666666666666668 0.5432291666666667 0.7666666666666668
8 0.7114583333333333 0.24444444444444455 0.675 0.24444444444444455 0.675 0.31666666666666676 0.7114583333333333 0.31666666666666676
6 0.4041666666666667 0.08055555555555563 0.35885416666666664 0.08055555555555563 0.35885416666666664 0.16666666666666674 0.4041666666666667 0.16666666666666677
2 0.3307291666666667 0.25185185185185194 0.29322916666666665 0.25185185185185194 0.29322916666666665 0.325925925925926 0.3307291666666667 0.325925925925926
2 0.35260416666666666 0.34074074074074084 0.31354166666666666 0.34074074074074084 0.31354166666666666 0.41203703703703715 0.35260416666666666 0.41203703703703715
11 0.6260416666666667 0.3157407407407408 0.5791666666666667 0.3157407407407408 0.5791666666666667 0.40555555555555567 0.6260416666666667 0.40555555555555567
10 0.3015625 0.5768518518518518 0.26093750000000004 0.5768518518518518 0.26093750000000004 0.6537037037037037 0.3015625 0.6537037037037037
12 0.7369791666666666 0.3157407407407409 0.68125 0.3157407407407408 0.68125 0.4194444444444446 0.7369791666666666 0.4194444444444447
4 0.5041666666666667 0.5175925925925927 0.4578125 0.5175925925925926 0.4578125 0.6083333333333334 0.5041666666666667 0.6083333333333335
0 0.41458333333333336 0.587037037037037 0.36614583333333334 0.587037037037037 0.36614583333333334 0.6759259259259259 0.41458333333333336 0.6759259259259259
5 0.4395833333333333 0.45925925925925937 0.3927083333333333 0.45925925925925937 0.3927083333333333 0.55 0.4395833333333333 0.55
13 0.33229166666666665 0.4490740740740742 0.2791666666666667 0.4490740740740742 0.2791666666666667 0.5462962962962963 0.33229166666666665 0.5462962962962963
9 0.36041666666666666 0.6398148148148148 0.32395833333333335 0.6398148148148148 0.32395833333333335 0.7092592592592593 0.36041666666666666 0.7092592592592593
0 0.6057291666666667 0.22592592592592606 0.559375 0.22592592592592603 0.559375 0.31296296296296305 0.6057291666666667 0.31296296296296305
4 0.6838541666666667 0.5740740740740743 0.6354166666666666 0.5740740740740743 0.6354166666666666 0.6638888888888891 0.6838541666666667 0.6638888888888891
1 0.3765625 0.42037037037037045 0.33125 0.42037037037037045 0.33125 0.5037037037037037 0.3765625 0.5037037037037037