3 0.4703125 0.3175925925925927 0.4432291666666667 0.3175925925925927 0.4432291666666667 0.3611111111111112 0.4703125 0.3611111111111112
6 0.6395833333333333 0.6194444444444447 0.6046875 0.6194444444444447 0.6046875 0.676851851851852 0.6395833333333333 0.676851851851852
0 0.2895833333333334 0.8185185185185185 0.2541666666666667 0.8185185185185185 0.2541666666666667 0.8768518518518519 0.28958333333333347 0.8768518518518519
3 0.36822916666666666 0.33425925925925937 0.340625 0.33425925925925937 0.340625 0.3777777777777779 0.36822916666666666 0.3777777777777779
3 0.5671875 0.31296296296296305 0.5385416666666667 0.31296296296296305 0.5385416666666667 0.35648148148148157 0.5671875 0.35648148148148157
5 0.32708333333333334 0.12037037037037042 0.2947916666666667 0.12037037037037042 0.2947916666666667 0.17129629629629634 0.32708333333333334 0.17129629629629634
2 0.6796875 0.5416666666666669 0.6505208333333333 0.5416666666666669 0.6505208333333333 0.5870370370370372 0.6796875 0.5870370370370372
2 0.475 0.5675925925925925 0.446875 0.5675925925925925 0.446875 0.6138888888888889 0.475 0.6138888888888889
2 0.5770833333333333 0.5500000000000002 0.5489583333333333 0.5500000000000002 0.5489583333333333 0.5962962962962965 0.5770833333333333 0.5962962962962965
7 0.6135416666666667 0.2425925925925927 0.58125 0.2425925925925927 0.58125 0.29537037037037045 0.6135416666666667 0.29537037037037045
2 0.275 0.5805555555555556 0.24791666666666673 0.5805555555555556 0.24791666666666673 0.625 0.275 0.625
12 0.4822916666666667 0.7111111111111111 0.43802083333333336 0.7111111111111111 0.43802083333333336 0.7824074074074074 0.4822916666666667 0.7824074074074074
9 0.5083333333333333 0.1074074074074075 0.48072916666666665 0.1074074074074075 0.48072916666666665 0.14722222222222234 0.5083333333333333 0.14722222222222234
13 0.475 0.1611111111111112 0.4348958333333333 0.1611111111111112 0.4348958333333333 0.22685185185185194 0.475 0.22685185185185194
2 0.3729166666666667 0.5638888888888889 0.34427083333333336 0.5638888888888889 0.34427083333333336 0.6092592592592593 0.3729166666666667 0.6092592592592593
7 0.3171875 0.2583333333333334 0.2838541666666667 0.2583333333333334 0.2838541666666667 0.31296296296296305 0.3171875 0.31296296296296305
11 0.37083333333333335 0.10740740740740749 0.33541666666666664 0.10740740740740749 0.33541666666666664 0.16388888888888897 0.37083333333333335 0.163888888888889
4 0.6427083333333333 0.7796296296296299 0.6072916666666667 0.7796296296296299 0.6072916666666667 0.8416666666666669 0.6427083333333333 0.8416666666666669
3 0.2765625 0.35277777777777786 0.25 0.35277777777777786 0.25 0.3953703703703705 0.2765625 0.3953703703703705
9 0.409375 0.11018518518518526 0.38125 0.11018518518518526 0.38125 0.15277777777777787 0.409375 0.15277777777777787
4 0.39010416666666664 0.7935185185185185 0.3541666666666667 0.7935185185185185 0.3541666666666667 0.8574074074074074 0.39010416666666664 0.8574074074074074
3 0.6640625 0.30462962962962975 0.6364583333333333 0.30462962962962975 0.6364583333333333 0.34814814814814826 0.6640625 0.34814814814814826
5 0.6072916666666667 0.09722222222222235 0.5729166666666666 0.09722222222222235 0.5729166666666666 0.151851851851852 0.6072916666666667 0.15185185185185202
8 0.43281250000000004 0.8194444444444444 0.40520833333333334 0.8194444444444444 0.4052083333333334 0.8657407407407407 0.4328125000000001 0.8657407407407407
0 0.6901041666666666 0.7722222222222225 0.6541666666666667 0.7722222222222225 0.6541666666666667 0.8314814814814817 0.6901041666666666 0.8314814814814817
8 0.5302083333333333 0.8037037037037039 0.5010416666666667 0.8037037037037039 0.5010416666666667 0.8500000000000002 0.5302083333333333 0.8500000000000002
1 0.2760416666666667 0.1370370370370371 0.24427083333333333 0.1370370370370371 0.24427083333333333 0.18888888888888894 0.2760416666666667 0.18888888888888894
11 0.5609375 0.09351851851851864 0.5296875 0.09351851851851863 0.5296875 0.1500000000000001 0.5609375 0.1500000000000001
1 0.6489583333333333 0.07962962962962976 0.6151041666666667 0.07962962962962976 0.6151041666666667 0.1407407407407409 0.6489583333333333 0.1407407407407409
6 0.3255208333333333 0.65 0.2864583333333333 0.65 0.2864583333333333 0.7111111111111111 0.3255208333333333 0.7111111111111111
10 0.590625 0.7824074074074077 0.5520833333333334 0.7824074074074077 0.5520833333333334 0.8518518518518521 0.590625 0.8518518518518521
10 0.3375000000000001 0.8009259259259259 0.3026041666666667 0.8009259259259259 0.30260416666666673 0.8629629629629629 0.33750000000000013 0.8629629629629629