6 0.5729166666666666 0.8592592592592595 0.5338541666666666 0.8592592592592595 0.5338541666666666 0.9203703703703706 0.5729166666666666 0.9203703703703706
11 0.528125 0.08611111111111122 0.4901041666666667 0.08611111111111122 0.4901041666666667 0.1462962962962964 0.528125 0.1462962962962964
4 0.4723958333333334 0.8583333333333333 0.4328125 0.8583333333333333 0.43281250000000004 0.9212962962962963 0.47239583333333346 0.9212962962962963
0 0.5744791666666667 0.6879629629629632 0.5364583333333334 0.6879629629629632 0.5364583333333334 0.7481481481481483 0.5744791666666667 0.7481481481481483
3 0.6328125 0.7814814814814817 0.6 0.7814814814814817 0.6 0.8296296296296298 0.6328125 0.8296296296296298
2 0.36302083333333335 0.08981481481481489 0.334375 0.08981481481481489 0.334375 0.13425925925925933 0.36302083333333335 0.13425925925925936
9 0.5197916666666667 0.16666666666666677 0.4890625 0.16666666666666677 0.4890625 0.21111111111111122 0.5197916666666667 0.21111111111111122
2 0.634375 0.17870370370370384 0.603125 0.1787037037037038 0.603125 0.22500000000000014 0.634375 0.22500000000000014
3 0.63125 0.8703703703703706 0.6 0.8703703703703706 0.6 0.9185185185185187 0.63125 0.9185185185185187
2 0.6348958333333333 0.09351851851851865 0.6052083333333333 0.09351851851851865 0.6052083333333333 0.13981481481481497 0.6348958333333333 0.13981481481481497
3 0.41041666666666665 0.7731481481481481 0.37864583333333335 0.7731481481481481 0.37864583333333335 0.8203703703703704 0.41041666666666665 0.8203703703703704
7 0.5286458333333334 0.3361111111111112 0.4895833333333333 0.3361111111111112 0.4895833333333333 0.3962962962962964 0.5286458333333334 0.3962962962962964
4 0.5213541666666667 0.6851851851851853 0.48333333333333334 0.6851851851851852 0.48333333333333334 0.7481481481481482 0.5213541666666667 0.7481481481481483
1 0.4734375 0.2462962962962964 0.4354166666666667 0.2462962962962964 0.4354166666666667 0.3037037037037038 0.4734375 0.3037037037037038
3 0.3598958333333334 0.850925925925926 0.32916666666666666 0.850925925925926 0.3291666666666667 0.8981481481481481 0.35989583333333347 0.8981481481481481
7 0.5838541666666667 0.16574074074074086 0.546875 0.16574074074074086 0.546875 0.22407407407407418 0.5838541666666667 0.22407407407407418
2 0.4140625 0.08981481481481489 0.384375 0.08981481481481489 0.384375 0.1361111111111112 0.4140625 0.1361111111111112
2 0.41510416666666666 0.16666666666666677 0.3854166666666667 0.16666666666666677 0.3854166666666667 0.21481481481481493 0.41510416666666666 0.21481481481481493
0 0.5255208333333333 0.7712962962962965 0.4864583333333333 0.7712962962962965 0.4864583333333333 0.8324074074074076 0.5255208333333333 0.8324074074074076
6 0.5223958333333333 0.6000000000000002 0.48385416666666664 0.6000000000000002 0.48385416666666664 0.6601851851851854 0.5223958333333333 0.6601851851851854
8 0.46510416666666665 0.6916666666666667 0.43333333333333335 0.6916666666666667 0.43333333333333335 0.7407407407407407 0.46510416666666665 0.7407407407407407
13 0.4765625 0.1611111111111112 0.4317708333333333 0.1611111111111112 0.4317708333333333 0.23333333333333345 0.4765625 0.23333333333333345
5 0.5828125 0.24444444444444455 0.5432291666666667 0.24444444444444455 0.5432291666666667 0.3064814814814816 0.5828125 0.3064814814814816
1 0.47604166666666664 0.08425925925925937 0.43697916666666664 0.08425925925925937 0.43697916666666664 0.14814814814814825 0.47604166666666664 0.14814814814814825
5 0.578125 0.08240740740740753 0.5385416666666667 0.08240740740740751 0.5385416666666667 0.14722222222222234 0.578125 0.14722222222222234
10 0.46927083333333336 0.7722222222222223 0.4317708333333333 0.7722222222222223 0.4317708333333333 0.8342592592592593 0.46927083333333336 0.8342592592592593
12 0.5848958333333333 0.7592592592592595 0.5401041666666667 0.7592592592592595 0.5401041666666667 0.8425925925925928 0.5848958333333333 0.8425925925925928
10 0.5223958333333335 0.8611111111111113 0.48281250000000014 0.8611111111111112 0.48281250000000014 0.9222222222222223 0.5223958333333335 0.9222222222222224
3 0.4083333333333334 0.8583333333333333 0.3765625 0.8583333333333333 0.3765625000000001 0.9157407407407407 0.40833333333333344 0.9157407407407407
11 0.528125 0.24722222222222232 0.4895833333333333 0.24722222222222232 0.4895833333333333 0.3111111111111112 0.528125 0.3111111111111112