7 0.5119791666666667 0.5675925925925926 0.4734375 0.5675925925925925 0.4734375 0.626851851851852 0.5119791666666667 0.6268518518518521
3 0.3953125 0.1435185185185186 0.3625 0.14351851851851857 0.3625 0.1935185185185186 0.3953125 0.19351851851851862
2 0.4 0.7435185185185185 0.3697916666666667 0.7435185185185185 0.3697916666666667 0.7935185185185185 0.4 0.7935185185185185
9 0.5151041666666667 0.7509259259259261 0.484375 0.7509259259259261 0.484375 0.8000000000000002 0.5151041666666667 0.8000000000000002
0 0.5083333333333333 0.138888888888889 0.46875 0.138888888888889 0.46875 0.19814814814814824 0.5083333333333333 0.19814814814814824
7 0.459375 0.7425925925925926 0.421875 0.7425925925925926 0.421875 0.8037037037037037 0.459375 0.8037037037037037
3 0.3958333333333333 0.06296296296296304 0.3671875 0.06296296296296304 0.3671875 0.1083333333333334 0.3958333333333333 0.1083333333333334
1 0.571875 0.8203703703703705 0.5317708333333333 0.8203703703703705 0.5317708333333334 0.8833333333333335 0.571875 0.8833333333333335
11 0.5156250000000001 0.8231481481481483 0.47604166666666664 0.8231481481481482 0.47604166666666675 0.8861111111111112 0.5156250000000001 0.8861111111111113
3 0.6619791666666667 0.06388888888888902 0.6286458333333333 0.06388888888888902 0.6286458333333333 0.11388888888888903 0.6619791666666667 0.11388888888888903
5 0.4630208333333333 0.662962962962963 0.4234375 0.662962962962963 0.4234375 0.725925925925926 0.4630208333333333 0.725925925925926
4 0.5598958333333334 0.05185185185185197 0.5213541666666667 0.05185185185185197 0.5213541666666667 0.10925925925925938 0.5598958333333334 0.10925925925925939
5 0.4651041666666667 0.8277777777777777 0.4265625 0.8277777777777777 0.42656250000000007 0.8916666666666667 0.46510416666666676 0.8916666666666667
3 0.6130208333333333 0.1379629629629631 0.58125 0.13796296296296306 0.58125 0.18888888888888902 0.6130208333333333 0.18888888888888905
13 0.5755208333333334 0.7305555555555557 0.5276041666666667 0.7305555555555557 0.5276041666666667 0.8055555555555558 0.5755208333333334 0.8055555555555558
4 0.5104166666666666 0.21574074074074084 0.471875 0.21574074074074084 0.471875 0.2777777777777779 0.5104166666666666 0.2777777777777779
11 0.515625 0.6555555555555557 0.4765625 0.6555555555555556 0.4765625 0.7175925925925927 0.515625 0.7175925925925928
1 0.56875 0.6555555555555558 0.528125 0.6555555555555558 0.528125 0.7166666666666669 0.56875 0.7166666666666669
6 0.4578125 0.052777777777777875 0.4197916666666667 0.05277777777777787 0.4197916666666667 0.11666666666666677 0.4578125 0.11666666666666677
10 0.5588541666666667 0.12592592592592602 0.5208333333333334 0.12592592592592602 0.5208333333333334 0.19444444444444456 0.5588541666666667 0.19444444444444456
10 0.5083333333333333 0.05000000000000011 0.471875 0.05000000000000011 0.471875 0.11018518518518529 0.5083333333333333 0.11018518518518529
3 0.6114583333333333 0.055555555555555684 0.5796875 0.055555555555555684 0.5796875 0.10833333333333346 0.6114583333333333 0.10833333333333346
6 0.5098958333333333 0.2935185185185186 0.4739583333333333 0.2935185185185186 0.4739583333333333 0.3611111111111112 0.5098958333333333 0.3611111111111112
0 0.4578125 0.213888888888889 0.421875 0.213888888888889 0.421875 0.2814814814814816 0.4578125 0.2814814814814816
8 0.5578125 0.213888888888889 0.528125 0.213888888888889 0.528125 0.26296296296296306 0.5578125 0.26296296296296306
12 0.4552083333333333 0.13055555555555567 0.4109375 0.13055555555555567 0.4109375 0.2027777777777779 0.4552083333333333 0.2027777777777779
2 0.6265625 0.8240740740740743 0.5953125 0.8240740740740743 0.5953125 0.8768518518518521 0.6265625 0.8768518518518521
2 0.3994791666666667 0.8324074074074074 0.36822916666666666 0.8324074074074074 0.3682291666666667 0.8888888888888888 0.3994791666666668 0.8888888888888888
2 0.6203125 0.7435185185185187 0.5901041666666667 0.7435185185185187 0.5901041666666667 0.7962962962962965 0.6203125 0.7962962962962965
2 0.6791666666666667 0.8240740740740743 0.6463541666666667 0.8240740740740743 0.6463541666666667 0.8787037037037039 0.6791666666666667 0.8787037037037039