10 0.43645833333333334 0.18425925925925937 0.3875 0.18425925925925937 0.3875 0.2675925925925927 0.43645833333333334 0.2675925925925927
10 0.3963541666666667 0.22777777777777786 0.34739583333333335 0.22777777777777783 0.34739583333333335 0.3111111111111112 0.3963541666666667 0.3111111111111112
7 0.6171875 0.4564814814814816 0.5671875 0.4564814814814816 0.5671875 0.5416666666666669 0.6171875 0.5416666666666669
11 0.53125 0.6787037037037038 0.4796875 0.6787037037037037 0.4796875 0.764814814814815 0.53125 0.7648148148148151
6 0.4744791666666667 0.14166666666666677 0.42604166666666665 0.14166666666666677 0.42604166666666665 0.22314814814814826 0.4744791666666667 0.22314814814814826
2 0.4984375 0.2064814814814816 0.45989583333333334 0.2064814814814816 0.45989583333333334 0.2712962962962964 0.4984375 0.2712962962962964
3 0.50625 0.49537037037037046 0.4661458333333333 0.49537037037037035 0.4661458333333333 0.5620370370370371 0.50625 0.5620370370370372
3 0.5463541666666667 0.45185185185185195 0.5057291666666667 0.45185185185185195 0.5057291666666667 0.5194444444444447 0.5463541666666667 0.5194444444444447
7 0.459375 0.6620370370370371 0.4083333333333333 0.6620370370370371 0.4083333333333333 0.7481481481481481 0.459375 0.7481481481481481
2 0.5375 0.16574074074074086 0.5 0.16574074074074086 0.5 0.2287037037037038 0.5375 0.2287037037037038
3 0.5854166666666667 0.3990740740740742 0.5453125 0.3990740740740742 0.5453125 0.46574074074074084 0.5854166666666667 0.46574074074074084
3 0.465625 0.5546296296296296 0.425 0.5546296296296296 0.425 0.6231481481481481 0.465625 0.6231481481481481
2 0.4588541666666667 0.25740740740740753 0.4197916666666667 0.25740740740740753 0.4197916666666667 0.32314814814814824 0.4588541666666667 0.32314814814814824
2 0.41510416666666666 0.3037037037037038 0.3765625 0.3037037037037038 0.3765625 0.3694444444444446 0.41510416666666666 0.3694444444444446
3 0.6213541666666667 0.35092592592592603 0.5807291666666666 0.35092592592592603 0.5807291666666666 0.4185185185185186 0.6213541666666667 0.4185185185185186
5 0.684375 0.46759259259259267 0.634375 0.46759259259259267 0.634375 0.5509259259259262 0.684375 0.5509259259259262
12 0.41822916666666665 0.11203703703703712 0.359375 0.11203703703703712 0.359375 0.2120370370370371 0.41822916666666665 0.21203703703703713
6 0.3567708333333333 0.2824074074074075 0.3078125 0.2824074074074075 0.3078125 0.3648148148148149 0.3567708333333333 0.3648148148148149
9 0.5625 0.6333333333333335 0.5229166666666667 0.6333333333333335 0.5229166666666667 0.7009259259259262 0.5625 0.7009259259259262
9 0.640625 0.5305555555555558 0.6 0.5305555555555558 0.6 0.5990740740740743 0.640625 0.5990740740740743
8 0.3692708333333333 0.17870370370370378 0.3302083333333333 0.17870370370370375 0.3302083333333333 0.24444444444444455 0.3692708333333333 0.24444444444444455
11 0.5380208333333333 0.5564814814814817 0.4864583333333333 0.5564814814814817 0.4864583333333333 0.6444444444444447 0.5380208333333333 0.6444444444444447
4 0.4859375 0.03703703703703714 0.43697916666666664 0.03703703703703713 0.43697916666666664 0.11851851851851862 0.4859375 0.11851851851851862
8 0.44479166666666664 0.08518518518518528 0.4046875 0.08518518518518527 0.4046875 0.15277777777777787 0.44479166666666664 0.15277777777777787
0 0.5125 0.09722222222222232 0.4625 0.09722222222222232 0.4625 0.18055555555555566 0.5125 0.18055555555555566
4 0.33229166666666665 0.21759259259259264 0.28020833333333334 0.21759259259259264 0.28020833333333334 0.30555555555555564 0.33229166666666665 0.30555555555555564
0 0.29375 0.2666666666666667 0.24166666666666667 0.26666666666666666 0.24166666666666667 0.35370370370370374 0.29375 0.3537037037037038
1 0.5802083333333333 0.5046296296296299 0.5276041666666667 0.5046296296296299 0.5276041666666667 0.5925925925925928 0.5802083333333333 0.5925925925925928
1 0.5036458333333333 0.6009259259259261 0.4479166666666667 0.600925925925926 0.4479166666666667 0.6944444444444445 0.5036458333333333 0.6944444444444446
13 0.6151041666666667 0.565740740740741 0.5520833333333334 0.565740740740741 0.5520833333333334 0.6712962962962965 0.6151041666666667 0.6712962962962965
5 0.4921875 0.7305555555555556 0.4375 0.7305555555555555 0.4375 0.8222222222222223 0.4921875 0.8222222222222224
2 0.3807291666666667 0.35277777777777786 0.3385416666666667 0.35277777777777786 0.3385416666666667 0.42407407407407416 0.3807291666666667 0.42407407407407416