2 0.490625 0.21018518518518528 0.4557291666666667 0.21018518518518528 0.4557291666666667 0.275925925925926 0.490625 0.275925925925926
3 0.6317708333333333 0.2750000000000001 0.5947916666666667 0.2750000000000001 0.5947916666666667 0.34259259259259267 0.6317708333333333 0.34259259259259267
8 0.38645833333333335 0.07314814814814823 0.3515625 0.07314814814814823 0.3515625 0.13888888888888898 0.38645833333333335 0.138888888888889
3 0.6661458333333333 0.10000000000000014 0.6302083333333334 0.10000000000000013 0.6302083333333334 0.16851851851851868 0.6661458333333333 0.16851851851851868
3 0.546875 0.6333333333333335 0.5114583333333333 0.6333333333333335 0.5114583333333333 0.7009259259259262 0.546875 0.7009259259259262
7 0.7239583333333334 0.02037037037037052 0.6776041666666667 0.020370370370370514 0.6776041666666667 0.10648148148148164 0.7239583333333334 0.10648148148148164
7 0.6171875 0.5722222222222224 0.5708333333333333 0.5722222222222224 0.5708333333333333 0.6583333333333335 0.6171875 0.6583333333333335
12 0.4161458333333333 0.1648148148148149 0.3625 0.16481481481481486 0.3625 0.26481481481481495 0.4161458333333333 0.26481481481481495
6 0.3984375 0.4601851851851853 0.35572916666666665 0.4601851851851853 0.35572916666666665 0.5407407407407407 0.3984375 0.5407407407407407
2 0.46145833333333336 0.3935185185185186 0.42604166666666665 0.3935185185185186 0.42604166666666665 0.45925925925925937 0.46145833333333336 0.45925925925925937
2 0.5307291666666667 0.03240740740740752 0.4947916666666667 0.03240740740740751 0.4947916666666667 0.1000000000000001 0.5307291666666667 0.1000000000000001
2 0.42135416666666664 0.5712962962962963 0.38697916666666665 0.5712962962962963 0.38697916666666665 0.6351851851851852 0.42135416666666664 0.6351851851851852
13 0.7276041666666667 0.3009259259259261 0.6708333333333333 0.30092592592592604 0.6708333333333333 0.40648148148148167 0.7276041666666667 0.40648148148148167
0 0.3020833333333333 0.4777777777777778 0.26093750000000004 0.4777777777777778 0.26093750000000004 0.5555555555555556 0.3020833333333333 0.5555555555555556
11 0.7229166666666667 0.5231481481481484 0.6765625 0.5231481481481484 0.6765625 0.6101851851851854 0.7229166666666667 0.6101851851851854
4 0.3484375 0.31203703703703717 0.303125 0.31203703703703717 0.303125 0.3962962962962964 0.3484375 0.3962962962962964
3 0.5869791666666667 0.4648148148148149 0.5510416666666667 0.4648148148148149 0.5510416666666667 0.5324074074074077 0.5869791666666667 0.5324074074074077
10 0.40989583333333335 8.436455727459544e-17 0.3651041666666667 7.948864872243469e-17 0.3651041666666667 0.05833333333333342 0.40989583333333335 0.058333333333333424
8 0.3463541666666667 0.23888888888888898 0.31354166666666666 0.23888888888888898 0.31354166666666666 0.3000000000000001 0.3463541666666667 0.3000000000000001
10 0.3255208333333333 0.40185185185185196 0.2838541666666667 0.40185185185185196 0.2838541666666667 0.4787037037037037 0.3255208333333333 0.4787037037037037
5 0.8151041666666666 0.06296296296296314 0.7677083333333333 0.06296296296296312 0.7677083333333333 0.15092592592592607 0.8151041666666666 0.15092592592592607
11 0.8 0.15648148148148164 0.7515625 0.15648148148148164 0.7515625 0.24351851851851872 0.8 0.24351851851851872
9 0.7734375 0.25555555555555576 0.7375 0.25555555555555576 0.7375 0.32685185185185206 0.7734375 0.32685185185185206
9 0.7369791666666666 0.44907407407407424 0.7010416666666667 0.4490740740740742 0.7010416666666667 0.5175925925925928 0.7369791666666666 0.5175925925925928
5 0.7041666666666667 0.6009259259259261 0.6572916666666667 0.6009259259259261 0.6572916666666667 0.6851851851851853 0.7041666666666667 0.6851851851851853
1 0.6765625 0.6962962962962965 0.628125 0.6962962962962965 0.628125 0.7824074074074077 0.6765625 0.7824074074074077