12 0.5229166666666667 0.3435185185185186 0.46458333333333335 0.3435185185185186 0.46458333333333335 0.450925925925926 0.5229166666666667 0.450925925925926
3 0.5052083333333334 0.6981481481481483 0.46822916666666664 0.6981481481481482 0.46822916666666664 0.7666666666666667 0.5052083333333334 0.7666666666666668
0 0.42239583333333336 0.07685185185185194 0.37395833333333334 0.07685185185185194 0.37395833333333334 0.16574074074074086 0.42239583333333336 0.16574074074074086
2 0.6145833333333334 0.5555555555555558 0.5760416666666667 0.5555555555555558 0.5760416666666667 0.6259259259259261 0.6145833333333334 0.6259259259259261
2 0.44375 0.36296296296296304 0.40572916666666664 0.36296296296296304 0.40572916666666664 0.43333333333333346 0.44375 0.43333333333333346
7 0.515625 0.16203703703703715 0.4661458333333333 0.16203703703703715 0.4661458333333333 0.25092592592592605 0.515625 0.25092592592592605
7 0.6901041666666666 0.5287037037037039 0.6427083333333333 0.5287037037037039 0.6427083333333333 0.614814814814815 0.6901041666666666 0.614814814814815
5 0.28177083333333336 0.6981481481481482 0.23593750000000005 0.6981481481481482 0.23593750000000005 0.7814814814814814 0.28177083333333336 0.7814814814814814
3 0.5911458333333334 0.8000000000000002 0.5546875 0.8000000000000002 0.5546875 0.8657407407407409 0.5911458333333334 0.8657407407407409
9 0.43593750000000014 0.8898148148148148 0.40000000000000013 0.8898148148148148 0.40000000000000013 0.9555555555555556 0.43593750000000014 0.9555555555555556
0 0.771875 0.45092592592592606 0.7234375 0.450925925925926 0.7234375 0.5398148148148151 0.771875 0.5398148148148151
8 0.5770833333333333 0.3296296296296297 0.5385416666666667 0.3296296296296297 0.5385416666666667 0.4000000000000001 0.5770833333333333 0.4000000000000001
2 0.359375 0.28055555555555567 0.32135416666666666 0.28055555555555567 0.32135416666666666 0.35092592592592603 0.359375 0.35092592592592603
2 0.5088541666666667 0.5333333333333334 0.4708333333333333 0.5333333333333333 0.4708333333333333 0.6027777777777779 0.5088541666666667 0.602777777777778
3 0.46041666666666664 0.6592592592592592 0.42291666666666666 0.6592592592592592 0.42291666666666666 0.7277777777777777 0.46041666666666664 0.7277777777777777
3 0.2921875 0.4740740740740741 0.25520833333333337 0.4740740740740741 0.25520833333333337 0.5425925925925926 0.2921875 0.5425925925925926
3 0.378125 0.5657407407407408 0.3411458333333333 0.5657407407407408 0.3411458333333333 0.6342592592592593 0.378125 0.6342592592592593
10 0.446875 0.5407407407407407 0.4005208333333333 0.5407407407407407 0.4005208333333333 0.625 0.446875 0.625
8 0.6223958333333334 0.38055555555555565 0.5838541666666667 0.38055555555555565 0.5838541666666667 0.450925925925926 0.6223958333333334 0.450925925925926
1 0.5489583333333333 0.9046296296296299 0.5041666666666668 0.9046296296296299 0.5041666666666668 0.987037037037037 0.5489583333333333 0.987037037037037
11 0.48281250000000014 0.9166666666666666 0.43802083333333347 0.9166666666666666 0.43802083333333347 1 0.48281250000000014 1
10 0.34010416666666665 0.6898148148148148 0.2947916666666667 0.6898148148148148 0.2947916666666667 0.7722222222222223 0.34010416666666665 0.7722222222222223
5 0.5348958333333333 0.8074074074074076 0.48854166666666665 0.8074074074074076 0.4885416666666667 0.8925925925925928 0.5348958333333333 0.8925925925925928
6 0.5729166666666666 0.689814814814815 0.5255208333333333 0.689814814814815 0.5255208333333333 0.777777777777778 0.5729166666666666 0.777777777777778
9 0.35937500000000006 0.8018518518518518 0.32395833333333335 0.8018518518518518 0.3239583333333334 0.8675925925925926 0.3593750000000001 0.8675925925925926
4 0.4703125 0.30277777777777787 0.42291666666666666 0.30277777777777787 0.42291666666666666 0.38981481481481495 0.4703125 0.38981481481481495
4 0.6421875 0.29444444444444456 0.59375 0.29444444444444456 0.59375 0.38240740740740753 0.6421875 0.38240740740740753
6 0.42291666666666666 0.24814814814814826 0.3765625 0.24814814814814826 0.3765625 0.3333333333333334 0.42291666666666666 0.3333333333333334
13 0.49114583333333334 0.7481481481481482 0.434375 0.7481481481481481 0.434375 0.851851851851852 0.49114583333333334 0.8518518518518521
2 0.6770833333333334 0.7166666666666669 0.6395833333333333 0.7166666666666669 0.6395833333333333 0.7851851851851854 0.6770833333333334 0.7851851851851854
11 0.39947916666666666 0.49537037037037035 0.3494791666666667 0.49537037037037035 0.3494791666666667 0.5861111111111111 0.39947916666666666 0.5861111111111111
1 0.3223958333333333 0.5907407407407408 0.2755208333333333 0.5907407407407408 0.2755208333333333 0.6759259259259259 0.3223958333333333 0.6759259259259259