0 0.596875 0.6259259259259261 0.5557291666666667 0.6259259259259261 0.5557291666666667 0.6953703703703705 0.596875 0.6953703703703705
12 0.4630208333333333 0.675 0.41354166666666664 0.675 0.41354166666666664 0.7592592592592593 0.4630208333333333 0.7592592592592593
10 0.359375 0.7333333333333333 0.31875 0.7333333333333333 0.31875 0.8018518518518518 0.359375 0.8018518518518518
1 0.22760416666666666 0.21296296296296302 0.1921875 0.21296296296296302 0.1921875 0.2740740740740741 0.22760416666666666 0.2740740740740741
13 0.4041666666666667 0.17870370370370378 0.35885416666666664 0.17870370370370375 0.35885416666666664 0.2537037037037038 0.4041666666666667 0.2537037037037038
4 0.50625 0.6685185185185186 0.465625 0.6685185185185185 0.465625 0.7370370370370372 0.50625 0.7370370370370373
7 0.2833333333333333 0.31481481481481494 0.24479166666666666 0.31481481481481494 0.24479166666666666 0.3777777777777779 0.2833333333333333 0.3777777777777779
3 0.5067708333333333 0.2879629629629631 0.47552083333333334 0.2879629629629631 0.47552083333333334 0.34074074074074084 0.5067708333333333 0.34074074074074084
5 0.4510416666666667 0.23981481481481493 0.4119791666666667 0.23981481481481493 0.4119791666666667 0.3037037037037038 0.4510416666666667 0.3037037037037038
7 0.40729166666666666 0.25555555555555565 0.3692708333333333 0.25555555555555565 0.3692708333333333 0.31851851851851865 0.40729166666666666 0.31851851851851865
11 0.37604166666666666 0.3379629629629631 0.33697916666666666 0.3379629629629631 0.33697916666666666 0.4037037037037038 0.37604166666666666 0.4037037037037038
4 0.4859375 0.5157407407407408 0.44635416666666666 0.5157407407407407 0.44635416666666666 0.5842592592592594 0.4859375 0.5842592592592595
4 0.39947916666666666 0.637962962962963 0.35885416666666664 0.637962962962963 0.35885416666666664 0.7074074074074074 0.39947916666666666 0.7074074074074074
11 0.41875 0.3212962962962964 0.37916666666666665 0.3212962962962964 0.37916666666666665 0.3870370370370371 0.41875 0.3870370370370371
6 0.4479166666666667 0.6101851851851852 0.40677083333333336 0.6101851851851852 0.40677083333333336 0.6824074074074075 0.4479166666666667 0.6824074074074075