1 0.7151041666666667 0.6703703703703706 0.6619791666666667 0.6703703703703706 0.6619791666666667 0.7694444444444447 0.7151041666666667 0.7694444444444447
1 0.6739583333333333 0.6203703703703706 0.6203125 0.6203703703703706 0.6203125 0.7222222222222224 0.6739583333333333 0.7222222222222224
7 0.6942708333333333 0.426851851851852 0.6427083333333333 0.426851851851852 0.6427083333333333 0.5222222222222225 0.6942708333333333 0.5222222222222225
3 0.5932291666666667 0.5361111111111113 0.55 0.5361111111111113 0.55 0.6175925925925928 0.5932291666666667 0.6175925925925928
2 0.3229166666666667 0.4648148148148149 0.28072916666666664 0.4648148148148149 0.28072916666666664 0.5435185185185185 0.3229166666666667 0.5435185185185185
10 0.3463541666666667 0.2500000000000001 0.29322916666666665 0.2500000000000001 0.29322916666666665 0.34814814814814826 0.3463541666666667 0.34814814814814826
13 0.4354166666666667 0.32870370370370383 0.36770833333333336 0.32870370370370383 0.36770833333333336 0.45185185185185195 0.4354166666666667 0.45185185185185195
4 0.5005208333333333 0.31203703703703717 0.44635416666666666 0.31203703703703717 0.44635416666666666 0.41203703703703715 0.5005208333333333 0.41203703703703715
7 0.5755208333333334 0.7481481481481483 0.5244791666666667 0.7481481481481483 0.5244791666666667 0.8444444444444447 0.5755208333333334 0.8444444444444447
3 0.6166666666666667 0.7962962962962965 0.5703125 0.7962962962962965 0.5703125 0.8814814814814816 0.6166666666666667 0.8814814814814816
12 0.6416666666666667 0.5750000000000002 0.5791666666666667 0.5750000000000002 0.5791666666666667 0.6925925925925928 0.6416666666666667 0.6925925925925928
3 0.7286458333333333 0.47407407407407426 0.6864583333333333 0.47407407407407426 0.6864583333333333 0.552777777777778 0.7286458333333333 0.552777777777778
3 0.6609375 0.5083333333333335 0.61875 0.5083333333333335 0.61875 0.5879629629629631 0.6609375 0.5879629629629631
4 0.44635416666666666 0.4722222222222223 0.39166666666666666 0.4722222222222223 0.39166666666666666 0.575 0.44635416666666666 0.575
0 0.315625 0.325925925925926 0.26197916666666665 0.325925925925926 0.26197916666666665 0.42592592592592604 0.315625 0.42592592592592604
2 0.4671875 0.3972222222222223 0.4197916666666667 0.3972222222222223 0.4197916666666667 0.4842592592592593 0.4671875 0.4842592592592593
2 0.4515625 0.2740740740740742 0.4078125 0.2740740740740742 0.4078125 0.35648148148148157 0.4515625 0.35648148148148157
3 0.6015625 0.6722222222222224 0.5578125 0.6722222222222224 0.5578125 0.7537037037037039 0.6015625 0.7537037037037039
8 0.6994791666666667 0.5620370370370372 0.6567708333333333 0.5620370370370372 0.6567708333333333 0.6416666666666668 0.6994791666666667 0.6416666666666668
5 0.6276041666666666 0.45555555555555566 0.5729166666666666 0.45555555555555566 0.5729166666666666 0.5583333333333336 0.6276041666666666 0.5583333333333336
6 0.3703125 0.5083333333333333 0.3171875 0.5083333333333333 0.3171875 0.6055555555555555 0.3703125 0.6055555555555555
0 0.3765625 0.16574074074074083 0.32395833333333335 0.1657407407407408 0.32395833333333335 0.263888888888889 0.3765625 0.263888888888889
8 0.6427083333333333 0.7222222222222224 0.6015625 0.7222222222222224 0.6015625 0.8000000000000002 0.6427083333333333 0.8000000000000002
11 0.7385416666666667 0.5972222222222224 0.6864583333333333 0.5972222222222224 0.6864583333333333 0.6953703703703705 0.7385416666666667 0.6953703703703705
9 0.415625 0.21944444444444455 0.37135416666666665 0.21944444444444455 0.37135416666666665 0.3000000000000001 0.415625 0.3000000000000001
2 0.39166666666666666 0.438888888888889 0.34479166666666666 0.438888888888889 0.34479166666666666 0.5212962962962963 0.39166666666666666 0.5212962962962963
5 0.56875 0.6231481481481483 0.5135416666666667 0.6231481481481483 0.5135416666666667 0.7222222222222224 0.56875 0.7222222222222224
11 0.6880208333333333 0.7564814814814816 0.6364583333333333 0.7564814814814816 0.6364583333333333 0.8509259259259261 0.6880208333333333 0.8509259259259261
2 0.4390625 0.14074074074074083 0.3927083333333333 0.14074074074074083 0.3927083333333333 0.22500000000000012 0.4390625 0.22500000000000012
6 0.4864583333333333 0.1750000000000001 0.43333333333333335 0.1750000000000001 0.43333333333333335 0.2722222222222223 0.4864583333333333 0.2722222222222223
9 0.3572916666666667 0.3925925925925927 0.31354166666666666 0.3925925925925927 0.31354166666666666 0.4722222222222223 0.3572916666666667 0.4722222222222223
10 0.39010416666666664 0.2898148148148149 0.3338541666666667 0.2898148148148149 0.3338541666666667 0.39074074074074083 0.39010416666666664 0.39074074074074083