13 0.5666666666666667 0.4037037037037038 0.5151041666666667 0.4037037037037038 0.5151041666666667 0.49537037037037057 0.5666666666666667 0.49537037037037057
6 0.4479166666666667 0.4962962962962963 0.40572916666666664 0.4962962962962963 0.40572916666666664 0.5722222222222222 0.4479166666666667 0.5722222222222222
7 0.49114583333333334 0.6472222222222224 0.446875 0.6472222222222223 0.446875 0.7259259259259261 0.49114583333333334 0.7259259259259261
3 0.5651041666666666 0.5962962962962965 0.5302083333333333 0.5962962962962965 0.5302083333333333 0.6592592592592594 0.5651041666666666 0.6592592592592594
0 0.46875 0.4000000000000001 0.42604166666666665 0.4000000000000001 0.42604166666666665 0.475 0.46875 0.475
9 0.5328125 0.3490740740740742 0.49947916666666664 0.3490740740740742 0.49947916666666664 0.40833333333333344 0.5328125 0.40833333333333344
2 0.4041666666666667 0.37407407407407417 0.3723958333333333 0.37407407407407417 0.3723958333333333 0.4314814814814816 0.4041666666666667 0.4314814814814816
3 0.3885416666666667 0.4777777777777778 0.35520833333333335 0.4777777777777778 0.35520833333333335 0.5370370370370371 0.3885416666666667 0.5370370370370371
3 0.2911458333333333 0.2962962962962964 0.259375 0.2962962962962964 0.259375 0.3537037037037038 0.2911458333333333 0.3537037037037038
11 0.3333333333333333 0.42407407407407416 0.29270833333333335 0.42407407407407416 0.29270833333333335 0.4981481481481482 0.3333333333333333 0.4981481481481482
3 0.4661458333333333 0.7648148148148148 0.4322916666666667 0.7648148148148148 0.4322916666666667 0.8268518518518518 0.4661458333333333 0.8268518518518518
12 0.32083333333333336 0.6861111111111111 0.26979166666666665 0.6861111111111111 0.26979166666666665 0.7805555555555556 0.32083333333333336 0.7805555555555556
5 0.24739583333333337 0.4120370370370371 0.20833333333333334 0.41203703703703703 0.20833333333333337 0.4842592592592593 0.2473958333333334 0.4842592592592593
10 0.49895833333333334 0.2037037037037038 0.4583333333333333 0.2037037037037038 0.4583333333333333 0.275925925925926 0.49895833333333334 0.275925925925926
5 0.42083333333333334 0.2712962962962964 0.3796875 0.2712962962962964 0.3796875 0.3435185185185186 0.42083333333333334 0.3435185185185186
6 0.4786458333333333 0.30462962962962975 0.4375 0.30462962962962975 0.4375 0.37962962962962976 0.4786458333333333 0.37962962962962976
1 0.4218750000000001 0.8953703703703704 0.3781250000000001 0.8953703703703704 0.3781250000000001 0.975 0.4218750000000001 0.975
9 0.5192708333333333 0.4490740740740742 0.48541666666666666 0.4490740740740742 0.48541666666666666 0.5092592592592595 0.5192708333333333 0.5092592592592595
10 0.3932291666666667 0.637962962962963 0.35052083333333334 0.637962962962963 0.35052083333333334 0.7157407407407408 0.3932291666666667 0.7157407407407408
2 0.4 0.21574074074074084 0.36770833333333336 0.21574074074074084 0.36770833333333336 0.27314814814814825 0.4 0.27314814814814825
3 0.384375 0.30555555555555564 0.3515625 0.30555555555555564 0.3515625 0.36296296296296304 0.384375 0.36296296296296304
2 0.5671875 0.7759259259259261 0.5328125 0.7759259259259261 0.5328125 0.8379629629629631 0.5671875 0.8379629629629631
4 0.28229166666666666 0.3814814814814816 0.24270833333333333 0.3814814814814816 0.24270833333333336 0.4527777777777779 0.28229166666666666 0.4527777777777779
7 0.5958333333333333 0.38055555555555565 0.5541666666666667 0.38055555555555565 0.5541666666666667 0.45555555555555566 0.5958333333333333 0.45555555555555566
2 0.42916666666666664 0.6166666666666667 0.39427083333333335 0.6166666666666667 0.39427083333333335 0.6796296296296296 0.42916666666666664 0.6796296296296296
1 0.2677083333333333 0.48518518518518516 0.2270833333333334 0.48518518518518516 0.2270833333333334 0.5583333333333333 0.2677083333333333 0.5583333333333333
4 0.35104166666666664 0.49722222222222223 0.3109375 0.49722222222222223 0.3109375 0.5712962962962963 0.35104166666666664 0.5712962962962963
8 0.28177083333333336 0.562037037037037 0.24843750000000006 0.562037037037037 0.24843750000000006 0.6203703703703703 0.28177083333333336 0.6203703703703703
11 0.6244791666666667 0.6324074074074076 0.5807291666666666 0.6324074074074076 0.5807291666666666 0.7111111111111114 0.6244791666666667 0.7111111111111114
2 0.40520833333333334 0.5453703703703704 0.3697916666666667 0.5453703703703704 0.3697916666666667 0.6074074074074074 0.40520833333333334 0.6074074074074074
8 0.31145833333333334 0.5259259259259259 0.27760416666666665 0.5259259259259259 0.27760416666666665 0.5851851851851851 0.31145833333333334 0.5851851851851851
0 0.5046875 0.5490740740740742 0.4625 0.549074074074074 0.4625 0.625925925925926 0.5046875 0.6259259259259261