3 0.5161458333333333 0.33240740740740754 0.47708333333333336 0.33240740740740754 0.47708333333333336 0.3962962962962964 0.5161458333333333 0.3962962962962964
2 0.3953125 0.7027777777777777 0.35625 0.7027777777777777 0.35625 0.7685185185185185 0.3953125 0.7685185185185185
7 0.5473958333333333 0.2287037037037038 0.5005208333333333 0.2287037037037038 0.5005208333333333 0.30833333333333346 0.5473958333333333 0.30833333333333346
13 0.403125 0.26111111111111124 0.346875 0.26111111111111124 0.346875 0.35648148148148157 0.403125 0.35648148148148157
2 0.490625 0.6296296296296298 0.4515625 0.6296296296296297 0.4515625 0.6962962962962964 0.490625 0.6962962962962965
2 0.3098958333333333 0.7870370370370371 0.2713541666666667 0.7870370370370371 0.2713541666666667 0.8518518518518519 0.3098958333333333 0.8518518518518519
3 0.42916666666666664 0.40462962962962973 0.39010416666666664 0.40462962962962973 0.39010416666666664 0.4685185185185186 0.42916666666666664 0.4685185185185186
7 0.278125 0.46111111111111114 0.23229166666666673 0.46111111111111114 0.23229166666666673 0.5388888888888889 0.278125 0.5388888888888889
6 0.37343750000000003 0.8175925925925925 0.32395833333333335 0.8175925925925925 0.3239583333333334 0.9009259259259259 0.37343750000000014 0.9009259259259259
0 0.37916666666666676 0.9953703703703703 0.3312500000000001 0.9953703703703703 0.3312500000000001 1 0.37916666666666676 1
5 0.5088541666666667 0.1064814814814816 0.46145833333333336 0.1064814814814816 0.46145833333333336 0.18611111111111123 0.5088541666666667 0.18611111111111123
3 0.25781250000000006 0.5768518518518518 0.22031250000000005 0.5768518518518518 0.22031250000000005 0.6388888888888888 0.25781250000000006 0.6388888888888888
6 0.6557291666666667 0.5592592592592595 0.6072916666666667 0.5592592592592595 0.6072916666666667 0.6416666666666668 0.6557291666666667 0.6416666666666668
2 0.671875 0.45740740740740754 0.63125 0.45740740740740754 0.63125 0.5240740740740742 0.671875 0.5240740740740742
9 0.41510416666666666 0.18796296296296308 0.37864583333333335 0.18796296296296308 0.37864583333333335 0.24722222222222232 0.41510416666666666 0.24722222222222232
4 0.6979166666666666 0.702777777777778 0.64375 0.702777777777778 0.64375 0.7944444444444446 0.6979166666666666 0.7944444444444446
12 0.5364583333333334 0.7564814814814815 0.475 0.7564814814814815 0.47500000000000003 0.8601851851851853 0.5364583333333334 0.8601851851851854
2 0.5807291666666666 0.540740740740741 0.5401041666666667 0.540740740740741 0.5401041666666667 0.6074074074074076 0.5807291666666666 0.6074074074074076
9 0.3265625 0.26111111111111124 0.2890625 0.26111111111111124 0.2890625 0.32222222222222235 0.3265625 0.32222222222222235
5 0.25416666666666665 0.3305555555555556 0.20885416666666667 0.33055555555555555 0.20885416666666667 0.40648148148148155 0.25416666666666665 0.4064814814814816
11 0.2916666666666667 0.2898148148148149 0.24479166666666666 0.2898148148148149 0.24479166666666666 0.36851851851851863 0.2916666666666667 0.36851851851851863
3 0.6026041666666667 0.2537037037037038 0.5640625 0.2537037037037038 0.5640625 0.3175925925925927 0.6026041666666667 0.3175925925925927
0 0.7380208333333333 0.6620370370370372 0.6864583333333333 0.6620370370370372 0.6864583333333333 0.7472222222222225 0.7380208333333333 0.7472222222222225
3 0.340625 0.49722222222222223 0.303125 0.49722222222222223 0.303125 0.5592592592592592 0.340625 0.5592592592592592
1 0.5427083333333333 0.06203703703703714 0.49635416666666665 0.06203703703703714 0.49635416666666665 0.138888888888889 0.5427083333333333 0.138888888888889
8 0.5953125 0.8055555555555558 0.5546875 0.8055555555555558 0.5546875 0.8731481481481483 0.5953125 0.8731481481481483
4 0.46510416666666676 0.9018518518518519 0.4171875000000001 0.9018518518518519 0.4171875000000001 0.9851851851851852 0.46510416666666676 0.9851851851851852
1 0.21406250000000002 0.37777777777777777 0.165625 0.37777777777777777 0.16562500000000002 0.45925925925925926 0.21406250000000007 0.45925925925925926
11 0.46458333333333335 0.1351851851851853 0.4161458333333333 0.1351851851851853 0.4161458333333333 0.21574074074074084 0.46458333333333335 0.21574074074074084
10 0.42083333333333345 0.9435185185185185 0.3682291666666668 0.9435185185185185 0.3682291666666668 1 0.42083333333333345 1
10 0.6484375 0.7472222222222225 0.5989583333333334 0.7472222222222225 0.5989583333333334 0.8342592592592595 0.6484375 0.8342592592592595
8 0.5093750000000001 0.8916666666666667 0.4682291666666668 0.8916666666666667 0.4682291666666668 0.962037037037037 0.5093750000000001 0.962037037037037