4 0.41875 0.11296296296296304 0.3697916666666667 0.11296296296296304 0.3697916666666667 0.2000000000000001 0.41875 0.2000000000000001
9 0.6098958333333333 0.49444444444444463 0.5713541666666667 0.49444444444444463 0.5713541666666667 0.564814814814815 0.6098958333333333 0.564814814814815
8 0.34427083333333336 0.32037037037037047 0.3046875 0.32037037037037047 0.3046875 0.3916666666666668 0.34427083333333336 0.3916666666666668
2 0.5192708333333333 0.33425925925925937 0.48020833333333335 0.33425925925925937 0.48020833333333335 0.40555555555555567 0.5192708333333333 0.40555555555555567
0 0.39010416666666664 0.5064814814814815 0.3416666666666667 0.5064814814814815 0.3416666666666667 0.5935185185185186 0.39010416666666664 0.5935185185185186
11 0.6317708333333333 0.13981481481481495 0.5822916666666667 0.13981481481481492 0.5822916666666667 0.23148148148148162 0.6317708333333333 0.23148148148148165
6 0.4744791666666667 0.27962962962962973 0.42604166666666665 0.27962962962962973 0.42604166666666665 0.36666666666666675 0.4744791666666667 0.36666666666666675
8 0.56875 0.5064814814814816 0.5291666666666667 0.5064814814814816 0.5291666666666667 0.5787037037037039 0.56875 0.5787037037037039
6 0.6973958333333333 0.4351851851851853 0.6494791666666667 0.4351851851851853 0.6494791666666667 0.5222222222222225 0.6973958333333333 0.5222222222222225
4 0.5197916666666667 0.7287037037037039 0.4713541666666667 0.7287037037037037 0.4713541666666667 0.8157407407407409 0.5197916666666667 0.815740740740741
2 0.4046875 0.2351851851851853 0.3651041666666667 0.2351851851851853 0.3651041666666667 0.30555555555555564 0.4046875 0.30555555555555564
7 0.6958333333333333 0.5796296296296298 0.6479166666666667 0.5796296296296298 0.6479166666666667 0.6685185185185187 0.6958333333333333 0.6685185185185187
10 0.6104166666666667 0.3833333333333334 0.5625 0.3833333333333334 0.5625 0.4712962962962964 0.6104166666666667 0.4712962962962964
3 0.5520833333333334 0.41203703703703715 0.5135416666666667 0.41203703703703715 0.5135416666666667 0.48425925925925944 0.5520833333333334 0.48425925925925944
7 0.35989583333333336 0.6388888888888888 0.3109375 0.6388888888888888 0.3109375 0.725925925925926 0.35989583333333336 0.725925925925926
5 0.2875 0.6324074074074074 0.23906250000000007 0.6324074074074074 0.23906250000000007 0.7194444444444444 0.2875 0.7194444444444444
3 0.7286458333333333 0.27037037037037054 0.690625 0.2703703703703705 0.690625 0.3425925925925927 0.7286458333333333 0.3425925925925928
1 0.4244791666666667 0.3851851851851853 0.37604166666666666 0.3851851851851853 0.37604166666666666 0.4712962962962964 0.4244791666666667 0.4712962962962964
0 0.48072916666666665 0.6222222222222222 0.4322916666666667 0.6222222222222222 0.4322916666666667 0.7083333333333334 0.48072916666666665 0.7083333333333334
12 0.5671875 0.5925925925925928 0.5083333333333333 0.5925925925925928 0.5083333333333333 0.6972222222222224 0.5671875 0.6972222222222224
3 0.42604166666666665 0.6898148148148148 0.3859375 0.6898148148148148 0.3859375 0.7592592592592593 0.42604166666666665 0.7592592592592593
2 0.3828125 0.7648148148148148 0.34427083333333336 0.7648148148148148 0.34427083333333336 0.8351851851851851 0.3828125 0.8351851851851851
13 0.5744791666666667 0.2324074074074075 0.5177083333333333 0.2324074074074075 0.5177083333333333 0.338888888888889 0.5744791666666667 0.338888888888889
1 0.5130208333333334 0.1351851851851853 0.4640625 0.1351851851851853 0.4640625 0.22314814814814826 0.5130208333333334 0.22314814814814826
9 0.6609375 0.338888888888889 0.6213541666666667 0.338888888888889 0.6213541666666667 0.41018518518518526 0.6609375 0.41018518518518526
2 0.4765625 0.4666666666666668 0.4359375 0.4666666666666668 0.4359375 0.5351851851851852 0.4765625 0.5351851851851852
2 0.621875 0.7935185185185187 0.5817708333333333 0.7935185185185187 0.5817708333333333 0.8611111111111113 0.621875 0.8611111111111113
3 0.4567708333333334 0.8194444444444444 0.4166666666666667 0.8194444444444444 0.41666666666666674 0.8870370370370371 0.45677083333333346 0.8870370370370371
11 0.5520833333333334 0.8574074074074076 0.5026041666666666 0.8574074074074076 0.5026041666666667 0.939814814814815 0.5520833333333334 0.939814814814815
3 0.32708333333333334 0.5157407407407407 0.28854166666666664 0.5157407407407407 0.28854166666666664 0.5842592592592593 0.32708333333333334 0.5842592592592593
10 0.6177083333333333 0.6731481481481484 0.5697916666666667 0.6731481481481484 0.5697916666666667 0.752777777777778 0.6177083333333333 0.752777777777778
5 0.43697916666666664 0.575 0.3848958333333333 0.575 0.3848958333333333 0.662962962962963 0.43697916666666664 0.662962962962963