7 0.4588541666666667 0.5731481481481482 0.40677083333333336 0.5731481481481482 0.40677083333333336 0.6694444444444444 0.4588541666666667 0.6694444444444444
9 0.3723958333333333 0.6777777777777778 0.3333333333333333 0.6777777777777778 0.3333333333333333 0.7518518518518519 0.3723958333333333 0.7518518518518519
0 0.6463541666666667 0.3111111111111112 0.5947916666666667 0.3111111111111112 0.5947916666666667 0.4074074074074075 0.6463541666666667 0.4074074074074075
3 0.5697916666666667 0.1611111111111112 0.528125 0.1611111111111112 0.528125 0.23796296296296307 0.5697916666666667 0.23796296296296307
7 0.4166666666666667 0.75 0.3671875 0.75 0.3671875 0.8425925925925926 0.4166666666666667 0.8425925925925926
4 0.6541666666666667 0.18333333333333346 0.6026041666666667 0.18333333333333343 0.6026041666666667 0.28055555555555567 0.6541666666666667 0.28055555555555567
2 0.2734375 0.5694444444444444 0.23541666666666672 0.5694444444444444 0.23541666666666672 0.6425925925925926 0.2734375 0.6425925925925926
8 0.5713541666666667 0.288888888888889 0.5302083333333333 0.288888888888889 0.5302083333333333 0.3648148148148149 0.5713541666666667 0.3648148148148149
6 0.7171875 0.33055555555555566 0.6661458333333333 0.33055555555555566 0.6661458333333333 0.42592592592592604 0.7171875 0.42592592592592604
2 0.41041666666666676 0.887962962962963 0.3718750000000001 0.887962962962963 0.3718750000000001 0.9601851851851851 0.41041666666666676 0.9601851851851851
2 0.4494791666666667 0.8333333333333334 0.4088541666666667 0.8333333333333334 0.40885416666666674 0.9092592592592592 0.44947916666666676 0.9092592592592592
5 0.3791666666666667 0.787962962962963 0.3296875 0.787962962962963 0.3296875000000001 0.8805555555555555 0.37916666666666676 0.8805555555555555
1 0.384375 0.5481481481481482 0.334375 0.5481481481481482 0.334375 0.6435185185185185 0.384375 0.6435185185185185
3 0.5723958333333333 0.052777777777777896 0.5317708333333333 0.052777777777777896 0.5317708333333333 0.12777777777777788 0.5723958333333333 0.12777777777777788
3 0.7130208333333333 0.4805555555555558 0.6713541666666667 0.4805555555555558 0.6713541666666667 0.5592592592592595 0.7130208333333333 0.5592592592592595
11 0.35 0.7166666666666667 0.2994791666666667 0.7166666666666667 0.2994791666666667 0.8111111111111111 0.35 0.8111111111111111
13 0.3541666666666667 0.5805555555555556 0.2942708333333333 0.5805555555555556 0.2942708333333333 0.6935185185185185 0.3541666666666667 0.6935185185185185
5 0.45260416666666664 0.700925925925926 0.4010416666666667 0.700925925925926 0.4010416666666667 0.7962962962962963 0.45260416666666664 0.7962962962962963
1 0.31614583333333335 0.6398148148148148 0.26354166666666673 0.6398148148148148 0.26354166666666673 0.7361111111111112 0.31614583333333335 0.7361111111111112
6 0.5723958333333333 0.41018518518518526 0.5203125 0.41018518518518526 0.5203125 0.5064814814814816 0.5723958333333333 0.5064814814814816
11 0.42135416666666664 0.6194444444444445 0.36770833333333336 0.6194444444444445 0.36770833333333336 0.7185185185185186 0.42135416666666664 0.7185185185185186
2 0.30833333333333335 0.525 0.26666666666666666 0.525 0.26666666666666666 0.6018518518518519 0.30833333333333335 0.6018518518518519
4 0.6104166666666667 0.3555555555555557 0.5546875 0.3555555555555557 0.5546875 0.4583333333333334 0.6104166666666667 0.4583333333333334
2 0.24218750000000006 0.4962962962962963 0.2005208333333334 0.4962962962962963 0.2005208333333334 0.5722222222222222 0.24218750000000006 0.5722222222222222
3 0.7505208333333333 0.4305555555555557 0.709375 0.43055555555555564 0.709375 0.5046296296296299 0.7505208333333333 0.5046296296296299
10 0.6875 0.2500000000000001 0.6338541666666667 0.2500000000000001 0.6338541666666667 0.34814814814814826 0.6875 0.34814814814814826
10 0.6177083333333333 0.22592592592592606 0.559375 0.22592592592592603 0.559375 0.3333333333333334 0.6177083333333333 0.3333333333333334
0 0.6432291666666666 0.4314814814814816 0.5869791666666667 0.4314814814814816 0.5869791666666667 0.5351851851851854 0.6432291666666666 0.5351851851851854
12 0.6890625 0.3787037037037038 0.6234375 0.3787037037037038 0.6234375 0.5000000000000002 0.6890625 0.5000000000000002
3 0.6083333333333333 0.10925925925925939 0.5671875 0.10925925925925939 0.5671875 0.1842592592592594 0.6083333333333333 0.18425925925925943