1 0.4588541666666668 0.9157407407407407 0.40781250000000013 0.9157407407407407 0.40781250000000013 0.9722222222222222 0.4588541666666668 0.9722222222222222
4 0.4708333333333333 0.04074074074074084 0.4234375 0.040740740740740834 0.4234375 0.1250000000000001 0.4708333333333333 0.1250000000000001
7 0.4484375 0.7453703703703703 0.39947916666666666 0.7453703703703703 0.39947916666666666 0.8324074074074074 0.4484375 0.8324074074074074
3 0.70625 0.2925925925925927 0.6661458333333333 0.2925925925925927 0.6661458333333333 0.36296296296296304 0.70625 0.36296296296296304
3 0.3765625 0.7351851851851852 0.3359375 0.7351851851851852 0.3359375 0.8064814814814815 0.3765625 0.8064814814814815
13 0.6026041666666667 0.6231481481481483 0.5416666666666666 0.6231481481481483 0.5416666666666666 0.7296296296296299 0.6026041666666667 0.7296296296296299
2 0.4630208333333333 0.33055555555555566 0.4234375 0.33055555555555566 0.4234375 0.4000000000000001 0.4630208333333333 0.4000000000000001
3 0.6265625 0.39814814814814825 0.5864583333333333 0.39814814814814825 0.5864583333333333 0.46944444444444455 0.6265625 0.46944444444444455
2 0.3828125 0.43703703703703717 0.34479166666666666 0.43703703703703717 0.34479166666666666 0.5027777777777778 0.3828125 0.5027777777777778
6 0.32864583333333336 0.4175925925925927 0.28072916666666664 0.4175925925925927 0.28072916666666664 0.5009259259259259 0.32864583333333336 0.5009259259259259
7 0.7041666666666667 0.40185185185185196 0.6536458333333334 0.40185185185185196 0.6536458333333334 0.49166666666666686 0.7041666666666667 0.49166666666666686
8 0.4239583333333333 0.10925925925925935 0.38645833333333335 0.10925925925925933 0.38645833333333335 0.1750000000000001 0.4239583333333333 0.1750000000000001
10 0.5145833333333333 1.0675971864789195e-16 0.4661458333333333 1.0148693381822973e-16 0.4661458333333333 0.08148148148148159 0.5145833333333333 0.08148148148148159
2 0.5447916666666667 0.213888888888889 0.50625 0.213888888888889 0.50625 0.2824074074074075 0.5447916666666667 0.2824074074074075
5 0.7463541666666667 0.5314814814814817 0.6947916666666667 0.5314814814814817 0.6947916666666667 0.6222222222222225 0.7463541666666667 0.6222222222222225
6 0.5666666666666667 0.09444444444444457 0.51875 0.09444444444444455 0.51875 0.1787037037037038 0.5666666666666667 0.1787037037037038
4 0.3151041666666667 0.2583333333333334 0.2682291666666667 0.2583333333333334 0.2682291666666667 0.3416666666666668 0.3151041666666667 0.3416666666666668
8 0.3515625 0.21111111111111117 0.31302083333333336 0.21111111111111117 0.31302083333333336 0.2777777777777779 0.3515625 0.2777777777777779
3 0.5453125 0.5203703703703706 0.5036458333333333 0.5203703703703706 0.5036458333333333 0.5925925925925928 0.5453125 0.5925925925925928
3 0.45729166666666665 0.6314814814814815 0.4171875 0.6314814814814815 0.4171875 0.7018518518518518 0.45729166666666665 0.7018518518518518
2 0.30052083333333335 0.5453703703703704 0.2614583333333334 0.5453703703703704 0.2614583333333334 0.6138888888888889 0.30052083333333335 0.6138888888888889
2 0.6192708333333333 0.12129629629629643 0.5807291666666666 0.1212962962962964 0.5807291666666666 0.18888888888888902 0.6192708333333333 0.18888888888888905
12 0.42083333333333334 0.19259259259259268 0.3625 0.19259259259259265 0.3625 0.29537037037037045 0.42083333333333334 0.29537037037037045
9 0.5817708333333333 0.7638888888888891 0.5411458333333333 0.7638888888888891 0.5411458333333333 0.8361111111111114 0.5817708333333333 0.8361111111111114
9 0.6619791666666667 0.6574074074074077 0.6203125 0.6574074074074077 0.6203125 0.7296296296296299 0.6619791666666667 0.7296296296296299
5 0.5375 0.8055555555555558 0.48489583333333336 0.8055555555555558 0.4848958333333334 0.8972222222222225 0.5375 0.8972222222222225
0 0.5520833333333334 1.1509412047542254e-16 0.5052083333333334 1.0999142547897526e-16 0.5052083333333334 0.01481481481481493 0.5520833333333334 0.014814814814814933
1 0.7890625 0.4787037037037039 0.7380208333333333 0.4787037037037039 0.7380208333333333 0.5685185185185188 0.7890625 0.5685185185185188
11 0.7104166666666667 0.5888888888888891 0.6583333333333333 0.5888888888888891 0.6583333333333333 0.6805555555555558 0.7104166666666667 0.6805555555555558
10 0.28229166666666666 0.30555555555555564 0.23333333333333334 0.3055555555555556 0.23333333333333334 0.3907407407407408 0.28229166666666666 0.39074074074074083
0 0.2401041666666667 0.37037037037037035 0.19322916666666667 0.37037037037037035 0.1932291666666667 0.4537037037037037 0.24010416666666673 0.4537037037037037
11 0.4953125000000001 0.8657407407407408 0.4447916666666668 0.8657407407407407 0.4447916666666668 0.9564814814814815 0.4953125000000001 0.9564814814814815