3 0.6760416666666667 0.5000000000000002 0.6385416666666667 0.5000000000000002 0.6385416666666667 0.5666666666666669 0.6760416666666667 0.5666666666666669
3 0.5442708333333334 0.7212962962962965 0.50625 0.7212962962962965 0.50625 0.7879629629629632 0.5442708333333334 0.7879629629629632
11 0.47708333333333336 0.7166666666666667 0.4270833333333333 0.7166666666666667 0.4270833333333333 0.8046296296296296 0.47708333333333336 0.8046296296296296
3 0.728125 0.7212962962962965 0.6911458333333333 0.7212962962962965 0.6911458333333333 0.7870370370370372 0.728125 0.7870370370370372
9 0.6421875 0.9518518518518518 0.6192708333333333 0.9518518518518518 0.6192708333333333 0.9925925925925926 0.6421875 0.9925925925925926
6 0.6098958333333333 0.7203703703703705 0.5614583333333333 0.7203703703703705 0.5614583333333333 0.8055555555555558 0.6098958333333333 0.8055555555555558
12 0.5286458333333334 0.42777777777777787 0.4703125 0.42777777777777787 0.4703125 0.5305555555555557 0.5286458333333334 0.5305555555555558
3 0.3947916666666667 0.8407407407407408 0.3546875 0.8407407407407408 0.35468750000000004 0.9120370370370371 0.39479166666666676 0.9120370370370371
13 0.684375 0.8731481481481483 0.6447916666666667 0.8731481481481483 0.6447916666666667 0.9425925925925928 0.684375 0.9425925925925928
2 0.5348958333333333 0.8370370370370372 0.49583333333333335 0.8370370370370372 0.4958333333333334 0.9064814814814817 0.5348958333333333 0.9064814814814817
2 0.6119791666666666 0.6092592592592595 0.5739583333333333 0.6092592592592595 0.5739583333333333 0.6759259259259262 0.6119791666666666 0.6759259259259262
5 0.5296875000000001 0.9481481481481482 0.4796875000000001 0.9481481481481482 0.4796875000000001 1 0.5296875000000001 1
5 0.3802083333333333 0.662962962962963 0.3307291666666667 0.662962962962963 0.3307291666666667 0.75 0.3802083333333333 0.75
2 0.7609375 0.5555555555555558 0.7255208333333333 0.5555555555555558 0.7255208333333333 0.6185185185185187 0.7609375 0.6185185185185187
3 0.4968750000000001 0.8972222222222224 0.4578125000000001 0.8972222222222223 0.4578125000000001 0.9666666666666667 0.4968750000000001 0.9666666666666667
9 0.6640625 0.8416666666666669 0.6255208333333333 0.8416666666666669 0.6255208333333333 0.9111111111111113 0.6640625 0.9111111111111113
7 0.678125 0.603703703703704 0.63125 0.603703703703704 0.63125 0.6870370370370372 0.678125 0.6870370370370372
2 0.5760416666666667 0.6620370370370372 0.5380208333333333 0.6620370370370372 0.5380208333333333 0.728703703703704 0.5760416666666667 0.728703703703704
8 0.4546875 0.5592592592592592 0.415625 0.5592592592592592 0.415625 0.6287037037037037 0.4546875 0.6287037037037037
1 0.6578125 0.3333333333333334 0.6119791666666666 0.3333333333333334 0.6119791666666666 0.4148148148148149 0.6578125 0.4148148148148149
10 0.5848958333333333 0.5444444444444446 0.5380208333333333 0.5444444444444446 0.5380208333333333 0.627777777777778 0.5848958333333333 0.627777777777778
8 0.478125 0.6111111111111112 0.4395833333333333 0.6111111111111112 0.4395833333333333 0.6796296296296296 0.478125 0.6796296296296296
0 0.6739583333333333 0.7120370370370372 0.6260416666666667 0.7120370370370372 0.6260416666666667 0.7962962962962965 0.6739583333333333 0.7962962962962965
6 0.5979166666666667 0.9472222222222224 0.5489583333333333 0.9472222222222224 0.5489583333333333 1 0.5979166666666667 1
11 0.7807291666666667 0.7120370370370372 0.74375 0.7120370370370372 0.74375 0.776851851851852 0.7807291666666667 0.776851851851852
1 0.42239583333333336 0.6037037037037037 0.3729166666666667 0.6037037037037037 0.3729166666666667 0.6916666666666667 0.42239583333333336 0.6916666666666667
0 0.60625 0.8351851851851854 0.5583333333333333 0.8351851851851854 0.5583333333333333 0.9203703703703706 0.60625 0.9203703703703706
4 0.4109375 0.7203703703703703 0.35989583333333336 0.7203703703703703 0.35989583333333336 0.8101851851851852 0.4109375 0.8101851851851852
4 0.5145833333333333 0.6546296296296298 0.46510416666666665 0.6546296296296297 0.46510416666666665 0.7416666666666668 0.5145833333333333 0.7416666666666669