5 0.5458333333333333 0.18333333333333343 0.490625 0.18333333333333343 0.490625 0.27685185185185196 0.5458333333333333 0.27685185185185196
1 0.56875 0.9342592592592595 0.5151041666666668 0.9342592592592595 0.5151041666666668 1 0.56875 1
7 0.6791666666666667 0.26296296296296306 0.6239583333333333 0.26296296296296306 0.6239583333333333 0.35462962962962974 0.6791666666666667 0.35462962962962974
11 0.42812500000000014 0.8731481481481481 0.3744791666666668 0.8731481481481481 0.3744791666666668 0.9638888888888889 0.42812500000000014 0.9638888888888889
6 0.6729166666666667 0.6583333333333335 0.6140625 0.6583333333333335 0.6140625 0.7620370370370373 0.6729166666666667 0.7620370370370373
2 0.36302083333333335 0.4462962962962964 0.31875 0.4462962962962964 0.31875 0.5194444444444445 0.36302083333333335 0.5194444444444445
9 0.44375 0.27962962962962973 0.39427083333333335 0.27962962962962973 0.39427083333333335 0.36574074074074087 0.44375 0.36574074074074087
7 0.7088541666666667 0.8194444444444446 0.6546875 0.8194444444444446 0.6546875 0.9092592592592594 0.7088541666666667 0.9092592592592594
4 0.7192708333333333 0.6194444444444447 0.6651041666666667 0.6194444444444447 0.6651041666666667 0.7111111111111114 0.7192708333333333 0.7111111111111114
4 0.5572916666666666 0.4685185185185186 0.5010416666666667 0.4685185185185186 0.5010416666666667 0.5620370370370372 0.5572916666666666 0.5620370370370372
13 0.39947916666666666 0.30555555555555564 0.33177083333333335 0.30555555555555564 0.33177083333333335 0.4212962962962964 0.39947916666666666 0.4212962962962964
3 0.40625 0.6064814814814815 0.3609375 0.6064814814814815 0.3609375 0.6824074074074075 0.40625 0.6824074074074075
3 0.45260416666666664 0.562962962962963 0.4078125 0.562962962962963 0.4078125 0.637962962962963 0.45260416666666664 0.637962962962963
3 0.525 0.6148148148148149 0.4791666666666667 0.6148148148148148 0.4791666666666667 0.6916666666666668 0.525 0.6916666666666669
2 0.6067708333333334 0.23518518518518533 0.5630208333333333 0.2351851851851853 0.5630208333333333 0.30833333333333346 0.6067708333333334 0.30833333333333346
12 0.6661458333333333 0.8490740740740743 0.6005208333333333 0.8490740740740743 0.6005208333333333 0.9601851851851851 0.6661458333333333 0.9601851851851851
8 0.6145833333333334 0.7203703703703705 0.5703125 0.7203703703703705 0.5703125 0.7953703703703706 0.6145833333333334 0.7953703703703706
2 0.6734375 0.47407407407407426 0.6296875 0.47407407407407426 0.6296875 0.5490740740740743 0.6734375 0.5490740740740743
3 0.5302083333333333 0.40462962962962973 0.48541666666666666 0.40462962962962973 0.48541666666666666 0.4805555555555558 0.5302083333333333 0.4805555555555558
9 0.4890625 0.2324074074074075 0.44114583333333335 0.2324074074074075 0.44114583333333335 0.31481481481481494 0.4890625 0.31481481481481494
3 0.6510416666666666 0.39814814814814825 0.6057291666666667 0.39814814814814825 0.6057291666666667 0.47314814814814826 0.6510416666666666 0.47314814814814826
10 0.5942708333333333 0.8231481481481484 0.540625 0.8231481481481484 0.540625 0.9148148148148151 0.5942708333333333 0.9148148148148151
0 0.5239583333333334 0.7907407407407409 0.46822916666666664 0.7907407407407407 0.46822916666666675 0.8851851851851853 0.5239583333333334 0.8851851851851854
2 0.3140625 0.487962962962963 0.26979166666666665 0.487962962962963 0.26979166666666665 0.562037037037037 0.3140625 0.562037037037037
6 0.309375 0.6759259259259259 0.25260416666666674 0.6759259259259259 0.25260416666666674 0.7712962962962963 0.309375 0.7712962962962963
2 0.47760416666666666 0.6481481481481481 0.4328125 0.6481481481481481 0.4328125 0.7240740740740741 0.47760416666666666 0.7240740740740741
0 0.5125 0.31203703703703717 0.4578125 0.31203703703703717 0.4578125 0.40462962962962973 0.5125 0.40462962962962973
1 0.41822916666666665 0.39814814814814825 0.3619791666666667 0.39814814814814825 0.3619791666666667 0.49444444444444446 0.41822916666666665 0.49444444444444446
10 0.421875 0.20185185185185195 0.365625 0.20185185185185195 0.365625 0.2962962962962964 0.421875 0.2962962962962964
5 0.4859375 0.43333333333333346 0.42864583333333334 0.43333333333333346 0.42864583333333334 0.5351851851851853 0.4859375 0.5351851851851854
11 0.5744791666666667 0.7472222222222225 0.5192708333333333 0.7472222222222225 0.5192708333333333 0.8416666666666669 0.5744791666666667 0.8416666666666669
8 0.6083333333333333 0.9185185185185187 0.5671875 0.9185185185185187 0.5671875 0.9879629629629629 0.6083333333333333 0.9879629629629629