3 0.4578125 0.38611111111111124 0.42864583333333334 0.38611111111111124 0.42864583333333334 0.43703703703703717 0.4578125 0.43703703703703717
12 0.565625 0.752777777777778 0.5239583333333333 0.752777777777778 0.5239583333333333 0.8250000000000002 0.565625 0.8250000000000002
5 0.7151041666666667 0.20370370370370386 0.6786458333333333 0.20370370370370386 0.6786458333333333 0.2685185185185186 0.7151041666666667 0.2685185185185186
6 0.6645833333333333 0.6787037037037039 0.6302083333333334 0.6787037037037039 0.6302083333333334 0.7388888888888892 0.6645833333333333 0.7388888888888892
11 0.6161458333333333 0.2935185185185186 0.5802083333333333 0.2935185185185186 0.5802083333333333 0.35648148148148157 0.6161458333333333 0.35648148148148157
0 0.7088541666666667 0.7481481481481483 0.6760416666666667 0.7481481481481483 0.6760416666666667 0.8064814814814817 0.7088541666666667 0.8064814814814817
11 0.6640625 0.20648148148148163 0.628125 0.20648148148148163 0.628125 0.26944444444444454 0.6640625 0.26944444444444454
9 0.5067708333333333 0.2175925925925927 0.478125 0.2175925925925927 0.478125 0.26944444444444454 0.5067708333333333 0.26944444444444454
4 0.4708333333333333 0.7657407407407407 0.4354166666666667 0.7657407407407407 0.4354166666666667 0.8240740740740741 0.4708333333333333 0.8240740740740741
7 0.5114583333333333 0.29444444444444456 0.4744791666666667 0.29444444444444456 0.4744791666666667 0.3592592592592594 0.5114583333333333 0.3592592592592594
10 0.6145833333333334 0.6861111111111113 0.5796875 0.6861111111111113 0.5796875 0.7472222222222225 0.6145833333333334 0.7472222222222225
7 0.7145833333333333 0.288888888888889 0.6786458333333333 0.288888888888889 0.6786458333333333 0.35185185185185197 0.7145833333333333 0.35185185185185197
4 0.6630208333333333 0.752777777777778 0.628125 0.752777777777778 0.628125 0.8120370370370372 0.6630208333333333 0.8120370370370372
3 0.6635416666666667 0.37222222222222234 0.6348958333333333 0.37222222222222234 0.6348958333333333 0.42407407407407416 0.6635416666666667 0.42407407407407416
13 0.5666666666666667 0.20185185185185195 0.5229166666666667 0.20185185185185195 0.5229166666666667 0.28055555555555567 0.5666666666666667 0.28055555555555567
8 0.6078125 0.7592592592592595 0.5796875 0.7592592592592595 0.5796875 0.8074074074074076 0.6078125 0.8074074074074076
0 0.4703125 0.6888888888888889 0.434375 0.6888888888888889 0.434375 0.7518518518518519 0.4703125 0.7518518518518519
1 0.6619791666666667 0.2925925925925927 0.6260416666666667 0.2925925925925927 0.6260416666666667 0.3574074074074075 0.6619791666666667 0.3574074074074075
3 0.5598958333333334 0.3750000000000001 0.53125 0.3750000000000001 0.53125 0.426851851851852 0.5598958333333334 0.426851851851852
8 0.5130208333333334 0.7694444444444447 0.48541666666666666 0.7694444444444447 0.48541666666666666 0.8175925925925928 0.5130208333333334 0.8175925925925928
10 0.5661458333333333 0.6842592592592595 0.5307291666666667 0.6842592592592595 0.5307291666666667 0.7472222222222225 0.5661458333333333 0.7472222222222225
3 0.6088541666666667 0.3814814814814816 0.58125 0.3814814814814816 0.58125 0.4324074074074075 0.6088541666666667 0.4324074074074075
1 0.5625 0.2935185185185186 0.5260416666666666 0.2935185185185186 0.5260416666666666 0.3574074074074075 0.5625 0.3574074074074075
9 0.6104166666666667 0.21759259259259273 0.5817708333333333 0.2175925925925927 0.5817708333333333 0.2685185185185186 0.6104166666666667 0.2685185185185186
3 0.5072916666666667 0.3814814814814816 0.4786458333333333 0.3814814814814816 0.4786458333333333 0.4324074074074075 0.5072916666666667 0.4324074074074075
6 0.5182291666666666 0.6861111111111112 0.4828125 0.6861111111111111 0.4828125 0.7481481481481482 0.5182291666666666 0.7481481481481483
5 0.4557291666666667 0.2185185185185186 0.4197916666666667 0.2185185185185186 0.4197916666666667 0.28333333333333344 0.4557291666666667 0.28333333333333344
2 0.46041666666666664 0.6185185185185185 0.4322916666666667 0.6185185185185185 0.4322916666666667 0.6685185185185185 0.46041666666666664 0.6685185185185185
2 0.5630208333333333 0.614814814814815 0.5354166666666667 0.614814814814815 0.5354166666666667 0.6648148148148151 0.5630208333333333 0.6648148148148151
2 0.6625 0.6111111111111113 0.634375 0.6111111111111113 0.634375 0.6611111111111113 0.6625 0.6611111111111113
2 0.6145833333333334 0.6185185185185187 0.5880208333333333 0.6185185185185187 0.5880208333333333 0.6666666666666669 0.6145833333333334 0.6666666666666669
2 0.5104166666666666 0.6203703703703705 0.4822916666666667 0.6203703703703703 0.4822916666666667 0.6694444444444445 0.5104166666666666 0.6694444444444446