2 0.6208333333333333 0.15000000000000013 0.5838541666666667 0.1500000000000001 0.5838541666666667 0.21666666666666679 0.6208333333333333 0.2166666666666668
2 0.5890625 0.3296296296296297 0.5520833333333334 0.3296296296296297 0.5520833333333334 0.3953703703703705 0.5890625 0.3953703703703705
3 0.45364583333333336 0.24814814814814826 0.41822916666666665 0.24814814814814826 0.41822916666666665 0.31203703703703717 0.45364583333333336 0.31203703703703717
13 0.3807291666666667 0.1935185185185186 0.32864583333333336 0.19351851851851856 0.32864583333333336 0.28518518518518526 0.3807291666666667 0.28518518518518526
2 0.5494791666666666 0.5000000000000002 0.5135416666666667 0.5000000000000002 0.5135416666666667 0.564814814814815 0.5494791666666666 0.564814814814815
2 0.5151041666666667 0.6731481481481483 0.4786458333333333 0.6731481481481482 0.4786458333333333 0.7370370370370372 0.5151041666666667 0.7370370370370373
3 0.3875 0.5796296296296296 0.35208333333333336 0.5796296296296296 0.35208333333333336 0.6435185185185185 0.3875 0.6435185185185185
7 0.3765625 0.4648148148148149 0.33229166666666665 0.4648148148148149 0.33229166666666665 0.5425925925925926 0.3765625 0.5425925925925926
12 0.684375 0.3592592592592594 0.6276041666666666 0.3592592592592594 0.6276041666666666 0.4601851851851853 0.684375 0.4601851851851853
3 0.42083333333333334 0.4129629629629631 0.3859375 0.4129629629629631 0.3859375 0.47685185185185186 0.42083333333333334 0.47685185185185186
7 0.47239583333333335 0.005555555555555655 0.4296875 0.0055555555555556494 0.4296875 0.03148148148148158 0.47239583333333335 0.03148148148148159
3 0.49270833333333336 0.07407407407407418 0.45677083333333335 0.07407407407407418 0.45677083333333335 0.13796296296296306 0.49270833333333336 0.13796296296296306
9 0.325 0.2537037037037038 0.290625 0.2537037037037038 0.290625 0.3157407407407408 0.325 0.3157407407407408
5 0.29739583333333336 0.4166666666666668 0.253125 0.4166666666666668 0.25312500000000004 0.4935185185185185 0.29739583333333336 0.4935185185185185
4 0.6640625 0.6638888888888891 0.6177083333333333 0.6638888888888891 0.6177083333333333 0.7444444444444447 0.6640625 0.7444444444444447
9 0.3546875 0.08240740740740748 0.31927083333333334 0.08240740740740748 0.31927083333333334 0.14722222222222228 0.3546875 0.14722222222222228
4 0.75 0.23611111111111127 0.7010416666666667 0.23611111111111127 0.7010416666666667 0.3185185185185187 0.75 0.31851851851851876
8 0.7015625 0.49166666666666686 0.6645833333333333 0.49166666666666686 0.6645833333333333 0.5583333333333336 0.7015625 0.5583333333333336
10 0.7697916666666667 0.15000000000000016 0.7244791666666667 0.15000000000000016 0.7244791666666667 0.22500000000000014 0.7697916666666667 0.22500000000000014
11 0.3098958333333333 0.33240740740740754 0.2671875 0.33240740740740754 0.2671875 0.40833333333333344 0.3098958333333333 0.40833333333333344
11 0.375 0.004629629629629707 0.3302083333333333 0.004629629629629702 0.3302083333333333 0.07685185185185194 0.375 0.07685185185185194
1 0.278125 0.48055555555555557 0.2333333333333334 0.48055555555555557 0.2333333333333334 0.5592592592592592 0.278125 0.5592592592592592
8 0.7416666666666667 0.32777777777777795 0.7020833333333333 0.3277777777777779 0.7020833333333333 0.39537037037037054 0.7416666666666667 0.3953703703703706
6 0.6916666666666667 0.08425925925925941 0.6416666666666667 0.0842592592592594 0.6416666666666667 0.1620370370370372 0.6916666666666667 0.1620370370370372
6 0.578125 0.6092592592592595 0.5265625 0.6092592592592595 0.5265625 0.6962962962962965 0.578125 0.6962962962962965
0 0.646875 0.7388888888888892 0.5958333333333333 0.7388888888888892 0.5958333333333333 0.8250000000000002 0.646875 0.8250000000000002
10 0.6875 0.5740740740740743 0.6359375 0.5740740740740743 0.6359375 0.6629629629629632 0.6875 0.6629629629629632