12 0.43072916666666666 0.6583333333333333 0.3807291666666667 0.6583333333333333 0.3807291666666667 0.7472222222222222 0.43072916666666666 0.7472222222222222
0 0.396875 0.4175925925925927 0.35625 0.4175925925925927 0.35625 0.4898148148148148 0.396875 0.4898148148148148
6 0.41354166666666664 0.5796296296296296 0.3729166666666667 0.5796296296296296 0.3729166666666667 0.65 0.41354166666666664 0.65
10 0.4416666666666667 0.8425925925925926 0.4010416666666667 0.8425925925925926 0.40104166666666674 0.9148148148148149 0.44166666666666676 0.9148148148148149
1 0.765625 0.8935185185185187 0.7307291666666667 0.8935185185185187 0.7307291666666667 0.9592592592592593 0.765625 0.9592592592592593
7 0.6921875 0.8370370370370372 0.6546875 0.8370370370370372 0.6546875 0.9083333333333335 0.6921875 0.9083333333333335
3 0.60625 0.4546296296296297 0.5755208333333334 0.4546296296296297 0.5755208333333334 0.5120370370370373 0.60625 0.5120370370370373
5 0.6567708333333333 0.5361111111111113 0.61875 0.5361111111111113 0.61875 0.6046296296296299 0.6567708333333333 0.6046296296296299
13 0.709375 0.5907407407407409 0.6640625 0.5907407407407409 0.6640625 0.6722222222222224 0.709375 0.6722222222222224
7 0.6697916666666667 0.6129629629629632 0.6317708333333333 0.6129629629629632 0.6317708333333333 0.6814814814814817 0.6697916666666667 0.6814814814814817
11 0.6390625 0.690740740740741 0.6010416666666667 0.690740740740741 0.6010416666666667 0.7592592592592595 0.6390625 0.7592592592592595
4 0.49947916666666664 0.5666666666666668 0.45989583333333334 0.5666666666666667 0.45989583333333334 0.6379629629629631 0.49947916666666664 0.6379629629629632
4 0.4739583333333333 0.7462962962962963 0.4322916666666667 0.7462962962962963 0.4322916666666667 0.8185185185185185 0.4739583333333333 0.8185185185185185
6 0.46770833333333334 0.6564814814814814 0.4270833333333333 0.6564814814814814 0.4270833333333333 0.7277777777777777 0.46770833333333334 0.7277777777777777
11 0.6276041666666666 0.6120370370370373 0.5885416666666666 0.6120370370370373 0.5885416666666666 0.6805555555555558 0.6276041666666666 0.6805555555555558