10 0.43802083333333336 0.1601851851851853 0.3890625 0.1601851851851853 0.3890625 0.24444444444444455 0.43802083333333336 0.24444444444444455
12 0.4796875 0.04722222222222232 0.4197916666666667 0.04722222222222231 0.4197916666666667 0.15092592592592602 0.4796875 0.15092592592592602
5 0.6682291666666667 0.4722222222222223 0.6182291666666667 0.4722222222222223 0.6182291666666667 0.5592592592592595 0.6682291666666667 0.5592592592592595
4 0.37604166666666666 0.13148148148148156 0.3255208333333333 0.13148148148148153 0.3255208333333333 0.21851851851851858 0.37604166666666666 0.2185185185185186
1 0.5614583333333333 0.4805555555555558 0.5109375 0.4805555555555558 0.5109375 0.5685185185185188 0.5614583333333333 0.5685185185185188
13 0.5828125 0.5481481481481484 0.5223958333333333 0.5481481481481484 0.5223958333333333 0.6537037037037039 0.5828125 0.6537037037037039
7 0.6067708333333334 0.44444444444444453 0.5572916666666666 0.44444444444444453 0.5572916666666666 0.5314814814814817 0.6067708333333334 0.5314814814814817
0 0.5734375 0.06296296296296308 0.5244791666666667 0.06296296296296307 0.5244791666666667 0.1462962962962964 0.5734375 0.1462962962962964
7 0.4203125 0.6027777777777777 0.36875 0.6027777777777777 0.36875 0.6925925925925925 0.4203125 0.6925925925925925
11 0.4864583333333333 0.6361111111111112 0.434375 0.6361111111111111 0.434375 0.726851851851852 0.4864583333333333 0.7268518518518521
5 0.4375 0.6777777777777778 0.384375 0.6777777777777778 0.384375 0.7703703703703704 0.4375 0.7703703703703704
4 0.5588541666666667 1.1651153575221347e-16 0.5114583333333333 1.1135214414469453e-16 0.5114583333333333 0.07777777777777789 0.5588541666666667 0.0777777777777779
3 0.5421875 0.42222222222222233 0.5020833333333333 0.42222222222222233 0.5020833333333333 0.49166666666666686 0.5421875 0.49166666666666686
0 0.32864583333333336 0.17222222222222228 0.2791666666666667 0.17222222222222228 0.2791666666666667 0.2583333333333334 0.32864583333333336 0.2583333333333334
6 0.5291666666666667 0.09537037037037048 0.48072916666666665 0.09537037037037048 0.48072916666666665 0.17962962962962972 0.5291666666666667 0.17962962962962972
6 0.390625 0.20185185185185192 0.34010416666666665 0.2018518518518519 0.34010416666666665 0.288888888888889 0.390625 0.288888888888889
3 0.5890625 0.3833333333333334 0.5494791666666666 0.3833333333333334 0.5494791666666666 0.4500000000000001 0.5890625 0.4500000000000001
2 0.4942708333333333 0.2074074074074075 0.4557291666666667 0.2074074074074075 0.4557291666666667 0.2740740740740742 0.4942708333333333 0.2740740740740742
2 0.39947916666666666 0.2824074074074075 0.359375 0.2824074074074075 0.359375 0.35092592592592603 0.39947916666666666 0.35092592592592603
10 0.48541666666666666 0.12870370370370382 0.43645833333333334 0.12870370370370382 0.43645833333333334 0.21296296296296308 0.48541666666666666 0.21296296296296308
8 0.5119791666666667 0.03333333333333344 0.471875 0.03333333333333344 0.471875 0.10185185185185196 0.5119791666666667 0.10185185185185196
9 0.6171875 0.5240740740740742 0.5765625 0.5240740740740742 0.5765625 0.5944444444444447 0.6171875 0.5944444444444447
11 0.5140625 0.5222222222222224 0.4630208333333333 0.5222222222222223 0.4630208333333333 0.6092592592592594 0.5140625 0.6092592592592595
2 0.5411458333333333 0.16944444444444454 0.5041666666666667 0.16944444444444454 0.5041666666666667 0.23425925925925936 0.5411458333333333 0.23425925925925936
3 0.446875 0.5018518518518519 0.40572916666666664 0.5018518518518519 0.40572916666666664 0.5722222222222222 0.446875 0.5722222222222222
2 0.44427083333333334 0.24166666666666678 0.4046875 0.24166666666666678 0.4046875 0.30925925925925934 0.44427083333333334 0.30925925925925934
3 0.6317708333333333 0.3435185185185186 0.5921875 0.3435185185185186 0.5921875 0.4129629629629631 0.6317708333333333 0.4129629629629631
1 0.4708333333333333 0.5564814814814815 0.41822916666666665 0.5564814814814815 0.41822916666666665 0.6472222222222223 0.4708333333333333 0.6472222222222223
3 0.49635416666666665 0.4527777777777779 0.45625 0.4527777777777779 0.45625 0.5240740740740741 0.49635416666666665 0.5240740740740742
9 0.5255208333333333 0.603703703703704 0.48489583333333336 0.603703703703704 0.48489583333333336 0.6740740740740743 0.5255208333333333 0.6740740740740743
8 0.421875 0.10462962962962971 0.38333333333333336 0.10462962962962971 0.38333333333333336 0.17222222222222233 0.421875 0.17222222222222233
2 0.5875 0.13796296296296306 0.5489583333333333 0.13796296296296306 0.5489583333333333 0.20462962962962974 0.5875 0.20462962962962974