7 0.46875 0.4287037037037038 0.4354166666666667 0.4287037037037038 0.4354166666666667 0.487962962962963 0.46875 0.487962962962963
6 0.37395833333333334 0.4111111111111112 0.340625 0.4111111111111112 0.340625 0.4685185185185186 0.37395833333333334 0.4685185185185186
12 0.40260416666666665 0.7324074074074074 0.36041666666666666 0.7324074074074074 0.36041666666666666 0.8055555555555556 0.40260416666666665 0.8055555555555556
10 0.41302083333333334 0.575925925925926 0.37864583333333335 0.575925925925926 0.37864583333333335 0.6361111111111111 0.41302083333333334 0.6361111111111111
13 0.39739583333333334 0.1870370370370371 0.35833333333333334 0.18703703703703708 0.35833333333333334 0.2537037037037038 0.39739583333333334 0.2537037037037038
10 0.2515625 0.1657407407407408 0.2203125 0.1657407407407408 0.2203125 0.2194444444444445 0.2515625 0.2194444444444445
0 0.43020833333333336 0.35092592592592603 0.39739583333333334 0.35092592592592603 0.39739583333333334 0.4074074074074075 0.43020833333333336 0.4074074074074075
0 0.33229166666666665 0.32314814814814824 0.2994791666666667 0.32314814814814824 0.2994791666666667 0.37962962962962976 0.33229166666666665 0.37962962962962976
5 0.23802083333333332 0.31574074074074077 0.20625 0.31574074074074077 0.20625 0.375 0.23802083333333332 0.375
3 0.321875 0.4861111111111111 0.2953125 0.4861111111111111 0.2953125 0.5333333333333333 0.321875 0.5333333333333333
2 0.4171875 0.5046296296296297 0.390625 0.5046296296296297 0.390625 0.5509259259259259 0.4171875 0.5509259259259259
3 0.23125000000000004 0.39814814814814814 0.20520833333333333 0.39814814814814814 0.20520833333333335 0.4425925925925926 0.23125000000000007 0.4425925925925926
3 0.5125 0.5240740740740742 0.48541666666666666 0.5240740740740742 0.48541666666666666 0.5694444444444446 0.5125 0.5694444444444446
7 0.396875 0.1250000000000001 0.3651041666666667 0.1250000000000001 0.3651041666666667 0.1777777777777779 0.396875 0.1777777777777779
3 0.4796875 0.2861111111111112 0.453125 0.2861111111111112 0.453125 0.33055555555555566 0.4796875 0.33055555555555566
3 0.16562500000000005 0.5407407407407407 0.1395833333333334 0.5407407407407407 0.1395833333333334 0.5879629629629629 0.16562500000000005 0.5879629629629629
1 0.5578125 0.6824074074074076 0.5234375 0.6824074074074076 0.5234375 0.7416666666666669 0.5578125 0.7416666666666669
8 0.3020833333333333 0.6425925925925926 0.27447916666666666 0.6425925925925926 0.27447916666666666 0.6888888888888889 0.3020833333333333 0.6888888888888889
2 0.2760416666666667 0.4027777777777779 0.24895833333333334 0.4027777777777779 0.24895833333333336 0.44722222222222235 0.2760416666666667 0.44722222222222235
2 0.56875 0.3814814814814816 0.5427083333333333 0.3814814814814816 0.5427083333333333 0.426851851851852 0.56875 0.426851851851852
9 0.3421875 0.18981481481481488 0.3171875 0.18981481481481488 0.3171875 0.23518518518518525 0.3421875 0.23518518518518525
2 0.36666666666666664 0.4981481481481482 0.340625 0.4981481481481482 0.340625 0.5435185185185185 0.36666666666666664 0.5435185185185185
8 0.3 0.712037037037037 0.27291666666666664 0.712037037037037 0.27291666666666664 0.7601851851851852 0.3 0.7601851851851852
1 0.25572916666666673 0.6972222222222222 0.22187500000000007 0.6972222222222222 0.22187500000000007 0.7564814814814815 0.25572916666666673 0.7564814814814815
5 0.20260416666666672 0.6925925925925925 0.16979166666666673 0.6925925925925925 0.16979166666666673 0.7518518518518519 0.20260416666666672 0.7518518518518519
11 0.26406250000000003 0.549074074074074 0.23125000000000007 0.549074074074074 0.23125000000000007 0.6083333333333333 0.26406250000000003 0.6083333333333333
9 0.38177083333333334 0.26481481481481495 0.35625 0.26481481481481495 0.35625 0.3111111111111112 0.38177083333333334 0.3111111111111112
2 0.1921875 0.3148148148148148 0.16666666666666666 0.3148148148148148 0.16666666666666666 0.36018518518518516 0.1921875 0.36018518518518516
6 0.29270833333333335 0.24814814814814826 0.2609375 0.24814814814814826 0.2609375 0.3037037037037038 0.29270833333333335 0.3037037037037038
11 0.5333333333333333 0.2185185185185186 0.49947916666666664 0.2185185185185186 0.49947916666666664 0.275925925925926 0.5333333333333333 0.275925925925926
4 0.3125 0.562037037037037 0.2796875 0.562037037037037 0.2796875 0.6175925925925926 0.3125 0.6175925925925926
4 0.21041666666666672 0.6111111111111112 0.1755208333333334 0.6111111111111112 0.1755208333333334 0.6722222222222223 0.21041666666666672 0.6722222222222223