1 0.4171875 0.6805555555555556 0.3770833333333333 0.6805555555555556 0.3770833333333333 0.7472222222222222 0.4171875 0.7472222222222222
12 0.26354166666666673 0.6324074074074074 0.2145833333333334 0.6324074074074074 0.2145833333333334 0.7175925925925926 0.26354166666666673 0.7175925925925926
13 0.37864583333333335 0.11851851851851859 0.3328125 0.11851851851851856 0.3328125 0.1972222222222223 0.37864583333333335 0.19722222222222233
5 0.20416666666666666 0.1518518518518519 0.16666666666666666 0.1518518518518519 0.16666666666666666 0.21851851851851858 0.20416666666666666 0.21851851851851858
7 0.39114583333333336 0.3916666666666668 0.35208333333333336 0.3916666666666668 0.35208333333333336 0.45925925925925937 0.39114583333333336 0.45925925925925937
3 0.24479166666666666 0.3601851851851852 0.21197916666666666 0.36018518518518516 0.21197916666666666 0.4157407407407408 0.24479166666666666 0.41574074074074086
10 0.30625 0.49722222222222223 0.2671875 0.49722222222222223 0.2671875 0.5657407407407408 0.30625 0.5657407407407408
7 0.39010416666666664 0.06296296296296304 0.353125 0.06296296296296304 0.353125 0.125925925925926 0.39010416666666664 0.12592592592592602
3 0.09427083333333336 0.325 0.06458333333333337 0.325 0.06458333333333337 0.3768518518518518 0.09427083333333336 0.3768518518518518
3 0.4317708333333333 0.2685185185185186 0.4010416666666667 0.2685185185185186 0.4010416666666667 0.32037037037037047 0.4317708333333333 0.32037037037037047
5 0.09427083333333336 0.4888888888888889 0.05625000000000003 0.4888888888888889 0.056250000000000036 0.5564814814814815 0.09427083333333336 0.5564814814814815
0 0.37135416666666665 0.29537037037037045 0.33177083333333335 0.29537037037037045 0.33177083333333335 0.3611111111111112 0.37135416666666665 0.3611111111111112
8 0.19322916666666673 0.5 0.1614583333333334 0.5 0.1614583333333334 0.5546296296296296 0.19322916666666673 0.5546296296296296
3 0.40729166666666666 0.5111111111111111 0.37604166666666666 0.5111111111111111 0.37604166666666666 0.5648148148148148 0.40729166666666666 0.5648148148148148
4 0.11406250000000002 0.41759259259259257 0.07656250000000003 0.41759259259259257 0.07656250000000003 0.4842592592592593 0.11406250000000002 0.4842592592592593
11 0.4921875 0.23333333333333345 0.4546875 0.23333333333333345 0.4546875 0.2962962962962964 0.4921875 0.2962962962962964
9 0.34739583333333335 0.19259259259259265 0.3177083333333333 0.19259259259259265 0.3177083333333333 0.24351851851851863 0.34739583333333335 0.24351851851851863
3 0.18125 0.22592592592592597 0.1515625 0.22592592592592597 0.1515625 0.27870370370370373 0.18125 0.27870370370370373
2 0.16354166666666667 0.12592592592592597 0.134375 0.12592592592592597 0.134375 0.1768518518518519 0.16354166666666667 0.1768518518518519
10 0.25 0.01388888888888894 0.21354166666666666 0.013888888888888935 0.21354166666666666 0.07685185185185191 0.25 0.07685185185185191
4 0.22031250000000002 0.4287037037037037 0.18125 0.4287037037037037 0.18125000000000002 0.49537037037037035 0.22031250000000005 0.49537037037037035
11 0.17864583333333336 0.3861111111111111 0.13958333333333334 0.3861111111111111 0.13958333333333336 0.45555555555555555 0.1786458333333334 0.45555555555555555
2 0.49270833333333336 0.4064814814814816 0.46197916666666666 0.4064814814814816 0.46197916666666666 0.4583333333333334 0.49270833333333336 0.4583333333333334
0 0.28958333333333336 0.21388888888888893 0.2515625 0.21388888888888893 0.2515625 0.27962962962962973 0.28958333333333336 0.27962962962962973
8 0.17343750000000005 0.5657407407407408 0.14270833333333338 0.5657407407407408 0.14270833333333338 0.6194444444444445 0.17343750000000005 0.6194444444444445
6 0.30416666666666664 0.31851851851851865 0.26614583333333336 0.31851851851851865 0.26614583333333336 0.38611111111111124 0.30416666666666664 0.38611111111111124
1 0.13697916666666674 0.5222222222222223 0.09895833333333336 0.5222222222222223 0.09895833333333336 0.5907407407407408 0.13697916666666674 0.5907407407407408
9 0.3260416666666667 0.09537037037037044 0.29635416666666664 0.09537037037037042 0.29635416666666664 0.14629629629629634 0.3260416666666667 0.14629629629629634
2 0.32760416666666664 0.4351851851851853 0.29635416666666664 0.4351851851851853 0.29635416666666664 0.4898148148148148 0.32760416666666664 0.4898148148148148
6 0.2677083333333333 0.11851851851851856 0.23125 0.11851851851851856 0.23125 0.1805555555555556 0.2677083333333333 0.1805555555555556
2 0.22135416666666666 0.2574074074074074 0.19114583333333332 0.2574074074074074 0.19114583333333332 0.30833333333333335 0.22135416666666666 0.30833333333333335
2 0.28229166666666666 0.40185185185185196 0.2515625 0.40185185185185196 0.2515625 0.45370370370370383 0.28229166666666666 0.45370370370370383