3 0.48020833333333335 0.43796296296296305 0.44583333333333336 0.43796296296296305 0.44583333333333336 0.4962962962962963 0.48020833333333335 0.4962962962962963
4 0.7046875 0.577777777777778 0.6609375 0.577777777777778 0.6609375 0.652777777777778 0.7046875 0.652777777777778
6 0.671875 0.30555555555555564 0.6286458333333333 0.30555555555555564 0.6286458333333333 0.37962962962962976 0.671875 0.37962962962962976
3 0.4901041666666667 0.2666666666666668 0.4557291666666667 0.2666666666666668 0.4557291666666667 0.3240740740740742 0.4901041666666667 0.3240740740740742
3 0.4703125 0.5314814814814814 0.4348958333333333 0.5314814814814814 0.4348958333333333 0.5907407407407408 0.4703125 0.5907407407407408
8 0.7036458333333333 0.48796296296296315 0.66875 0.48796296296296315 0.66875 0.5472222222222224 0.7036458333333333 0.5472222222222224
3 0.4822916666666667 0.3537037037037038 0.4473958333333333 0.3537037037037038 0.4473958333333333 0.41203703703703715 0.4822916666666667 0.41203703703703715
3 0.496875 0.18796296296296308 0.4630208333333333 0.18796296296296308 0.4630208333333333 0.24444444444444455 0.496875 0.24444444444444455
5 0.37864583333333335 0.5861111111111111 0.33489583333333334 0.5861111111111111 0.33489583333333334 0.6620370370370371 0.37864583333333335 0.6620370370370371
2 0.6182291666666667 0.3870370370370371 0.5833333333333334 0.3870370370370371 0.5833333333333334 0.44722222222222235 0.6182291666666667 0.44722222222222235
10 0.66875 0.388888888888889 0.625 0.388888888888889 0.625 0.4629629629629631 0.66875 0.4629629629629631
1 0.44479166666666664 0.3361111111111112 0.40208333333333335 0.3361111111111112 0.40208333333333335 0.4092592592592594 0.44479166666666664 0.4092592592592594
8 0.7130208333333333 0.32222222222222235 0.6796875 0.32222222222222235 0.6796875 0.3787037037037038 0.7130208333333333 0.3787037037037038
2 0.6161458333333333 0.47962962962962985 0.5807291666666666 0.47962962962962985 0.5807291666666666 0.5388888888888891 0.6161458333333333 0.5388888888888891
5 0.4171875 0.1601851851851853 0.37552083333333336 0.1601851851851853 0.37552083333333336 0.22962962962962974 0.4171875 0.22962962962962974
7 0.42552083333333335 0.5981481481481481 0.38177083333333334 0.5981481481481481 0.38177083333333334 0.675 0.42552083333333335 0.675
2 0.6270833333333333 0.21388888888888902 0.5927083333333333 0.213888888888889 0.5927083333333333 0.2722222222222223 0.6270833333333333 0.2722222222222223
11 0.43802083333333336 0.42407407407407416 0.39479166666666665 0.42407407407407416 0.39479166666666665 0.5 0.43802083333333336 0.5
2 0.625 0.29722222222222233 0.5901041666666667 0.29722222222222233 0.5901041666666667 0.3574074074074075 0.625 0.3574074074074075
1 0.4328125 0.5055555555555555 0.38958333333333334 0.5055555555555555 0.38958333333333334 0.5814814814814815 0.4328125 0.5814814814814815
2 0.6083333333333333 0.564814814814815 0.5734375 0.564814814814815 0.5734375 0.6250000000000002 0.6083333333333333 0.6250000000000002
13 0.4036458333333333 0.31851851851851865 0.35260416666666666 0.31851851851851865 0.35260416666666666 0.40833333333333344 0.4036458333333333 0.40833333333333344
12 0.7192708333333333 0.3814814814814816 0.6635416666666667 0.3814814814814816 0.6635416666666667 0.4768518518518521 0.7192708333333333 0.4768518518518521
0 0.6770833333333334 0.22500000000000014 0.6328125 0.22500000000000014 0.6328125 0.3000000000000001 0.6770833333333334 0.3000000000000001
4 0.7213541666666666 0.23240740740740756 0.6776041666666667 0.23240740740740756 0.6776041666666667 0.3074074074074075 0.7213541666666666 0.3074074074074075
10 0.6671875 0.47314814814814826 0.6208333333333333 0.47314814814814826 0.6208333333333333 0.551851851851852 0.6671875 0.551851851851852
6 0.6583333333333333 0.5666666666666669 0.6130208333333333 0.5666666666666669 0.6130208333333333 0.6425925925925928 0.6583333333333333 0.6425925925925928
0 0.6994791666666667 0.6648148148148151 0.6546875 0.6648148148148151 0.6546875 0.7444444444444447 0.6994791666666667 0.7444444444444447
7 0.4510416666666667 0.2527777777777779 0.4083333333333333 0.2527777777777779 0.4083333333333333 0.325925925925926 0.4510416666666667 0.325925925925926
9 0.4036458333333333 0.25092592592592605 0.36822916666666666 0.25092592592592605 0.36822916666666666 0.3111111111111112 0.4036458333333333 0.3111111111111112
9 0.39010416666666664 0.42037037037037045 0.35520833333333335 0.42037037037037045 0.35520833333333335 0.47962962962962963 0.39010416666666664 0.47962962962962963
11 0.38645833333333335 0.49537037037037035 0.3416666666666667 0.49537037037037035 0.3416666666666667 0.5731481481481482 0.38645833333333335 0.5731481481481482