4 0.25312500000000004 0.7379629629629629 0.21093750000000006 0.7379629629629629 0.21093750000000006 0.8148148148148148 0.25312500000000004 0.8148148148148148
2 0.5364583333333334 0.8175925925925928 0.5015625 0.8175925925925928 0.5015625 0.8842592592592595 0.5364583333333334 0.8842592592592595
6 0.5541666666666667 0.9314814814814817 0.5114583333333335 0.9314814814814817 0.5114583333333335 1 0.5541666666666667 1
3 0.4515625 0.4092592592592594 0.41458333333333336 0.4092592592592594 0.41458333333333336 0.47962962962962963 0.4515625 0.47962962962962963
7 0.43645833333333334 0.29074074074074086 0.39010416666666664 0.29074074074074086 0.39010416666666664 0.3777777777777779 0.43645833333333334 0.3777777777777779
3 0.6119791666666666 0.6296296296296299 0.5765625 0.6296296296296299 0.5765625 0.6990740740740743 0.6119791666666666 0.6990740740740743
13 0.5916666666666667 0.36851851851851863 0.5354166666666667 0.36851851851851863 0.5354166666666667 0.47407407407407426 0.5916666666666667 0.47407407407407426
1 0.765625 0.5509259259259262 0.7197916666666667 0.5509259259259262 0.7197916666666667 0.6370370370370373 0.765625 0.6370370370370373
2 0.4505208333333333 0.7203703703703703 0.415625 0.7203703703703703 0.415625 0.7888888888888889 0.4505208333333333 0.7888888888888889
2 0.28541666666666665 0.49537037037037035 0.2473958333333334 0.49537037037037035 0.2473958333333334 0.5666666666666667 0.28541666666666665 0.5666666666666667
7 0.6848958333333334 0.6111111111111113 0.6416666666666667 0.6111111111111113 0.6416666666666667 0.6944444444444446 0.6848958333333334 0.6944444444444446
3 0.6859375 0.7305555555555557 0.6515625 0.7305555555555557 0.6515625 0.7962962962962965 0.6859375 0.7962962962962965
2 0.6130208333333333 0.9148148148148151 0.5765625 0.9148148148148151 0.5765625 0.9833333333333333 0.6130208333333333 0.9833333333333333
3 0.5328125 0.5129629629629632 0.4973958333333333 0.5129629629629632 0.4973958333333333 0.5824074074074076 0.5328125 0.5824074074074076
12 0.4151041666666667 0.8287037037037037 0.36041666666666666 0.8287037037037037 0.3604166666666667 0.9305555555555556 0.4151041666666668 0.9305555555555556
6 0.3015625 0.6027777777777777 0.25572916666666673 0.6027777777777777 0.25572916666666673 0.6888888888888889 0.3015625 0.6888888888888889
0 0.21510416666666674 0.6805555555555556 0.16822916666666674 0.6805555555555556 0.16822916666666674 0.7675925925925926 0.21510416666666674 0.7675925925925926
2 0.3671875 0.6111111111111112 0.3302083333333333 0.6111111111111112 0.3302083333333333 0.6814814814814815 0.3671875 0.6814814814814815
8 0.41302083333333345 0.9601851851851851 0.3885416666666668 0.9601851851851851 0.3885416666666668 0.9953703703703703 0.41302083333333345 0.9953703703703703
3 0.3692708333333333 0.2981481481481483 0.3307291666666667 0.2981481481481483 0.3307291666666667 0.37037037037037046 0.3692708333333333 0.37037037037037046
4 0.45729166666666676 0.9777777777777777 0.42083333333333345 0.9777777777777777 0.42083333333333345 1 0.45729166666666676 1
1 0.459375 0.10000000000000009 0.4114583333333333 0.10000000000000007 0.4114583333333333 0.19074074074074085 0.459375 0.19074074074074085
5 0.49114583333333334 0.15925925925925938 0.4432291666666667 0.15925925925925938 0.4432291666666667 0.24907407407407417 0.49114583333333334 0.24907407407407417
10 0.2984375000000001 0.7851851851851852 0.2541666666666667 0.7851851851851852 0.2541666666666667 0.8638888888888889 0.29843750000000013 0.8638888888888889
8 0.3375000000000001 0.8592592592592593 0.3067708333333333 0.8592592592592593 0.3067708333333334 0.9101851851851852 0.33750000000000013 0.9101851851851852
9 0.6557291666666667 0.39074074074074083 0.6192708333333333 0.39074074074074083 0.6192708333333333 0.4611111111111112 0.6557291666666667 0.4611111111111112
5 0.7276041666666667 0.48333333333333356 0.6838541666666667 0.48333333333333356 0.6838541666666667 0.565740740740741 0.7276041666666667 0.565740740740741
11 0.5338541666666666 0.20925925925925937 0.4869791666666667 0.20925925925925937 0.4869791666666667 0.2981481481481483 0.5338541666666666 0.2981481481481483
9 0.5713541666666667 0.28333333333333344 0.534375 0.28333333333333344 0.534375 0.35277777777777786 0.5713541666666667 0.35277777777777786
11 0.6979166666666666 0.426851851851852 0.6473958333333333 0.426851851851852 0.6473958333333333 0.5175925925925928 0.6979166666666666 0.5175925925925928