10 0.43125 0.5824074074074074 0.39739583333333334 0.5824074074074074 0.39739583333333334 0.6416666666666667 0.43125 0.6416666666666667
13 0.4171875 0.18703703703703714 0.3776041666666667 0.18703703703703714 0.3776041666666667 0.2564814814814816 0.4171875 0.2564814814814816
7 0.41458333333333336 0.12777777777777788 0.3828125 0.12777777777777788 0.3828125 0.18148148148148158 0.41458333333333336 0.18148148148148158
8 0.3177083333333333 0.65 0.2916666666666667 0.65 0.2916666666666667 0.6972222222222222 0.3177083333333333 0.6972222222222222
12 0.41875 0.7407407407407407 0.3770833333333333 0.7407407407407407 0.3770833333333333 0.8157407407407408 0.41875 0.8157407407407408
0 0.45 0.35648148148148157 0.4171875 0.35648148148148157 0.4171875 0.4148148148148149 0.45 0.4148148148148149
0 0.3494791666666667 0.325925925925926 0.31666666666666665 0.325925925925926 0.31666666666666665 0.38425925925925936 0.3494791666666667 0.38425925925925936
2 0.4359375 0.5111111111111111 0.40989583333333335 0.5111111111111111 0.40989583333333335 0.5583333333333333 0.4359375 0.5583333333333333
3 0.49635416666666665 0.2935185185185186 0.4703125 0.2935185185185186 0.4703125 0.338888888888889 0.49635416666666665 0.338888888888889
7 0.4875 0.438888888888889 0.4546875 0.438888888888889 0.4546875 0.49722222222222234 0.4875 0.49722222222222245
3 0.5302083333333333 0.5361111111111113 0.5041666666666667 0.5361111111111113 0.5041666666666667 0.5824074074074076 0.5302083333333333 0.5824074074074076
3 0.18072916666666672 0.5416666666666666 0.15468750000000006 0.5416666666666666 0.15468750000000006 0.5888888888888889 0.18072916666666672 0.5888888888888889
6 0.38958333333333334 0.4129629629629631 0.35625 0.4129629629629631 0.35625 0.4722222222222223 0.38958333333333334 0.4722222222222223
10 0.2682291666666667 0.16018518518518524 0.23697916666666666 0.16018518518518524 0.23697916666666666 0.21481481481481488 0.2682291666666667 0.21481481481481488
3 0.34010416666666665 0.4925925925925926 0.31354166666666666 0.4925925925925926 0.31354166666666666 0.5398148148148149 0.34010416666666665 0.5398148148148149
3 0.2463541666666667 0.39722222222222225 0.2203125 0.3972222222222222 0.22031250000000002 0.44259259259259265 0.24635416666666674 0.4425925925925927
1 0.575 0.6916666666666669 0.540625 0.6916666666666669 0.540625 0.7518518518518521 0.575 0.7518518518518521
9 0.36041666666666666 0.19351851851851856 0.33489583333333334 0.19351851851851856 0.33489583333333334 0.23981481481481493 0.36041666666666666 0.23981481481481493
9 0.4015625 0.2703703703703705 0.375 0.2703703703703705 0.375 0.3157407407407408 0.4015625 0.3157407407407408
5 0.253125 0.3185185185185186 0.22083333333333333 0.31851851851851853 0.22083333333333333 0.3768518518518519 0.253125 0.37685185185185194
2 0.20625 0.3148148148148148 0.18177083333333333 0.3148148148148148 0.18177083333333333 0.3611111111111111 0.20625 0.3611111111111111
2 0.5864583333333333 0.39074074074074083 0.5609375 0.39074074074074083 0.5609375 0.4361111111111112 0.5864583333333333 0.4361111111111112
8 0.315625 0.7231481481481481 0.2890625 0.7231481481481481 0.2890625 0.7712962962962963 0.315625 0.7712962962962963
5 0.22083333333333338 0.7 0.1880208333333334 0.7 0.1880208333333334 0.7601851851851852 0.22083333333333338 0.7601851851851852
4 0.22343750000000007 0.6194444444444445 0.1911458333333334 0.6194444444444445 0.1911458333333334 0.6787037037037037 0.22343750000000007 0.6787037037037037
2 0.3859375 0.5037037037037037 0.35989583333333336 0.5037037037037037 0.35989583333333336 0.5518518518518518 0.3859375 0.5518518518518518
2 0.29375 0.40555555555555567 0.2682291666666667 0.40555555555555567 0.2682291666666667 0.45185185185185195 0.29375 0.45185185185185195
11 0.28125 0.5555555555555556 0.2489583333333334 0.5555555555555556 0.2489583333333334 0.6166666666666667 0.28125 0.6166666666666667
11 0.5536458333333333 0.22685185185185194 0.5213541666666667 0.22685185185185194 0.5213541666666667 0.2842592592592594 0.5536458333333333 0.2842592592592594
1 0.2708333333333333 0.7037037037037037 0.2369791666666667 0.7037037037037037 0.2369791666666667 0.7638888888888888 0.2708333333333333 0.7638888888888888
6 0.30885416666666665 0.24814814814814826 0.2755208333333333 0.24814814814814826 0.2755208333333333 0.3037037037037038 0.30885416666666665 0.3037037037037038
4 0.3296875 0.5675925925925925 0.29739583333333336 0.5675925925925925 0.29739583333333336 0.6268518518518519 0.3296875 0.6268518518518519