2 0.5010416666666667 0.6055555555555556 0.46875 0.6055555555555555 0.46875 0.6555555555555557 0.5010416666666667 0.6555555555555558
7 0.640625 0.2879629629629631 0.6026041666666667 0.2879629629629631 0.6026041666666667 0.34814814814814826 0.640625 0.34814814814814826
7 0.42552083333333335 0.22777777777777788 0.3880208333333333 0.22777777777777788 0.3880208333333333 0.2861111111111112 0.42552083333333335 0.2861111111111112
3 0.4734375 0.2425925925925927 0.4401041666666667 0.2425925925925927 0.4401041666666667 0.2962962962962964 0.4734375 0.2962962962962964
3 0.5166666666666667 0.3435185185185186 0.4859375 0.3435185185185186 0.4859375 0.39814814814814825 0.5166666666666667 0.39814814814814825
4 0.4505208333333333 0.5814814814814815 0.4119791666666667 0.5814814814814815 0.4119791666666667 0.6435185185185185 0.4505208333333333 0.6435185185185185
1 0.5322916666666667 0.17592592592592604 0.4947916666666667 0.17592592592592604 0.4947916666666667 0.2351851851851853 0.5322916666666667 0.2351851851851853
2 0.590625 0.8074074074074076 0.5598958333333334 0.8074074074074076 0.5598958333333334 0.8574074074074076 0.590625 0.8574074074074076
3 0.6385416666666667 0.19907407407407424 0.6072916666666667 0.19907407407407424 0.6072916666666667 0.25092592592592605 0.6385416666666667 0.25092592592592605
3 0.4265625 0.1462962962962964 0.39375 0.1462962962962964 0.39375 0.19814814814814824 0.4265625 0.19814814814814824
8 0.4817708333333333 0.16296296296296306 0.4515625 0.16296296296296306 0.4515625 0.20925925925925937 0.4817708333333333 0.20925925925925937
11 0.5963541666666666 0.10185185185185198 0.5583333333333333 0.10185185185185198 0.5583333333333333 0.1611111111111112 0.5963541666666666 0.1611111111111112
5 0.5822916666666667 0.35092592592592603 0.5442708333333334 0.35092592592592603 0.5442708333333334 0.4111111111111112 0.5822916666666667 0.4111111111111112
9 0.4296875 0.7555555555555555 0.39791666666666664 0.7555555555555555 0.39791666666666664 0.812037037037037 0.4296875 0.812037037037037
11 0.49375 0.08333333333333344 0.45677083333333335 0.08333333333333344 0.45677083333333335 0.14074074074074083 0.49375 0.14074074074074083
4 0.5567708333333333 0.6064814814814817 0.5177083333333333 0.6064814814814817 0.5177083333333333 0.6675925925925928 0.5567708333333333 0.6675925925925928
2 0.3802083333333333 0.7537037037037037 0.3494791666666667 0.7537037037037037 0.3494791666666667 0.8046296296296296 0.3802083333333333 0.8046296296296296
10 0.48229166666666673 0.8564814814814815 0.44427083333333334 0.8564814814814815 0.4442708333333334 0.9212962962962963 0.4822916666666668 0.9212962962962963
0 0.42708333333333337 0.8425925925925926 0.39010416666666664 0.8425925925925926 0.39010416666666675 0.9046296296296297 0.4270833333333334 0.9046296296296297
5 0.4703125 0.31481481481481494 0.4322916666666667 0.31481481481481494 0.4322916666666667 0.3851851851851853 0.4703125 0.3851851851851853
13 0.5005208333333333 0.6750000000000002 0.4546875 0.675 0.4546875 0.7592592592592594 0.5005208333333333 0.7592592592592595
0 0.5333333333333333 0.8731481481481483 0.49583333333333346 0.8731481481481483 0.49583333333333346 0.9351851851851853 0.5333333333333333 0.9351851851851853
8 0.5864583333333333 0.18796296296296308 0.5557291666666667 0.18796296296296308 0.5557291666666667 0.2351851851851853 0.5864583333333333 0.2351851851851853
1 0.540625 0.08981481481481492 0.503125 0.08981481481481492 0.503125 0.14814814814814825 0.540625 0.14814814814814825
2 0.44166666666666665 0.6777777777777778 0.4109375 0.6777777777777778 0.4109375 0.7277777777777777 0.44166666666666665 0.7277777777777777
12 0.534375 0.2462962962962964 0.48854166666666665 0.2462962962962964 0.48854166666666665 0.32222222222222235 0.534375 0.32222222222222235
6 0.6083333333333333 0.7120370370370372 0.56875 0.7120370370370372 0.56875 0.7722222222222225 0.6083333333333333 0.7722222222222225
2 0.5520833333333334 0.7074074074074076 0.5213541666666667 0.7074074074074076 0.5213541666666667 0.7564814814814816 0.5520833333333334 0.7564814814814816
3 0.5796875 0.2740740740740742 0.5515625 0.2740740740740742 0.5515625 0.3296296296296297 0.5796875 0.3296296296296297
9 0.5421875 0.7842592592592594 0.5088541666666667 0.7842592592592594 0.5088541666666667 0.839814814814815 0.5421875 0.839814814814815
6 0.3885416666666667 0.6583333333333333 0.346875 0.6583333333333333 0.346875 0.7287037037037037 0.3885416666666667 0.7287037037037037
10 0.48802083333333335 0.7712962962962964 0.4479166666666667 0.7712962962962963 0.4479166666666667 0.8370370370370371 0.48802083333333335 0.8370370370370372