4 0.46458333333333335 0.7462962962962963 0.42291666666666666 0.7462962962962963 0.42291666666666666 0.8185185185185185 0.46458333333333335 0.8185185185185185
5 0.7640625 0.6120370370370373 0.7239583333333334 0.6120370370370373 0.7239583333333334 0.6824074074074076 0.7640625 0.6824074074074076
7 0.6723958333333333 0.325925925925926 0.6302083333333334 0.325925925925926 0.6302083333333334 0.3990740740740742 0.6723958333333333 0.3990740740740742
13 0.7333333333333333 0.3722222222222224 0.6817708333333333 0.37222222222222234 0.6817708333333333 0.46111111111111125 0.7333333333333333 0.4611111111111113
2 0.5453125 0.6972222222222224 0.5114583333333333 0.6972222222222224 0.5114583333333333 0.7537037037037039 0.5453125 0.7537037037037039
5 0.6973958333333333 0.20925925925925942 0.6541666666666667 0.20925925925925942 0.6541666666666667 0.2842592592592594 0.6973958333333333 0.2842592592592594
11 0.6994791666666667 0.4925925925925928 0.6572916666666667 0.4925925925925928 0.6572916666666667 0.5629629629629632 0.6994791666666667 0.5629629629629632
0 0.4432291666666667 0.4000000000000001 0.39947916666666666 0.4000000000000001 0.39947916666666666 0.475 0.4432291666666667 0.475
0 0.48177083333333337 0.8203703703703704 0.440625 0.8203703703703704 0.44062500000000004 0.8898148148148148 0.4817708333333334 0.8898148148148148
12 0.4354166666666667 0.575 0.38333333333333336 0.575 0.38333333333333336 0.6648148148148149 0.4354166666666667 0.6648148148148149
6 0.5072916666666667 0.7185185185185187 0.465625 0.7185185185185186 0.465625 0.7907407407407409 0.5072916666666667 0.790740740740741
1 0.6854166666666667 0.40833333333333344 0.6432291666666666 0.40833333333333344 0.6432291666666666 0.4814814814814817 0.6854166666666667 0.4814814814814817
3 0.6114583333333333 0.27962962962962973 0.5765625 0.27962962962962973 0.5765625 0.3398148148148149 0.6114583333333333 0.3398148148148149
11 0.7520833333333333 0.5351851851851854 0.7114583333333333 0.5351851851851854 0.7114583333333333 0.6064814814814817 0.7520833333333333 0.6064814814814817
3 0.6265625 0.3592592592592594 0.5927083333333333 0.3592592592592594 0.5927083333333333 0.4185185185185186 0.6265625 0.4185185185185186
4 0.39791666666666664 0.4287037037037038 0.3541666666666667 0.4287037037037038 0.3541666666666667 0.5027777777777778 0.39791666666666664 0.5027777777777778
9 0.709375 0.3037037037037038 0.6755208333333333 0.3037037037037038 0.6755208333333333 0.36203703703703716 0.709375 0.36203703703703716
7 0.7244791666666667 0.6435185185185187 0.6828125 0.6435185185185187 0.6828125 0.7138888888888891 0.7244791666666667 0.7138888888888891
8 0.44479166666666664 0.6694444444444444 0.4119791666666667 0.6694444444444444 0.4119791666666667 0.725925925925926 0.44479166666666664 0.725925925925926
8 0.409375 0.5148148148148148 0.37552083333333336 0.5148148148148148 0.37552083333333336 0.5731481481481482 0.409375 0.5731481481481482
2 0.5276041666666667 0.6250000000000002 0.49375 0.6250000000000002 0.49375 0.6814814814814817 0.5276041666666667 0.6814814814814817
6 0.459375 0.48055555555555557 0.4161458333333333 0.48055555555555557 0.4161458333333333 0.5546296296296296 0.459375 0.5546296296296296
3 0.653125 0.5240740740740742 0.6197916666666666 0.5240740740740742 0.6197916666666666 0.5824074074074076 0.653125 0.5824074074074076
1 0.7109375 0.5638888888888891 0.6692708333333334 0.5638888888888891 0.6692708333333334 0.6351851851851854 0.7109375 0.6351851851851854
10 0.475 0.5583333333333333 0.43125 0.5583333333333333 0.43125 0.6333333333333333 0.475 0.6333333333333333
2 0.5135416666666667 0.538888888888889 0.48020833333333335 0.5388888888888889 0.48020833333333335 0.5962962962962964 0.5135416666666667 0.5962962962962965
10 0.48854166666666665 0.639814814814815 0.44635416666666666 0.6398148148148148 0.44635416666666666 0.7120370370370371 0.48854166666666665 0.7120370370370372
3 0.64375 0.4425925925925927 0.609375 0.4425925925925927 0.609375 0.5009259259259261 0.64375 0.5009259259259261
9 0.7348958333333333 0.4657407407407409 0.7010416666666667 0.46574074074074084 0.7010416666666667 0.5250000000000002 0.7348958333333333 0.5250000000000002
2 0.4953125 0.45370370370370383 0.46145833333333336 0.45370370370370383 0.46145833333333336 0.5120370370370372 0.4953125 0.5120370370370373
3 0.6703125 0.6064814814814817 0.6369791666666667 0.6064814814814817 0.6369791666666667 0.6629629629629632 0.6703125 0.6629629629629632
2 0.4828125 0.3675925925925927 0.4473958333333333 0.3675925925925927 0.4473958333333333 0.426851851851852 0.4828125 0.426851851851852