12 0.5380208333333333 0.6481481481481484 0.496875 0.6481481481481484 0.496875 0.7231481481481483 0.5380208333333333 0.7231481481481483
10 0.5875 0.5750000000000002 0.5541666666666667 0.5750000000000002 0.5541666666666667 0.6370370370370373 0.5875 0.6370370370370373
7 0.4822916666666667 0.19166666666666676 0.4484375 0.19166666666666676 0.4484375 0.2500000000000001 0.4822916666666667 0.2500000000000001
6 0.4869791666666667 0.5750000000000001 0.45364583333333336 0.575 0.45364583333333336 0.6361111111111112 0.4869791666666667 0.6361111111111113
13 0.534375 0.11111111111111122 0.4942708333333333 0.11111111111111122 0.4942708333333333 0.17962962962962972 0.534375 0.17962962962962972
10 0.5369791666666667 0.5722222222222224 0.5036458333333333 0.5722222222222224 0.5036458333333333 0.6351851851851854 0.5369791666666667 0.6351851851851854
1 0.5307291666666667 0.19166666666666676 0.4973958333333333 0.19166666666666676 0.4973958333333333 0.24907407407407417 0.5307291666666667 0.24907407407407417
4 0.4354166666666667 0.6620370370370371 0.40208333333333335 0.6620370370370371 0.40208333333333335 0.7222222222222222 0.4354166666666667 0.7222222222222222
4 0.6416666666666667 0.6509259259259261 0.6083333333333333 0.6509259259259261 0.6083333333333333 0.7111111111111114 0.6416666666666667 0.7111111111111114
5 0.671875 0.11481481481481495 0.6395833333333333 0.11481481481481495 0.6395833333333333 0.1722222222222224 0.671875 0.1722222222222224
6 0.640625 0.5675925925925928 0.6067708333333334 0.5675925925925928 0.6067708333333334 0.6287037037037039 0.640625 0.6287037037037039
2 0.5869791666666667 0.5018518518518521 0.5598958333333334 0.5018518518518521 0.5598958333333334 0.5500000000000002 0.5869791666666667 0.5500000000000002
2 0.6348958333333333 0.4962962962962965 0.6083333333333333 0.4962962962962965 0.6083333333333333 0.5435185185185187 0.6348958333333333 0.5435185185185187
11 0.58125 0.1898148148148149 0.5484375 0.1898148148148149 0.5484375 0.24722222222222232 0.58125 0.24722222222222232
3 0.4296875 0.2740740740740742 0.4036458333333333 0.2740740740740742 0.4036458333333333 0.31944444444444453 0.4296875 0.31944444444444453
9 0.4786458333333333 0.12592592592592602 0.45208333333333334 0.12592592592592602 0.45208333333333334 0.17222222222222233 0.4786458333333333 0.17222222222222233
11 0.6244791666666667 0.1166666666666668 0.5927083333333333 0.1166666666666668 0.5927083333333333 0.17222222222222236 0.6244791666666667 0.1722222222222224
0 0.43802083333333336 0.5787037037037037 0.403125 0.5787037037037037 0.403125 0.6398148148148148 0.43802083333333336 0.6398148148148148
7 0.6755208333333333 0.1879629629629631 0.6432291666666666 0.1879629629629631 0.6432291666666666 0.24444444444444455 0.6755208333333333 0.24444444444444455
3 0.528125 0.26481481481481495 0.5015625 0.26481481481481495 0.5015625 0.3111111111111112 0.528125 0.3111111111111112
9 0.575 0.12592592592592602 0.5489583333333333 0.12592592592592602 0.5489583333333333 0.1712962962962964 0.575 0.1712962962962964
3 0.6286458333333333 0.263888888888889 0.6020833333333333 0.263888888888889 0.6020833333333333 0.3101851851851853 0.6286458333333333 0.3101851851851853
8 0.4822916666666667 0.6675925925925926 0.4557291666666667 0.6675925925925926 0.4557291666666667 0.7157407407407408 0.4822916666666667 0.7157407407407408
2 0.4796875 0.5037037037037037 0.453125 0.5037037037037037 0.453125 0.5518518518518518 0.4796875 0.5518518518518518
0 0.6921875 0.6453703703703706 0.6583333333333333 0.6453703703703706 0.6583333333333333 0.7055555555555557 0.6921875 0.7055555555555557
2 0.5333333333333333 0.4990740740740743 0.5067708333333333 0.4990740740740743 0.5067708333333333 0.5472222222222224 0.5333333333333333 0.5472222222222224
8 0.5833333333333334 0.6564814814814817 0.5567708333333333 0.6564814814814817 0.5567708333333333 0.7055555555555557 0.5833333333333334 0.7055555555555557
5 0.43072916666666666 0.12685185185185197 0.39791666666666664 0.12685185185185197 0.39791666666666664 0.18240740740740752 0.43072916666666666 0.18240740740740752
2 0.42916666666666664 0.5009259259259259 0.40260416666666665 0.5009259259259259 0.40260416666666665 0.55 0.42916666666666664 0.55
3 0.47760416666666666 0.2703703703703705 0.4510416666666667 0.2703703703703705 0.4510416666666667 0.31666666666666676 0.47760416666666666 0.31666666666666676
3 0.5755208333333334 0.2703703703703705 0.55 0.2703703703703705 0.55 0.31666666666666676 0.5755208333333334 0.31666666666666676
1 0.625 0.19074074074074088 0.5927083333333333 0.19074074074074085 0.5927083333333333 0.24814814814814826 0.625 0.24814814814814826