6 0.6854166666666667 0.4490740740740742 0.65 0.4490740740740742 0.65 0.5074074074074076 0.6854166666666667 0.5074074074074076
12 0.625 0.6009259259259261 0.5807291666666666 0.6009259259259261 0.5807291666666666 0.677777777777778 0.625 0.677777777777778
6 0.5635416666666667 0.5814814814814817 0.5260416666666666 0.5814814814814817 0.5260416666666666 0.6444444444444447 0.5635416666666667 0.6444444444444447
5 0.6020833333333333 0.013888888888889015 0.5651041666666666 0.013888888888889011 0.5651041666666666 0.06388888888888902 0.6020833333333333 0.06388888888888902
0 0.5229166666666667 0.6296296296296299 0.48541666666666666 0.6296296296296299 0.48541666666666666 0.6925925925925928 0.5229166666666667 0.6925925925925928
0 0.7416666666666667 0.47037037037037055 0.7072916666666667 0.4703703703703705 0.7072916666666667 0.5305555555555558 0.7416666666666667 0.5305555555555558
4 0.5421875 0.6990740740740743 0.5046875 0.6990740740740743 0.5046875 0.7611111111111113 0.5421875 0.7611111111111113
1 0.5822916666666667 0.11574074074074087 0.5447916666666667 0.11574074074074087 0.5447916666666667 0.17685185185185195 0.5822916666666667 0.17685185185185195
7 0.4546875 0.23425925925925936 0.4166666666666667 0.23425925925925936 0.4166666666666667 0.2962962962962964 0.4546875 0.2962962962962964
13 0.48125 0.113888888888889 0.4354166666666667 0.113888888888889 0.4354166666666667 0.188888888888889 0.48125 0.188888888888889
3 0.515625 0.26296296296296306 0.48489583333333336 0.26296296296296306 0.48489583333333336 0.31481481481481494 0.515625 0.31481481481481494
8 0.578125 0.6620370370370372 0.5489583333333333 0.6620370370370372 0.5489583333333333 0.7101851851851854 0.578125 0.7101851851851854
2 0.5369791666666667 0.5240740740740742 0.5067708333333333 0.5240740740740742 0.5067708333333333 0.5740740740740743 0.5369791666666667 0.5740740740740743
4 0.7052083333333333 0.5148148148148151 0.6692708333333334 0.5148148148148151 0.6692708333333334 0.5759259259259262 0.7052083333333333 0.5759259259259262
2 0.6635416666666667 0.38611111111111124 0.634375 0.38611111111111124 0.634375 0.43425925925925934 0.6635416666666667 0.43425925925925934
3 0.42916666666666664 0.3555555555555557 0.39739583333333334 0.3555555555555557 0.39739583333333334 0.4074074074074075 0.42916666666666664 0.4074074074074075
3 0.5583333333333333 0.22962962962962974 0.528125 0.22962962962962974 0.528125 0.27962962962962973 0.5583333333333333 0.27962962962962973
10 0.6458333333333334 0.49722222222222245 0.609375 0.49722222222222245 0.609375 0.5583333333333336 0.6458333333333334 0.5583333333333336
11 0.5609375 0.04351851851851864 0.5239583333333333 0.04351851851851864 0.5239583333333333 0.1027777777777779 0.5609375 0.10277777777777791
5 0.38645833333333335 0.2148148148148149 0.3484375 0.21481481481481488 0.3484375 0.2777777777777779 0.38645833333333335 0.2777777777777779
2 0.5807291666666666 0.47314814814814826 0.5510416666666667 0.47314814814814826 0.5510416666666667 0.5231481481481484 0.5807291666666666 0.5231481481481484
3 0.4713541666666667 0.3111111111111112 0.440625 0.3111111111111112 0.440625 0.36203703703703716 0.4713541666666667 0.36203703703703716
8 0.6572916666666667 0.5675925925925928 0.628125 0.5675925925925928 0.628125 0.6157407407407409 0.6572916666666667 0.6157407407407409
7 0.6234375 0.07314814814814828 0.5875 0.07314814814814828 0.5875 0.13425925925925938 0.6234375 0.1342592592592594
1 0.49895833333333334 0.19351851851851862 0.46041666666666664 0.19351851851851862 0.46041666666666664 0.2564814814814816 0.49895833333333334 0.2564814814814816
3 0.6015625 0.1787037037037038 0.5713541666666667 0.1787037037037038 0.5713541666666667 0.22962962962962974 0.6015625 0.22962962962962974
9 0.5166666666666667 0.08981481481481492 0.4875 0.08981481481481492 0.4875 0.138888888888889 0.5166666666666667 0.138888888888889
11 0.5432291666666667 0.15092592592592602 0.5057291666666667 0.15092592592592602 0.5057291666666667 0.21296296296296308 0.5432291666666667 0.21296296296296308
2 0.49322916666666666 0.5657407407407409 0.46197916666666666 0.5657407407407408 0.46197916666666666 0.6185185185185186 0.49322916666666666 0.6185185185185187
2 0.6255208333333333 0.4324074074074075 0.596875 0.4324074074074075 0.596875 0.4805555555555558 0.6255208333333333 0.4805555555555558
10 0.6041666666666666 0.5388888888888891 0.5677083333333334 0.5388888888888891 0.5677083333333334 0.5990740740740743 0.6041666666666666 0.5990740740740743
9 0.42864583333333334 0.17037037037037048 0.39791666666666664 0.17037037037037048 0.39791666666666664 0.2212962962962964 0.42864583333333334 0.2212962962962964