0 0.4515625 0.7185185185185186 0.40572916666666664 0.7185185185185186 0.40572916666666664 0.8055555555555556 0.4515625 0.8055555555555556
2 0.5234375 0.36296296296296304 0.48489583333333336 0.36296296296296304 0.48489583333333336 0.43425925925925934 0.5234375 0.43425925925925934
11 0.334375 0.28518518518518526 0.28802083333333334 0.28518518518518526 0.28802083333333334 0.3712962962962964 0.334375 0.3712962962962964
5 0.24427083333333335 0.36296296296296304 0.19947916666666668 0.362962962962963 0.1994791666666667 0.44629629629629636 0.24427083333333338 0.4462962962962964
2 0.5578125 0.2898148148148149 0.51875 0.2898148148148149 0.51875 0.36296296296296304 0.5578125 0.36296296296296304
7 0.4005208333333333 0.14629629629629637 0.3536458333333333 0.14629629629629634 0.3536458333333333 0.23333333333333342 0.4005208333333333 0.23333333333333345
7 0.27291666666666664 0.4157407407407408 0.228125 0.41574074074074074 0.22812500000000002 0.49907407407407406 0.27291666666666664 0.49907407407407406
12 0.5635416666666667 0.5120370370370373 0.5046875 0.5120370370370373 0.5046875 0.6222222222222225 0.5635416666666667 0.6222222222222225
4 0.48541666666666666 0.6601851851851853 0.4395833333333333 0.6601851851851852 0.4395833333333333 0.7453703703703705 0.48541666666666666 0.7453703703703706
1 0.36822916666666666 0.2148148148148149 0.32083333333333336 0.21481481481481488 0.32083333333333336 0.30277777777777787 0.36822916666666666 0.30277777777777787
5 0.40729166666666666 0.02592592592592601 0.36041666666666666 0.025925925925926005 0.36041666666666666 0.11296296296296304 0.40729166666666666 0.11296296296296304
11 0.27447916666666666 0.2972222222222223 0.2296875 0.2972222222222222 0.2296875 0.3805555555555556 0.27447916666666666 0.38055555555555565
13 0.3411458333333333 0.15740740740740747 0.28489583333333335 0.15740740740740747 0.28489583333333335 0.26111111111111124 0.3411458333333333 0.26111111111111124
1 0.30625 0.3472222222222223 0.2604166666666667 0.3472222222222223 0.2604166666666667 0.4324074074074075 0.30625 0.4324074074074075
0 0.59375 0.3435185185185186 0.5453125 0.3435185185185186 0.5453125 0.43425925925925934 0.59375 0.43425925925925934
3 0.4270833333333333 0.2027777777777779 0.3890625 0.2027777777777779 0.3890625 0.27314814814814825 0.4270833333333333 0.27314814814814825
10 0.5244791666666667 0.4750000000000001 0.47552083333333334 0.475 0.47552083333333334 0.5648148148148149 0.5244791666666667 0.564814814814815
2 0.4515625 0.5064814814814815 0.4140625 0.5064814814814815 0.4140625 0.575 0.4515625 0.575
3 0.325 0.41018518518518526 0.2890625 0.41018518518518526 0.2890625 0.47685185185185186 0.325 0.47685185185185186
6 0.5583333333333333 0.4092592592592594 0.509375 0.4092592592592594 0.509375 0.4990740740740743 0.5583333333333333 0.4990740740740743
4 0.6286458333333333 0.3962962962962964 0.5802083333333333 0.3962962962962964 0.5802083333333333 0.4851851851851854 0.6286458333333333 0.4851851851851854
10 0.49114583333333334 0.5435185185185186 0.44375 0.5435185185185185 0.44375 0.6314814814814815 0.49114583333333334 0.6314814814814816
8 0.5885416666666666 0.4703703703703705 0.55 0.4703703703703705 0.55 0.5416666666666669 0.5885416666666666 0.5416666666666669
3 0.46145833333333336 0.13703703703703715 0.4234375 0.13703703703703715 0.4234375 0.20833333333333343 0.46145833333333336 0.20833333333333343
2 0.48489583333333336 0.43333333333333346 0.4473958333333333 0.43333333333333346 0.4473958333333333 0.5027777777777779 0.48489583333333336 0.502777777777778
9 0.3026041666666667 0.24351851851851863 0.26510416666666664 0.24351851851851863 0.26510416666666664 0.31203703703703717 0.3026041666666667 0.31203703703703717
9 0.365625 0.10555555555555564 0.328125 0.10555555555555564 0.328125 0.17407407407407416 0.365625 0.1740740740740742
2 0.41770833333333335 0.5648148148148148 0.3802083333333333 0.5648148148148148 0.3802083333333333 0.6342592592592593 0.41770833333333335 0.6342592592592593
3 0.3614583333333333 0.3416666666666668 0.32447916666666665 0.3416666666666668 0.32447916666666665 0.41018518518518526 0.3614583333333333 0.41018518518518526
3 0.39114583333333336 0.2712962962962964 0.3536458333333333 0.2712962962962964 0.3536458333333333 0.34074074074074084 0.39114583333333336 0.34074074074074084
8 0.5171875 0.5972222222222223 0.4796875 0.5972222222222222 0.4796875 0.6657407407407409 0.5171875 0.665740740740741
6 0.4546875 0.6074074074074074 0.40677083333333336 0.6074074074074074 0.40677083333333336 0.6944444444444444 0.4546875 0.6944444444444444