1 0.575 0.864814814814815 0.5364583333333334 0.864814814814815 0.5364583333333334 0.9250000000000002 0.575 0.9250000000000002
10 0.5239583333333333 0.7833333333333335 0.4869791666666667 0.7833333333333335 0.4869791666666667 0.8435185185185188 0.5239583333333333 0.8435185185185188
1 0.5723958333333333 0.2564814814814816 0.5364583333333334 0.2564814814814816 0.5364583333333334 0.3212962962962964 0.5723958333333333 0.3212962962962964
9 0.5145833333333333 0.18055555555555566 0.4822916666666667 0.18055555555555566 0.4822916666666667 0.2314814814814816 0.5145833333333333 0.2314814814814816
2 0.35625 0.26944444444444454 0.32447916666666665 0.26944444444444454 0.32447916666666665 0.31666666666666676 0.35625 0.31666666666666676
3 0.521875 0.5324074074074077 0.49114583333333334 0.5324074074074077 0.49114583333333334 0.5833333333333336 0.521875 0.5833333333333336
5 0.5234375 0.3462962962962964 0.484375 0.3462962962962964 0.484375 0.4064814814814816 0.5234375 0.4064814814814816
6 0.7416666666666667 0.41759259259259274 0.7036458333333333 0.4175925925925927 0.7036458333333333 0.4824074074074076 0.7416666666666667 0.4824074074074076
3 0.5744791666666667 0.4324074074074075 0.5427083333333333 0.4324074074074075 0.5427083333333333 0.47962962962962985 0.5744791666666667 0.47962962962962985
7 0.3078125 0.3500000000000001 0.26927083333333335 0.3500000000000001 0.26927083333333335 0.41018518518518526 0.3078125 0.41018518518518526
2 0.3541666666666667 0.5314814814814814 0.32135416666666666 0.5314814814814814 0.32135416666666666 0.5796296296296296 0.3541666666666667 0.5796296296296296
2 0.5734375 0.5250000000000002 0.5416666666666666 0.5250000000000002 0.5416666666666666 0.5740740740740743 0.5734375 0.5740740740740743
8 0.46875 0.7083333333333334 0.43854166666666666 0.7083333333333334 0.43854166666666666 0.7583333333333333 0.46875 0.7583333333333333
11 0.684375 0.690740740740741 0.6458333333333334 0.690740740740741 0.6458333333333334 0.7518518518518521 0.684375 0.7518518518518521
7 0.41770833333333346 0.8694444444444445 0.3807291666666668 0.8694444444444445 0.3807291666666668 0.9342592592592592 0.41770833333333346 0.9342592592592592
3 0.4630208333333333 0.3537037037037038 0.4317708333333333 0.3537037037037038 0.4317708333333333 0.400925925925926 0.4630208333333333 0.400925925925926
12 0.4744791666666668 0.8648148148148148 0.4307291666666668 0.8648148148148148 0.4307291666666668 0.9388888888888889 0.4744791666666668 0.9388888888888889
3 0.628125 0.43425925925925934 0.5958333333333333 0.43425925925925934 0.5958333333333333 0.4824074074074076 0.628125 0.4824074074074076
8 0.5229166666666668 0.8796296296296299 0.49270833333333347 0.8796296296296299 0.49270833333333347 0.9314814814814817 0.5229166666666668 0.9314814814814817
4 0.35885416666666664 0.6962962962962963 0.31979166666666664 0.6962962962962963 0.31979166666666664 0.7583333333333333 0.35885416666666664 0.7583333333333333
6 0.4140625 0.7 0.37552083333333336 0.7 0.37552083333333336 0.7601851851851852 0.4140625 0.7601851851851852
5 0.409375 0.17222222222222233 0.3703125 0.17222222222222233 0.3703125 0.2324074074074075 0.409375 0.2324074074074075
4 0.46770833333333334 0.42777777777777787 0.42916666666666664 0.42777777777777787 0.42916666666666664 0.4888888888888889 0.46770833333333334 0.4888888888888889
3 0.3567708333333333 0.4462962962962964 0.3255208333333333 0.4462962962962964 0.3255208333333333 0.4935185185185185 0.3567708333333333 0.4935185185185185
2 0.625 0.2620370370370371 0.5927083333333333 0.2620370370370371 0.5927083333333333 0.30833333333333346 0.625 0.30833333333333346
11 0.521875 0.6925925925925928 0.48541666666666666 0.6925925925925928 0.48541666666666666 0.7555555555555558 0.521875 0.7555555555555558
0 0.46875 0.25925925925925936 0.43020833333333336 0.25925925925925936 0.43020833333333336 0.31481481481481494 0.46875 0.31481481481481494
2 0.6791666666666667 0.2564814814814816 0.6473958333333333 0.2564814814814816 0.6473958333333333 0.30555555555555564 0.6791666666666667 0.30555555555555564
0 0.5802083333333333 0.690740740740741 0.5421875 0.690740740740741 0.5421875 0.7509259259259261 0.5802083333333333 0.7509259259259261
9 0.4625 0.17592592592592604 0.4317708333333333 0.17592592592592604 0.4317708333333333 0.22314814814814826 0.4625 0.22314814814814826
10 0.5208333333333334 0.09629629629629641 0.48541666666666666 0.09629629629629641 0.48541666666666666 0.1490740740740742 0.5208333333333334 0.1490740740740742
13 0.5744791666666667 0.16851851851851862 0.5333333333333333 0.16851851851851862 0.5333333333333333 0.2324074074074075 0.5744791666666667 0.2324074074074075