12 0.4484375 0.1750000000000001 0.3921875 0.1750000000000001 0.3921875 0.2777777777777779 0.4484375 0.2777777777777779
3 0.603125 0.5611111111111113 0.5661458333333333 0.5611111111111113 0.5661458333333333 0.6287037037037039 0.603125 0.6287037037037039
9 0.7895833333333333 0.42592592592592615 0.7541666666666667 0.42592592592592615 0.7541666666666667 0.49166666666666686 0.7895833333333333 0.49166666666666686
5 0.6927083333333334 0.7296296296296299 0.6473958333333333 0.7296296296296299 0.6473958333333333 0.8129629629629632 0.6927083333333334 0.8129629629629632
2 0.5182291666666666 0.27962962962962973 0.48020833333333335 0.27962962962962973 0.48020833333333335 0.3490740740740742 0.5182291666666666 0.3490740740740742
7 0.6161458333333333 0.6601851851851854 0.5703125 0.6601851851851854 0.5703125 0.7444444444444447 0.6161458333333333 0.7444444444444447
2 0.4739583333333333 0.4490740740740742 0.4359375 0.4490740740740742 0.4359375 0.5194444444444445 0.4739583333333333 0.5194444444444445
2 0.575 0.11481481481481494 0.5359375 0.11481481481481493 0.5359375 0.18518518518518529 0.575 0.18518518518518529
9 0.7380208333333333 0.5842592592592595 0.703125 0.5842592592592595 0.703125 0.6490740740740742 0.7380208333333333 0.6490740740740742
6 0.5520833333333334 0.033333333333333444 0.5114583333333333 0.03333333333333344 0.5114583333333333 0.06018518518518531 0.5520833333333334 0.060185185185185314
13 0.7359375 0.4638888888888891 0.6807291666666667 0.463888888888889 0.6807291666666667 0.565740740740741 0.7359375 0.565740740740741
2 0.425 0.6138888888888889 0.3875 0.6138888888888889 0.3875 0.6824074074074075 0.425 0.6824074074074075
7 0.7640625 0.19166666666666682 0.7213541666666666 0.19166666666666682 0.7213541666666666 0.2629629629629631 0.7640625 0.2629629629629632
3 0.6932291666666667 0.24166666666666678 0.6567708333333333 0.24166666666666678 0.6567708333333333 0.3111111111111112 0.6932291666666667 0.3111111111111112
3 0.6520833333333333 0.4092592592592594 0.6140625 0.4092592592592594 0.6140625 0.47962962962962985 0.6520833333333333 0.47962962962962985
4 0.32708333333333334 0.4092592592592594 0.2791666666666667 0.4092592592592594 0.2791666666666667 0.4981481481481482 0.32708333333333334 0.4981481481481482
11 0.8166666666666667 0.3416666666666669 0.7692708333333333 0.3416666666666669 0.7692708333333333 0.4287037037037039 0.8166666666666667 0.4287037037037039
3 0.5557291666666667 0.7138888888888891 0.51875 0.7138888888888891 0.51875 0.7824074074074077 0.5557291666666667 0.7824074074074077
6 0.4109375 0.4935185185185185 0.36302083333333335 0.4935185185185185 0.36302083333333335 0.5814814814814815 0.4109375 0.5814814814814815
5 0.8333333333333334 0.2722222222222224 0.7875 0.2722222222222224 0.7875 0.35462962962962985 0.8333333333333334 0.35462962962962985
11 0.721875 0.652777777777778 0.6734375 0.652777777777778 0.6734375 0.7379629629629632 0.721875 0.7379629629629632
1 0.6796875 0.8009259259259262 0.63125 0.8009259259259262 0.63125 0.8870370370370373 0.6796875 0.8870370370370373
4 0.45260416666666664 0.026851851851851943 0.4015625 0.026851851851851936 0.4015625 0.09074074074074083 0.45260416666666664 0.09074074074074084
8 0.41302083333333334 0.07592592592592601 0.3734375 0.07592592592592601 0.3734375 0.14537037037037048 0.41302083333333334 0.14537037037037048
8 0.371875 0.23888888888888898 0.3333333333333333 0.23888888888888898 0.3333333333333333 0.30925925925925934 0.371875 0.30925925925925934
10 0.353125 0.3212962962962964 0.30416666666666664 0.3212962962962964 0.30416666666666664 0.4129629629629631 0.353125 0.4129629629629631
0 0.309375 0.48703703703703705 0.2588541666666667 0.48703703703703705 0.2588541666666667 0.5768518518518518 0.309375 0.5768518518518518