12 0.3494791666666667 0.7074074074074074 0.3067708333333333 0.7074074074074074 0.3067708333333333 0.7870370370370371 0.3494791666666667 0.7870370370370371
13 0.4713541666666667 0.21018518518518528 0.42604166666666665 0.21018518518518528 0.42604166666666665 0.2925925925925927 0.4713541666666667 0.2925925925925927
7 0.3421875 0.3870370370370371 0.30364583333333334 0.3870370370370371 0.30364583333333334 0.45370370370370383 0.3421875 0.45370370370370383
6 0.4359375 0.4500000000000001 0.39739583333333334 0.4500000000000001 0.39739583333333334 0.5194444444444445 0.4359375 0.5194444444444445
10 0.3625 0.5657407407407408 0.3260416666666667 0.5657407407407408 0.3260416666666667 0.6305555555555555 0.3625 0.6305555555555555
7 0.48489583333333336 0.14537037037037048 0.4453125 0.14537037037037048 0.4453125 0.21481481481481493 0.48489583333333336 0.21481481481481493
3 0.3578125 0.23981481481481493 0.32760416666666664 0.23981481481481493 0.32760416666666664 0.2925925925925927 0.3578125 0.2925925925925927
2 0.25677083333333334 0.25833333333333336 0.2265625 0.25833333333333336 0.2265625 0.3120370370370371 0.25677083333333334 0.31203703703703717
10 0.6208333333333333 0.31481481481481494 0.5822916666666667 0.31481481481481494 0.5822916666666667 0.3814814814814816 0.6208333333333333 0.3814814814814816
5 0.5890625 0.4768518518518521 0.5505208333333333 0.4768518518518521 0.5505208333333333 0.5444444444444446 0.5890625 0.5444444444444446
8 0.44479166666666664 0.7111111111111111 0.4140625 0.7111111111111111 0.4140625 0.7638888888888888 0.44479166666666664 0.7638888888888888
2 0.41458333333333336 0.5333333333333333 0.3848958333333333 0.5333333333333333 0.3848958333333333 0.5861111111111111 0.41458333333333336 0.5861111111111111
0 0.3953125 0.3435185185185186 0.3572916666666667 0.3435185185185186 0.3572916666666667 0.4111111111111112 0.3953125 0.4111111111111112
0 0.49322916666666666 0.40185185185185196 0.4557291666666667 0.40185185185185196 0.4557291666666667 0.4712962962962964 0.49322916666666666 0.4712962962962964
3 0.28020833333333334 0.4425925925925927 0.2489583333333334 0.4425925925925927 0.2489583333333334 0.49444444444444446 0.28020833333333334 0.49444444444444446
3 0.5979166666666667 0.7407407407407409 0.5661458333333333 0.7407407407407409 0.5661458333333333 0.7925925925925928 0.5979166666666667 0.7925925925925928
2 0.5229166666666667 0.5231481481481484 0.4921875 0.5231481481481484 0.4921875 0.5759259259259262 0.5229166666666667 0.5759259259259262
2 0.36822916666666666 0.49444444444444446 0.3390625 0.49444444444444446 0.3390625 0.5462962962962963 0.36822916666666666 0.5462962962962963
3 0.46041666666666664 0.5592592592592592 0.42916666666666664 0.5592592592592592 0.42916666666666664 0.6129629629629629 0.46041666666666664 0.6129629629629629
9 0.4552083333333333 0.301851851851852 0.425 0.301851851851852 0.425 0.3555555555555557 0.4552083333333333 0.3555555555555557
11 0.5026041666666666 0.6666666666666667 0.46510416666666665 0.6666666666666666 0.46510416666666665 0.7324074074074075 0.5026041666666666 0.7324074074074076
9 0.5151041666666667 0.2601851851851853 0.484375 0.2601851851851853 0.484375 0.313888888888889 0.5151041666666667 0.313888888888889
5 0.5302083333333334 0.8361111111111114 0.4921875 0.8361111111111114 0.49218750000000006 0.901851851851852 0.5302083333333335 0.901851851851852
1 0.48125000000000007 0.7962962962962963 0.44427083333333334 0.7962962962962963 0.4442708333333334 0.8611111111111112 0.4812500000000001 0.8611111111111112
11 0.328125 0.13055555555555562 0.2916666666666667 0.13055555555555562 0.2916666666666667 0.1944444444444445 0.328125 0.1944444444444445
4 0.45625 0.6351851851851852 0.41822916666666665 0.6351851851851852 0.41822916666666665 0.7018518518518518 0.45625 0.7018518518518518
8 0.42916666666666664 0.7703703703703704 0.4010416666666667 0.7703703703703704 0.4010416666666667 0.8203703703703704 0.42916666666666664 0.8203703703703704
3 0.571875 0.5583333333333336 0.5401041666666667 0.5583333333333336 0.5401041666666667 0.6138888888888892 0.571875 0.6138888888888892
4 0.5416666666666666 0.7694444444444447 0.5041666666666667 0.7694444444444447 0.5041666666666667 0.8324074074074076 0.5416666666666666 0.8324074074074076
1 0.2192708333333334 0.5425925925925926 0.1833333333333334 0.5425925925925926 0.1833333333333334 0.6055555555555555 0.2192708333333334 0.6055555555555555
6 0.5557291666666667 0.36666666666666675 0.5182291666666666 0.36666666666666675 0.5182291666666666 0.43333333333333346 0.5557291666666667 0.43333333333333346
2 0.6307291666666667 0.5175925925925928 0.6005208333333333 0.5175925925925928 0.6005208333333333 0.5712962962962965 0.6307291666666667 0.5712962962962965