4 0.3380208333333333 0.7157407407407408 0.28802083333333334 0.7157407407407408 0.28802083333333334 0.8009259259259259 0.3380208333333333 0.8009259259259259
5 0.6927083333333334 0.09814814814814829 0.6421875 0.09814814814814828 0.6421875 0.17870370370370386 0.6927083333333334 0.17870370370370386
11 0.7875 0.16111111111111126 0.7375 0.16111111111111126 0.7375 0.2416666666666669 0.7875 0.2416666666666669
4 0.546875 0.8250000000000002 0.49635416666666665 0.8250000000000002 0.4963541666666667 0.9111111111111113 0.546875 0.9111111111111113
5 0.4973958333333333 1.0290434909502065e-16 0.4479166666666667 9.751817104321517e-17 0.4479166666666667 0.06574074074074085 0.4973958333333333 0.06574074074074085
0 0.5927083333333333 0.853703703703704 0.5427083333333333 0.853703703703704 0.5427083333333333 0.9388888888888891 0.5927083333333333 0.9388888888888891
10 0.24322916666666672 0.6537037037037037 0.1927083333333334 0.6537037037037037 0.1927083333333334 0.7388888888888889 0.24322916666666672 0.7388888888888889
7 0.553125 0.022222222222222338 0.5036458333333333 0.022222222222222334 0.5036458333333333 0.10462962962962975 0.553125 0.10462962962962977
1 0.44895833333333335 9.230208282462458e-17 0.39895833333333336 8.685920816174745e-17 0.39895833333333336 0.04629629629629639 0.44895833333333335 0.04629629629629639
13 0.5729166666666666 0.1750000000000001 0.5119791666666667 0.1750000000000001 0.5119791666666667 0.2750000000000001 0.5729166666666666 0.2750000000000001
2 0.6463541666666667 0.6092592592592595 0.6052083333333333 0.6092592592592595 0.6052083333333333 0.676851851851852 0.6463541666666667 0.676851851851852
2 0.3411458333333333 0.4425925925925927 0.30052083333333335 0.4425925925925927 0.30052083333333335 0.5092592592592593 0.3411458333333333 0.5092592592592593
7 0.64375 0.0666666666666668 0.59375 0.0666666666666668 0.59375 0.14722222222222237 0.64375 0.1472222222222224
12 0.48333333333333334 0.5898148148148148 0.4197916666666667 0.5898148148148148 0.4197916666666667 0.6990740740740741 0.48333333333333334 0.6990740740740741
2 0.6890625 0.6351851851851854 0.6479166666666667 0.6351851851851854 0.6479166666666667 0.702777777777778 0.6890625 0.702777777777778
3 0.478125 0.33703703703703713 0.4348958333333333 0.33703703703703713 0.4348958333333333 0.41018518518518526 0.478125 0.41018518518518526
1 0.7421875 0.1296296296296298 0.6921875 0.1296296296296298 0.6921875 0.20925925925925942 0.7421875 0.20925925925925942
11 0.4036458333333333 8.255026572030307e-17 0.3546875 7.722078427956921e-17 0.3546875 0.02592592592592601 0.4036458333333333 0.025925925925926012
2 0.29010416666666666 0.41944444444444456 0.25 0.41944444444444456 0.25000000000000006 0.4861111111111111 0.29010416666666666 0.4861111111111111
3 0.6979166666666666 0.3694444444444446 0.6578125 0.3694444444444446 0.6578125 0.43425925925925934 0.6979166666666666 0.43425925925925934
3 0.7473958333333334 0.3962962962962965 0.7078125 0.3962962962962964 0.7078125 0.46111111111111125 0.7473958333333334 0.4611111111111113
3 0.3921875 0.19814814814814824 0.3494791666666667 0.1981481481481482 0.3494791666666667 0.2685185185185186 0.3921875 0.2685185185185186
10 0.6447916666666667 0.8731481481481483 0.5942708333333333 0.8731481481481483 0.5942708333333333 0.9583333333333334 0.6447916666666667 0.9583333333333334
2 0.5635416666666667 0.47592592592592614 0.5208333333333334 0.47592592592592614 0.5208333333333334 0.5453703703703706 0.5635416666666667 0.5453703703703706
9 0.5130208333333334 0.16203703703703715 0.471875 0.16203703703703715 0.471875 0.2287037037037038 0.5130208333333334 0.2287037037037038
0 0.2921875 0.6777777777777778 0.2411458333333334 0.6777777777777778 0.2411458333333334 0.7675925925925926 0.2921875 0.7675925925925926
9 0.6114583333333333 0.22962962962962977 0.5708333333333333 0.22962962962962974 0.5708333333333333 0.29537037037037045 0.6114583333333333 0.29537037037037045
6 0.3921875 0.7444444444444445 0.3416666666666667 0.7444444444444445 0.3416666666666667 0.8314814814814815 0.3921875 0.8314814814814815
8 0.5229166666666667 0.639814814814815 0.4828125 0.6398148148148148 0.4828125 0.7120370370370371 0.5229166666666667 0.7120370370370372
6 0.4927083333333334 0.8000000000000002 0.44479166666666664 0.8 0.44479166666666675 0.8842592592592594 0.49270833333333347 0.8842592592592595
8 0.41822916666666665 0.5833333333333334 0.37916666666666665 0.5833333333333334 0.37916666666666665 0.6537037037037037 0.41822916666666665 0.6537037037037037
3 0.3458333333333333 0.17129629629629634 0.3067708333333333 0.17129629629629634 0.3067708333333333 0.24166666666666678 0.3458333333333333 0.24166666666666678