8 0.5182291666666666 0.7481481481481483 0.49270833333333336 0.7481481481481483 0.49270833333333336 0.7935185185185187 0.5182291666666666 0.7935185185185187
5 0.5197916666666667 0.08611111111111122 0.48333333333333334 0.08611111111111122 0.48333333333333334 0.14537037037037048 0.5197916666666667 0.14537037037037048
12 0.5458333333333333 0.6268518518518521 0.50625 0.6268518518518521 0.50625 0.6990740740740743 0.5458333333333333 0.6990740740740743
0 0.3651041666666668 0.9388888888888889 0.33177083333333346 0.9388888888888889 0.33177083333333346 0.9972222222222222 0.3651041666666668 0.9972222222222222
2 0.46458333333333335 0.5361111111111111 0.43854166666666666 0.5361111111111111 0.43854166666666666 0.5824074074074074 0.46458333333333335 0.5824074074074074
3 0.39427083333333335 0.4361111111111112 0.36875 0.4361111111111112 0.36875 0.48148148148148145 0.39427083333333335 0.48148148148148145
7 0.375 0.7787037037037037 0.3421875 0.7787037037037037 0.3421875 0.837037037037037 0.375 0.837037037037037
3 0.4375 0.3953703703703705 0.409375 0.3953703703703705 0.409375 0.4425925925925927 0.4375 0.4425925925925927
9 0.42864583333333334 0.15925925925925938 0.4005208333333333 0.15925925925925938 0.4005208333333333 0.20555555555555566 0.42864583333333334 0.20555555555555566
8 0.4708333333333333 0.7805555555555556 0.44479166666666664 0.7805555555555556 0.44479166666666664 0.8268518518518518 0.4708333333333333 0.8268518518518518
7 0.628125 0.7351851851851854 0.5953125 0.7351851851851854 0.5953125 0.7925925925925928 0.628125 0.7925925925925928
9 0.3489583333333333 0.22129629629629635 0.3182291666666667 0.22129629629629635 0.3182291666666667 0.2712962962962964 0.3489583333333333 0.2712962962962964
3 0.5229166666666667 0.32685185185185195 0.49583333333333335 0.32685185185185195 0.49583333333333335 0.37407407407407417 0.5229166666666667 0.37407407407407417
4 0.5885416666666666 0.5953703703703705 0.55625 0.5953703703703705 0.55625 0.652777777777778 0.5885416666666666 0.652777777777778
2 0.39895833333333336 0.6768518518518518 0.3729166666666667 0.6768518518518518 0.3729166666666667 0.7240740740740741 0.39895833333333336 0.7240740740740741
1 0.5453125 0.213888888888889 0.5125 0.213888888888889 0.5125 0.26944444444444454 0.5453125 0.26944444444444454
3 0.30416666666666664 0.5037037037037037 0.2786458333333333 0.5037037037037037 0.2786458333333333 0.55 0.30416666666666664 0.55
1 0.28229166666666666 0.36296296296296304 0.25 0.36296296296296304 0.25 0.4185185185185186 0.28229166666666666 0.4185185185185186
3 0.6083333333333333 0.24907407407407417 0.5817708333333333 0.24907407407407417 0.5817708333333333 0.2925925925925927 0.6083333333333333 0.2925925925925927
0 0.715625 0.6537037037037039 0.6822916666666666 0.6537037037037039 0.6822916666666666 0.7120370370370372 0.715625 0.7120370370370372
4 0.5020833333333334 0.8425925925925927 0.46927083333333336 0.8425925925925926 0.4692708333333334 0.9018518518518519 0.5020833333333334 0.901851851851852
2 0.5744791666666667 0.5388888888888891 0.5479166666666667 0.5388888888888891 0.5479166666666667 0.5851851851851854 0.5744791666666667 0.5851851851851854
2 0.296875 0.6768518518518518 0.2703125 0.6768518518518518 0.2703125 0.7231481481481481 0.296875 0.7231481481481481
2 0.6588541666666666 0.4629629629629631 0.6328125 0.4629629629629631 0.6328125 0.5092592592592595 0.6588541666666666 0.5092592592592595
10 0.4901041666666667 0.18240740740740752 0.4583333333333333 0.18240740740740752 0.4583333333333333 0.23888888888888898 0.4901041666666667 0.23888888888888898
6 0.6380208333333334 0.5583333333333336 0.6046875 0.5583333333333336 0.6046875 0.6175925925925928 0.6380208333333334 0.6175925925925928
5 0.3302083333333333 0.39814814814814825 0.2984375 0.39814814814814825 0.2984375 0.4546296296296297 0.3302083333333333 0.4546296296296297
13 0.38177083333333334 0.34814814814814826 0.34322916666666664 0.34814814814814826 0.34322916666666664 0.4185185185185186 0.38177083333333334 0.4185185185185186
10 0.4973958333333333 0.426851851851852 0.46510416666666665 0.426851851851852 0.46510416666666665 0.4861111111111112 0.4973958333333333 0.4861111111111113
11 0.3104166666666667 0.25925925925925936 0.2791666666666667 0.25925925925925936 0.2791666666666667 0.31481481481481494 0.3104166666666667 0.31481481481481494
11 0.5447916666666667 0.3787037037037038 0.5119791666666667 0.3787037037037038 0.5119791666666667 0.43796296296296305 0.5447916666666667 0.43796296296296305
6 0.36354166666666665 0.5212962962962963 0.33229166666666665 0.5212962962962963 0.33229166666666665 0.5768518518518518 0.36354166666666665 0.5768518518518518