2 0.5260416666666666 0.38425925925925936 0.48489583333333336 0.38425925925925936 0.48489583333333336 0.4546296296296297 0.5260416666666666 0.4546296296296297
7 0.46875 0.7425925925925926 0.41875 0.7425925925925926 0.41875 0.825 0.46875 0.825
7 0.6807291666666667 0.7055555555555557 0.6317708333333333 0.7055555555555557 0.6317708333333333 0.7870370370370372 0.6807291666666667 0.7870370370370372
3 0.6291666666666667 0.7194444444444447 0.5859375 0.7194444444444447 0.5859375 0.7935185185185187 0.6291666666666667 0.7935185185185187
3 0.5651041666666666 0.6425925925925928 0.5239583333333333 0.6425925925925928 0.5239583333333333 0.714814814814815 0.5651041666666666 0.714814814814815
4 0.584375 0.3694444444444446 0.5338541666666666 0.3694444444444446 0.5338541666666666 0.45555555555555566 0.584375 0.45555555555555566
1 0.5927083333333333 0.802777777777778 0.5427083333333333 0.802777777777778 0.5427083333333333 0.8851851851851854 0.5927083333333333 0.8851851851851854
2 0.39947916666666666 0.2296296296296297 0.35885416666666664 0.22962962962962968 0.35885416666666664 0.2981481481481483 0.39947916666666666 0.2981481481481483
3 0.48281250000000003 0.8388888888888889 0.44114583333333335 0.8388888888888889 0.4411458333333334 0.9101851851851852 0.48281250000000014 0.9101851851851852
3 0.6921875 0.7935185185185187 0.6489583333333333 0.7935185185185187 0.6489583333333333 0.8666666666666669 0.6921875 0.8666666666666669
8 0.6348958333333333 0.8092592592592595 0.5958333333333333 0.8092592592592595 0.5958333333333333 0.8740740740740743 0.6348958333333333 0.8740740740740743
11 0.5489583333333333 0.9037037037037039 0.4994791666666668 0.9037037037037039 0.4994791666666668 0.9851851851851852 0.5489583333333333 0.9851851851851852
5 0.5088541666666667 0.6555555555555557 0.46041666666666664 0.6555555555555556 0.46041666666666664 0.7370370370370372 0.5088541666666667 0.7370370370370373
9 0.5609375 0.20092592592592604 0.5177083333333333 0.20092592592592604 0.5177083333333333 0.275925925925926 0.5609375 0.275925925925926
11 0.646875 0.877777777777778 0.5989583333333334 0.877777777777778 0.5989583333333334 0.9574074074074074 0.646875 0.9574074074074074
4 0.48072916666666665 0.39444444444444454 0.43020833333333336 0.39444444444444454 0.43020833333333336 0.4787037037037037 0.48072916666666665 0.4787037037037037
2 0.60625 0.18703703703703717 0.5661458333333333 0.18703703703703714 0.5661458333333333 0.25555555555555565 0.60625 0.25555555555555565
10 0.496875 0.11574074074074085 0.44635416666666666 0.11574074074074085 0.44635416666666666 0.2027777777777779 0.496875 0.2027777777777779
0 0.55 0.10740740740740752 0.5010416666666667 0.1074074074074075 0.5010416666666667 0.19166666666666676 0.55 0.19166666666666676
5 0.621875 0.6296296296296299 0.5697916666666667 0.6296296296296299 0.5697916666666667 0.7222222222222224 0.621875 0.7222222222222224
13 0.5255208333333333 0.27685185185185196 0.4630208333333333 0.27685185185185196 0.4630208333333333 0.3870370370370371 0.5255208333333333 0.3870370370370371
0 0.4453125 0.1250000000000001 0.3958333333333333 0.1250000000000001 0.3958333333333333 0.21018518518518528 0.4453125 0.21018518518518528
8 0.5328125 0.8314814814814817 0.49322916666666666 0.8314814814814817 0.4932291666666667 0.8972222222222225 0.5328125000000001 0.8972222222222225
1 0.6026041666666667 0.8916666666666668 0.5536458333333333 0.8916666666666668 0.5536458333333333 0.9722222222222222 0.6026041666666667 0.9722222222222222
2 0.5651041666666666 0.288888888888889 0.5244791666666667 0.288888888888889 0.5244791666666667 0.3574074074074075 0.5651041666666666 0.3574074074074075
12 0.5833333333333334 0.7157407407407409 0.5229166666666667 0.7157407407407409 0.5229166666666667 0.8185185185185188 0.5833333333333334 0.8185185185185188
6 0.4109375 0.3157407407407408 0.36041666666666666 0.3157407407407408 0.36041666666666666 0.4000000000000001 0.4109375 0.4000000000000001
2 0.4557291666666667 0.3101851851851853 0.4161458333333333 0.3101851851851853 0.4161458333333333 0.3777777777777779 0.4557291666666667 0.3777777777777779
3 0.5192708333333333 0.738888888888889 0.48020833333333335 0.7388888888888889 0.48020833333333335 0.8111111111111112 0.5192708333333333 0.8111111111111113
9 0.4515625 0.22407407407407418 0.4078125 0.22407407407407418 0.4078125 0.3000000000000001 0.4515625 0.3000000000000001
6 0.6291666666666667 0.25740740740740753 0.5739583333333333 0.25740740740740753 0.5739583333333333 0.35277777777777786 0.6291666666666667 0.35277777777777786
10 0.5109375 0.19907407407407418 0.4583333333333333 0.19907407407407418 0.4583333333333333 0.2879629629629631 0.5109375 0.2879629629629631