4 0.6458333333333334 0.6175925925925928 0.6088541666666667 0.6175925925925928 0.6088541666666667 0.6740740740740743 0.6458333333333334 0.6740740740740743
13 0.29583333333333334 0.4092592592592594 0.25104166666666666 0.4092592592592594 0.2510416666666667 0.48055555555555557 0.29583333333333334 0.48055555555555557
3 0.37083333333333335 0.6231481481481481 0.3411458333333333 0.6231481481481481 0.3411458333333333 0.6685185185185185 0.37083333333333335 0.6685185185185185
3 0.3723958333333333 0.4351851851851853 0.3421875 0.4351851851851853 0.3421875 0.4787037037037037 0.3723958333333333 0.4787037037037037
11 0.2557291666666667 0.2555555555555556 0.2203125 0.25555555555555554 0.2203125 0.31111111111111117 0.2557291666666667 0.3111111111111112
3 0.3875 0.100925925925926 0.359375 0.100925925925926 0.359375 0.14166666666666675 0.3875 0.14166666666666677
2 0.5109375 0.8185185185185186 0.48072916666666665 0.8185185185185185 0.4807291666666667 0.863888888888889 0.5109375000000002 0.8638888888888892
7 0.35 0.17777777777777784 0.3151041666666667 0.17777777777777784 0.3151041666666667 0.2305555555555556 0.35 0.2305555555555556
2 0.5182291666666666 0.4462962962962964 0.48802083333333335 0.4462962962962964 0.48802083333333335 0.48981481481481504 0.5182291666666666 0.48981481481481504
2 0.5192708333333333 0.2685185185185186 0.4890625 0.2685185185185186 0.4890625 0.3111111111111112 0.5192708333333333 0.3111111111111112
7 0.3255208333333333 0.7138888888888889 0.29010416666666666 0.7138888888888889 0.29010416666666666 0.7685185185185185 0.3255208333333333 0.7685185185185185
6 0.5671875 0.1675925925925927 0.5328125 0.1675925925925927 0.5328125 0.22962962962962974 0.5671875 0.22962962962962974
2 0.5088541666666667 0.6287037037037038 0.47760416666666666 0.6287037037037037 0.47760416666666666 0.6740740740740742 0.5088541666666667 0.6740740740740743
2 0.5229166666666667 0.10185185185185196 0.49375 0.10185185185185196 0.49375 0.14444444444444454 0.5229166666666667 0.14444444444444454
6 0.5645833333333333 0.7268518518518521 0.5270833333333333 0.7268518518518521 0.5270833333333333 0.7888888888888891 0.5645833333333333 0.7888888888888891
4 0.6546875 0.1879629629629631 0.61875 0.1879629629629631 0.61875 0.2425925925925927 0.6546875 0.2425925925925927
3 0.3697916666666667 0.8055555555555556 0.33958333333333335 0.8055555555555556 0.33958333333333335 0.8490740740740741 0.3697916666666667 0.8490740740740741
3 0.38125 0.25925925925925936 0.35 0.25925925925925936 0.35 0.30925925925925934 0.38125 0.30925925925925934
5 0.24218750000000006 0.6925925925925925 0.20729166666666674 0.6925925925925925 0.20729166666666674 0.75 0.24218750000000006 0.75
0 0.6515625 0.10925925925925939 0.6166666666666667 0.10925925925925939 0.6166666666666667 0.16296296296296311 0.6515625 0.16296296296296311
8 0.6567708333333333 0.5453703703703706 0.6265625 0.5453703703703706 0.6265625 0.5888888888888891 0.6567708333333333 0.5888888888888891
12 0.6135416666666667 0.45370370370370383 0.5708333333333333 0.45370370370370383 0.5708333333333333 0.5212962962962965 0.6135416666666667 0.5212962962962965
1 0.24635416666666674 0.7962962962962963 0.21093750000000006 0.7962962962962963 0.21093750000000006 0.8518518518518519 0.24635416666666674 0.8518518518518519
1 0.2630208333333333 0.10277777777777783 0.22864583333333333 0.10277777777777783 0.22864583333333333 0.15648148148148153 0.2630208333333333 0.15648148148148153
5 0.265625 0.1731481481481482 0.23177083333333334 0.1731481481481482 0.23177083333333334 0.22870370370370377 0.265625 0.22870370370370377
10 0.65 0.714814814814815 0.6135416666666667 0.714814814814815 0.6135416666666667 0.7712962962962965 0.65 0.7712962962962965
11 0.24062500000000006 0.6055555555555555 0.20520833333333338 0.6055555555555555 0.20520833333333338 0.6703703703703704 0.24062500000000006 0.6703703703703704
9 0.25052083333333336 0.34907407407407415 0.2234375 0.3490740740740741 0.2234375 0.3907407407407408 0.25052083333333336 0.39074074074074083
8 0.6510416666666666 0.37685185185185194 0.6223958333333334 0.37685185185185194 0.6223958333333334 0.42037037037037045 0.6510416666666666 0.42037037037037045
9 0.23906250000000007 0.5314814814814814 0.21041666666666672 0.5314814814814814 0.21041666666666672 0.5777777777777777 0.23906250000000007 0.5777777777777777
10 0.6541666666666667 0.26944444444444454 0.6177083333333333 0.26944444444444454 0.6177083333333333 0.33240740740740754 0.6541666666666667 0.33240740740740754
0 0.6557291666666667 0.8046296296296298 0.6213541666666667 0.8046296296296298 0.6213541666666667 0.8638888888888892 0.6557291666666667 0.8638888888888892