2 0.3854166666666667 0.7675925925925926 0.3541666666666667 0.7675925925925926 0.3541666666666667 0.8194444444444444 0.3854166666666667 0.8194444444444444
11 0.5854166666666667 0.09814814814814828 0.5463541666666667 0.09814814814814828 0.5463541666666667 0.15833333333333344 0.5854166666666667 0.15833333333333344
11 0.48333333333333334 0.08611111111111122 0.44479166666666664 0.08611111111111122 0.44479166666666664 0.14722222222222234 0.48333333333333334 0.14722222222222234
7 0.6348958333333333 0.275925925925926 0.596875 0.275925925925926 0.596875 0.3351851851851853 0.6348958333333333 0.3351851851851853
2 0.5020833333333333 0.6074074074074075 0.4713541666666667 0.6074074074074074 0.4713541666666667 0.6583333333333334 0.5020833333333333 0.6583333333333335
7 0.41770833333333335 0.2314814814814816 0.3796875 0.2314814814814816 0.3796875 0.2935185185185186 0.41770833333333335 0.2935185185185186
3 0.5114583333333333 0.3462962962962964 0.48072916666666665 0.3462962962962964 0.48072916666666665 0.3953703703703705 0.5114583333333333 0.3953703703703705
3 0.6291666666666667 0.19259259259259273 0.5984375 0.1925925925925927 0.5984375 0.23796296296296307 0.6291666666666667 0.23796296296296307
2 0.6005208333333333 0.801851851851852 0.5697916666666667 0.801851851851852 0.5697916666666667 0.8509259259259261 0.6005208333333333 0.8509259259259261
6 0.3885416666666667 0.6703703703703704 0.3489583333333333 0.6703703703703704 0.3489583333333333 0.7342592592592593 0.3885416666666667 0.7342592592592593
1 0.5317708333333333 0.09074074074074084 0.49166666666666664 0.09074074074074084 0.49166666666666664 0.1500000000000001 0.5317708333333333 0.1500000000000001
4 0.45364583333333336 0.5888888888888889 0.41458333333333336 0.5888888888888889 0.41458333333333336 0.6518518518518519 0.45364583333333336 0.6518518518518519
3 0.46458333333333335 0.2500000000000001 0.434375 0.2500000000000001 0.434375 0.3000000000000001 0.46458333333333335 0.3000000000000001
1 0.5255208333333333 0.1777777777777779 0.4869791666666667 0.1777777777777779 0.4869791666666667 0.23796296296296307 0.5255208333333333 0.23796296296296307
8 0.4734375 0.16481481481481491 0.4421875 0.16481481481481491 0.4421875 0.21203703703703713 0.4734375 0.21203703703703713
5 0.578125 0.3472222222222223 0.540625 0.3472222222222223 0.540625 0.4064814814814816 0.578125 0.4064814814814816
3 0.5755208333333334 0.2712962962962964 0.5442708333333334 0.2712962962962964 0.5442708333333334 0.31944444444444453 0.5755208333333334 0.31944444444444453
6 0.6109375 0.7064814814814817 0.5729166666666666 0.7064814814814817 0.5729166666666666 0.7685185185185187 0.6109375 0.7685185185185187
13 0.5020833333333333 0.6870370370370371 0.4557291666666667 0.687037037037037 0.4557291666666667 0.7611111111111112 0.5020833333333333 0.7611111111111113
8 0.5791666666666667 0.18611111111111123 0.5479166666666667 0.18611111111111123 0.5479166666666667 0.2351851851851853 0.5791666666666667 0.2351851851851853
3 0.4161458333333333 0.15925925925925938 0.3854166666666667 0.15925925925925938 0.3854166666666667 0.20555555555555566 0.4161458333333333 0.20555555555555566
0 0.4338541666666667 0.85 0.3953125 0.85 0.39531250000000007 0.9120370370370371 0.43385416666666676 0.9120370370370371
2 0.44635416666666666 0.6861111111111111 0.4140625 0.6861111111111111 0.4140625 0.7361111111111112 0.44635416666666666 0.7361111111111112
4 0.5588541666666667 0.6064814814814817 0.5213541666666667 0.6064814814814817 0.5213541666666667 0.6675925925925928 0.5588541666666667 0.6675925925925928
10 0.4921875000000001 0.8620370370370372 0.45364583333333347 0.862037037037037 0.45364583333333347 0.9240740740740742 0.4921875000000001 0.9240740740740743
2 0.5567708333333333 0.7046296296296298 0.5260416666666666 0.7046296296296298 0.5260416666666666 0.7555555555555558 0.5567708333333333 0.7555555555555558
10 0.49270833333333336 0.7750000000000001 0.45416666666666666 0.775 0.45416666666666666 0.838888888888889 0.49270833333333336 0.8388888888888891
0 0.5432291666666667 0.8666666666666669 0.5057291666666668 0.8666666666666669 0.5057291666666668 0.940740740740741 0.5432291666666667 0.940740740740741
12 0.5291666666666667 0.24444444444444455 0.4822916666666667 0.24444444444444455 0.4822916666666667 0.3212962962962964 0.5291666666666667 0.3212962962962964
9 0.546875 0.777777777777778 0.5161458333333333 0.777777777777778 0.5161458333333333 0.8342592592592595 0.546875 0.8342592592592595
9 0.43697916666666664 0.7657407407407407 0.403125 0.7657407407407407 0.403125 0.8212962962962963 0.43697916666666664 0.8212962962962963
5 0.46822916666666664 0.32314814814814824 0.425 0.32314814814814824 0.425 0.38981481481481495 0.46822916666666664 0.38981481481481495