2 0.5161458333333333 0.35092592592592603 0.4744791666666667 0.35092592592592603 0.4744791666666667 0.42407407407407416 0.5161458333333333 0.42407407407407416
11 0.5463541666666667 0.088888888888889 0.4942708333333333 0.08888888888888899 0.4942708333333333 0.1787037037037038 0.5463541666666667 0.1787037037037038
1 0.6869791666666667 0.19166666666666682 0.6354166666666666 0.19166666666666682 0.6354166666666666 0.2824074074074075 0.6869791666666667 0.2824074074074075
7 0.5697916666666667 0.8444444444444447 0.51875 0.8444444444444447 0.51875 0.9342592592592595 0.5697916666666667 0.9342592592592595
1 0.39166666666666666 0.4648148148148149 0.3421875 0.4648148148148149 0.3421875 0.5518518518518518 0.39166666666666666 0.5518518518518518
3 0.5447916666666667 0.426851851851852 0.503125 0.426851851851852 0.503125 0.4990740740740743 0.5447916666666667 0.4990740740740743
2 0.6302083333333334 0.6990740740740743 0.5890625 0.6990740740740743 0.5890625 0.7712962962962965 0.6302083333333334 0.7712962962962965
10 0.675 0.30555555555555564 0.6229166666666667 0.30555555555555564 0.6229166666666667 0.3962962962962964 0.675 0.3962962962962964
6 0.6885416666666667 0.5194444444444447 0.6369791666666667 0.5194444444444447 0.6369791666666667 0.6092592592592595 0.6885416666666667 0.6092592592592595
2 0.35989583333333336 0.388888888888889 0.31927083333333334 0.388888888888889 0.31927083333333334 0.45925925925925937 0.35989583333333336 0.45925925925925937
9 0.3770833333333333 0.5990740740740741 0.3359375 0.5990740740740741 0.3359375 0.6712962962962963 0.3770833333333333 0.6712962962962963
7 0.7713541666666667 0.43703703703703717 0.7192708333333333 0.43703703703703717 0.7192708333333333 0.5287037037037039 0.7713541666666667 0.5287037037037039
3 0.4427083333333333 0.30462962962962975 0.4015625 0.30462962962962975 0.4015625 0.37685185185185194 0.4427083333333333 0.37685185185185194
4 0.5302083333333333 0.5564814814814816 0.478125 0.5564814814814815 0.478125 0.6462962962962964 0.5302083333333333 0.6462962962962965
2 0.49947916666666675 0.8129629629629631 0.4588541666666667 0.812962962962963 0.45885416666666673 0.8842592592592594 0.4994791666666668 0.8842592592592595
3 0.48541666666666666 0.6027777777777779 0.44375 0.6027777777777777 0.44375 0.6750000000000002 0.48541666666666666 0.6750000000000002
3 0.5848958333333333 0.7305555555555557 0.54375 0.7305555555555557 0.54375 0.802777777777778 0.5848958333333333 0.802777777777778
13 0.35989583333333336 0.4935185185185185 0.29583333333333334 0.4935185185185185 0.29583333333333334 0.6037037037037037 0.35989583333333336 0.6037037037037037
2 0.33125 0.30462962962962975 0.2916666666666667 0.30462962962962975 0.2916666666666667 0.3750000000000001 0.33125 0.3750000000000001
4 0.7166666666666667 0.6092592592592595 0.6640625 0.6092592592592595 0.6640625 0.7009259259259262 0.7166666666666667 0.7009259259259262
9 0.4005208333333333 0.6861111111111111 0.359375 0.6861111111111111 0.359375 0.7583333333333333 0.4005208333333333 0.7583333333333333
8 0.6578125 0.4361111111111112 0.6145833333333334 0.4361111111111112 0.6145833333333334 0.5111111111111113 0.6578125 0.5111111111111113
6 0.3848958333333333 0.12314814814814823 0.3338541666666667 0.1231481481481482 0.3338541666666667 0.2120370370370371 0.3848958333333333 0.21203703703703713
0 0.446875 0.6305555555555555 0.39375 0.6305555555555555 0.39375 0.7240740740740741 0.446875 0.7240740740740741
3 0.46979166666666666 0.3870370370370371 0.425 0.3870370370370371 0.425 0.4666666666666668 0.46979166666666666 0.4666666666666668
8 0.7130208333333333 0.2675925925925927 0.671875 0.2675925925925927 0.671875 0.3416666666666668 0.7130208333333333 0.3416666666666668
10 0.33958333333333335 0.6212962962962963 0.28802083333333334 0.6212962962962963 0.28802083333333334 0.7092592592592593 0.33958333333333335 0.7092592592592593
12 0.7494791666666667 0.3407407407407409 0.6848958333333334 0.34074074074074084 0.6848958333333334 0.451851851851852 0.7494791666666667 0.45185185185185206
11 0.6338541666666667 0.3462962962962964 0.578125 0.3462962962962964 0.578125 0.43981481481481494 0.6338541666666667 0.43981481481481494
0 0.6020833333333333 0.2564814814814816 0.55 0.2564814814814816 0.55 0.34444444444444455 0.6020833333333333 0.34444444444444455
5 0.4630208333333333 0.5037037037037037 0.409375 0.5037037037037037 0.409375 0.5962962962962963 0.4630208333333333 0.5962962962962963
5 0.4395833333333333 0.7611111111111111 0.384375 0.7611111111111111 0.384375 0.8546296296296296 0.4395833333333333 0.8546296296296296