7 0.5078125 0.325925925925926 0.46875 0.325925925925926 0.46875 0.38611111111111124 0.5078125 0.38611111111111124
11 0.49895833333333334 0.0787037037037038 0.46145833333333336 0.0787037037037038 0.46145833333333336 0.138888888888889 0.49895833333333334 0.138888888888889
2 0.3854166666666667 0.09166666666666674 0.35625 0.09166666666666674 0.35625 0.13703703703703712 0.3854166666666667 0.13703703703703715
2 0.60625 0.16203703703703717 0.575 0.16203703703703715 0.575 0.20833333333333345 0.60625 0.20833333333333348
1 0.44895833333333335 0.24351851851851863 0.4109375 0.24351851851851863 0.4109375 0.30277777777777787 0.44895833333333335 0.30277777777777787
0 0.5140625 0.7592592592592594 0.47552083333333334 0.7592592592592593 0.47552083333333334 0.8203703703703705 0.5140625 0.8203703703703705
4 0.4630208333333334 0.8546296296296296 0.425 0.8546296296296296 0.42500000000000004 0.9157407407407407 0.46302083333333344 0.9157407407407407
6 0.5677083333333334 0.8462962962962965 0.528125 0.8462962962962965 0.5281250000000001 0.9092592592592594 0.5677083333333334 0.9092592592592594
7 0.5588541666666667 0.15277777777777787 0.521875 0.15277777777777787 0.521875 0.21111111111111122 0.5588541666666667 0.21111111111111122
3 0.35156250000000006 0.8546296296296296 0.321875 0.8546296296296296 0.3218750000000001 0.9018518518518519 0.3515625000000001 0.9018518518518519
2 0.6072916666666667 0.07685185185185198 0.5770833333333333 0.07685185185185198 0.5770833333333333 0.12314814814814828 0.6072916666666667 0.12314814814814831
2 0.3890625 0.1685185185185186 0.35989583333333336 0.16851851851851857 0.35989583333333336 0.21574074074074082 0.3890625 0.21574074074074084
9 0.4947916666666667 0.15833333333333344 0.46458333333333335 0.15833333333333344 0.46458333333333335 0.20462962962962974 0.4947916666666667 0.20462962962962974
5 0.5479166666666667 0.07592592592592605 0.509375 0.07592592592592604 0.509375 0.13333333333333344 0.5479166666666667 0.13333333333333344
5 0.5588541666666667 0.2324074074074075 0.5197916666666667 0.2324074074074075 0.5197916666666667 0.29444444444444456 0.5588541666666667 0.29444444444444456
4 0.5088541666666667 0.6777777777777779 0.4708333333333333 0.6777777777777778 0.4708333333333333 0.738888888888889 0.5088541666666667 0.7388888888888892
1 0.4484375 0.08518518518518528 0.4114583333333333 0.08518518518518527 0.4114583333333333 0.1425925925925927 0.4484375 0.1425925925925927
8 0.45416666666666666 0.6907407407407408 0.4234375 0.6907407407407408 0.4234375 0.7398148148148148 0.45416666666666666 0.7398148148148148
11 0.5036458333333333 0.23981481481481493 0.4640625 0.23981481481481493 0.4640625 0.3000000000000001 0.5036458333333333 0.3000000000000001
3 0.6229166666666667 0.7611111111111113 0.5901041666666667 0.7611111111111113 0.5901041666666667 0.8083333333333336 0.6229166666666667 0.8083333333333336
13 0.4505208333333333 0.15462962962962973 0.40572916666666664 0.15462962962962973 0.40572916666666664 0.22777777777777788 0.4505208333333333 0.22777777777777788
3 0.3958333333333333 0.775 0.365625 0.775 0.365625 0.8212962962962963 0.3958333333333333 0.8212962962962963
3 0.3994791666666668 0.8601851851851852 0.36875000000000013 0.8601851851851852 0.36875000000000013 0.9101851851851852 0.3994791666666668 0.9101851851851852
2 0.3375 0.0935185185185186 0.30520833333333336 0.0935185185185186 0.30520833333333336 0.1444444444444445 0.3375 0.1444444444444445
6 0.5098958333333333 0.588888888888889 0.46875 0.5888888888888889 0.46875 0.6564814814814816 0.5098958333333333 0.6564814814814817
0 0.5640625 0.6694444444444446 0.5265625 0.6694444444444446 0.5265625 0.7379629629629632 0.5640625 0.7379629629629632
12 0.5744791666666667 0.7500000000000002 0.5255208333333333 0.7500000000000002 0.5255208333333333 0.8268518518518521 0.5744791666666667 0.8268518518518521
10 0.5140625000000001 0.8509259259259261 0.47708333333333336 0.850925925925926 0.4770833333333334 0.913888888888889 0.5140625000000001 0.9138888888888891
10 0.46041666666666664 0.7685185185185185 0.4239583333333333 0.7685185185185185 0.4239583333333333 0.8333333333333334 0.46041666666666664 0.8333333333333334
3 0.6229166666666667 0.8509259259259261 0.5921875 0.8509259259259261 0.5921875 0.8981481481481484 0.6229166666666667 0.8981481481481484