7 0.3697916666666667 0.44444444444444453 0.31927083333333334 0.44444444444444453 0.31927083333333334 0.5342592592592592 0.3697916666666667 0.5342592592592592
13 0.4625 0.6731481481481482 0.4010416666666667 0.6731481481481482 0.4010416666666667 0.7842592592592592 0.4625 0.7842592592592592
7 0.6 0.8370370370370372 0.5505208333333333 0.8370370370370372 0.5505208333333333 0.926851851851852 0.6 0.926851851851852
3 0.43333333333333335 0.4564814814814816 0.39375 0.4564814814814816 0.39375 0.5277777777777778 0.43333333333333335 0.5277777777777778
3 0.3640625 0.3296296296296297 0.3234375 0.3296296296296297 0.3234375 0.4027777777777779 0.3640625 0.4027777777777779
2 0.45260416666666664 0.1601851851851853 0.41302083333333334 0.1601851851851853 0.41302083333333334 0.23055555555555565 0.45260416666666664 0.23055555555555565
3 0.5885416666666666 0.7166666666666669 0.5484375 0.7166666666666669 0.5484375 0.7879629629629632 0.5885416666666666 0.7879629629629632
1 0.275 0.4888888888888889 0.22343750000000007 0.4888888888888889 0.22343750000000007 0.5833333333333334 0.275 0.5833333333333334
2 0.5994791666666667 0.41018518518518526 0.559375 0.41018518518518526 0.559375 0.4814814814814817 0.5994791666666667 0.4814814814814817
12 0.6671875 0.2814814814814816 0.6114583333333333 0.2814814814814816 0.6114583333333333 0.3833333333333334 0.6671875 0.3833333333333334
2 0.6760416666666667 0.5370370370370372 0.6380208333333334 0.5370370370370372 0.6380208333333334 0.603703703703704 0.6760416666666667 0.603703703703704
6 0.5296875 0.17314814814814825 0.4822916666666667 0.17314814814814825 0.4822916666666667 0.25740740740740753 0.5296875 0.25740740740740753
2 0.5265625 0.288888888888889 0.48854166666666665 0.288888888888889 0.48854166666666665 0.3555555555555557 0.5265625 0.3555555555555557
6 0.74375 0.5388888888888891 0.6958333333333333 0.5388888888888891 0.6958333333333333 0.6250000000000002 0.74375 0.6250000000000002
3 0.6598958333333333 0.8379629629629631 0.6203125 0.8379629629629631 0.6203125 0.9092592592592594 0.6598958333333333 0.9092592592592594
3 0.5109375 0.588888888888889 0.46927083333333336 0.5888888888888889 0.46927083333333336 0.6629629629629631 0.5109375 0.6629629629629632
4 0.7572916666666667 0.36018518518518533 0.7109375 0.3601851851851853 0.7109375 0.4444444444444446 0.7572916666666667 0.44444444444444464
4 0.6114583333333333 0.11944444444444458 0.5630208333333333 0.11944444444444455 0.5630208333333333 0.20462962962962977 0.6114583333333333 0.2046296296296298
10 0.7890625 0.427777777777778 0.7421875 0.427777777777778 0.7421875 0.5129629629629632 0.7890625 0.5129629629629632
8 0.7119791666666667 0.30277777777777787 0.6744791666666666 0.30277777777777787 0.6744791666666666 0.37037037037037046 0.7119791666666667 0.37037037037037046
2 0.740625 0.6583333333333335 0.7015625 0.6583333333333335 0.7015625 0.727777777777778 0.740625 0.727777777777778
1 0.5713541666666667 0.9953703703703703 0.5208333333333335 0.9953703703703703 0.5208333333333335 1 0.5713541666666667 1
9 0.37916666666666665 0.6962962962962963 0.3380208333333333 0.6962962962962963 0.3380208333333333 0.7694444444444445 0.37916666666666665 0.7694444444444445
5 0.5322916666666668 0.9296296296296297 0.48072916666666676 0.9296296296296296 0.48072916666666676 1 0.5322916666666668 1
8 0.646875 0.19722222222222238 0.609375 0.19722222222222238 0.609375 0.263888888888889 0.646875 0.263888888888889
5 0.35052083333333334 0.6064814814814815 0.29791666666666666 0.6064814814814815 0.29791666666666666 0.7018518518518518 0.35052083333333334 0.7018518518518518
0 0.8302083333333333 0.4851851851851854 0.7838541666666666 0.4851851851851854 0.7838541666666666 0.5685185185185188 0.8302083333333333 0.5685185185185188
10 0.58125 0.07222222222222234 0.5328125 0.07222222222222233 0.5328125 0.15740740740740752 0.58125 0.15740740740740752
0 0.5395833333333333 0.058333333333333445 0.48854166666666665 0.05833333333333344 0.48854166666666665 0.09814814814814825 0.5395833333333333 0.09814814814814825
11 0.4994791666666668 0.875925925925926 0.4484375000000001 0.8759259259259259 0.4484375000000001 0.9703703703703703 0.4994791666666668 0.9703703703703703
9 0.4552083333333334 0.8175925925925925 0.41458333333333336 0.8175925925925925 0.4145833333333334 0.8916666666666667 0.45520833333333344 0.8916666666666667
11 0.3104166666666667 0.5444444444444444 0.25572916666666673 0.5444444444444444 0.25572916666666673 0.6444444444444445 0.3104166666666667 0.6444444444444445