3 0.5838541666666667 0.12037037037037047 0.5546875 0.12037037037037047 0.5546875 0.16944444444444454 0.5838541666666667 0.16944444444444454
2 0.4479166666666667 0.2879629629629631 0.4161458333333333 0.2879629629629631 0.4161458333333333 0.3379629629629631 0.4479166666666667 0.3379629629629631
13 0.6989583333333333 0.48981481481481504 0.6541666666666667 0.48981481481481504 0.6541666666666667 0.565740740740741 0.6989583333333333 0.565740740740741
3 0.6 0.8907407407407409 0.5703125 0.8907407407407409 0.5703125 0.9425925925925928 0.6 0.9425925925925928
7 0.6375 0.1953703703703705 0.6026041666666667 0.19537037037037047 0.6026041666666667 0.2564814814814816 0.6375 0.2564814814814816
2 0.44427083333333334 0.10092592592592602 0.41354166666666664 0.100925925925926 0.41354166666666664 0.15092592592592602 0.44427083333333334 0.15092592592592602
7 0.6432291666666666 0.7833333333333335 0.6057291666666667 0.7833333333333335 0.6057291666666667 0.8490740740740743 0.6432291666666666 0.8490740740740743
3 0.5989583333333334 0.6888888888888891 0.56875 0.6888888888888891 0.56875 0.7407407407407409 0.5989583333333334 0.7407407407407409
6 0.39739583333333334 0.17685185185185193 0.3609375 0.1768518518518519 0.3609375 0.23981481481481493 0.39739583333333334 0.23981481481481493
3 0.5901041666666667 0.29907407407407416 0.5604166666666667 0.29907407407407416 0.5604166666666667 0.34814814814814826 0.5901041666666667 0.34814814814814826
12 0.3489583333333333 0.45925925925925937 0.30104166666666665 0.45925925925925937 0.30104166666666665 0.5388888888888889 0.3489583333333333 0.5388888888888889
4 0.303125 0.288888888888889 0.26510416666666664 0.288888888888889 0.26510416666666664 0.35277777777777786 0.303125 0.35277777777777786
11 0.7395833333333334 0.6833333333333336 0.7015625 0.6833333333333336 0.7015625 0.7472222222222225 0.7395833333333334 0.7472222222222225
2 0.44427083333333334 0.6944444444444444 0.41354166666666664 0.6944444444444444 0.41354166666666664 0.7490740740740741 0.44427083333333334 0.7490740740740741
10 0.2916666666666667 0.6851851851851852 0.2520833333333334 0.6851851851851852 0.2520833333333334 0.7518518518518519 0.2916666666666667 0.7518518518518519
3 0.5963541666666666 0.49722222222222245 0.565625 0.49722222222222245 0.565625 0.5472222222222224 0.5963541666666666 0.5472222222222224
8 0.28541666666666665 0.3851851851851853 0.25364583333333335 0.3851851851851853 0.25364583333333335 0.43796296296296305 0.28541666666666665 0.43796296296296305
8 0.2859375 0.5787037037037037 0.25572916666666673 0.5787037037037037 0.25572916666666673 0.6324074074074074 0.2859375 0.6324074074074074
9 0.7317708333333334 0.39166666666666683 0.7020833333333333 0.3916666666666668 0.7020833333333333 0.439814814814815 0.7317708333333334 0.43981481481481505
0 0.29635416666666664 0.09722222222222228 0.2598958333333333 0.09722222222222228 0.2598958333333333 0.16111111111111118 0.29635416666666664 0.16111111111111118
10 0.3026041666666667 0.18611111111111117 0.265625 0.18611111111111117 0.265625 0.25185185185185194 0.3026041666666667 0.25185185185185194
4 0.29322916666666665 0.7888888888888889 0.25312500000000004 0.7888888888888889 0.25312500000000004 0.8592592592592593 0.29322916666666665 0.8592592592592593
0 0.29583333333333345 0.8888888888888888 0.25572916666666673 0.8888888888888888 0.25572916666666673 0.962037037037037 0.29583333333333345 0.962037037037037
6 0.39531250000000007 0.7972222222222223 0.3567708333333333 0.7972222222222223 0.35677083333333337 0.8712962962962963 0.3953125000000001 0.8712962962962963
2 0.4401041666666667 0.4888888888888889 0.4078125 0.4888888888888889 0.4078125 0.5407407407407407 0.4401041666666667 0.5407407407407407
1 0.7145833333333333 0.12407407407407423 0.68125 0.12407407407407423 0.68125 0.1870370370370372 0.7145833333333333 0.1870370370370372
5 0.7255208333333333 0.22037037037037052 0.690625 0.22037037037037052 0.690625 0.2805555555555557 0.7255208333333333 0.2805555555555558
11 0.7307291666666667 0.29814814814814833 0.6979166666666666 0.2981481481481483 0.6979166666666666 0.35925925925925944 0.7307291666666667 0.35925925925925944
9 0.7328125 0.5861111111111114 0.7046875 0.5861111111111114 0.7046875 0.6407407407407409 0.7328125 0.6407407407407409
5 0.7364583333333333 0.7740740740740742 0.7020833333333333 0.7740740740740742 0.7020833333333333 0.8416666666666669 0.7364583333333333 0.8416666666666669
1 0.7453125 0.8611111111111113 0.7109375 0.8611111111111113 0.7109375 0.926851851851852 0.7453125 0.926851851851852
2 0.4447916666666668 0.899074074074074 0.41250000000000014 0.899074074074074 0.41250000000000014 0.9592592592592593 0.4447916666666668 0.9592592592592593