1 0.7734375 0.11388888888888905 0.7255208333333333 0.11388888888888905 0.7255208333333333 0.19166666666666682 0.7734375 0.19166666666666682
5 0.5328125 1.1089857125612141e-16 0.4859375 1.0579587625967411e-16 0.4859375 0.04814814814814826 0.5328125 0.048148148148148266
0 0.3333333333333333 0.6675925925925926 0.28489583333333335 0.6675925925925926 0.28489583333333335 0.7472222222222222 0.3333333333333333 0.7472222222222222
7 0.5807291666666666 1.2127405108223096e-16 0.5333333333333333 1.1611465947471202e-16 0.5333333333333333 0.07314814814814827 0.5807291666666666 0.07314814814814828
7 0.6708333333333333 0.05555555555555569 0.6234375 0.055555555555555684 0.6234375 0.1333333333333335 0.6708333333333333 0.1333333333333335
4 0.3807291666666667 0.6944444444444444 0.33229166666666665 0.6944444444444444 0.33229166666666665 0.7768518518518519 0.3807291666666667 0.7768518518518519
12 0.5229166666666667 0.5796296296296297 0.465625 0.5796296296296296 0.465625 0.675925925925926 0.5229166666666667 0.6759259259259262
6 0.4322916666666667 0.725925925925926 0.384375 0.725925925925926 0.384375 0.8064814814814815 0.4322916666666667 0.8064814814814815
4 0.5854166666666667 0.814814814814815 0.5375 0.814814814814815 0.5375 0.8953703703703706 0.5854166666666667 0.8953703703703706
6 0.5359375 0.7879629629629632 0.48802083333333335 0.7879629629629632 0.4880208333333334 0.8675925925925928 0.5359375 0.8675925925925928
2 0.49166666666666664 0.400925925925926 0.4515625 0.400925925925926 0.4515625 0.4648148148148149 0.49166666666666664 0.4648148148148149
13 0.6036458333333333 0.15925925925925938 0.5442708333333334 0.15925925925925938 0.5442708333333334 0.2537037037037038 0.6036458333333333 0.2537037037037038
10 0.6880208333333333 0.8611111111111113 0.6390625 0.8611111111111113 0.6390625 0.9416666666666669 0.6880208333333333 0.9416666666666669
5 0.7270833333333333 0.08518518518518535 0.6802083333333333 0.08518518518518535 0.6802083333333333 0.16018518518518535 0.7270833333333333 0.16018518518518535
2 0.37552083333333336 0.42222222222222233 0.3338541666666667 0.42222222222222233 0.3338541666666667 0.4861111111111111 0.37552083333333336 0.4861111111111111
10 0.2796875 0.6342592592592593 0.23281250000000006 0.6342592592592593 0.23281250000000006 0.7148148148148148 0.2796875 0.7148148148148148
2 0.3255208333333333 0.39814814814814825 0.2859375 0.39814814814814825 0.2859375 0.4611111111111112 0.3255208333333333 0.4611111111111112
3 0.6083333333333333 0.37962962962962976 0.5682291666666667 0.37962962962962976 0.5682291666666667 0.4425925925925927 0.6083333333333333 0.4425925925925927
2 0.6807291666666667 0.5888888888888891 0.640625 0.5888888888888891 0.640625 0.651851851851852 0.6807291666666667 0.651851851851852
2 0.7291666666666666 0.6268518518518521 0.6895833333333333 0.6268518518518521 0.6895833333333333 0.6888888888888891 0.7291666666666666 0.6888888888888891
8 0.56875 0.627777777777778 0.528125 0.627777777777778 0.528125 0.6925925925925928 0.56875 0.6925925925925928
3 0.42239583333333336 0.1777777777777779 0.38333333333333336 0.1777777777777779 0.38333333333333336 0.23888888888888898 0.42239583333333336 0.23888888888888898
9 0.6447916666666667 0.20370370370370383 0.6041666666666666 0.2037037037037038 0.6041666666666666 0.263888888888889 0.6447916666666667 0.263888888888889
3 0.37083333333333335 0.14907407407407416 0.33125 0.14907407407407414 0.33125 0.21018518518518525 0.37083333333333335 0.21018518518518528
8 0.46197916666666666 0.5685185185185185 0.421875 0.5685185185185185 0.421875 0.6324074074074074 0.46197916666666666 0.6324074074074074
0 0.6390625 0.8351851851851854 0.590625 0.8351851851851854 0.590625 0.9166666666666669 0.6390625 0.9166666666666669
1 0.4796875 9.927576598643591e-17 0.4322916666666667 9.411637437891695e-17 0.4322916666666667 0.023148148148148247 0.4796875 0.023148148148148254
9 0.5432291666666667 0.15370370370370381 0.503125 0.15370370370370381 0.503125 0.21574074074074084 0.5432291666666667 0.21574074074074084
3 0.771875 0.37685185185185205 0.7333333333333333 0.37685185185185205 0.7333333333333333 0.4388888888888891 0.771875 0.4388888888888891
3 0.728125 0.3527777777777779 0.6880208333333333 0.35277777777777786 0.6880208333333333 0.41481481481481497 0.728125 0.414814814814815
11 0.8145833333333333 0.14259259259259274 0.76875 0.14259259259259274 0.76875 0.2157407407407409 0.8145833333333333 0.2157407407407409