0 0.7109375 0.11666666666666682 0.665625 0.11666666666666682 0.665625 0.19907407407407424 0.7109375 0.19907407407407424
3 0.5760416666666667 0.5796296296296298 0.5359375 0.5796296296296298 0.5359375 0.6509259259259261 0.5760416666666667 0.6509259259259261
10 0.6322916666666667 0.21481481481481496 0.584375 0.21481481481481493 0.584375 0.301851851851852 0.6322916666666667 0.301851851851852
4 0.6682291666666667 0.12870370370370385 0.6208333333333333 0.12870370370370385 0.6208333333333333 0.2157407407407409 0.6682291666666667 0.2157407407407409
7 0.5916666666666667 0.6472222222222225 0.5427083333333333 0.6472222222222225 0.5427083333333333 0.7361111111111113 0.5916666666666667 0.7361111111111113
12 0.578125 0.15370370370370381 0.5192708333333333 0.15370370370370381 0.5192708333333333 0.26111111111111124 0.578125 0.26111111111111124
11 0.6869791666666667 0.5972222222222224 0.6380208333333334 0.5972222222222224 0.6380208333333334 0.6861111111111113 0.6869791666666667 0.6861111111111113
0 0.4947916666666667 0.2712962962962964 0.44427083333333334 0.2712962962962964 0.44427083333333334 0.36203703703703716 0.4947916666666667 0.36203703703703716
3 0.71875 0.5111111111111113 0.6796875 0.5111111111111113 0.6796875 0.5824074074074076 0.71875 0.5824074074074076
5 0.5505208333333333 0.7472222222222225 0.5 0.7472222222222225 0.5 0.8379629629629631 0.5505208333333333 0.8379629629629631
13 0.6557291666666667 0.6925925925925928 0.5963541666666666 0.6925925925925928 0.5963541666666666 0.8009259259259262 0.6557291666666667 0.8009259259259262
1 0.7286458333333333 0.5759259259259262 0.6796875 0.5759259259259262 0.6796875 0.6648148148148151 0.7286458333333333 0.6648148148148151
10 0.5875 0.23703703703703713 0.5390625 0.23703703703703713 0.5390625 0.3250000000000001 0.5875 0.3250000000000001
6 0.6796875 0.20277777777777795 0.6328125 0.20277777777777795 0.6328125 0.2879629629629631 0.6796875 0.2879629629629631
4 0.4817708333333333 0.19537037037037047 0.4322916666666667 0.19537037037037047 0.4322916666666667 0.28518518518518526 0.4817708333333333 0.28518518518518526
6 0.5416666666666666 0.25462962962962976 0.49166666666666664 0.25462962962962976 0.49166666666666664 0.3462962962962964 0.5416666666666666 0.3462962962962964
5 0.7796875 0.6324074074074076 0.7359375 0.6324074074074076 0.7359375 0.7111111111111114 0.7796875 0.7111111111111114
2 0.6869791666666667 0.28333333333333344 0.6484375 0.28333333333333344 0.6484375 0.35277777777777786 0.6869791666666667 0.35277777777777786
7 0.7739583333333333 0.5537037037037039 0.7260416666666667 0.5537037037037039 0.7260416666666667 0.6407407407407409 0.7739583333333333 0.6407407407407409
11 0.7390625 0.6564814814814817 0.6921875 0.6564814814814817 0.6921875 0.7425925925925928 0.7390625 0.7425925925925928
8 0.6145833333333334 0.15740740740740755 0.5770833333333333 0.15740740740740752 0.5770833333333333 0.22592592592592606 0.6145833333333334 0.22592592592592609
3 0.6692708333333334 0.5296296296296299 0.6296875 0.5296296296296299 0.6296875 0.6018518518518521 0.6692708333333334 0.6018518518518521
1 0.6390625 0.6222222222222225 0.5895833333333333 0.6222222222222225 0.5895833333333333 0.7120370370370372 0.6390625 0.7120370370370372
2 0.54375 0.3398148148148149 0.5046875 0.3398148148148149 0.5046875 0.4111111111111112 0.54375 0.4111111111111112
3 0.6260416666666667 0.5574074074074076 0.5848958333333333 0.5574074074074076 0.5848958333333333 0.6314814814814816 0.6260416666666667 0.6314814814814816
8 0.5229166666666667 0.18796296296296308 0.48385416666666664 0.18796296296296308 0.48385416666666664 0.25740740740740753 0.5229166666666667 0.25740740740740753
2 0.5942708333333333 0.32314814814814824 0.5557291666666667 0.32314814814814824 0.5557291666666667 0.3935185185185186 0.5942708333333333 0.3935185185185186
2 0.49583333333333335 0.3648148148148149 0.45625 0.3648148148148149 0.45625 0.4361111111111112 0.49583333333333335 0.4361111111111112
2 0.6421875 0.29722222222222233 0.6041666666666666 0.29722222222222233 0.6041666666666666 0.36666666666666675 0.6421875 0.36666666666666675
9 0.6901041666666666 0.6833333333333336 0.6515625 0.6833333333333336 0.6515625 0.7537037037037039 0.6901041666666666 0.7537037037037039
3 0.5286458333333334 0.5981481481481483 0.4875 0.5981481481481483 0.4875 0.6731481481481484 0.5286458333333334 0.6731481481481484
9 0.5963541666666666 0.7351851851851854 0.5578125 0.7351851851851854 0.5578125 0.8055555555555558 0.5963541666666666 0.8055555555555558