4 0.6442708333333333 0.13888888888888903 0.6020833333333333 0.138888888888889 0.6020833333333333 0.20277777777777792 0.6442708333333333 0.20277777777777795
5 0.6213541666666667 0.9009259259259261 0.5776041666666667 0.9009259259259261 0.5776041666666667 0.9629629629629629 0.6213541666666667 0.9629629629629629
7 0.5645833333333333 0.9046296296296299 0.5218750000000001 0.9046296296296299 0.5218750000000001 0.9666666666666667 0.5645833333333333 0.9666666666666667
0 0.6932291666666667 0.1342592592592594 0.6479166666666667 0.1342592592592594 0.6479166666666667 0.2009259259259261 0.6932291666666667 0.2009259259259261
5 0.4036458333333334 0.8916666666666667 0.3593750000000001 0.8916666666666667 0.3593750000000001 0.9592592592592593 0.4036458333333334 0.9592592592592593
2 0.7359375 0.39722222222222237 0.7036458333333333 0.3972222222222223 0.7036458333333333 0.4444444444444446 0.7359375 0.44444444444444464
2 0.36770833333333336 0.38240740740740753 0.3338541666666667 0.38240740740740753 0.3338541666666667 0.42962962962962975 0.36770833333333336 0.42962962962962975
3 0.6869791666666667 0.6472222222222225 0.6515625 0.6472222222222225 0.6515625 0.7018518518518521 0.6869791666666667 0.7018518518518521
2 0.6885416666666667 0.39444444444444454 0.6552083333333333 0.39444444444444454 0.6552083333333333 0.44166666666666676 0.6885416666666667 0.44166666666666676
1 0.678125 0.9009259259259261 0.634375 0.9009259259259261 0.634375 0.962037037037037 0.678125 0.962037037037037
4 0.43125 0.12870370370370382 0.38958333333333334 0.12870370370370382 0.38958333333333334 0.18796296296296308 0.43125 0.18796296296296308
12 0.5369791666666667 0.28703703703703715 0.4869791666666667 0.28703703703703715 0.4869791666666667 0.3601851851851853 0.5369791666666667 0.3601851851851853
10 0.7458333333333333 0.14629629629629645 0.7015625 0.14629629629629645 0.7015625 0.21296296296296313 0.7458333333333333 0.21296296296296313
10 0.3307291666666667 0.1268518518518519 0.28958333333333336 0.1268518518518519 0.28958333333333336 0.18611111111111117 0.3307291666666667 0.18611111111111117
13 0.5223958333333333 0.7240740740740742 0.4713541666666667 0.7240740740740741 0.4713541666666667 0.8027777777777779 0.5223958333333333 0.802777777777778
11 0.7333333333333333 0.8962962962962965 0.6885416666666667 0.8962962962962965 0.6885416666666667 0.9592592592592593 0.7333333333333333 0.9592592592592593
8 0.5796875 0.30092592592592604 0.5463541666666667 0.30092592592592604 0.5463541666666667 0.3537037037037038 0.5796875 0.3537037037037038
9 0.5713541666666667 0.7388888888888892 0.5359375 0.7388888888888892 0.5359375 0.7879629629629632 0.5713541666666667 0.7879629629629632
0 0.38177083333333334 0.12777777777777785 0.3411458333333333 0.12777777777777782 0.3411458333333333 0.1861111111111112 0.38177083333333334 0.18611111111111123
2 0.3140625 0.37314814814814823 0.2838541666666667 0.37314814814814823 0.2838541666666667 0.4212962962962964 0.3140625 0.4212962962962964
1 0.3510416666666668 0.8851851851851852 0.3078125000000001 0.8851851851851852 0.3078125000000001 0.9481481481481482 0.3510416666666668 0.9481481481481482
3 0.7421875 0.6500000000000002 0.7078125 0.6500000000000002 0.7078125 0.7055555555555557 0.7421875 0.7055555555555557
3 0.30416666666666664 0.6314814814814815 0.26927083333333335 0.6314814814814815 0.26927083333333335 0.6907407407407408 0.30416666666666664 0.6907407407407408
2 0.5807291666666666 0.46944444444444455 0.5463541666666667 0.46944444444444455 0.5463541666666667 0.5203703703703706 0.5807291666666666 0.5203703703703706
7 0.46458333333333346 0.8898148148148148 0.4213541666666668 0.8898148148148148 0.4213541666666668 0.950925925925926 0.46458333333333346 0.950925925925926
6 0.48854166666666665 0.13333333333333344 0.44583333333333336 0.13333333333333344 0.44583333333333336 0.19166666666666676 0.48854166666666665 0.19166666666666676
6 0.5901041666666667 0.1351851851851853 0.5473958333333333 0.1351851851851853 0.5473958333333333 0.19351851851851862 0.5901041666666667 0.19351851851851862
11 0.2994791666666668 0.8787037037037037 0.2567708333333334 0.8787037037037037 0.2567708333333334 0.9398148148148148 0.2994791666666668 0.9398148148148148
8 0.4708333333333333 0.29722222222222233 0.4375 0.29722222222222233 0.4375 0.34444444444444455 0.4708333333333333 0.34444444444444455
3 0.353125 0.6296296296296297 0.3182291666666667 0.6296296296296297 0.3182291666666667 0.6861111111111111 0.353125 0.6861111111111111
9 0.4578125 0.737037037037037 0.4244791666666667 0.737037037037037 0.4244791666666667 0.7935185185185185 0.4578125 0.7935185185185185
3 0.46927083333333336 0.549074074074074 0.4348958333333333 0.549074074074074 0.4348958333333333 0.5972222222222222 0.46927083333333336 0.5972222222222222