4 0.65625 0.176851851851852 0.6171875 0.176851851851852 0.6171875 0.23888888888888898 0.65625 0.23888888888888898
3 0.3203125 0.6481481481481481 0.290625 0.6481481481481481 0.290625 0.6935185185185185 0.3203125 0.6935185185185185
2 0.6067708333333334 0.42222222222222233 0.5760416666666667 0.42222222222222233 0.5760416666666667 0.4712962962962964 0.6067708333333334 0.4712962962962964
0 0.3015625 0.15925925925925932 0.2640625 0.15925925925925932 0.2640625 0.22129629629629635 0.3015625 0.22129629629629635
2 0.40625 0.42407407407407416 0.37447916666666664 0.42407407407407416 0.37447916666666664 0.4740740740740741 0.40625 0.4740740740740741
2 0.30416666666666664 0.4166666666666668 0.27395833333333336 0.4166666666666668 0.27395833333333336 0.4648148148148149 0.30416666666666664 0.4648148148148149
13 0.5317708333333334 0.801851851851852 0.4890625 0.801851851851852 0.48906250000000007 0.8712962962962965 0.5317708333333334 0.8712962962962965
7 0.37083333333333335 0.7240740740740741 0.33489583333333334 0.7240740740740741 0.33489583333333334 0.7851851851851852 0.37083333333333335 0.7851851851851852
6 0.6640625 0.3416666666666668 0.6260416666666667 0.3416666666666668 0.6260416666666667 0.4027777777777779 0.6640625 0.4027777777777779
2 0.5078125 0.413888888888889 0.4765625 0.413888888888889 0.4765625 0.4629629629629631 0.5078125 0.4629629629629631
2 0.7083333333333334 0.43055555555555564 0.6760416666666667 0.43055555555555564 0.6760416666666667 0.47777777777777797 0.7083333333333334 0.47777777777777797
7 0.6645833333333333 0.7250000000000002 0.628125 0.7250000000000002 0.628125 0.7824074074074077 0.6645833333333333 0.7824074074074077
1 0.3369791666666667 0.8527777777777777 0.30104166666666665 0.8527777777777777 0.3010416666666667 0.9120370370370371 0.3369791666666668 0.9120370370370371
12 0.5010416666666667 0.24166666666666678 0.4546875 0.24166666666666678 0.4546875 0.31851851851851865 0.5010416666666667 0.31851851851851865
3 0.6119791666666666 0.6685185185185187 0.58125 0.6685185185185187 0.58125 0.7157407407407409 0.6119791666666666 0.7157407407407409
3 0.7078125 0.6703703703703706 0.6770833333333334 0.6703703703703706 0.6770833333333334 0.7166666666666669 0.7078125 0.7166666666666669
9 0.4697916666666668 0.8796296296296297 0.4401041666666668 0.8796296296296297 0.4401041666666668 0.925 0.4697916666666668 0.925
5 0.3880208333333334 0.8611111111111112 0.3515625000000001 0.8611111111111112 0.3515625000000001 0.9203703703703704 0.3880208333333334 0.9203703703703704
3 0.5182291666666666 0.6675925925925928 0.48802083333333335 0.6675925925925928 0.48802083333333335 0.714814814814815 0.5182291666666666 0.714814814814815
3 0.41510416666666666 0.6564814814814814 0.3854166666666667 0.6564814814814814 0.3854166666666667 0.7027777777777777 0.41510416666666666 0.7027777777777777
6 0.34791666666666665 0.3296296296296297 0.3098958333333333 0.3296296296296297 0.3098958333333333 0.39074074074074083 0.34791666666666665 0.39074074074074083
1 0.7109375 0.8842592592592595 0.675 0.8842592592592595 0.675 0.940740740740741 0.7109375 0.940740740740741
8 0.446875 0.16296296296296306 0.4166666666666667 0.16296296296296306 0.4166666666666667 0.21296296296296308 0.446875 0.21296296296296308
11 0.6213541666666667 0.8768518518518521 0.5848958333333333 0.8768518518518521 0.5848958333333333 0.9333333333333336 0.6213541666666667 0.9333333333333336
0 0.7041666666666667 0.18425925925925943 0.6640625 0.18425925925925943 0.6640625 0.2462962962962964 0.7041666666666667 0.2462962962962964
4 0.403125 0.17314814814814825 0.365625 0.17314814814814825 0.365625 0.24444444444444455 0.403125 0.24444444444444455
8 0.5432291666666667 0.17037037037037048 0.5130208333333334 0.17037037037037048 0.5130208333333334 0.22407407407407418 0.5432291666666667 0.22407407407407418
11 0.43125000000000013 0.8722222222222222 0.39479166666666676 0.8722222222222222 0.39479166666666676 0.9287037037037037 0.43125000000000013 0.9287037037037037
10 0.6036458333333333 0.17314814814814825 0.565625 0.17314814814814825 0.565625 0.23611111111111122 0.6036458333333333 0.23611111111111122
5 0.6697916666666667 0.864814814814815 0.63125 0.864814814814815 0.63125 0.9314814814814817 0.6697916666666667 0.9314814814814817
9 0.56875 0.8768518518518521 0.5395833333333333 0.8768518518518521 0.5395833333333333 0.9240740740740743 0.56875 0.9240740740740743
10 0.35208333333333336 0.16851851851851857 0.31302083333333336 0.16851851851851857 0.31302083333333336 0.24074074074074084 0.35208333333333336 0.24074074074074084