6 0.6244791666666667 0.48981481481481504 0.5833333333333334 0.48981481481481504 0.5833333333333334 0.5601851851851853 0.6244791666666667 0.5601851851851853
7 0.42864583333333334 0.325925925925926 0.38697916666666665 0.325925925925926 0.38697916666666665 0.39814814814814825 0.42864583333333334 0.39814814814814825
5 0.4828125 1.006364846521552e-16 0.44166666666666665 9.615745237749589e-17 0.44166666666666665 0.0462962962962964 0.4828125 0.046296296296296405
9 0.43385416666666665 0.13703703703703715 0.4010416666666667 0.13703703703703715 0.4010416666666667 0.19351851851851862 0.43385416666666665 0.19351851851851862
0 0.6026041666666667 0.5694444444444446 0.5625 0.5694444444444446 0.5625 0.6398148148148151 0.6026041666666667 0.6398148148148151
0 0.7395833333333334 0.21388888888888904 0.7026041666666667 0.21388888888888904 0.7026041666666667 0.2805555555555557 0.7395833333333334 0.2805555555555558
1 0.49947916666666664 0.0925925925925927 0.459375 0.0925925925925927 0.459375 0.1611111111111112 0.49947916666666664 0.1611111111111112
3 0.5333333333333333 0.12314814814814826 0.5010416666666667 0.12314814814814826 0.5010416666666667 0.17962962962962972 0.5333333333333333 0.17962962962962972
7 0.5223958333333333 0.012037037037037148 0.4817708333333333 0.012037037037037143 0.4817708333333333 0.08148148148148159 0.5223958333333333 0.08148148148148159
13 0.4171875 0.19814814814814824 0.365625 0.19814814814814824 0.365625 0.2879629629629631 0.4171875 0.2879629629629631
3 0.46197916666666666 0.3694444444444446 0.4296875 0.3694444444444446 0.4296875 0.42592592592592604 0.46197916666666666 0.42592592592592604
9 0.38385416666666666 0.29722222222222233 0.35 0.29722222222222233 0.35 0.35648148148148157 0.38385416666666666 0.35648148148148157
10 0.6447916666666667 0.41203703703703715 0.6052083333333333 0.41203703703703715 0.6052083333333333 0.4824074074074076 0.6447916666666667 0.4824074074074076
11 0.47708333333333336 0.16203703703703715 0.4375 0.16203703703703715 0.4375 0.2324074074074075 0.47708333333333336 0.2324074074074075
4 0.6395833333333333 0.602777777777778 0.6 0.602777777777778 0.6 0.6731481481481484 0.6395833333333333 0.6731481481481484
3 0.4859375 0.2842592592592594 0.453125 0.2842592592592594 0.453125 0.3416666666666668 0.4859375 0.3416666666666668
2 0.5817708333333333 0.4712962962962964 0.5494791666666666 0.4712962962962964 0.5494791666666666 0.526851851851852 0.5817708333333333 0.526851851851852
4 0.7213541666666666 0.2879629629629631 0.684375 0.2879629629629631 0.684375 0.3555555555555557 0.7213541666666666 0.3555555555555557
6 0.6859375 0.2537037037037038 0.6479166666666667 0.2537037037037038 0.6479166666666667 0.3212962962962964 0.6859375 0.3212962962962964
2 0.646875 0.22777777777777794 0.6161458333333333 0.22777777777777794 0.6161458333333333 0.2824074074074075 0.646875 0.2824074074074075
3 0.440625 0.4490740740740742 0.40729166666666666 0.4490740740740742 0.40729166666666666 0.5074074074074074 0.440625 0.5074074074074074
2 0.6036458333333333 0.38425925925925936 0.5713541666666667 0.38425925925925936 0.5713541666666667 0.4407407407407408 0.6036458333333333 0.4407407407407408
12 0.6838541666666667 0.4425925925925927 0.6359375 0.4425925925925927 0.6359375 0.526851851851852 0.6838541666666667 0.526851851851852
5 0.3640625 0.3777777777777779 0.32135416666666666 0.3777777777777779 0.32135416666666666 0.4527777777777779 0.3640625 0.4527777777777779
3 0.5114583333333333 0.20925925925925937 0.4786458333333333 0.20925925925925937 0.4786458333333333 0.2675925925925927 0.5114583333333333 0.2675925925925927
8 0.65625 0.5333333333333335 0.6255208333333333 0.5333333333333335 0.6255208333333333 0.589814814814815 0.65625 0.589814814814815
2 0.6286458333333333 0.3037037037037038 0.5984375 0.3037037037037038 0.5984375 0.35833333333333345 0.6286458333333333 0.35833333333333345
1 0.453125 0.24444444444444455 0.4114583333333333 0.24444444444444455 0.4114583333333333 0.3157407407407408 0.453125 0.3157407407407408
11 0.45989583333333334 0.052777777777777875 0.41770833333333335 0.05277777777777787 0.41770833333333335 0.12407407407407418 0.45989583333333334 0.12407407407407418
10 0.6671875 0.33703703703703713 0.628125 0.33703703703703713 0.628125 0.40555555555555567 0.6671875 0.40555555555555567
2 0.5567708333333333 0.5509259259259262 0.525 0.5509259259259262 0.525 0.6064814814814817 0.5567708333333333 0.6064814814814817
8 0.6947916666666667 0.3777777777777779 0.6645833333333333 0.3777777777777779 0.6645833333333333 0.43055555555555564 0.6947916666666667 0.43055555555555564