13 0.6817708333333333 0.3814814814814816 0.6390625 0.3814814814814816 0.6390625 0.45925925925925937 0.6817708333333333 0.45925925925925937
3 0.5932291666666667 0.39074074074074083 0.5645833333333333 0.39074074074074083 0.5645833333333333 0.44351851851851865 0.5932291666666667 0.44351851851851865
2 0.453125 0.38240740740740753 0.42291666666666666 0.38240740740740753 0.42291666666666666 0.43703703703703717 0.453125 0.43703703703703717
2 0.46770833333333334 0.2000000000000001 0.43802083333333336 0.2000000000000001 0.43802083333333336 0.2537037037037038 0.46770833333333334 0.2537037037037038
7 0.6177083333333333 0.6398148148148151 0.5833333333333334 0.6398148148148151 0.5833333333333334 0.7055555555555557 0.6177083333333333 0.7055555555555557
3 0.5833333333333334 0.5629629629629632 0.5552083333333333 0.5629629629629632 0.5552083333333333 0.6166666666666669 0.5833333333333334 0.6166666666666669
2 0.45 0.5638888888888889 0.4197916666666667 0.5638888888888889 0.4197916666666667 0.6185185185185185 0.45 0.6185185185185185
2 0.44114583333333335 0.7425925925925926 0.4114583333333333 0.7425925925925926 0.4114583333333333 0.8 0.44114583333333335 0.8
6 0.4041666666666667 0.6564814814814814 0.36614583333333334 0.6564814814814814 0.36614583333333334 0.7231481481481481 0.4041666666666667 0.7231481481481481
3 0.5994791666666667 0.0453703703703705 0.5723958333333333 0.04537037037037049 0.5723958333333333 0.09814814814814828 0.5994791666666667 0.09814814814814828
9 0.7041666666666667 0.46944444444444455 0.678125 0.46944444444444455 0.678125 0.5231481481481484 0.7041666666666667 0.5231481481481484
5 0.6984375 0.6351851851851854 0.6645833333333333 0.6351851851851854 0.6645833333333333 0.7009259259259262 0.6984375 0.7009259259259262
12 0.37552083333333336 0.3555555555555557 0.32864583333333336 0.3555555555555557 0.32864583333333336 0.4407407407407408 0.37552083333333336 0.4407407407407408
0 0.34010416666666665 0.021296296296296365 0.3015625 0.02129629629629636 0.3015625 0.08796296296296303 0.34010416666666665 0.08796296296296305
4 0.3125 0.649074074074074 0.27447916666666666 0.649074074074074 0.27447916666666666 0.7157407407407408 0.3125 0.7157407407407408
11 0.7057291666666666 0.551851851851852 0.6713541666666667 0.551851851851852 0.6713541666666667 0.6175925925925928 0.7057291666666666 0.6175925925925928
7 0.646875 0.1129629629629631 0.6119791666666666 0.1129629629629631 0.6119791666666666 0.1759259259259261 0.646875 0.1759259259259261
5 0.7213541666666666 0.13796296296296312 0.6890625 0.13796296296296312 0.6890625 0.20277777777777795 0.7213541666666666 0.20277777777777795
3 0.5973958333333333 0.2064814814814816 0.5692708333333333 0.2064814814814816 0.5692708333333333 0.2601851851851853 0.5973958333333333 0.2601851851851853
8 0.3171875 0.2898148148148149 0.2869791666666667 0.2898148148148149 0.2869791666666667 0.3435185185185186 0.3171875 0.3435185185185186
11 0.7229166666666667 0.2120370370370372 0.6890625 0.2120370370370372 0.6890625 0.2777777777777779 0.7229166666666667 0.2777777777777779
8 0.3145833333333333 0.463888888888889 0.2838541666666667 0.463888888888889 0.2838541666666667 0.5194444444444445 0.3145833333333333 0.5194444444444445
2 0.4734375 0.025000000000000102 0.44375 0.0250000000000001 0.44375 0.07777777777777788 0.4734375 0.07777777777777788
6 0.42916666666666664 0.09537037037037047 0.39114583333333336 0.09537037037037045 0.39114583333333336 0.16481481481481491 0.42916666666666664 0.16481481481481491
9 0.7166666666666667 0.29444444444444456 0.6890625 0.29444444444444456 0.6890625 0.3490740740740742 0.7166666666666667 0.3490740740740742
1 0.7197916666666667 0.050925925925926076 0.6854166666666667 0.05092592592592607 0.6854166666666667 0.1157407407407409 0.7197916666666667 0.1157407407407409
4 0.3390625 0.20370370370370375 0.30052083333333335 0.20370370370370375 0.30052083333333335 0.2703703703703705 0.3390625 0.2703703703703705
1 0.7015625 0.7120370370370372 0.6635416666666667 0.7120370370370372 0.6635416666666667 0.7750000000000002 0.7015625 0.7750000000000002
3 0.5765625 0.7351851851851854 0.5442708333333334 0.7351851851851854 0.5442708333333334 0.7842592592592594 0.5765625 0.7842592592592594
10 0.34479166666666666 0.10648148148148157 0.303125 0.10648148148148157 0.303125 0.1768518518518519 0.34479166666666666 0.1768518518518519
10 0.31875 0.5555555555555556 0.2734375 0.5555555555555556 0.2734375 0.6259259259259259 0.31875 0.6259259259259259
0 0.31614583333333335 0.7324074074074074 0.2703125 0.7324074074074074 0.2703125 0.8074074074074075 0.31614583333333335 0.8074074074074075