9 0.42135416666666664 0.3435185185185186 0.38125 0.3435185185185186 0.38125 0.4148148148148149 0.42135416666666664 0.4148148148148149
3 0.6166666666666667 0.6879629629629632 0.5765625 0.6879629629629632 0.5765625 0.7592592592592595 0.6166666666666667 0.7592592592592595
11 0.55625 0.06481481481481494 0.5046875 0.06481481481481492 0.5046875 0.15555555555555567 0.55625 0.15555555555555567
4 0.7208333333333333 0.288888888888889 0.6713541666666667 0.288888888888889 0.6713541666666667 0.37685185185185194 0.7208333333333333 0.37685185185185194
8 0.4453125 0.4027777777777779 0.4036458333333333 0.4027777777777779 0.4036458333333333 0.47685185185185186 0.4453125 0.47685185185185186
3 0.4276041666666667 0.04537037037037046 0.38697916666666665 0.04537037037037045 0.38697916666666665 0.11851851851851862 0.4276041666666667 0.11851851851851862
12 0.42135416666666664 0.475 0.3625 0.475 0.3625 0.5805555555555556 0.42135416666666664 0.5805555555555556
2 0.2921875 0.5527777777777778 0.25312500000000004 0.5527777777777778 0.25312500000000004 0.6222222222222222 0.2921875 0.6222222222222222
7 0.3302083333333333 0.31851851851851865 0.28072916666666664 0.31851851851851865 0.28072916666666664 0.4074074074074075 0.3302083333333333 0.4074074074074075
8 0.684375 0.5259259259259261 0.64375 0.5259259259259261 0.64375 0.5990740740740743 0.684375 0.5990740740740743
2 0.6765625 0.39074074074074083 0.6354166666666666 0.39074074074074083 0.6354166666666666 0.463888888888889 0.6765625 0.463888888888889
2 0.5526041666666667 0.3398148148148149 0.5125 0.3398148148148149 0.5125 0.4129629629629631 0.5526041666666667 0.4129629629629631
7 0.5489583333333333 0.7435185185185187 0.4984375 0.7435185185185187 0.4984375 0.8324074074074076 0.5489583333333333 0.8324074074074076
4 0.39427083333333335 0.6259259259259259 0.34479166666666666 0.6259259259259259 0.34479166666666666 0.7138888888888889 0.39427083333333335 0.7138888888888889
6 0.3885416666666667 0.20555555555555563 0.3390625 0.2055555555555556 0.3390625 0.29444444444444456 0.3885416666666667 0.29444444444444456
6 0.6098958333333333 0.3500000000000001 0.5619791666666667 0.3500000000000001 0.5619791666666667 0.4361111111111112 0.6098958333333333 0.4361111111111112
10 0.46927083333333336 0.263888888888889 0.4197916666666667 0.263888888888889 0.4197916666666667 0.35277777777777786 0.46927083333333336 0.35277777777777786
5 0.6026041666666667 0.8222222222222224 0.5526041666666667 0.8222222222222224 0.5526041666666667 0.9120370370370372 0.6026041666666667 0.9120370370370372
1 0.6442708333333333 0.19814814814814827 0.59375 0.19814814814814824 0.59375 0.2879629629629631 0.6442708333333333 0.2879629629629631
3 0.49635416666666665 0.35277777777777786 0.45625 0.35277777777777786 0.45625 0.4250000000000001 0.49635416666666665 0.4250000000000001
1 0.6052083333333333 0.48425925925925944 0.5578125 0.48425925925925944 0.5578125 0.5694444444444446 0.6052083333333333 0.5694444444444446
2 0.5317708333333333 0.47777777777777797 0.4890625 0.47777777777777797 0.4890625 0.552777777777778 0.5317708333333333 0.552777777777778
0 0.5828125 0.6092592592592595 0.5296875 0.6092592592592595 0.5296875 0.7009259259259262 0.5828125 0.7009259259259262
2 0.47656250000000006 0.8064814814814815 0.43697916666666664 0.8064814814814815 0.43697916666666675 0.8777777777777778 0.4765625000000001 0.8777777777777778
0 0.46770833333333334 0.5935185185185186 0.4161458333333333 0.5935185185185186 0.4161458333333333 0.6814814814814815 0.46770833333333334 0.6814814814814815
11 0.3223958333333333 0.6833333333333333 0.2708333333333333 0.6833333333333333 0.2708333333333333 0.7722222222222223 0.3223958333333333 0.7722222222222223
3 0.4744791666666667 0.7046296296296296 0.43333333333333335 0.7046296296296296 0.43333333333333335 0.774074074074074 0.4744791666666667 0.774074074074074
10 0.3484375 0.4703703703703705 0.2989583333333333 0.4703703703703705 0.2989583333333333 0.5564814814814815 0.3484375 0.5564814814814815
9 0.446875 0.18148148148148158 0.4078125 0.18148148148148158 0.4078125 0.2462962962962964 0.446875 0.2462962962962964
3 0.39895833333333336 0.762962962962963 0.3572916666666667 0.762962962962963 0.3572916666666667 0.8333333333333334 0.39895833333333336 0.8333333333333334
13 0.5630208333333333 0.1962962962962964 0.5 0.1962962962962964 0.5 0.30462962962962975 0.5630208333333333 0.30462962962962975
5 0.521875 0.6064814814814816 0.4666666666666667 0.6064814814814815 0.4666666666666667 0.7009259259259261 0.521875 0.7009259259259262