6 0.5020833333333333 0.25925925925925936 0.453125 0.25925925925925936 0.453125 0.3416666666666668 0.5020833333333333 0.3416666666666668
13 0.42604166666666665 0.7185185185185186 0.36354166666666665 0.7185185185185186 0.36354166666666665 0.825 0.42604166666666665 0.825
1 0.33125 0.6305555555555555 0.2828125 0.6305555555555555 0.2828125 0.7138888888888889 0.33125 0.7138888888888889
5 0.2765625 0.7064814814814815 0.22656250000000006 0.7064814814814815 0.22656250000000006 0.7916666666666666 0.2765625 0.7916666666666666
12 0.46979166666666666 0.17222222222222233 0.40989583333333335 0.17222222222222233 0.40989583333333335 0.2722222222222223 0.46979166666666666 0.2722222222222223
11 0.3234375 0.7138888888888889 0.2734375 0.7138888888888889 0.2734375 0.7981481481481482 0.3234375 0.7981481481481482
4 0.5567708333333333 0.18611111111111123 0.5083333333333333 0.18611111111111123 0.5083333333333333 0.2666666666666668 0.5567708333333333 0.2666666666666668
7 0.47760416666666666 0.6509259259259259 0.42604166666666665 0.6509259259259259 0.42604166666666665 0.7388888888888889 0.47760416666666666 0.7388888888888889
0 0.5515625 0.2601851851851853 0.5015625 0.2601851851851853 0.5015625 0.3435185185185186 0.5515625 0.3435185185185186
2 0.346875 0.3333333333333334 0.30885416666666665 0.3333333333333334 0.30885416666666665 0.3962962962962964 0.346875 0.3962962962962964
9 0.36614583333333334 0.7268518518518519 0.3260416666666667 0.7268518518518519 0.3260416666666667 0.7944444444444444 0.36614583333333334 0.7944444444444444
3 0.328125 0.5638888888888889 0.28802083333333334 0.5638888888888889 0.28802083333333334 0.6314814814814815 0.328125 0.6314814814814815
2 0.4953125 0.34074074074074084 0.4557291666666667 0.34074074074074084 0.4557291666666667 0.4074074074074075 0.4953125 0.4074074074074075
0 0.32083333333333336 0.17870370370370375 0.27447916666666666 0.17870370370370375 0.27447916666666666 0.25555555555555565 0.32083333333333336 0.25555555555555565
9 0.4661458333333333 0.7435185185185185 0.42552083333333335 0.7435185185185185 0.42552083333333335 0.812037037037037 0.4661458333333333 0.812037037037037
11 0.375 0.637962962962963 0.3255208333333333 0.637962962962963 0.3255208333333333 0.7212962962962963 0.375 0.7212962962962963
3 0.428125 0.5787037037037037 0.38645833333333335 0.5787037037037037 0.38645833333333335 0.6472222222222223 0.428125 0.6472222222222223
1 0.4276041666666667 0.6444444444444445 0.3765625 0.6444444444444445 0.3765625 0.7314814814814815 0.4276041666666667 0.7314814814814815
8 0.5052083333333334 0.19166666666666676 0.4671875 0.19166666666666676 0.4671875 0.25462962962962976 0.5052083333333334 0.25462962962962976
6 0.35833333333333334 0.25185185185185194 0.31145833333333334 0.25185185185185194 0.31145833333333334 0.33055555555555566 0.35833333333333334 0.33055555555555566
7 0.28229166666666666 0.625 0.2333333333333334 0.625 0.2333333333333334 0.7083333333333334 0.28229166666666666 0.7083333333333334
3 0.5286458333333334 0.5851851851851854 0.4875 0.5851851851851854 0.4875 0.6537037037037039 0.5286458333333334 0.6537037037037039
2 0.4432291666666667 0.34074074074074084 0.4041666666666667 0.34074074074074084 0.4041666666666667 0.40555555555555567 0.4432291666666667 0.40555555555555567
4 0.365625 0.17777777777777787 0.31875 0.17777777777777784 0.31875 0.2564814814814816 0.365625 0.2564814814814816
8 0.41041666666666665 0.19074074074074085 0.3734375 0.19074074074074085 0.3734375 0.2527777777777779 0.41041666666666665 0.2527777777777779
10 0.4078125 0.2500000000000001 0.36041666666666666 0.2500000000000001 0.36041666666666666 0.3296296296296297 0.4078125 0.3296296296296297
2 0.5442708333333334 0.3500000000000001 0.5052083333333334 0.3500000000000001 0.5052083333333334 0.41574074074074086 0.5442708333333334 0.41574074074074086
2 0.3927083333333333 0.3314814814814816 0.3541666666666667 0.3314814814814816 0.3541666666666667 0.3953703703703705 0.3927083333333333 0.3953703703703705
3 0.3807291666666667 0.5657407407407408 0.34010416666666665 0.5657407407407408 0.34010416666666665 0.6333333333333333 0.3807291666666667 0.6333333333333333
3 0.4786458333333333 0.5833333333333334 0.43854166666666666 0.5833333333333334 0.43854166666666666 0.6509259259259259 0.4786458333333333 0.6509259259259259
10 0.4557291666666667 0.25462962962962976 0.40677083333333336 0.25462962962962976 0.40677083333333336 0.33703703703703713 0.4557291666666667 0.33703703703703713
5 0.5260416666666666 0.737962962962963 0.4739583333333333 0.7379629629629629 0.4739583333333333 0.8259259259259261 0.5260416666666666 0.8259259259259262