2 0.33125 0.6296296296296297 0.2890625 0.6296296296296297 0.2890625 0.7037037037037037 0.33125 0.7037037037037037
11 0.6833333333333333 0.2166666666666668 0.6317708333333333 0.2166666666666668 0.6317708333333333 0.30555555555555564 0.6833333333333333 0.30555555555555564
11 0.5953125 0.1166666666666668 0.5442708333333334 0.1166666666666668 0.5442708333333334 0.20555555555555566 0.5953125 0.20555555555555566
7 0.6802083333333333 0.41574074074074086 0.6302083333333334 0.41574074074074086 0.6302083333333334 0.502777777777778 0.6802083333333333 0.502777777777778
2 0.4765625 0.5935185185185186 0.4348958333333333 0.5935185185185186 0.4348958333333333 0.6666666666666666 0.4765625 0.6666666666666666
7 0.49947916666666664 0.18518518518518529 0.4484375 0.18518518518518529 0.4484375 0.2750000000000001 0.49947916666666664 0.2750000000000001
3 0.5526041666666667 0.37592592592592605 0.5119791666666667 0.37592592592592605 0.5119791666666667 0.4462962962962964 0.5526041666666667 0.4462962962962964
3 0.6973958333333333 0.3453703703703705 0.6567708333333333 0.3453703703703705 0.6567708333333333 0.4129629629629631 0.6973958333333333 0.4129629629629631
2 0.5130208333333334 0.8500000000000001 0.47239583333333335 0.85 0.4723958333333334 0.9203703703703705 0.5130208333333335 0.9203703703703706
6 0.359375 0.5407407407407407 0.3067708333333333 0.5407407407407407 0.3067708333333333 0.6324074074074074 0.359375 0.6324074074074074
1 0.6375 0.16203703703703717 0.5854166666666667 0.16203703703703715 0.5854166666666667 0.25092592592592605 0.6375 0.25092592592592605
4 0.43802083333333336 0.5268518518518519 0.38697916666666665 0.5268518518518519 0.38697916666666665 0.6175925925925926 0.43802083333333336 0.6175925925925926
3 0.5364583333333334 0.25092592592592605 0.4953125 0.25092592592592605 0.4953125 0.3212962962962964 0.5364583333333334 0.3212962962962964
1 0.6088541666666667 0.2342592592592594 0.5583333333333333 0.23425925925925936 0.5583333333333333 0.32222222222222235 0.6088541666666667 0.32222222222222235
8 0.5661458333333333 0.18425925925925937 0.525 0.18425925925925937 0.525 0.2537037037037038 0.5661458333333333 0.2537037037037038
5 0.6114583333333333 0.4287037037037038 0.5619791666666667 0.4287037037037038 0.5619791666666667 0.5148148148148151 0.6114583333333333 0.5148148148148151
3 0.6286458333333333 0.3648148148148149 0.5880208333333333 0.3648148148148149 0.5880208333333333 0.4361111111111112 0.6286458333333333 0.4361111111111112
6 0.5473958333333333 0.7694444444444447 0.49635416666666665 0.7694444444444447 0.49635416666666665 0.8583333333333335 0.5473958333333333 0.8583333333333335
13 0.4557291666666667 0.6481481481481481 0.39427083333333335 0.6481481481481481 0.39427083333333335 0.7564814814814815 0.4557291666666667 0.7564814814814815
8 0.6541666666666667 0.29537037037037045 0.6135416666666667 0.29537037037037045 0.6135416666666667 0.36666666666666675 0.6541666666666667 0.36666666666666675
3 0.5166666666666667 0.12870370370370382 0.4765625 0.12870370370370382 0.4765625 0.19722222222222233 0.5166666666666667 0.19722222222222233
0 0.35260416666666666 0.7379629629629629 0.3015625 0.7379629629629629 0.3015625 0.8277777777777777 0.35260416666666666 0.8277777777777777
2 0.40625 0.612037037037037 0.36354166666666665 0.612037037037037 0.36354166666666665 0.6851851851851852 0.40625 0.6851851851851852
4 0.5270833333333333 0.6361111111111112 0.4765625 0.6361111111111111 0.4765625 0.7250000000000001 0.5270833333333333 0.7250000000000002
10 0.40156250000000004 0.799074074074074 0.35 0.799074074074074 0.35000000000000003 0.8888888888888888 0.4015625000000001 0.8888888888888888
2 0.49947916666666664 0.726851851851852 0.4583333333333333 0.7268518518518519 0.4583333333333333 0.7981481481481483 0.49947916666666664 0.7981481481481484
10 0.4244791666666667 0.7240740740740741 0.3723958333333333 0.7240740740740741 0.3723958333333333 0.8148148148148148 0.4244791666666667 0.8148148148148148
0 0.44531250000000006 0.8490740740740741 0.3921875 0.8490740740740741 0.3921875000000001 0.9481481481481482 0.4453125000000001 0.9481481481481482
12 0.5947916666666667 0.28703703703703715 0.5322916666666667 0.28703703703703715 0.5322916666666667 0.39814814814814825 0.5947916666666667 0.39814814814814825
9 0.471875 0.7805555555555556 0.42916666666666664 0.7805555555555556 0.42916666666666664 0.8592592592592593 0.471875 0.8592592592592593
9 0.3770833333333333 0.6712962962962963 0.33229166666666665 0.6712962962962963 0.33229166666666665 0.7509259259259259 0.3770833333333333 0.7509259259259259
5 0.5208333333333334 0.30555555555555564 0.4635416666666667 0.30555555555555564 0.4635416666666667 0.4037037037037038 0.5208333333333334 0.4037037037037038