7 0.6229166666666667 0.6685185185185187 0.5880208333333333 0.6685185185185187 0.5880208333333333 0.727777777777778 0.6229166666666667 0.727777777777778
5 0.4583333333333333 0.5805555555555556 0.4197916666666667 0.5805555555555556 0.4197916666666667 0.6388888888888888 0.4583333333333333 0.6388888888888888
7 0.40729166666666666 0.6620370370370371 0.36822916666666666 0.6620370370370371 0.36822916666666666 0.7203703703703703 0.40729166666666666 0.7203703703703703
0 0.5744791666666667 0.06759259259259272 0.5348958333333333 0.0675925925925927 0.5348958333333333 0.1250000000000001 0.5744791666666667 0.1250000000000001
2 0.621875 0.14814814814814828 0.5885416666666666 0.14814814814814825 0.5885416666666666 0.1944444444444446 0.621875 0.19444444444444461
12 0.5166666666666667 0.6592592592592593 0.4739583333333333 0.6592592592592592 0.4739583333333333 0.7305555555555556 0.5166666666666667 0.7305555555555557
11 0.4645833333333334 0.8379629629629629 0.42239583333333336 0.8379629629629629 0.4223958333333334 0.899074074074074 0.46458333333333346 0.899074074074074
2 0.40989583333333335 0.15092592592592602 0.378125 0.15092592592592602 0.378125 0.1962962962962964 0.40989583333333335 0.1962962962962964
10 0.5229166666666667 0.14444444444444454 0.4822916666666667 0.14444444444444454 0.4822916666666667 0.20185185185185195 0.5229166666666667 0.20185185185185195
9 0.5713541666666667 0.15277777777777787 0.5401041666666667 0.15277777777777787 0.5401041666666667 0.20462962962962974 0.5713541666666667 0.20462962962962974
3 0.6260416666666667 0.7592592592592595 0.5921875 0.7592592592592595 0.5921875 0.8074074074074076 0.6260416666666667 0.8074074074074076
2 0.4583333333333333 0.23425925925925936 0.4244791666666667 0.23425925925925936 0.4244791666666667 0.2824074074074075 0.4583333333333333 0.2824074074074075
3 0.4083333333333333 0.7583333333333333 0.37447916666666664 0.7583333333333333 0.37447916666666664 0.8055555555555556 0.4083333333333333 0.8055555555555556
4 0.4671875 0.32037037037037047 0.42552083333333335 0.32037037037037047 0.42552083333333335 0.37962962962962976 0.4671875 0.37962962962962976
1 0.5218750000000001 0.8333333333333335 0.4796875 0.8333333333333334 0.47968750000000004 0.8944444444444446 0.5218750000000001 0.8944444444444447
4 0.571875 0.313888888888889 0.5322916666666667 0.313888888888889 0.5322916666666667 0.3750000000000001 0.571875 0.3750000000000001
8 0.45989583333333334 0.7592592592592593 0.4265625 0.7592592592592593 0.4265625 0.8064814814814815 0.45989583333333334 0.8064814814814815
1 0.521875 0.7462962962962963 0.48020833333333335 0.7462962962962963 0.48020833333333335 0.8074074074074075 0.521875 0.8074074074074076
10 0.51875 0.06944444444444454 0.47708333333333336 0.06944444444444454 0.47708333333333336 0.1250000000000001 0.51875 0.1250000000000001
6 0.4083333333333333 0.22777777777777788 0.3692708333333333 0.22777777777777788 0.3692708333333333 0.28703703703703715 0.4083333333333333 0.28703703703703715
13 0.5234375 0.2185185185185186 0.47604166666666664 0.2185185185185186 0.47604166666666664 0.29074074074074086 0.5234375 0.29074074074074086
3 0.4588541666666667 0.6675925925925926 0.4239583333333333 0.6675925925925926 0.4239583333333333 0.7148148148148148 0.4588541666666667 0.7148148148148148
11 0.5697916666666667 0.8342592592592595 0.5286458333333334 0.8342592592592595 0.5286458333333334 0.8944444444444447 0.5697916666666667 0.8944444444444447
0 0.46770833333333334 0.059259259259259366 0.4265625 0.059259259259259366 0.4265625 0.11574074074074085 0.46770833333333334 0.11574074074074085
2 0.5140625 0.31666666666666676 0.4817708333333333 0.31666666666666676 0.4817708333333333 0.3648148148148149 0.5140625 0.3648148148148149
3 0.5161458333333333 0.5796296296296298 0.48802083333333335 0.5796296296296298 0.48802083333333335 0.6296296296296299 0.5161458333333333 0.6296296296296299
9 0.4609375 0.15555555555555567 0.42864583333333334 0.15555555555555567 0.42864583333333334 0.20462962962962974 0.4609375 0.20462962962962974
5 0.5734375 0.577777777777778 0.53125 0.577777777777778 0.53125 0.6453703703703706 0.5734375 0.6453703703703706
2 0.565625 0.23425925925925936 0.534375 0.23425925925925936 0.534375 0.2842592592592594 0.565625 0.2842592592592594
3 0.5671875 0.6675925925925928 0.5390625 0.6675925925925928 0.5390625 0.7175925925925928 0.5671875 0.7175925925925928
6 0.6265625 0.21944444444444458 0.5911458333333334 0.21944444444444455 0.5911458333333334 0.288888888888889 0.6265625 0.288888888888889
8 0.5677083333333334 0.7546296296296299 0.5354166666666667 0.7546296296296299 0.5354166666666667 0.8111111111111113 0.5677083333333334 0.8111111111111113