2 0.5859375 0.5074074074074076 0.5546875 0.5074074074074076 0.5546875 0.5564814814814817 0.5859375 0.5564814814814817
11 0.7 0.6731481481481484 0.6619791666666667 0.6731481481481484 0.6619791666666667 0.7351851851851854 0.7 0.7351851851851854
1 0.5864583333333333 0.8425925925925928 0.5473958333333333 0.8425925925925928 0.5473958333333333 0.902777777777778 0.5864583333333333 0.902777777777778
7 0.3255208333333333 0.31666666666666676 0.2869791666666667 0.31666666666666676 0.2869791666666667 0.3777777777777779 0.3255208333333333 0.3777777777777779
1 0.5895833333333333 0.23611111111111122 0.5520833333333334 0.23611111111111122 0.5520833333333334 0.29444444444444456 0.5895833333333333 0.29444444444444456
3 0.5364583333333334 0.5138888888888891 0.5052083333333334 0.5138888888888891 0.5052083333333334 0.5611111111111113 0.5364583333333334 0.5611111111111113
2 0.36614583333333334 0.5074074074074074 0.33489583333333334 0.5074074074074074 0.33489583333333334 0.5546296296296296 0.36614583333333334 0.5546296296296296
10 0.5369791666666667 0.7629629629629632 0.4984375 0.7629629629629632 0.4984375 0.8240740740740743 0.5369791666666667 0.8240740740740743
6 0.428125 0.674074074074074 0.38958333333333334 0.674074074074074 0.38958333333333334 0.7351851851851852 0.428125 0.7351851851851852
2 0.6385416666666667 0.2425925925925927 0.6083333333333333 0.2425925925925927 0.6083333333333333 0.2898148148148149 0.6385416666666667 0.2898148148148149
9 0.5302083333333333 0.15925925925925938 0.4984375 0.15925925925925938 0.4984375 0.2064814814814816 0.5302083333333333 0.2064814814814816
7 0.4307291666666667 0.8481481481481481 0.39010416666666664 0.8481481481481481 0.39010416666666675 0.9074074074074074 0.4307291666666668 0.9074074074074074
3 0.6416666666666667 0.4166666666666668 0.6104166666666667 0.4166666666666668 0.6104166666666667 0.463888888888889 0.6416666666666667 0.463888888888889
4 0.4822916666666667 0.4027777777777779 0.44427083333333334 0.4027777777777779 0.44427083333333334 0.4648148148148149 0.4822916666666667 0.4648148148148149
2 0.37083333333333335 0.24166666666666678 0.34010416666666665 0.24166666666666678 0.34010416666666665 0.288888888888889 0.37083333333333335 0.288888888888889
3 0.4786458333333333 0.3277777777777779 0.4479166666666667 0.3277777777777779 0.4479166666666667 0.37592592592592605 0.4786458333333333 0.37592592592592605
3 0.371875 0.42037037037037045 0.340625 0.42037037037037045 0.340625 0.4666666666666668 0.371875 0.4666666666666668
13 0.5916666666666667 0.14444444444444454 0.5463541666666667 0.14444444444444454 0.5463541666666667 0.2212962962962964 0.5916666666666667 0.2212962962962964
2 0.6921875 0.24166666666666678 0.6625 0.24166666666666678 0.6625 0.2879629629629631 0.6921875 0.2879629629629631
4 0.371875 0.6703703703703704 0.3328125 0.6703703703703704 0.3328125 0.7314814814814815 0.371875 0.7314814814814815
9 0.47760416666666666 0.15092592592592602 0.44635416666666666 0.15092592592592602 0.44635416666666666 0.19814814814814824 0.47760416666666666 0.19814814814814824
8 0.48072916666666665 0.6842592592592592 0.4484375 0.6842592592592592 0.4484375 0.7342592592592593 0.48072916666666665 0.7342592592592593
6 0.7567708333333333 0.4009259259259261 0.7192708333333333 0.400925925925926 0.7192708333333333 0.4620370370370372 0.7567708333333333 0.46203703703703725
0 0.48541666666666666 0.23055555555555565 0.44479166666666664 0.23055555555555565 0.44479166666666664 0.2925925925925927 0.48541666666666666 0.2925925925925927
3 0.590625 0.41018518518518526 0.5557291666666667 0.41018518518518526 0.5557291666666667 0.4611111111111112 0.590625 0.4611111111111112
8 0.5359375 0.8638888888888892 0.5036458333333335 0.8638888888888892 0.5036458333333335 0.9101851851851854 0.5359375 0.9101851851851854
10 0.5380208333333333 0.06851851851851862 0.5005208333333333 0.06851851851851862 0.5005208333333333 0.12962962962962973 0.5380208333333333 0.12962962962962973
12 0.4885416666666667 0.8398148148148149 0.44114583333333335 0.8398148148148148 0.4411458333333334 0.9166666666666667 0.48854166666666676 0.9166666666666669
11 0.5364583333333334 0.6694444444444446 0.4979166666666667 0.6694444444444446 0.4979166666666667 0.7379629629629632 0.5364583333333334 0.7379629629629632
0 0.5932291666666667 0.6731481481481484 0.5572916666666666 0.6731481481481484 0.5572916666666666 0.7370370370370373 0.5932291666666667 0.7370370370370373
5 0.5380208333333333 0.32037037037037047 0.5 0.32037037037037047 0.5 0.38611111111111124 0.5380208333333333 0.38611111111111124
5 0.425 0.14722222222222234 0.38697916666666665 0.14722222222222234 0.38697916666666665 0.213888888888889 0.425 0.213888888888889