10 0.2984375 0.3972222222222223 0.25052083333333336 0.3972222222222223 0.25052083333333336 0.48148148148148145 0.2984375 0.48148148148148145
0 0.46927083333333336 0.7111111111111111 0.42135416666666664 0.7111111111111111 0.42135416666666664 0.7953703703703704 0.46927083333333336 0.7953703703703704
12 0.3770833333333333 0.5138888888888888 0.31875 0.5138888888888888 0.31875 0.6157407407407407 0.3770833333333333 0.6157407407407407
13 0.5833333333333334 0.17314814814814825 0.5317708333333333 0.17314814814814825 0.5317708333333333 0.26296296296296306 0.5833333333333334 0.26296296296296306
7 0.46041666666666664 0.061111111111111206 0.415625 0.06111111111111119 0.415625 0.138888888888889 0.46041666666666664 0.138888888888889
3 0.5833333333333334 0.4074074074074075 0.5473958333333333 0.4074074074074075 0.5473958333333333 0.4703703703703705 0.5833333333333334 0.4703703703703705
7 0.5520833333333334 0.22500000000000012 0.5078125 0.22500000000000012 0.5078125 0.3037037037037038 0.5520833333333334 0.3037037037037038
6 0.4041666666666667 0.587037037037037 0.35572916666666665 0.587037037037037 0.35572916666666665 0.6722222222222223 0.4041666666666667 0.6722222222222223
11 0.5244791666666667 0.275925925925926 0.478125 0.275925925925926 0.478125 0.35648148148148157 0.5244791666666667 0.35648148148148157
4 0.46510416666666665 0.48333333333333334 0.41770833333333335 0.48333333333333334 0.41770833333333335 0.5648148148148148 0.46510416666666665 0.5648148148148148
5 0.5802083333333333 0.2861111111111112 0.5348958333333333 0.2861111111111112 0.5348958333333333 0.3648148148148149 0.5802083333333333 0.3648148148148149
4 0.3651041666666667 0.4092592592592594 0.31666666666666665 0.4092592592592594 0.31666666666666665 0.49444444444444446 0.3651041666666667 0.49444444444444446
11 0.4942708333333333 0.22037037037037047 0.44947916666666665 0.22037037037037047 0.44947916666666665 0.2981481481481483 0.4942708333333333 0.2981481481481483
6 0.4015625 0.4722222222222223 0.3541666666666667 0.4722222222222223 0.3541666666666667 0.5555555555555556 0.4015625 0.5555555555555556