7 0.503125 0.11944444444444455 0.4635416666666667 0.11944444444444455 0.4635416666666667 0.18055555555555566 0.503125 0.18055555555555566
7 0.6484375 0.6305555555555558 0.6083333333333333 0.6305555555555558 0.6083333333333333 0.690740740740741 0.6484375 0.690740740740741
1 0.55625 0.7490740740740743 0.5161458333333333 0.7490740740740743 0.5161458333333333 0.8101851851851853 0.55625 0.8101851851851853
2 0.6348958333333333 0.19074074074074088 0.6036458333333333 0.19074074074074085 0.6036458333333333 0.23888888888888898 0.6348958333333333 0.23888888888888898
2 0.6395833333333333 0.8342592592592595 0.6088541666666667 0.8342592592592595 0.6088541666666667 0.8833333333333335 0.6395833333333333 0.8833333333333335
9 0.37604166666666666 0.2675925925925927 0.34375 0.2675925925925927 0.34375 0.3175925925925927 0.37604166666666666 0.3175925925925927
4 0.6447916666666667 0.39814814814814825 0.6046875 0.39814814814814825 0.6046875 0.4583333333333334 0.6447916666666667 0.4583333333333334
12 0.5604166666666667 0.33425925925925937 0.5130208333333334 0.33425925925925937 0.5130208333333334 0.41018518518518526 0.5604166666666667 0.41018518518518526
3 0.3177083333333333 0.5638888888888889 0.28489583333333335 0.5638888888888889 0.28489583333333335 0.6092592592592593 0.3177083333333333 0.6092592592592593
6 0.3807291666666667 0.6259259259259259 0.3411458333333333 0.6259259259259259 0.3411458333333333 0.687037037037037 0.3807291666666667 0.687037037037037
0 0.5671875 0.5814814814814817 0.5270833333333333 0.5814814814814817 0.5270833333333333 0.6435185185185187 0.5671875 0.6435185185185187
10 0.35885416666666664 0.7472222222222222 0.3203125 0.7472222222222222 0.3203125 0.8037037037037037 0.35885416666666664 0.8037037037037037
10 0.5729166666666666 0.22037037037037047 0.5348958333333333 0.22037037037037047 0.5348958333333333 0.2824074074074075 0.5729166666666666 0.2824074074074075
5 0.5083333333333333 0.626851851851852 0.46822916666666664 0.6268518518518519 0.46822916666666664 0.6898148148148149 0.5083333333333333 0.689814814814815
6 0.42239583333333336 0.17037037037037048 0.38333333333333336 0.17037037037037048 0.38333333333333336 0.2314814814814816 0.42239583333333336 0.2314814814814816
2 0.4479166666666667 0.7 0.415625 0.7 0.415625 0.7481481481481481 0.4479166666666667 0.7481481481481481
8 0.6911458333333333 0.7388888888888892 0.6588541666666666 0.7388888888888892 0.6588541666666666 0.7870370370370372 0.6911458333333333 0.7870370370370372
1 0.29791666666666666 0.712037037037037 0.2588541666666667 0.712037037037037 0.2588541666666667 0.7703703703703704 0.29791666666666666 0.7703703703703704
3 0.31614583333333335 0.17777777777777784 0.28489583333333335 0.17777777777777784 0.28489583333333335 0.22592592592592597 0.31614583333333335 0.22592592592592597
13 0.3963541666666667 0.41574074074074086 0.34739583333333335 0.41574074074074086 0.34739583333333335 0.49537037037037035 0.3963541666666667 0.49537037037037035
3 0.5932291666666667 0.4861111111111113 0.5651041666666666 0.4861111111111113 0.5651041666666666 0.5324074074074077 0.5932291666666667 0.5324074074074077
3 0.45208333333333334 0.5518518518518518 0.4239583333333333 0.5518518518518518 0.4239583333333333 0.6064814814814815 0.45208333333333334 0.6064814814814815
9 0.471875 0.29537037037037045 0.44114583333333335 0.29537037037037045 0.44114583333333335 0.3462962962962964 0.471875 0.3462962962962964
11 0.6916666666666667 0.30833333333333346 0.6557291666666667 0.30833333333333346 0.6557291666666667 0.37592592592592605 0.6916666666666667 0.37592592592592605
2 0.6020833333333333 0.7092592592592595 0.5739583333333333 0.7092592592592595 0.5739583333333333 0.7574074074074076 0.6020833333333333 0.7574074074074076
2 0.3838541666666667 0.8435185185185186 0.3578125 0.8435185185185186 0.35781250000000003 0.887962962962963 0.3838541666666668 0.887962962962963
4 0.7 0.5629629629629632 0.6661458333333333 0.5629629629629632 0.6661458333333333 0.6268518518518521 0.7 0.6268518518518521
8 0.5161458333333334 0.8435185185185188 0.4895833333333333 0.8435185185185188 0.48958333333333337 0.8944444444444447 0.5161458333333334 0.8944444444444447
0 0.5140625 0.45925925925925937 0.47760416666666666 0.45925925925925937 0.47760416666666666 0.5222222222222224 0.5140625 0.5222222222222225
11 0.290625 0.3925925925925927 0.2552083333333333 0.3925925925925927 0.25520833333333337 0.4546296296296297 0.290625 0.4546296296296297
3 0.45208333333333334 0.42777777777777787 0.4234375 0.42777777777777787 0.4234375 0.4759259259259259 0.45208333333333334 0.4759259259259259
5 0.4630208333333333 0.7694444444444445 0.42864583333333334 0.7694444444444445 0.42864583333333334 0.8333333333333334 0.4630208333333333 0.8333333333333334