5 0.39375000000000004 0.774074074074074 0.34322916666666664 0.774074074074074 0.34322916666666675 0.8731481481481481 0.3937500000000001 0.8731481481481481
1 0.4223958333333334 0.8472222222222222 0.37083333333333335 0.8472222222222222 0.3708333333333334 0.9481481481481482 0.42239583333333347 0.9481481481481482
5 0.29010416666666666 0.43888888888888894 0.23906250000000007 0.4388888888888889 0.23906250000000007 0.5388888888888889 0.29010416666666666 0.5388888888888889
11 0.23958333333333334 0.2611111111111111 0.18802083333333333 0.2611111111111111 0.18802083333333333 0.36203703703703705 0.23958333333333334 0.36203703703703705
4 0.6692708333333334 0.044444444444444585 0.6213541666666667 0.04444444444444458 0.6213541666666667 0.13888888888888903 0.6692708333333334 0.13888888888888903
6 0.7442708333333333 0.28611111111111126 0.696875 0.2861111111111112 0.696875 0.37962962962962976 0.7442708333333333 0.3796296296296298
4 0.7703125 0.3703703703703705 0.721875 0.37037037037037046 0.721875 0.46666666666666684 0.7703125 0.4666666666666669
10 0.8119791666666667 0.5240740740740742 0.7645833333333333 0.5240740740740742 0.7645833333333333 0.614814814814815 0.8119791666666667 0.614814814814815
13 0.42864583333333334 0.5027777777777778 0.365625 0.5027777777777778 0.365625 0.6231481481481481 0.42864583333333334 0.6231481481481481
12 0.6458333333333334 0.2824074074074075 0.5875 0.2824074074074075 0.5875 0.3953703703703705 0.6458333333333334 0.3953703703703705
1 0.26145833333333335 0.34722222222222227 0.21041666666666667 0.3472222222222222 0.2104166666666667 0.4472222222222223 0.2614583333333334 0.44722222222222235
3 0.3848958333333333 0.2120370370370371 0.34479166666666666 0.21203703703703708 0.34479166666666666 0.2925925925925927 0.3848958333333333 0.2925925925925927
2 0.49322916666666666 0.022222222222222324 0.4546875 0.02222222222222232 0.4546875 0.09814814814814825 0.49322916666666666 0.09814814814814825
2 0.6635416666666667 0.5796296296296298 0.6244791666666667 0.5796296296296298 0.6244791666666667 0.6574074074074077 0.6635416666666667 0.6574074074074077
9 0.44375 0.6037037037037037 0.40208333333333335 0.6037037037037037 0.40208333333333335 0.6861111111111111 0.44375 0.6861111111111111
2 0.5145833333333333 0.09444444444444455 0.47552083333333334 0.09444444444444455 0.47552083333333334 0.17037037037037048 0.5145833333333333 0.17037037037037048
3 0.5463541666666667 0.7240740740740743 0.50625 0.7240740740740743 0.50625 0.8046296296296298 0.5463541666666667 0.8046296296296298
7 0.36822916666666666 0.674074074074074 0.31666666666666665 0.674074074074074 0.31666666666666665 0.7759259259259259 0.36822916666666666 0.7759259259259259
2 0.6932291666666667 0.6592592592592594 0.6546875 0.6592592592592594 0.6546875 0.7342592592592595 0.6932291666666667 0.7342592592592595
0 0.65 1.3624195640514304e-16 0.6015625 1.3096917157548084e-16 0.6015625 0.06944444444444457 0.65 0.06944444444444457
8 0.6109375 0.21759259259259273 0.571875 0.2175925925925927 0.571875 0.29444444444444456 0.6109375 0.29444444444444456
7 0.31145833333333334 0.5212962962962963 0.2614583333333334 0.5212962962962963 0.2614583333333334 0.6203703703703703 0.31145833333333334 0.6203703703703703
0 0.7890625 0.4425925925925928 0.7411458333333333 0.4425925925925928 0.7411458333333333 0.5361111111111113 0.7890625 0.5361111111111113
3 0.5364583333333334 0.5064814814814816 0.4979166666666667 0.5064814814814816 0.4979166666666667 0.5833333333333336 0.5364583333333334 0.5833333333333336
3 0.5666666666666667 0.7972222222222224 0.5260416666666666 0.7972222222222224 0.5260416666666667 0.8759259259259261 0.5666666666666667 0.8759259259259261
3 0.35989583333333336 0.137962962962963 0.3203125 0.137962962962963 0.3203125 0.21666666666666673 0.35989583333333336 0.21666666666666673
11 0.44947916666666676 0.9203703703703704 0.3994791666666668 0.9203703703703704 0.3994791666666668 0.9583333333333334 0.44947916666666676 0.9583333333333334
6 0.696875 0.12592592592592608 0.6484375 0.12592592592592608 0.6484375 0.22222222222222238 0.696875 0.22222222222222238
9 0.3958333333333333 0.438888888888889 0.3536458333333333 0.438888888888889 0.3536458333333333 0.5166666666666667 0.3958333333333333 0.5166666666666667
2 0.5239583333333333 0.29722222222222233 0.484375 0.29722222222222233 0.484375 0.3750000000000001 0.5239583333333333 0.3750000000000001
8 0.6625 0.38425925925925936 0.6234375 0.38425925925925936 0.6234375 0.4564814814814816 0.6625 0.4564814814814816