11 0.2890625 0.4000000000000001 0.24375 0.4000000000000001 0.24375000000000002 0.4824074074074074 0.2890625 0.4824074074074074
12 0.6135416666666667 0.3361111111111112 0.5541666666666667 0.3361111111111112 0.5541666666666667 0.44351851851851865 0.6135416666666667 0.44351851851851865
4 0.6505208333333333 0.5074074074074076 0.6010416666666667 0.5074074074074076 0.6010416666666667 0.5953703703703705 0.6505208333333333 0.5953703703703705
13 0.3296875 0.5472222222222223 0.2734375 0.5472222222222223 0.2734375 0.6481481481481481 0.3296875 0.6481481481481481
4 0.5645833333333333 0.17037037037037048 0.5161458333333333 0.17037037037037048 0.5161458333333333 0.25740740740740753 0.5645833333333333 0.25740740740740753
7 0.38385416666666666 0.6083333333333333 0.33645833333333336 0.6083333333333333 0.33645833333333336 0.6935185185185185 0.38385416666666666 0.6935185185185185
11 0.3458333333333333 0.44351851851851865 0.2989583333333333 0.44351851851851865 0.2989583333333333 0.5287037037037037 0.3458333333333333 0.5287037037037037
1 0.3651041666666667 0.5277777777777778 0.3182291666666667 0.5277777777777778 0.3182291666666667 0.612037037037037 0.3651041666666667 0.612037037037037
10 0.546875 0.28703703703703715 0.4973958333333333 0.28703703703703715 0.4973958333333333 0.3750000000000001 0.546875 0.3750000000000001
7 0.30833333333333335 0.288888888888889 0.2625 0.288888888888889 0.2625 0.3712962962962964 0.30833333333333335 0.3712962962962964
6 0.5213541666666667 0.2027777777777779 0.4734375 0.2027777777777779 0.4734375 0.288888888888889 0.5213541666666667 0.288888888888889
2 0.49895833333333334 0.3212962962962964 0.46041666666666664 0.3212962962962964 0.46041666666666664 0.39074074074074083 0.49895833333333334 0.39074074074074083
2 0.540625 0.49814814814814834 0.5020833333333333 0.49814814814814834 0.5020833333333333 0.5666666666666669 0.540625 0.5666666666666669
6 0.5854166666666667 0.4546296296296297 0.5359375 0.4546296296296297 0.5359375 0.5425925925925928 0.5854166666666667 0.5425925925925928
10 0.5651041666666666 0.3712962962962964 0.5161458333333333 0.3712962962962964 0.5161458333333333 0.45925925925925937 0.5651041666666666 0.45925925925925937
3 0.4375 0.6703703703703704 0.4 0.6703703703703704 0.4 0.7379629629629629 0.4375 0.7379629629629629
2 0.559375 0.5851851851851854 0.5203125 0.5851851851851854 0.5203125 0.6546296296296299 0.559375 0.6546296296296299
8 0.6255208333333333 0.43425925925925934 0.5864583333333333 0.43425925925925934 0.5864583333333333 0.5037037037037039 0.6255208333333333 0.5037037037037039
9 0.30416666666666664 0.48333333333333334 0.2671875 0.48333333333333334 0.2671875 0.5509259259259259 0.30416666666666664 0.5509259259259259
3 0.39479166666666665 0.5083333333333333 0.3578125 0.5083333333333333 0.3578125 0.5740740740740741 0.39479166666666665 0.5740740740740741
2 0.5177083333333333 0.41018518518518526 0.4791666666666667 0.41018518518518526 0.4791666666666667 0.47962962962962974 0.5177083333333333 0.47962962962962985
2 0.47708333333333336 0.24351851851851863 0.43854166666666666 0.24351851851851863 0.43854166666666666 0.31296296296296305 0.47708333333333336 0.31296296296296305
3 0.4171875 0.5907407407407408 0.3796875 0.5907407407407408 0.3796875 0.6583333333333333 0.4171875 0.6583333333333333
3 0.3567708333333333 0.3416666666666668 0.31979166666666664 0.3416666666666668 0.31979166666666664 0.40833333333333344 0.3567708333333333 0.40833333333333344
3 0.3807291666666667 0.42777777777777787 0.34322916666666664 0.42777777777777787 0.34322916666666664 0.49444444444444446 0.3807291666666667 0.49444444444444446
0 0.60625 0.5351851851851854 0.5572916666666666 0.5351851851851854 0.5572916666666666 0.6250000000000002 0.60625 0.6250000000000002
5 0.2708333333333333 0.32129629629629636 0.22552083333333334 0.3212962962962963 0.22552083333333334 0.40370370370370373 0.2708333333333333 0.4037037037037038
8 0.58125 0.2703703703703705 0.5421875 0.2703703703703705 0.5421875 0.338888888888889 0.58125 0.338888888888889
0 0.5427083333333333 0.09166666666666677 0.4942708333333333 0.09166666666666677 0.4942708333333333 0.1777777777777779 0.5427083333333333 0.1777777777777779
1 0.328125 0.37037037037037046 0.2828125 0.37037037037037046 0.2828125 0.45370370370370383 0.328125 0.45370370370370383
9 0.3411458333333333 0.6444444444444445 0.303125 0.6444444444444445 0.303125 0.712037037037037 0.3411458333333333 0.712037037037037
5 0.36822916666666666 0.7194444444444444 0.32083333333333336 0.7194444444444444 0.32083333333333336 0.8055555555555556 0.36822916666666666 0.8055555555555556