3 0.4005208333333333 0.38981481481481495 0.3614583333333333 0.38981481481481495 0.3614583333333333 0.4583333333333334 0.4005208333333333 0.4583333333333334
3 0.42239583333333336 0.5518518518518518 0.38177083333333334 0.5518518518518518 0.38177083333333334 0.6212962962962963 0.42239583333333336 0.6212962962962963
6 0.6572916666666667 0.6990740740740743 0.6046875 0.6990740740740743 0.6046875 0.7898148148148151 0.6572916666666667 0.7898148148148151
2 0.534375 0.2879629629629631 0.49322916666666666 0.2879629629629631 0.49322916666666666 0.35833333333333345 0.534375 0.35833333333333345
7 0.42760416666666673 0.8435185185185186 0.3796875 0.8435185185185186 0.37968750000000007 0.9277777777777778 0.4276041666666668 0.9277777777777778
5 0.3463541666666668 0.8722222222222222 0.2963541666666668 0.8722222222222222 0.2963541666666668 0.9601851851851851 0.3463541666666668 0.9601851851851851
13 0.3489583333333333 0.5898148148148148 0.2911458333333333 0.5898148148148148 0.2911458333333333 0.6898148148148148 0.3489583333333333 0.6898148148148148
2 0.565625 0.4611111111111112 0.5229166666666667 0.4611111111111112 0.5229166666666667 0.5351851851851854 0.565625 0.5351851851851854
3 0.48333333333333345 0.8953703703703704 0.4427083333333334 0.8953703703703704 0.4427083333333334 0.9666666666666667 0.48333333333333345 0.9666666666666667
7 0.3578125 0.32037037037037047 0.30885416666666665 0.32037037037037047 0.30885416666666665 0.40555555555555567 0.3578125 0.40555555555555567
9 0.31614583333333335 0.7314814814814815 0.27708333333333335 0.7314814814814815 0.27708333333333335 0.8 0.31614583333333335 0.8
3 0.37552083333333336 0.2222222222222223 0.33541666666666664 0.22222222222222227 0.33541666666666664 0.2925925925925927 0.37552083333333336 0.2925925925925927
5 0.27708333333333335 0.3842592592592593 0.2296875 0.38425925925925924 0.22968750000000002 0.4657407407407408 0.27708333333333335 0.46574074074074084
6 0.5671875 0.15185185185185196 0.515625 0.15185185185185196 0.515625 0.24074074074074084 0.5671875 0.24074074074074084
12 0.6677083333333333 0.38611111111111124 0.6005208333333333 0.38611111111111124 0.6005208333333333 0.502777777777778 0.6677083333333333 0.502777777777778
2 0.5057291666666667 0.12037037037037047 0.465625 0.12037037037037047 0.465625 0.1898148148148149 0.5057291666666667 0.1898148148148149
2 0.5880208333333333 0.6425925925925928 0.5453125 0.6425925925925928 0.5453125 0.7166666666666669 0.5880208333333333 0.7166666666666669
11 0.3317708333333334 0.799074074074074 0.28229166666666666 0.799074074074074 0.2822916666666667 0.8861111111111111 0.33177083333333346 0.8861111111111111
2 0.6166666666666667 0.8194444444444446 0.5744791666666667 0.8194444444444446 0.5744791666666667 0.8935185185185187 0.6166666666666667 0.8935185185185187
9 0.2942708333333333 0.5564814814814815 0.25520833333333337 0.5564814814814815 0.25520833333333337 0.625 0.2942708333333333 0.625
3 0.45364583333333336 0.7268518518518519 0.41302083333333334 0.7268518518518519 0.41302083333333334 0.7972222222222223 0.45364583333333336 0.7972222222222223
8 0.6869791666666667 0.2879629629629631 0.6447916666666667 0.2879629629629631 0.6447916666666667 0.3601851851851853 0.6869791666666667 0.3601851851851853
4 0.6598958333333333 0.09629629629629642 0.6057291666666667 0.09629629629629642 0.6057291666666667 0.1879629629629631 0.6598958333333333 0.1879629629629631
8 0.7192708333333333 0.4546296296296297 0.6786458333333333 0.4546296296296297 0.6786458333333333 0.5250000000000002 0.7192708333333333 0.5250000000000002
1 0.36354166666666676 0.9611111111111111 0.3177083333333334 0.9611111111111111 0.3177083333333334 0.9814814814814815 0.36354166666666676 0.9814814814814815
11 0.284375 0.46666666666666673 0.23541666666666672 0.4666666666666667 0.23541666666666672 0.55 0.284375 0.55
10 0.7411458333333333 0.6222222222222225 0.6885416666666667 0.6222222222222225 0.6885416666666667 0.7129629629629631 0.7411458333333333 0.7129629629629631
0 0.7557291666666667 0.7092592592592595 0.7104166666666667 0.7092592592592595 0.7104166666666667 0.7787037037037039 0.7557291666666667 0.7787037037037039
4 0.7265625 0.5296296296296299 0.6703125 0.5296296296296299 0.6703125 0.6231481481481483 0.7265625 0.6231481481481483
10 0.6760416666666667 0.18518518518518534 0.6208333333333333 0.18518518518518534 0.6208333333333333 0.275925925925926 0.6760416666666667 0.275925925925926
0 0.6447916666666667 0.02129629629629643 0.5895833333333333 0.021296296296296428 0.5895833333333333 0.11111111111111124 0.6447916666666667 0.11111111111111124
1 0.2625 0.3148148148148149 0.21302083333333333 0.3148148148148148 0.21302083333333333 0.4000000000000001 0.2625 0.4000000000000001