4 0.2989583333333333 0.7027777777777777 0.26302083333333337 0.7027777777777777 0.26302083333333337 0.7592592592592593 0.2989583333333333 0.7592592592592593
7 0.615625 0.7138888888888891 0.5796875 0.7138888888888891 0.5796875 0.7740740740740742 0.615625 0.7740740740740742
0 0.3015625 0.7898148148148149 0.2645833333333334 0.7898148148148149 0.2645833333333334 0.8462962962962963 0.3015625 0.8462962962962963
2 0.4479166666666667 0.10462962962962973 0.41875 0.10462962962962971 0.41875 0.14537037037037048 0.4479166666666667 0.14537037037037048
4 0.3203125 0.275925925925926 0.284375 0.275925925925926 0.284375 0.32870370370370383 0.3203125 0.32870370370370383
2 0.4359375 0.44537037037037047 0.40625 0.44537037037037047 0.40625 0.487962962962963 0.4359375 0.487962962962963
3 0.5744791666666667 0.8064814814814817 0.54375 0.8064814814814817 0.54375 0.8611111111111113 0.5744791666666667 0.8611111111111113
7 0.625 0.1842592592592594 0.5911458333333334 0.18425925925925937 0.5911458333333334 0.23703703703703713 0.625 0.23703703703703713
6 0.403125 0.16944444444444454 0.36875 0.16944444444444454 0.36875 0.22407407407407418 0.403125 0.22407407407407418
3 0.5760416666666667 0.6314814814814816 0.5463541666666667 0.6314814814814816 0.5463541666666667 0.6750000000000002 0.5760416666666667 0.6750000000000002
13 0.6760416666666667 0.4546296296296297 0.6322916666666667 0.4546296296296297 0.6322916666666667 0.5222222222222225 0.6760416666666667 0.5222222222222225
3 0.5807291666666666 0.4546296296296297 0.55 0.4546296296296297 0.55 0.49722222222222245 0.5807291666666666 0.49722222222222245
12 0.35625 0.42037037037037045 0.31302083333333336 0.42037037037037045 0.31302083333333336 0.48703703703703705 0.35625 0.48703703703703705
3 0.5770833333333333 0.2712962962962964 0.5473958333333333 0.2712962962962964 0.5473958333333333 0.32314814814814824 0.5770833333333333 0.32314814814814824
6 0.3885416666666667 0.7185185185185186 0.35208333333333336 0.7185185185185186 0.35208333333333336 0.774074074074074 0.3885416666666667 0.774074074074074
2 0.446875 0.2685185185185186 0.4166666666666667 0.2685185185185186 0.4166666666666667 0.3101851851851853 0.446875 0.3101851851851853
1 0.7140625 0.7990740740740743 0.6755208333333333 0.7990740740740743 0.6755208333333333 0.8574074074074076 0.7140625 0.8574074074074076
3 0.5776041666666667 0.11388888888888903 0.5484375 0.11388888888888903 0.5484375 0.15370370370370381 0.5776041666666667 0.15370370370370381
2 0.43385416666666665 0.6240740740740741 0.4036458333333333 0.6240740740740741 0.4036458333333333 0.6675925925925926 0.43385416666666665 0.6675925925925926
2 0.43125 0.8101851851851852 0.4010416666666667 0.8101851851851852 0.4010416666666667 0.8564814814814815 0.43125 0.8564814814814815
11 0.7109375 0.6305555555555558 0.6734375 0.6305555555555558 0.6734375 0.6870370370370372 0.7109375 0.6870370370370372
8 0.30052083333333335 0.5212962962962963 0.27239583333333334 0.5212962962962963 0.27239583333333334 0.5638888888888889 0.30052083333333335 0.5638888888888889
8 0.30364583333333334 0.3555555555555557 0.2755208333333333 0.3555555555555557 0.2755208333333333 0.39814814814814825 0.30364583333333334 0.39814814814814825
0 0.3182291666666667 0.10648148148148155 0.2833333333333333 0.10648148148148154 0.2833333333333333 0.15925925925925932 0.3182291666666667 0.15925925925925932
5 0.7078125 0.20277777777777795 0.6729166666666667 0.20277777777777795 0.6729166666666667 0.2564814814814816 0.7078125 0.2564814814814816
5 0.7057291666666666 0.7194444444444447 0.6697916666666667 0.7194444444444447 0.6697916666666667 0.7759259259259261 0.7057291666666666 0.7759259259259261
9 0.70625 0.5425925925925928 0.6755208333333333 0.5425925925925928 0.6755208333333333 0.5861111111111114 0.70625 0.5861111111111114
11 0.7109375 0.2740740740740742 0.6765625 0.2740740740740742 0.6765625 0.32870370370370383 0.7109375 0.32870370370370383
1 0.7015625 0.10925925925925942 0.6661458333333333 0.10925925925925942 0.6661458333333333 0.16018518518518535 0.7015625 0.16018518518518535
10 0.321875 0.18703703703703708 0.2864583333333333 0.18703703703703708 0.2864583333333333 0.23888888888888898 0.321875 0.23888888888888898
10 0.30520833333333336 0.6027777777777777 0.26510416666666675 0.6027777777777777 0.26510416666666675 0.6666666666666666 0.30520833333333336 0.6666666666666666
9 0.7083333333333334 0.3574074074074075 0.6802083333333333 0.3574074074074075 0.6802083333333333 0.4064814814814816 0.7083333333333334 0.4064814814814816