4 0.6416666666666667 1.3601516996085647e-16 0.6078125 1.323298902412001e-16 0.6078125 0.057407407407407546 0.6416666666666667 0.05740740740740755
0 0.690625 1.4656073962018093e-16 0.6557291666666667 1.4276206667838127e-16 0.6557291666666667 0.05462962962962977 0.690625 0.05462962962962977
7 0.6453125 0.5509259259259262 0.6125 0.5509259259259262 0.6125 0.6194444444444447 0.6453125 0.6194444444444447
13 0.5026041666666666 0.6574074074074076 0.4625 0.6574074074074074 0.4625 0.738888888888889 0.5026041666666666 0.7388888888888892
0 0.30416666666666664 0.06018518518518525 0.27239583333333334 0.06018518518518524 0.27239583333333334 0.12500000000000006 0.30416666666666664 0.12500000000000006
7 0.3421875 0.5981481481481481 0.3109375 0.5981481481481481 0.3109375 0.6666666666666666 0.3421875 0.6666666666666666
2 0.39114583333333336 0.28333333333333344 0.3614583333333333 0.28333333333333344 0.3614583333333333 0.3416666666666668 0.39114583333333336 0.3416666666666668
6 0.340625 0.2046296296296297 0.3046875 0.2046296296296297 0.3046875 0.2712962962962964 0.340625 0.2712962962962964
3 0.29791666666666666 0.5268518518518519 0.27291666666666664 0.5268518518518519 0.27291666666666664 0.5824074074074074 0.29791666666666666 0.5824074074074074
3 0.49166666666666664 0.513888888888889 0.4661458333333333 0.5138888888888888 0.4661458333333333 0.5712962962962964 0.49166666666666664 0.5712962962962965
2 0.2947916666666667 0.30092592592592604 0.26979166666666665 0.30092592592592604 0.26979166666666665 0.3555555555555557 0.2947916666666667 0.3555555555555557
4 0.4005208333333333 0.05092592592592601 0.36666666666666664 0.050925925925926006 0.36666666666666664 0.11851851851851862 0.4005208333333333 0.11851851851851862
1 0.30104166666666665 0.7407407407407407 0.2703125 0.7407407407407407 0.2703125 0.8092592592592592 0.30104166666666665 0.8092592592592592
2 0.6947916666666667 0.22314814814814832 0.6671875 0.22314814814814832 0.6671875 0.2814814814814816 0.6947916666666667 0.2814814814814816
2 0.590625 0.24074074074074084 0.5640625 0.24074074074074084 0.5640625 0.29722222222222233 0.590625 0.29722222222222233
3 0.3932291666666667 0.5194444444444445 0.36354166666666665 0.5194444444444445 0.36354166666666665 0.5768518518518518 0.3932291666666667 0.5768518518518518
12 0.4875 0.09351851851851863 0.4427083333333333 0.09351851851851863 0.4427083333333333 0.1750000000000001 0.4875 0.1750000000000001
8 0.4395833333333333 0.02962962962962972 0.40989583333333335 0.02962962962962972 0.40989583333333335 0.08518518518518528 0.4395833333333333 0.0851851851851853
6 0.6510416666666666 0.14537037037037054 0.6140625 0.14537037037037054 0.6140625 0.22222222222222238 0.6510416666666666 0.22222222222222238
2 0.48802083333333335 0.26111111111111124 0.46197916666666666 0.26111111111111124 0.46197916666666666 0.31851851851851865 0.48802083333333335 0.31851851851851865
3 0.6911458333333333 0.47962962962962985 0.6666666666666666 0.47962962962962985 0.6666666666666666 0.5370370370370372 0.6911458333333333 0.5370370370370372
3 0.5916666666666667 0.4925925925925928 0.5635416666666667 0.4925925925925928 0.5635416666666667 0.552777777777778 0.5916666666666667 0.552777777777778
8 0.53125 0.018518518518518632 0.5052083333333334 0.018518518518518632 0.5052083333333334 0.0712962962962964 0.53125 0.0712962962962964
1 0.6927083333333334 0.7157407407407409 0.659375 0.7157407407407409 0.659375 0.7898148148148151 0.6927083333333334 0.7898148148148151
11 0.5973958333333333 0.7231481481481483 0.5645833333333333 0.7231481481481483 0.5645833333333333 0.7935185185185187 0.5973958333333333 0.7935185185185187
5 0.35520833333333335 0.7453703703703703 0.3229166666666667 0.7453703703703703 0.3229166666666667 0.812037037037037 0.35520833333333335 0.812037037037037
11 0.3963541666666667 0.7481481481481481 0.36354166666666665 0.7481481481481481 0.36354166666666665 0.8166666666666667 0.3963541666666667 0.8166666666666667
10 0.35 0.06203703703703711 0.31875 0.06203703703703711 0.31875 0.1268518518518519 0.35 0.1268518518518519
10 0.5921875 1.247325443576008e-16 0.5536458333333333 1.2053699513829967e-16 0.5536458333333333 0.0703703703703705 0.5921875 0.0703703703703705
9 0.4390625 0.7462962962962963 0.4078125 0.7462962962962963 0.4078125 0.8037037037037037 0.4390625 0.8037037037037037
9 0.5416666666666666 0.728703703703704 0.5114583333333333 0.728703703703704 0.5114583333333333 0.7916666666666669 0.5416666666666666 0.7916666666666669
5 0.6510416666666666 0.7101851851851854 0.609375 0.7101851851851854 0.609375 0.7805555555555558 0.6510416666666666 0.7805555555555558