5 0.5708333333333333 0.8907407407407409 0.5166666666666668 0.8907407407407409 0.5166666666666668 0.9787037037037037 0.5708333333333333 0.9787037037037037
0 0.2859375 0.27592592592592596 0.23333333333333334 0.2759259259259259 0.23333333333333334 0.36111111111111116 0.2859375 0.3611111111111112
4 0.328125 0.2342592592592593 0.27708333333333335 0.2342592592592593 0.27708333333333335 0.3175925925925927 0.328125 0.3175925925925927
1 0.5213541666666668 0.9425925925925926 0.4687500000000001 0.9425925925925925 0.4687500000000001 1 0.5213541666666668 1
1 0.7916666666666666 0.6379629629629632 0.7359375 0.6379629629629632 0.7359375 0.7296296296296299 0.7916666666666666 0.7296296296296299
5 0.7515625 0.6925925925925928 0.6989583333333333 0.6925925925925928 0.6989583333333333 0.7805555555555558 0.7515625 0.7805555555555558
7 0.6984375 0.7416666666666669 0.6432291666666666 0.7416666666666669 0.6432291666666666 0.8314814814814817 0.6984375 0.8314814814814817
10 0.2453125 0.32962962962962966 0.19427083333333334 0.3296296296296296 0.19427083333333334 0.41296296296296303 0.2453125 0.4129629629629631
2 0.3541666666666667 0.5037037037037037 0.3104166666666667 0.5037037037037037 0.3104166666666667 0.5731481481481482 0.3541666666666667 0.5731481481481482
7 0.6182291666666667 0.8444444444444447 0.5614583333333333 0.8444444444444447 0.5614583333333333 0.9351851851851853 0.6182291666666667 0.9351851851851853
13 0.6114583333333333 0.6425925925925928 0.5458333333333333 0.6425925925925928 0.5458333333333333 0.7509259259259261 0.6114583333333333 0.7509259259259261
10 0.58125 0.01388888888888901 0.5338541666666666 0.013888888888889004 0.5338541666666666 0.038888888888889014 0.58125 0.03888888888888902
2 0.3109375 0.5481481481481482 0.26875 0.5481481481481482 0.26875 0.6166666666666667 0.3109375 0.6166666666666667
12 0.471875 0.2620370370370371 0.4078125 0.2620370370370371 0.4078125 0.3675925925925927 0.471875 0.3675925925925927
2 0.6166666666666667 0.21388888888888902 0.5723958333333333 0.213888888888889 0.5723958333333333 0.2842592592592594 0.6166666666666667 0.2842592592592594
4 0.5015625 0.03796296296296306 0.4479166666666667 0.03796296296296305 0.4479166666666667 0.12314814814814826 0.5015625 0.12314814814814826
3 0.3859375 0.7824074074074074 0.3416666666666667 0.7824074074074074 0.3416666666666667 0.8527777777777777 0.3859375 0.8527777777777777
3 0.42864583333333334 0.7296296296296296 0.38385416666666666 0.7296296296296296 0.38385416666666666 0.8009259259259259 0.42864583333333334 0.8009259259259259
6 0.37135416666666665 0.18518518518518526 0.32135416666666666 0.18518518518518523 0.32135416666666666 0.26574074074074083 0.37135416666666665 0.26574074074074083
3 0.7036458333333333 0.42407407407407416 0.6588541666666666 0.42407407407407416 0.6588541666666666 0.49537037037037057 0.7036458333333333 0.49537037037037057
11 0.4739583333333334 0.9851851851851852 0.41770833333333346 0.9851851851851852 0.41770833333333346 1 0.4739583333333334 1
8 0.4171875 0.3240740740740742 0.371875 0.3240740740740742 0.371875 0.4000000000000001 0.4171875 0.4000000000000001
6 0.4552083333333333 0.0898148148148149 0.4015625 0.08981481481481489 0.4015625 0.1750000000000001 0.4552083333333333 0.1750000000000001
3 0.5833333333333334 0.4425925925925927 0.5369791666666667 0.4425925925925927 0.5369791666666667 0.5222222222222225 0.5833333333333334 0.5222222222222225
2 0.4671875 0.47314814814814826 0.42135416666666664 0.47314814814814826 0.42135416666666664 0.549074074074074 0.4671875 0.549074074074074
3 0.7453125 0.3805555555555557 0.7 0.38055555555555565 0.7 0.45277777777777795 0.7453125 0.452777777777778
0 0.5416666666666666 0.012962962962963075 0.4890625 0.012962962962963068 0.4890625 0.08425925925925937 0.5416666666666666 0.08425925925925937
2 0.6583333333333333 0.15555555555555572 0.6125 0.15555555555555572 0.6125 0.2333333333333335 0.6583333333333333 0.2333333333333335
9 0.5526041666666667 0.7018518518518521 0.5072916666666667 0.7018518518518521 0.5072916666666667 0.7750000000000002 0.5526041666666667 0.7750000000000002
8 0.5067708333333333 0.22222222222222232 0.4609375 0.22222222222222232 0.4609375 0.29907407407407416 0.5067708333333333 0.29907407407407416
9 0.6463541666666667 0.6074074074074076 0.6005208333333333 0.6074074074074076 0.6005208333333333 0.6833333333333336 0.6463541666666667 0.6833333333333336
11 0.8317708333333333 0.5851851851851854 0.7765625 0.5851851851851854 0.7765625 0.677777777777778 0.8317708333333333 0.677777777777778