4 0.6380208333333334 0.8250000000000002 0.6 0.8250000000000002 0.6 0.8824074074074076 0.6380208333333334 0.8824074074074076
3 0.3489583333333333 0.325925925925926 0.3182291666666667 0.325925925925926 0.3182291666666667 0.3694444444444446 0.3489583333333333 0.3694444444444446
2 0.4390625 0.5703703703703704 0.4088541666666667 0.5703703703703704 0.4088541666666667 0.6166666666666667 0.4390625 0.6166666666666667
7 0.4 0.23888888888888898 0.3640625 0.23888888888888898 0.3640625 0.2916666666666668 0.4 0.2916666666666668
3 0.5458333333333333 0.3277777777777779 0.5166666666666667 0.3277777777777779 0.5166666666666667 0.3712962962962964 0.5458333333333333 0.3712962962962964
1 0.7348958333333333 0.12222222222222238 0.6979166666666666 0.12222222222222238 0.6979166666666666 0.17500000000000016 0.7348958333333333 0.17500000000000016
1 0.3625 0.09537037037037045 0.3260416666666667 0.09537037037037045 0.3260416666666667 0.14722222222222228 0.3625 0.14722222222222228
4 0.4317708333333334 0.8074074074074075 0.3932291666666667 0.8074074074074075 0.39322916666666674 0.8648148148148148 0.43177083333333344 0.8648148148148148
7 0.6973958333333333 0.25555555555555565 0.6619791666666667 0.25555555555555565 0.6619791666666667 0.3101851851851853 0.6973958333333333 0.3101851851851853
2 0.7338541666666667 0.5842592592592595 0.7036458333333333 0.5842592592592595 0.7036458333333333 0.627777777777778 0.7338541666666667 0.627777777777778
11 0.6442708333333333 0.10925925925925939 0.6078125 0.10925925925925939 0.6078125 0.1620370370370372 0.6442708333333333 0.1620370370370372
9 0.5921875 0.1129629629629631 0.5635416666666667 0.1129629629629631 0.5635416666666667 0.15370370370370381 0.5921875 0.15370370370370381
2 0.5385416666666667 0.5740740740740743 0.5083333333333333 0.5740740740740743 0.5083333333333333 0.6157407407407409 0.5385416666666667 0.6157407407407409
3 0.6458333333333334 0.3398148148148149 0.615625 0.3398148148148149 0.615625 0.3833333333333334 0.6458333333333334 0.3833333333333334
5 0.6869791666666667 0.11574074074074088 0.6515625 0.11574074074074087 0.6515625 0.16851851851851868 0.6869791666666667 0.16851851851851868
2 0.33489583333333334 0.5675925925925925 0.3046875 0.5675925925925925 0.3046875 0.612037037037037 0.33489583333333334 0.612037037037037
2 0.6421875 0.5842592592592595 0.6109375 0.5842592592592595 0.6109375 0.6296296296296299 0.6421875 0.6296296296296299
3 0.44427083333333334 0.3277777777777779 0.41354166666666664 0.3277777777777779 0.41354166666666664 0.37037037037037046 0.44427083333333334 0.37037037037037046
3 0.7380208333333333 0.3472222222222224 0.7088541666666667 0.3472222222222223 0.7088541666666667 0.3907407407407409 0.7380208333333333 0.39074074074074094
12 0.5453125 0.7342592592592595 0.49895833333333334 0.7342592592592595 0.49895833333333334 0.8046296296296298 0.5453125 0.8046296296296298
6 0.3958333333333333 0.6453703703703704 0.35885416666666664 0.6453703703703704 0.35885416666666664 0.7018518518518518 0.3958333333333333 0.7018518518518518
13 0.5494791666666666 0.17962962962962972 0.5083333333333333 0.17962962962962972 0.5083333333333333 0.24351851851851863 0.5494791666666666 0.24351851851851863
9 0.503125 0.10185185185185196 0.4744791666666667 0.10185185185185196 0.4744791666666667 0.14444444444444454 0.503125 0.14444444444444454
0 0.7411458333333333 0.8259259259259262 0.7036458333333333 0.8259259259259262 0.7036458333333333 0.8842592592592595 0.7411458333333333 0.8842592592592595
5 0.45364583333333336 0.10740740740740749 0.41822916666666665 0.10740740740740749 0.41822916666666665 0.1611111111111112 0.45364583333333336 0.1611111111111112
6 0.6953125 0.6555555555555558 0.6583333333333333 0.6555555555555558 0.6583333333333333 0.7120370370370372 0.6953125 0.7120370370370372
8 0.5776041666666667 0.8250000000000002 0.5473958333333333 0.8250000000000002 0.5473958333333333 0.8722222222222225 0.5776041666666667 0.8722222222222225
8 0.48229166666666673 0.8148148148148148 0.4515625 0.8148148148148148 0.45156250000000003 0.8601851851851852 0.4822916666666668 0.8601851851851852
11 0.4046875 0.09629629629629638 0.36875 0.09629629629629638 0.36875 0.1490740740740742 0.4046875 0.1490740740740742
10 0.6864583333333333 0.8120370370370372 0.65 0.8120370370370372 0.65 0.8712962962962965 0.6864583333333333 0.8712962962962965
10 0.38802083333333337 0.8027777777777778 0.35052083333333334 0.8027777777777778 0.3505208333333334 0.8601851851851852 0.3880208333333334 0.8601851851851852
0 0.32864583333333336 0.7851851851851852 0.29375 0.7851851851851852 0.29375 0.85 0.32864583333333336 0.85