10 0.6010416666666667 0.7620370370370373 0.5703125 0.7620370370370373 0.5703125 0.814814814814815 0.6010416666666667 0.814814814814815
5 0.5869791666666667 0.2712962962962964 0.5583333333333333 0.2712962962962964 0.5583333333333333 0.3212962962962964 0.5869791666666667 0.3212962962962964
3 0.3651041666666667 0.6990740740740741 0.340625 0.6990740740740741 0.340625 0.7435185185185185 0.3651041666666667 0.7435185185185185
0 0.41354166666666664 0.612037037037037 0.3828125 0.612037037037037 0.3828125 0.6657407407407407 0.41354166666666664 0.6657407407407407
7 0.37135416666666665 0.5425925925925926 0.3411458333333333 0.5425925925925926 0.3411458333333333 0.5972222222222222 0.37135416666666665 0.5972222222222222
0 0.5072916666666667 0.6175925925925927 0.47708333333333336 0.6175925925925926 0.47708333333333336 0.6712962962962964 0.5072916666666667 0.6712962962962965
3 0.6302083333333334 0.4027777777777779 0.6067708333333334 0.4027777777777779 0.6067708333333334 0.44351851851851865 0.6302083333333334 0.44351851851851865
7 0.4645833333333334 0.8342592592592593 0.43333333333333335 0.8342592592592593 0.4333333333333334 0.8870370370370371 0.46458333333333346 0.8870370370370371
6 0.5536458333333333 0.6833333333333336 0.5229166666666667 0.6833333333333336 0.5229166666666667 0.7370370370370373 0.5536458333333333 0.7370370370370373
2 0.5447916666666667 0.5444444444444446 0.5213541666666667 0.5444444444444446 0.5213541666666667 0.5870370370370372 0.5447916666666667 0.5870370370370372
4 0.5890625 0.3361111111111112 0.5588541666666667 0.3361111111111112 0.5588541666666667 0.3870370370370371 0.5890625 0.3870370370370371
3 0.4973958333333333 0.47592592592592603 0.47291666666666665 0.4759259259259259 0.47291666666666665 0.5185185185185186 0.4973958333333333 0.5185185185185187
3 0.32395833333333335 0.4759259259259259 0.2994791666666667 0.4759259259259259 0.2994791666666667 0.5185185185185185 0.32395833333333335 0.5185185185185185
6 0.46197916666666666 0.5416666666666666 0.4317708333333333 0.5416666666666666 0.4317708333333333 0.5972222222222222 0.46197916666666666 0.5972222222222222
2 0.28020833333333334 0.6203703703703703 0.25625000000000003 0.6203703703703703 0.25625000000000003 0.662962962962963 0.28020833333333334 0.662962962962963
13 0.465625 0.7555555555555555 0.428125 0.7555555555555555 0.428125 0.8222222222222222 0.465625 0.8222222222222222
4 0.5036458333333333 0.39814814814814825 0.47291666666666665 0.39814814814814825 0.47291666666666665 0.450925925925926 0.5036458333333333 0.450925925925926
11 0.5479166666666667 0.400925925925926 0.5182291666666666 0.400925925925926 0.5182291666666666 0.45370370370370383 0.5479166666666667 0.45370370370370383
3 0.5869791666666667 0.540740740740741 0.5640625 0.540740740740741 0.5640625 0.5833333333333336 0.5869791666666667 0.5833333333333336
2 0.4083333333333333 0.4787037037037037 0.384375 0.4787037037037037 0.384375 0.5212962962962963 0.4083333333333333 0.5212962962962963
9 0.5046875 0.7620370370370372 0.4791666666666667 0.7620370370370371 0.4791666666666667 0.8074074074074075 0.5046875 0.8074074074074076
12 0.4197916666666667 0.2620370370370371 0.38385416666666666 0.2620370370370371 0.38385416666666666 0.3250000000000001 0.4197916666666667 0.3250000000000001
2 0.45416666666666666 0.475 0.43125 0.475 0.43125 0.5166666666666667 0.45416666666666666 0.5166666666666667
9 0.46041666666666664 0.6962962962962963 0.434375 0.6962962962962963 0.434375 0.7398148148148148 0.46041666666666664 0.7398148148148148
8 0.5020833333333333 0.3379629629629631 0.478125 0.3379629629629631 0.478125 0.3787037037037038 0.5020833333333333 0.3787037037037038
5 0.5947916666666667 0.603703703703704 0.5645833333333333 0.603703703703704 0.5645833333333333 0.6592592592592594 0.5947916666666667 0.6592592592592594
1 0.28489583333333335 0.34074074074074084 0.2552083333333333 0.34074074074074084 0.2552083333333333 0.3935185185185186 0.28489583333333335 0.3935185185185186
10 0.41302083333333334 0.4037037037037038 0.3828125 0.4037037037037038 0.3828125 0.45740740740740754 0.41302083333333334 0.45740740740740754
1 0.5427083333333333 0.2750000000000001 0.5125 0.2750000000000001 0.5125 0.325925925925926 0.5427083333333333 0.325925925925926
2 0.6322916666666667 0.6111111111111113 0.6078125 0.6111111111111113 0.6078125 0.652777777777778 0.6322916666666667 0.652777777777778
8 0.496875 0.2814814814814816 0.4734375 0.2814814814814816 0.4734375 0.32222222222222235 0.496875 0.32222222222222235
11 0.3260416666666667 0.7648148148148148 0.2947916666666667 0.7648148148148148 0.2947916666666667 0.8203703703703704 0.3260416666666667 0.8203703703703704