11 0.6223958333333334 0.1777777777777779 0.590625 0.1777777777777779 0.590625 0.2342592592592594 0.6223958333333334 0.23425925925925942
12 0.4973958333333333 0.6953703703703705 0.45625 0.6953703703703704 0.45625 0.7712962962962964 0.4973958333333333 0.7712962962962965
10 0.553125 0.6342592592592595 0.5192708333333333 0.6342592592592595 0.5192708333333333 0.6962962962962965 0.553125 0.6962962962962965
6 0.45260416666666664 0.612037037037037 0.41875 0.612037037037037 0.41875 0.675 0.45260416666666664 0.675
7 0.4734375 0.22685185185185194 0.44166666666666665 0.22685185185185194 0.44166666666666665 0.28518518518518526 0.4734375 0.28518518518518526
6 0.60625 0.6379629629629632 0.5723958333333333 0.6379629629629632 0.5723958333333333 0.6990740740740743 0.60625 0.6990740740740743
13 0.5317708333333333 0.15370370370370381 0.4921875 0.15370370370370381 0.4921875 0.22222222222222232 0.5317708333333333 0.22222222222222232
11 0.5729166666666666 0.24444444444444455 0.5411458333333333 0.24444444444444455 0.5411458333333333 0.30277777777777787 0.5729166666666666 0.30277777777777787
10 0.5026041666666666 0.6212962962962963 0.46875 0.6212962962962963 0.46875 0.6833333333333335 0.5026041666666666 0.6833333333333336
1 0.5223958333333333 0.2351851851851853 0.4895833333333333 0.2351851851851853 0.4895833333333333 0.29444444444444456 0.5223958333333333 0.29444444444444456
0 0.403125 0.6055555555555555 0.3692708333333333 0.6055555555555555 0.3692708333333333 0.6666666666666666 0.403125 0.6666666666666666
7 0.6692708333333334 0.2601851851851853 0.6369791666666667 0.2601851851851853 0.6369791666666667 0.3175925925925927 0.6692708333333334 0.3175925925925927
4 0.3958333333333333 0.6888888888888889 0.3625 0.6888888888888889 0.3625 0.75 0.3958333333333333 0.75
5 0.6713541666666667 0.18518518518518534 0.6385416666666667 0.18518518518518534 0.6385416666666667 0.24351851851851863 0.6713541666666667 0.24351851851851863
3 0.4166666666666667 0.3000000000000001 0.39010416666666664 0.3000000000000001 0.39010416666666664 0.3462962962962964 0.4166666666666667 0.3462962962962964
3 0.5161458333333333 0.3101851851851853 0.4901041666666667 0.3101851851851853 0.4901041666666667 0.35648148148148157 0.5161458333333333 0.35648148148148157
4 0.6015625 0.7222222222222224 0.5682291666666667 0.7222222222222224 0.5682291666666667 0.7824074074074077 0.6015625 0.7824074074074077
3 0.6166666666666667 0.32870370370370383 0.590625 0.32870370370370383 0.590625 0.3750000000000001 0.6166666666666667 0.3750000000000001
3 0.5625 0.3250000000000001 0.5364583333333334 0.3250000000000001 0.5364583333333334 0.3712962962962964 0.5625 0.3712962962962964
2 0.4505208333333333 0.5407407407407407 0.4239583333333333 0.5407407407407407 0.4239583333333333 0.5888888888888889 0.4505208333333333 0.5888888888888889
5 0.428125 0.15092592592592602 0.3958333333333333 0.15092592592592602 0.3958333333333333 0.2064814814814816 0.428125 0.2064814814814816
2 0.5041666666666667 0.5472222222222223 0.47760416666666666 0.5472222222222223 0.47760416666666666 0.5953703703703704 0.5041666666666667 0.5953703703703705
2 0.5578125 0.5620370370370372 0.53125 0.5620370370370372 0.53125 0.6101851851851854 0.5578125 0.6101851851851854
2 0.4005208333333333 0.5277777777777778 0.3734375 0.5277777777777778 0.3734375 0.5768518518518518 0.4005208333333333 0.5768518518518518
3 0.4640625 0.30462962962962975 0.43854166666666666 0.30462962962962975 0.43854166666666666 0.3500000000000001 0.4640625 0.3500000000000001
8 0.5427083333333333 0.7157407407407409 0.5161458333333333 0.7157407407407409 0.5161458333333333 0.7648148148148151 0.5427083333333333 0.7648148148148151
8 0.44114583333333335 0.7046296296296296 0.41458333333333336 0.7046296296296296 0.41458333333333336 0.7546296296296297 0.44114583333333335 0.7546296296296297
2 0.6067708333333334 0.564814814814815 0.5802083333333333 0.564814814814815 0.5802083333333333 0.6129629629629632 0.6067708333333334 0.6129629629629632
1 0.6182291666666667 0.2537037037037038 0.5854166666666667 0.2537037037037038 0.5854166666666667 0.3111111111111112 0.6182291666666667 0.3111111111111112
0 0.6536458333333334 0.7268518518518521 0.61875 0.7268518518518521 0.61875 0.7861111111111113 0.6536458333333334 0.7861111111111113
9 0.5729166666666666 0.1777777777777779 0.546875 0.1777777777777779 0.546875 0.22314814814814826 0.5729166666666666 0.22314814814814826
9 0.47552083333333334 0.1601851851851853 0.44947916666666665 0.1601851851851853 0.44947916666666665 0.2064814814814816 0.47552083333333334 0.2064814814814816