0 0.29375000000000007 0.8175925925925925 0.25781250000000006 0.8175925925925925 0.25781250000000006 0.8740740740740741 0.2937500000000001 0.8740740740740741
4 0.6484375 0.8351851851851854 0.6098958333333333 0.8351851851851854 0.6098958333333333 0.8981481481481484 0.6484375 0.8981481481481484
1 0.6895833333333333 0.1370370370370372 0.6536458333333334 0.1370370370370372 0.6536458333333334 0.18981481481481496 0.6895833333333333 0.18981481481481496
5 0.365625 0.1222222222222223 0.3307291666666667 0.12222222222222227 0.3307291666666667 0.17870370370370378 0.365625 0.1787037037037038
6 0.33958333333333335 0.6546296296296297 0.2989583333333333 0.6546296296296297 0.2989583333333333 0.7148148148148148 0.33958333333333335 0.7148148148148148
3 0.5947916666666667 0.35277777777777786 0.565625 0.35277777777777786 0.565625 0.400925925925926 0.5947916666666667 0.400925925925926
7 0.6484375 0.29074074074074086 0.6119791666666666 0.29074074074074086 0.6119791666666666 0.35092592592592603 0.6484375 0.35092592592592603
7 0.35208333333333336 0.26296296296296306 0.3177083333333333 0.26296296296296306 0.3177083333333333 0.313888888888889 0.35208333333333336 0.313888888888889
3 0.5005208333333333 0.34444444444444455 0.471875 0.34444444444444455 0.471875 0.3925925925925927 0.5005208333333333 0.3925925925925927
2 0.4953125 0.5972222222222223 0.4635416666666667 0.5972222222222222 0.4635416666666667 0.6416666666666667 0.4953125 0.6416666666666668
4 0.39583333333333337 0.8101851851851852 0.35885416666666664 0.8101851851851852 0.35885416666666675 0.8694444444444445 0.3958333333333334 0.8694444444444445
3 0.4 0.3453703703703705 0.3703125 0.3453703703703705 0.3703125 0.3925925925925927 0.4 0.3925925925925927
11 0.409375 0.12037037037037047 0.3729166666666667 0.12037037037037047 0.3729166666666667 0.17592592592592604 0.409375 0.17592592592592604
3 0.6927083333333334 0.36203703703703716 0.6619791666666667 0.36203703703703716 0.6619791666666667 0.40462962962962973 0.6927083333333334 0.40462962962962973
2 0.39114583333333336 0.575925925925926 0.3614583333333333 0.575925925925926 0.3614583333333333 0.6194444444444445 0.39114583333333336 0.6194444444444445
2 0.29270833333333335 0.575925925925926 0.26250000000000007 0.575925925925926 0.26250000000000007 0.6194444444444445 0.29270833333333335 0.6194444444444445
13 0.509375 0.18333333333333343 0.46875 0.18333333333333343 0.46875 0.25740740740740753 0.509375 0.25740740740740753
5 0.6463541666666667 0.14351851851851868 0.6098958333333333 0.14351851851851868 0.6098958333333333 0.2046296296296298 0.6463541666666667 0.2046296296296298
3 0.303125 0.3500000000000001 0.27395833333333336 0.3500000000000001 0.27395833333333336 0.38981481481481495 0.303125 0.38981481481481495
2 0.5942708333333333 0.5972222222222224 0.5635416666666667 0.5972222222222224 0.5635416666666667 0.6398148148148151 0.5942708333333333 0.6398148148148151
12 0.49270833333333336 0.7398148148148149 0.4453125 0.7398148148148148 0.4453125 0.8120370370370371 0.49270833333333336 0.8120370370370372
6 0.6552083333333333 0.6675925925925928 0.6171875 0.6675925925925928 0.6171875 0.7351851851851854 0.6552083333333333 0.7351851851851854
9 0.44895833333333335 0.12685185185185197 0.42083333333333334 0.12685185185185197 0.42083333333333334 0.17222222222222233 0.44895833333333335 0.17222222222222233
9 0.5463541666666667 0.138888888888889 0.5171875 0.138888888888889 0.5171875 0.18611111111111123 0.5463541666666667 0.18611111111111123
2 0.696875 0.6046296296296299 0.665625 0.6046296296296299 0.665625 0.6490740740740742 0.696875 0.6490740740740742
11 0.5989583333333334 0.13333333333333344 0.5635416666666667 0.13333333333333344 0.5635416666666667 0.19074074074074085 0.5989583333333334 0.19074074074074085
1 0.3151041666666667 0.1333333333333334 0.28072916666666664 0.1333333333333334 0.28072916666666664 0.18333333333333338 0.3151041666666667 0.18333333333333338
10 0.34114583333333337 0.8046296296296296 0.30625 0.8046296296296296 0.3062500000000001 0.8694444444444445 0.3411458333333334 0.8694444444444445
8 0.5354166666666667 0.8425925925925928 0.5057291666666667 0.8425925925925928 0.5057291666666667 0.8879629629629632 0.5354166666666667 0.8879629629629632
8 0.43593750000000003 0.8407407407407408 0.40677083333333336 0.8407407407407408 0.4067708333333334 0.887962962962963 0.43593750000000014 0.887962962962963
10 0.5932291666666667 0.8351851851851854 0.5578125 0.8351851851851854 0.5578125 0.8972222222222225 0.5932291666666667 0.8972222222222225
0 0.6963541666666667 0.8351851851851854 0.6598958333333333 0.8351851851851854 0.6598958333333333 0.8972222222222225 0.6963541666666667 0.8972222222222225