4 0.475 0.3453703703703705 0.4354166666666667 0.3453703703703705 0.4354166666666667 0.40555555555555567 0.475 0.40555555555555567
4 0.6369791666666667 0.7009259259259262 0.5979166666666667 0.7009259259259262 0.5979166666666667 0.7620370370370373 0.6369791666666667 0.7620370370370373
11 0.5880208333333333 0.3472222222222223 0.5484375 0.3472222222222223 0.5484375 0.41018518518518526 0.5880208333333333 0.41018518518518526
12 0.5338541666666666 0.7796296296296299 0.48489583333333336 0.7796296296296299 0.48489583333333336 0.8518518518518521 0.5338541666666666 0.8518518518518521
8 0.4713541666666668 0.8814814814814815 0.43802083333333347 0.8814814814814815 0.43802083333333347 0.9259259259259259 0.4713541666666668 0.9259259259259259
6 0.5317708333333333 0.34814814814814826 0.490625 0.34814814814814826 0.490625 0.4064814814814816 0.5317708333333333 0.4064814814814816
8 0.5880208333333333 0.8768518518518521 0.5552083333333333 0.8768518518518521 0.5552083333333333 0.9212962962962965 0.5880208333333333 0.9212962962962965
5 0.6421875 0.0842592592592594 0.6020833333333333 0.0842592592592594 0.6020833333333333 0.14444444444444457 0.6421875 0.1444444444444446
10 0.6421875 0.8638888888888892 0.6026041666666667 0.8638888888888892 0.6026041666666667 0.9222222222222224 0.6421875 0.9222222222222224
2 0.3614583333333333 0.625 0.32864583333333336 0.625 0.32864583333333336 0.674074074074074 0.3614583333333333 0.674074074074074
2 0.3125 0.6157407407407407 0.2791666666666667 0.6157407407407407 0.2791666666666667 0.6620370370370371 0.3125 0.6620370370370371
13 0.5364583333333334 0.08055555555555566 0.4890625 0.08055555555555566 0.4890625 0.1500000000000001 0.5364583333333334 0.1500000000000001
3 0.6911458333333333 0.35185185185185197 0.6588541666666666 0.35185185185185197 0.6588541666666666 0.3990740740740742 0.6911458333333333 0.3990740740740742
2 0.5302083333333333 0.603703703703704 0.4973958333333333 0.603703703703704 0.4973958333333333 0.6500000000000002 0.5302083333333333 0.6500000000000002
0 0.5328125 0.1712962962962964 0.4942708333333333 0.1712962962962964 0.4942708333333333 0.22962962962962974 0.5328125 0.22962962962962974
3 0.6505208333333333 0.35092592592592603 0.6208333333333333 0.35092592592592603 0.6208333333333333 0.4037037037037038 0.6505208333333333 0.4037037037037038
2 0.6369791666666667 0.6175925925925928 0.6078125 0.6175925925925928 0.6078125 0.6694444444444446 0.6369791666666667 0.6694444444444446