13 0.6427083333333333 0.5981481481481483 0.5744791666666667 0.5981481481481483 0.5744791666666667 0.7194444444444447 0.6427083333333333 0.7194444444444447
7 0.7083333333333334 0.3277777777777779 0.6510416666666666 0.3277777777777779 0.6510416666666666 0.42962962962962975 0.7083333333333334 0.42962962962962975
2 0.36614583333333334 0.4759259259259259 0.32135416666666666 0.4759259259259259 0.32135416666666666 0.5546296296296296 0.36614583333333334 0.5546296296296296
7 0.47656250000000006 0.7712962962962963 0.42239583333333336 0.7712962962962963 0.4223958333333334 0.8675925925925926 0.4765625000000001 0.8675925925925926
3 0.478125 0.6509259259259259 0.43333333333333335 0.6509259259259259 0.43333333333333335 0.7296296296296296 0.478125 0.7296296296296296
3 0.40312500000000007 0.7824074074074074 0.35885416666666664 0.7824074074074074 0.35885416666666675 0.8601851851851852 0.4031250000000001 0.8601851851851852
2 0.5182291666666666 0.1675925925925927 0.4713541666666667 0.1675925925925927 0.4713541666666667 0.25092592592592605 0.5182291666666666 0.25092592592592605
2 0.28958333333333336 0.6185185185185185 0.24635416666666674 0.6185185185185185 0.24635416666666674 0.6944444444444444 0.28958333333333336 0.6944444444444444
8 0.3578125 0.06759259259259268 0.31197916666666664 0.06759259259259268 0.31197916666666664 0.14907407407407414 0.3578125 0.14907407407407414
3 0.7125 0.21018518518518534 0.6682291666666667 0.21018518518518534 0.6682291666666667 0.288888888888889 0.7125 0.288888888888889
4 0.26614583333333336 0.2842592592592593 0.21041666666666667 0.28425925925925927 0.21041666666666667 0.38333333333333336 0.26614583333333336 0.3833333333333334
5 0.5526041666666667 0.864814814814815 0.4994791666666668 0.864814814814815 0.4994791666666668 0.9564814814814815 0.5526041666666667 0.9564814814814815
3 0.6338541666666667 0.3611111111111112 0.5880208333333333 0.3611111111111112 0.5880208333333333 0.4425925925925927 0.6338541666666667 0.4425925925925927
3 0.5578125 0.5092592592592595 0.5130208333333334 0.5092592592592595 0.5130208333333334 0.5879629629629631 0.5578125 0.5879629629629631
12 0.36875 0.18981481481481488 0.30052083333333335 0.18981481481481488 0.30052083333333335 0.31203703703703717 0.36875 0.31203703703703717
9 0.696875 0.6101851851851854 0.6526041666666667 0.6101851851851854 0.6526041666666667 0.6888888888888891 0.696875 0.6888888888888891
11 0.5895833333333333 0.8092592592592595 0.5338541666666666 0.8092592592592595 0.5338541666666666 0.9083333333333335 0.5895833333333333 0.9083333333333335
1 0.5057291666666668 0.9287037037037038 0.4557291666666668 0.9287037037037037 0.4557291666666668 0.9601851851851851 0.5057291666666668 0.9601851851851851
0 0.18906250000000002 0.42592592592592593 0.134375 0.42592592592592593 0.13437500000000002 0.5231481481481481 0.18906250000000005 0.5231481481481481
10 0.22812500000000002 0.36018518518518516 0.17291666666666666 0.36018518518518516 0.1729166666666667 0.45925925925925926 0.22812500000000005 0.45925925925925926
8 0.28177083333333336 0.21111111111111117 0.2375 0.21111111111111117 0.2375 0.2888888888888889 0.28177083333333336 0.288888888888889
2 0.43697916666666664 0.31481481481481494 0.3880208333333333 0.31481481481481494 0.3880208333333333 0.40185185185185196 0.43697916666666664 0.40185185185185196
6 0.29375 0.4777777777777778 0.23281250000000006 0.4777777777777778 0.23281250000000006 0.5861111111111111 0.29375 0.5861111111111111
6 0.5296875 0.011111111111111219 0.4703125 0.011111111111111214 0.4703125 0.11574074074074085 0.5296875 0.11574074074074085
10 0.4109375 8.26069623313747e-17 0.34791666666666665 7.574667239170666e-17 0.34791666666666665 0.0796296296296297 0.4109375 0.0796296296296297
2 0.5984375 0.011111111111111236 0.5494791666666666 0.01111111111111123 0.5494791666666666 0.09722222222222235 0.5984375 0.09722222222222235
9 0.6208333333333333 0.7564814814814816 0.575 0.7564814814814816 0.575 0.8379629629629631 0.6208333333333333 0.8379629629629631
11 0.7432291666666667 0.5259259259259261 0.6869791666666667 0.5259259259259261 0.6869791666666667 0.6250000000000002 0.7432291666666667 0.6250000000000002
5 0.7802083333333333 0.45092592592592606 0.7239583333333334 0.450925925925926 0.7239583333333334 0.5509259259259262 0.7802083333333333 0.5509259259259262
1 0.8182291666666667 0.389814814814815 0.7614583333333333 0.389814814814815 0.7614583333333333 0.49166666666666686 0.8182291666666667 0.49166666666666686