10 0.6411458333333333 0.10000000000000013 0.5953125 0.10000000000000013 0.5953125 0.18240740740740755 0.6411458333333333 0.18240740740740757
2 0.5802083333333333 0.5814814814814817 0.5447916666666667 0.5814814814814817 0.5447916666666667 0.6444444444444447 0.5802083333333333 0.6444444444444447
12 0.46927083333333336 0.6712962962962963 0.41510416666666666 0.6712962962962963 0.41510416666666666 0.7685185185185185 0.46927083333333336 0.7685185185185185
3 0.6203125 0.7157407407407409 0.5838541666666667 0.7157407407407409 0.5838541666666667 0.7787037037037039 0.6203125 0.7787037037037039
13 0.7135416666666666 0.33240740740740754 0.659375 0.33240740740740754 0.659375 0.4287037037037038 0.7135416666666666 0.4287037037037038
2 0.5432291666666667 0.3157407407407408 0.5067708333333333 0.3157407407407408 0.5067708333333333 0.38055555555555565 0.5432291666666667 0.38055555555555565
6 0.59375 0.45185185185185195 0.5479166666666667 0.45185185185185195 0.5479166666666667 0.5324074074074077 0.59375 0.5324074074074077
7 0.640625 0.6018518518518521 0.5958333333333333 0.6018518518518521 0.5958333333333333 0.6796296296296298 0.640625 0.6796296296296298
3 0.40729166666666666 0.23611111111111122 0.3692708333333333 0.23611111111111122 0.3692708333333333 0.30462962962962975 0.40729166666666666 0.30462962962962975
3 0.7114583333333333 0.5314814814814817 0.6760416666666667 0.5314814814814817 0.6760416666666667 0.5935185185185188 0.7114583333333333 0.5935185185185188
9 0.6791666666666667 0.2722222222222223 0.6421875 0.2722222222222223 0.6421875 0.33703703703703713 0.6791666666666667 0.33703703703703713
3 0.5296875 0.4361111111111112 0.49322916666666666 0.4361111111111112 0.49322916666666666 0.5000000000000002 0.5296875 0.5000000000000002
7 0.740625 0.2990740740740742 0.6958333333333333 0.29907407407407416 0.6958333333333333 0.3787037037037039 0.740625 0.37870370370370393
9 0.66875 0.3851851851851853 0.6328125 0.3851851851851853 0.6328125 0.44722222222222235 0.66875 0.44722222222222235
8 0.4161458333333333 0.5435185185185185 0.37916666666666665 0.5435185185185185 0.37916666666666665 0.6101851851851852 0.4161458333333333 0.6101851851851852
11 0.46927083333333336 0.38055555555555565 0.42239583333333336 0.38055555555555565 0.42239583333333336 0.463888888888889 0.46927083333333336 0.463888888888889
2 0.7125 0.7074074074074076 0.6770833333333334 0.7074074074074076 0.6770833333333334 0.7685185185185187 0.7125 0.7685185185185187
10 0.5447916666666667 0.6055555555555557 0.49947916666666664 0.6055555555555557 0.49947916666666664 0.6851851851851853 0.5447916666666667 0.6851851851851853
1 0.575 0.8481481481481483 0.5307291666666667 0.8481481481481483 0.5307291666666667 0.9259259259259262 0.575 0.9259259259259262
2 0.553125 0.5055555555555558 0.515625 0.5055555555555558 0.515625 0.5722222222222224 0.553125 0.5722222222222224
8 0.4484375 0.5 0.4109375 0.5 0.4109375 0.5648148148148148 0.4484375 0.5648148148148148
2 0.5307291666666667 0.1250000000000001 0.49322916666666666 0.1250000000000001 0.49322916666666666 0.19074074074074085 0.5307291666666667 0.19074074074074085
0 0.6114583333333333 0.33703703703703713 0.5666666666666667 0.33703703703703713 0.5666666666666667 0.4166666666666668 0.6114583333333333 0.4166666666666668
1 0.39427083333333335 0.4611111111111112 0.3489583333333333 0.4611111111111112 0.3489583333333333 0.5425925925925926 0.39427083333333335 0.5425925925925926
11 0.7697916666666667 0.5555555555555558 0.7270833333333333 0.5555555555555558 0.7270833333333333 0.6324074074074076 0.7697916666666667 0.6324074074074076
5 0.36666666666666664 0.38240740740740753 0.31927083333333334 0.38240740740740753 0.31927083333333334 0.4666666666666668 0.36666666666666664 0.4666666666666668
3 0.5177083333333333 0.23981481481481493 0.48125 0.23981481481481493 0.48125 0.3064814814814816 0.5177083333333333 0.3064814814814816
0 0.6557291666666667 0.49444444444444463 0.6114583333333333 0.49444444444444463 0.6114583333333333 0.5740740740740743 0.6557291666666667 0.5740740740740743
5 0.5583333333333333 0.18796296296296308 0.5114583333333333 0.18796296296296308 0.5114583333333333 0.2712962962962964 0.5583333333333333 0.2712962962962964
4 0.40572916666666664 0.3398148148148149 0.35833333333333334 0.3398148148148149 0.35833333333333334 0.42407407407407416 0.40572916666666664 0.42407407407407416
6 0.625 0.2231481481481483 0.578125 0.22314814814814826 0.578125 0.30925925925925934 0.625 0.30925925925925934
4 0.49270833333333336 0.46203703703703713 0.446875 0.46203703703703713 0.446875 0.5435185185185186 0.49270833333333336 0.5435185185185187