1 0.4583333333333333 0.15925925925925938 0.40260416666666665 0.15925925925925938 0.40260416666666665 0.25185185185185194 0.4583333333333333 0.25185185185185194
11 0.38229166666666664 0.150925925925926 0.32708333333333334 0.150925925925926 0.32708333333333334 0.2425925925925927 0.38229166666666664 0.2425925925925927
7 0.5625 0.10092592592592604 0.5078125 0.10092592592592603 0.5078125 0.19166666666666676 0.5625 0.19166666666666676
5 0.4708333333333333 0.3537037037037038 0.415625 0.3537037037037038 0.415625 0.44537037037037047 0.4708333333333333 0.44537037037037047
2 0.6098958333333333 0.49814814814814834 0.5630208333333333 0.49814814814814834 0.5630208333333333 0.5759259259259262 0.6098958333333333 0.5759259259259262
11 0.46145833333333336 0.04444444444444454 0.40729166666666666 0.044444444444444536 0.40729166666666666 0.13333333333333344 0.46145833333333336 0.13333333333333344
7 0.4015625 0.35092592592592603 0.34739583333333335 0.35092592592592603 0.34739583333333335 0.44166666666666676 0.4015625 0.44166666666666676
3 0.5166666666666667 0.2898148148148149 0.4708333333333333 0.2898148148148149 0.4708333333333333 0.36574074074074087 0.5166666666666667 0.36574074074074087
3 0.3692708333333333 0.2787037037037038 0.321875 0.2787037037037038 0.321875 0.3592592592592594 0.3692708333333333 0.3592592592592594
2 0.5953125 0.7564814814814816 0.5510416666666667 0.7564814814814816 0.5510416666666667 0.8305555555555557 0.5953125 0.8305555555555557
3 0.5302083333333333 0.03981481481481493 0.48333333333333334 0.03981481481481492 0.48333333333333334 0.11666666666666677 0.5302083333333333 0.11666666666666677
10 0.7119791666666667 0.689814814814815 0.6557291666666667 0.689814814814815 0.6557291666666667 0.7842592592592594 0.7119791666666667 0.7842592592592594
3 0.5203125 0.16851851851851862 0.47552083333333334 0.16851851851851862 0.47552083333333334 0.2425925925925927 0.5203125 0.2425925925925927
8 0.48489583333333336 0.10555555555555567 0.440625 0.10555555555555567 0.440625 0.17962962962962972 0.48489583333333336 0.17962962962962972
9 0.7203125 0.5592592592592595 0.6708333333333333 0.5592592592592595 0.6708333333333333 0.6416666666666668 0.7203125 0.6416666666666668
4 0.6552083333333333 0.426851851851852 0.5994791666666667 0.426851851851852 0.5994791666666667 0.5203703703703706 0.6552083333333333 0.5203703703703706
4 0.5739583333333333 0.5425925925925928 0.51875 0.5425925925925928 0.51875 0.6351851851851854 0.5739583333333333 0.6351851851851854
1 0.4244791666666667 0.09537037037037047 0.36822916666666666 0.09537037037037045 0.36822916666666666 0.18796296296296308 0.4244791666666667 0.18796296296296308
13 0.6557291666666667 0.5444444444444446 0.584375 0.5444444444444446 0.584375 0.6629629629629632 0.6557291666666667 0.6629629629629632
2 0.5994791666666667 0.6333333333333335 0.553125 0.6333333333333335 0.553125 0.7092592592592595 0.5994791666666667 0.7092592592592595
6 0.7338541666666667 0.4342592592592594 0.6786458333333333 0.43425925925925934 0.6786458333333333 0.5259259259259261 0.7338541666666667 0.5259259259259261
6 0.5645833333333333 0.6796296296296298 0.5098958333333333 0.6796296296296298 0.5098958333333333 0.7722222222222225 0.5645833333333333 0.7722222222222225
3 0.4390625 0.2925925925925927 0.39427083333333335 0.2925925925925927 0.39427083333333335 0.36666666666666675 0.4390625 0.36666666666666675
10 0.6833333333333333 0.6240740740740743 0.6276041666666666 0.6240740740740743 0.6276041666666666 0.7175925925925928 0.6833333333333333 0.7175925925925928
8 0.4083333333333333 0.22129629629629638 0.359375 0.22129629629629635 0.359375 0.30277777777777787 0.4083333333333333 0.30277777777777787
12 0.4895833333333333 0.20925925925925937 0.42083333333333334 0.20925925925925937 0.42083333333333334 0.3250000000000001 0.4895833333333333 0.3250000000000001
2 0.6807291666666667 0.5074074074074076 0.6354166666666666 0.5074074074074076 0.6354166666666666 0.5833333333333336 0.6807291666666667 0.5833333333333336
5 0.5578125 0.213888888888889 0.4984375 0.213888888888889 0.4984375 0.3157407407407408 0.5578125 0.3157407407407408
2 0.7609375 0.5101851851851854 0.7114583333333333 0.5101851851851854 0.7114583333333333 0.5944444444444447 0.7609375 0.5944444444444447
0 0.6734375 0.7500000000000002 0.6177083333333333 0.7500000000000002 0.6177083333333333 0.8444444444444447 0.6734375 0.8444444444444447
0 0.7578125 0.614814814814815 0.6942708333333333 0.614814814814815 0.6942708333333333 0.7212962962962965 0.7578125 0.7212962962962965
9 0.63125 0.6824074074074076 0.5817708333333333 0.6824074074074076 0.5817708333333333 0.7657407407407409 0.63125 0.7657407407407409