5 0.6505208333333333 0.005555555555555693 0.6114583333333333 0.0055555555555556885 0.6114583333333333 0.0777777777777779 0.6505208333333333 0.0777777777777779
12 0.5921875 0.5861111111111114 0.5421875 0.5861111111111114 0.5421875 0.677777777777778 0.5921875 0.677777777777778
7 0.47760416666666666 0.15370370370370381 0.4359375 0.15370370370370381 0.4359375 0.2287037037037038 0.47760416666666666 0.2287037037037038
0 0.48802083333333335 0.5657407407407409 0.446875 0.5657407407407408 0.446875 0.6407407407407408 0.48802083333333335 0.6407407407407409
13 0.5203125 0.04907407407407419 0.4708333333333333 0.04907407407407418 0.4708333333333333 0.138888888888889 0.5203125 0.138888888888889
4 0.6833333333333333 0.5425925925925928 0.6427083333333333 0.5425925925925928 0.6427083333333333 0.6175925925925928 0.6833333333333333 0.6175925925925928
5 0.4161458333333333 0.10555555555555564 0.37447916666666664 0.10555555555555564 0.37447916666666664 0.18055555555555566 0.4161458333333333 0.18055555555555566
0 0.7255208333333333 0.5166666666666668 0.6864583333333333 0.5166666666666668 0.6864583333333333 0.5888888888888891 0.7255208333333333 0.5888888888888891
1 0.615625 0.10000000000000013 0.5770833333333333 0.10000000000000013 0.5770833333333333 0.17129629629629642 0.615625 0.17129629629629645
2 0.5166666666666667 0.47314814814814826 0.484375 0.47314814814814826 0.484375 0.5324074074074077 0.5166666666666667 0.5324074074074077
11 0.5744791666666667 0.11481481481481494 0.534375 0.11481481481481493 0.534375 0.188888888888889 0.5744791666666667 0.188888888888889
4 0.4973958333333333 0.6462962962962964 0.4557291666666667 0.6462962962962963 0.4557291666666667 0.7231481481481482 0.4973958333333333 0.7231481481481483
1 0.5255208333333333 0.13425925925925936 0.48489583333333336 0.13425925925925936 0.48489583333333336 0.20833333333333343 0.5255208333333333 0.20833333333333343
3 0.4359375 0.2620370370370371 0.4036458333333333 0.2620370370370371 0.4036458333333333 0.3212962962962964 0.4359375 0.3212962962962964
3 0.5322916666666667 0.21111111111111122 0.49947916666666664 0.21111111111111122 0.49947916666666664 0.2703703703703705 0.5322916666666667 0.2703703703703705
3 0.6265625 0.17129629629629642 0.5947916666666667 0.1712962962962964 0.5947916666666667 0.22962962962962977 0.6265625 0.2296296296296298
9 0.4630208333333333 0.08796296296296306 0.4296875 0.08796296296296306 0.4296875 0.1462962962962964 0.4630208333333333 0.1462962962962964
6 0.5348958333333333 0.5379629629629632 0.49375 0.5379629629629632 0.49375 0.6138888888888892 0.5348958333333333 0.6138888888888892
2 0.6151041666666667 0.4250000000000001 0.5838541666666667 0.4250000000000001 0.5838541666666667 0.4824074074074076 0.6151041666666667 0.4824074074074076
7 0.6619791666666667 0.07962962962962976 0.6239583333333333 0.07962962962962976 0.6239583333333333 0.15092592592592607 0.6619791666666667 0.15092592592592607
9 0.5588541666666667 0.05000000000000012 0.5260416666666666 0.05000000000000012 0.5260416666666666 0.10833333333333345 0.5588541666666667 0.10833333333333346
2 0.6588541666666666 0.3990740740740742 0.6276041666666666 0.3990740740740742 0.6276041666666666 0.4564814814814816 0.6588541666666666 0.4564814814814816
11 0.6057291666666667 0.02222222222222235 0.5666666666666667 0.022222222222222348 0.5666666666666667 0.09444444444444458 0.6057291666666667 0.09444444444444458
10 0.6270833333333333 0.49444444444444463 0.5854166666666667 0.49444444444444463 0.5854166666666667 0.5694444444444446 0.6270833333333333 0.5694444444444446
2 0.46822916666666664 0.4935185185185185 0.4348958333333333 0.4935185185185185 0.4348958333333333 0.5527777777777778 0.46822916666666664 0.5527777777777778
3 0.578125 0.19814814814814824 0.5458333333333333 0.19814814814814824 0.5458333333333333 0.25740740740740753 0.578125 0.25740740740740753
2 0.5666666666666667 0.44444444444444453 0.534375 0.44444444444444453 0.534375 0.5037037037037039 0.5666666666666667 0.5037037037037039
8 0.5390625 0.6287037037037039 0.5052083333333334 0.6287037037037039 0.5052083333333334 0.6888888888888891 0.5390625 0.6888888888888891
3 0.4828125 0.23703703703703713 0.4505208333333333 0.23703703703703713 0.4505208333333333 0.2962962962962964 0.4828125 0.2962962962962964
10 0.5807291666666666 0.5157407407407409 0.5395833333333333 0.5157407407407409 0.5395833333333333 0.5916666666666669 0.5807291666666666 0.5916666666666669
8 0.6291666666666667 0.5731481481481484 0.596875 0.5731481481481484 0.596875 0.6333333333333335 0.6291666666666667 0.6333333333333335
6 0.6729166666666667 0.4666666666666668 0.6333333333333333 0.4666666666666668 0.6333333333333333 0.5398148148148151 0.6729166666666667 0.5398148148148151