13 0.6682291666666667 0.47777777777777797 0.6229166666666667 0.47777777777777797 0.6229166666666667 0.5490740740740743 0.6682291666666667 0.5490740740740743
0 0.29427083333333337 0.8037037037037037 0.25781250000000006 0.8037037037037037 0.25781250000000006 0.862037037037037 0.2942708333333334 0.862037037037037
7 0.6067708333333334 0.7435185185185187 0.5697916666666667 0.7435185185185187 0.5697916666666667 0.7990740740740743 0.6067708333333334 0.7990740740740743
4 0.29375 0.7175925925925926 0.25781250000000006 0.7175925925925926 0.25781250000000006 0.774074074074074 0.29375 0.774074074074074
3 0.5744791666666667 0.3064814814814816 0.5453125 0.3064814814814816 0.5453125 0.3472222222222223 0.5744791666666667 0.3472222222222223
3 0.575 0.4861111111111113 0.5447916666666667 0.4861111111111113 0.5447916666666667 0.5296296296296299 0.575 0.5296296296296299
2 0.44479166666666664 0.12777777777777788 0.4161458333333333 0.12777777777777788 0.4161458333333333 0.16851851851851862 0.44479166666666664 0.16851851851851862
6 0.4015625 0.19351851851851862 0.36770833333333336 0.19351851851851862 0.36770833333333336 0.2453703703703705 0.4015625 0.2453703703703705
4 0.31666666666666665 0.29444444444444456 0.28125 0.29444444444444456 0.28125 0.3490740740740742 0.31666666666666665 0.3490740740740742
1 0.7 0.1407407407407409 0.6651041666666667 0.1407407407407409 0.6651041666666667 0.19166666666666682 0.7 0.19166666666666682
2 0.4427083333333333 0.2935185185185186 0.41302083333333334 0.2935185185185186 0.41302083333333334 0.3351851851851853 0.4427083333333333 0.3351851851851853
6 0.38125 0.737037037037037 0.34427083333333336 0.737037037037037 0.34427083333333336 0.7935185185185185 0.38125 0.7935185185185185
7 0.6260416666666667 0.2092592592592594 0.5911458333333334 0.20925925925925937 0.5911458333333334 0.2620370370370371 0.6260416666666667 0.2620370370370371
2 0.428125 0.6472222222222223 0.39895833333333336 0.6472222222222223 0.39895833333333336 0.6925925925925925 0.428125 0.6925925925925925
2 0.43072916666666666 0.4703703703703705 0.4010416666666667 0.4703703703703705 0.4010416666666667 0.512962962962963 0.43072916666666666 0.512962962962963
3 0.5697916666666667 0.6537037037037039 0.5395833333333333 0.6537037037037039 0.5395833333333333 0.6981481481481484 0.5697916666666667 0.6981481481481484
0 0.3177083333333333 0.12962962962962968 0.2828125 0.12962962962962968 0.2828125 0.18333333333333338 0.3177083333333333 0.18333333333333338
3 0.5734375 0.1425925925925927 0.5458333333333333 0.1425925925925927 0.5458333333333333 0.18333333333333343 0.5734375 0.18333333333333343
12 0.35 0.43703703703703717 0.30885416666666665 0.43703703703703717 0.30885416666666665 0.5046296296296297 0.35 0.5046296296296297
3 0.5661458333333333 0.8407407407407409 0.5348958333333333 0.8407407407407409 0.5348958333333333 0.8851851851851854 0.5661458333333333 0.8851851851851854
2 0.42187500000000006 0.8305555555555556 0.390625 0.8305555555555556 0.39062500000000006 0.8759259259259259 0.4218750000000001 0.8759259259259259
8 0.2994791666666667 0.37314814814814823 0.2708333333333333 0.37314814814814823 0.2708333333333333 0.413888888888889 0.2994791666666667 0.413888888888889
1 0.70625 0.8296296296296298 0.6671875 0.8296296296296298 0.6671875 0.8879629629629632 0.70625 0.8879629629629632
8 0.29635416666666664 0.537962962962963 0.2671875 0.537962962962963 0.2671875 0.5796296296296296 0.29635416666666664 0.5796296296296296
5 0.70625 0.23240740740740756 0.6703125 0.23240740740740756 0.6703125 0.28703703703703715 0.70625 0.28703703703703715
9 0.6989583333333333 0.5694444444444446 0.6697916666666667 0.5694444444444446 0.6697916666666667 0.614814814814815 0.6989583333333333 0.614814814814815
5 0.6989583333333333 0.7481481481481483 0.6625 0.7481481481481483 0.6625 0.8046296296296298 0.6989583333333333 0.8046296296296298
10 0.32083333333333336 0.20092592592592598 0.2859375 0.20092592592592598 0.2859375 0.2583333333333334 0.32083333333333336 0.2583333333333334
10 0.296875 0.6231481481481481 0.26093750000000004 0.6231481481481481 0.26093750000000004 0.6824074074074075 0.296875 0.6824074074074075
11 0.7078125 0.30277777777777787 0.6734375 0.30277777777777787 0.6734375 0.3675925925925927 0.7078125 0.3675925925925927
9 0.7036458333333333 0.3851851851851853 0.6755208333333333 0.3851851851851853 0.6755208333333333 0.4361111111111112 0.7036458333333333 0.4361111111111112
11 0.7015625 0.6583333333333335 0.66875 0.6583333333333335 0.66875 0.7185185185185188 0.7015625 0.7185185185185188