12 0.6307291666666667 0.3574074074074075 0.5916666666666667 0.3574074074074075 0.5916666666666667 0.42777777777777787 0.6307291666666667 0.42777777777777787
13 0.3255208333333333 0.463888888888889 0.2859375 0.463888888888889 0.2859375 0.5333333333333333 0.3255208333333333 0.5333333333333333
10 0.325 0.7398148148148148 0.2921875 0.7398148148148148 0.2921875 0.799074074074074 0.325 0.799074074074074
7 0.44947916666666665 0.29722222222222233 0.4171875 0.29722222222222233 0.4171875 0.35277777777777786 0.44947916666666665 0.35277777777777786
1 0.56875 0.1250000000000001 0.5375 0.1250000000000001 0.5375 0.1777777777777779 0.56875 0.1777777777777779
9 0.32083333333333336 0.5638888888888889 0.2947916666666667 0.5638888888888889 0.2947916666666667 0.6111111111111112 0.32083333333333336 0.6111111111111112
3 0.3578125 0.30833333333333346 0.33177083333333335 0.30833333333333346 0.33177083333333335 0.35277777777777786 0.3578125 0.35277777777777786
3 0.559375 0.8101851851851853 0.5317708333333333 0.8101851851851853 0.5317708333333333 0.8592592592592595 0.559375 0.8592592592592595
11 0.5520833333333334 0.6231481481481483 0.51875 0.6231481481481483 0.51875 0.6833333333333336 0.5520833333333334 0.6833333333333336
3 0.48854166666666665 0.21666666666666679 0.4630208333333333 0.21666666666666679 0.4630208333333333 0.26111111111111124 0.48854166666666665 0.26111111111111124
3 0.4979166666666667 0.5361111111111112 0.471875 0.5361111111111111 0.471875 0.5814814814814816 0.4979166666666667 0.5814814814814817
2 0.49583333333333335 0.45555555555555566 0.46927083333333336 0.45555555555555566 0.46927083333333336 0.501851851851852 0.49583333333333335 0.5018518518518521
2 0.4578125 0.6351851851851852 0.43072916666666666 0.6351851851851852 0.43072916666666666 0.6814814814814815 0.4578125 0.6814814814814815
6 0.453125 0.46203703703703713 0.4203125 0.46203703703703713 0.4203125 0.5194444444444445 0.453125 0.5194444444444445
10 0.5364583333333334 0.3648148148148149 0.5052083333333334 0.3648148148148149 0.5052083333333334 0.4212962962962964 0.5364583333333334 0.4212962962962964
3 0.4609375 0.725 0.43385416666666665 0.725 0.43385416666666665 0.7722222222222223 0.4609375 0.7722222222222223
2 0.4895833333333333 0.37407407407407417 0.4640625 0.37407407407407417 0.4640625 0.4185185185185186 0.4895833333333333 0.4185185185185186
6 0.37135416666666665 0.6398148148148148 0.3385416666666667 0.6398148148148148 0.3385416666666667 0.7 0.37135416666666665 0.7
8 0.6260416666666667 0.5333333333333335 0.6005208333333333 0.5333333333333335 0.6005208333333333 0.5796296296296298 0.6260416666666667 0.5796296296296298
7 0.28125 0.48148148148148145 0.2489583333333334 0.48148148148148145 0.2489583333333334 0.5388888888888889 0.28125 0.5388888888888889
2 0.4005208333333333 0.15185185185185196 0.37552083333333336 0.15185185185185196 0.37552083333333336 0.19537037037037047 0.4005208333333333 0.19537037037037047
5 0.6427083333333333 0.702777777777778 0.6083333333333333 0.702777777777778 0.6083333333333333 0.7629629629629632 0.6427083333333333 0.7629629629629632
5 0.4197916666666667 0.7231481481481481 0.3854166666666667 0.7231481481481481 0.3854166666666667 0.7851851851851852 0.4197916666666667 0.7851851851851852
2 0.4177083333333334 0.8157407407407408 0.39166666666666666 0.8157407407407408 0.3916666666666667 0.862037037037037 0.41770833333333346 0.862037037037037
9 0.35989583333333336 0.4777777777777778 0.3328125 0.4777777777777778 0.3328125 0.5231481481481481 0.35989583333333336 0.5231481481481481
4 0.5989583333333334 0.7111111111111114 0.5651041666666666 0.7111111111111114 0.5651041666666666 0.7703703703703706 0.5989583333333334 0.7703703703703706
0 0.40729166666666666 0.37592592592592605 0.37552083333333336 0.37592592592592605 0.37552083333333336 0.43333333333333346 0.40729166666666666 0.43333333333333346
1 0.6359375 0.6111111111111113 0.6036458333333333 0.6111111111111113 0.6036458333333333 0.6694444444444446 0.6359375 0.6694444444444446
11 0.31875 0.2342592592592593 0.2875 0.2342592592592593 0.2875 0.288888888888889 0.31875 0.288888888888889
0 0.4078125 0.5509259259259259 0.37552083333333336 0.5509259259259259 0.37552083333333336 0.6083333333333333 0.4078125 0.6083333333333333
8 0.5880208333333333 0.5416666666666669 0.5614583333333333 0.5416666666666669 0.5614583333333333 0.5888888888888891 0.5880208333333333 0.5888888888888891
4 0.5484375 0.5342592592592594 0.5151041666666667 0.5342592592592594 0.5151041666666667 0.5925925925925928 0.5484375 0.5925925925925928