12 0.6130208333333333 0.16944444444444456 0.5526041666666667 0.16944444444444454 0.5526041666666667 0.2787037037037038 0.6130208333333333 0.2787037037037038
7 0.4192708333333333 0.5361111111111111 0.371875 0.5361111111111111 0.371875 0.6212962962962963 0.4192708333333333 0.6212962962962963
6 0.54375 0.2027777777777779 0.49375 0.2027777777777779 0.49375 0.2935185185185186 0.54375 0.2935185185185186
1 0.459375 0.5824074074074074 0.4125 0.5824074074074074 0.4125 0.6675925925925926 0.459375 0.6675925925925926
4 0.5255208333333333 0.08240740740740751 0.47708333333333336 0.08240740740740751 0.47708333333333336 0.16944444444444454 0.5255208333333333 0.16944444444444454
11 0.5166666666666667 0.7398148148148149 0.4703125 0.7398148148148148 0.4703125 0.8231481481481483 0.5166666666666667 0.8231481481481484
3 0.4354166666666667 0.47962962962962963 0.39791666666666664 0.47962962962962963 0.39791666666666664 0.5481481481481482 0.4354166666666667 0.5481481481481482
10 0.5854166666666667 0.25185185185185194 0.534375 0.25185185185185194 0.534375 0.3435185185185186 0.5854166666666667 0.3435185185185186
2 0.6010416666666667 0.37962962962962976 0.5625 0.37962962962962976 0.5625 0.4500000000000001 0.6010416666666667 0.4500000000000001
0 0.5026041666666666 0.15277777777777787 0.45208333333333334 0.15277777777777787 0.45208333333333334 0.2425925925925927 0.5026041666666666 0.2425925925925927
11 0.5020833333333333 0.6314814814814815 0.45625 0.6314814814814815 0.45625 0.7157407407407409 0.5020833333333333 0.7157407407407409
3 0.3963541666666667 0.4314814814814816 0.35833333333333334 0.4314814814814816 0.35833333333333334 0.5 0.3963541666666667 0.5
7 0.5828125 0.7250000000000002 0.5359375 0.7250000000000002 0.5359375 0.8092592592592595 0.5828125 0.8092592592592595
4 0.6973958333333333 0.28518518518518526 0.6489583333333333 0.28518518518518526 0.6489583333333333 0.37314814814814823 0.6973958333333333 0.37314814814814823
6 0.6703125 0.3555555555555557 0.621875 0.3555555555555557 0.621875 0.44444444444444453 0.6703125 0.44444444444444453
8 0.5635416666666667 0.13703703703703715 0.5239583333333333 0.13703703703703715 0.5239583333333333 0.20925925925925937 0.5635416666666667 0.20925925925925937
10 0.6291666666666667 0.29722222222222233 0.5791666666666667 0.29722222222222233 0.5791666666666667 0.38796296296296306 0.6291666666666667 0.38796296296296306
9 0.3927083333333333 0.6064814814814815 0.3546875 0.6064814814814815 0.3546875 0.675 0.3927083333333333 0.675
1 0.5411458333333333 0.6722222222222224 0.49375 0.6722222222222224 0.49375 0.7583333333333335 0.5411458333333333 0.7583333333333335
3 0.5197916666666667 0.5740740740740742 0.4817708333333333 0.5740740740740741 0.4817708333333333 0.6416666666666667 0.5197916666666667 0.6416666666666668
3 0.47708333333333336 0.5324074074074074 0.4390625 0.5324074074074074 0.4390625 0.6 0.47708333333333336 0.6
9 0.4739583333333333 0.7 0.43645833333333334 0.7 0.43645833333333334 0.7675925925925926 0.4739583333333333 0.7675925925925926
2 0.5114583333333333 0.275925925925926 0.471875 0.275925925925926 0.471875 0.3472222222222223 0.5114583333333333 0.3472222222222223
3 0.5630208333333333 0.627777777777778 0.5239583333333333 0.627777777777778 0.5239583333333333 0.6972222222222224 0.5630208333333333 0.6972222222222224
2 0.4671875 0.2314814814814816 0.42864583333333334 0.2314814814814816 0.42864583333333334 0.301851851851852 0.4671875 0.301851851851852
5 0.5572916666666666 0.7861111111111113 0.5109375 0.7861111111111113 0.5109375 0.8694444444444447 0.5572916666666666 0.8694444444444447
13 0.44166666666666665 0.6398148148148148 0.3848958333333333 0.6398148148148148 0.3848958333333333 0.7425925925925926 0.44166666666666665 0.7425925925925926
2 0.5552083333333333 0.3314814814814816 0.5166666666666667 0.3314814814814816 0.5166666666666667 0.40185185185185196 0.5552083333333333 0.40185185185185196
5 0.35520833333333335 0.5453703703703704 0.3078125 0.5453703703703704 0.3078125 0.6296296296296297 0.35520833333333335 0.6296296296296297
0 0.7375 0.33796296296296313 0.6890625 0.3379629629629631 0.6890625 0.4259259259259261 0.7375 0.42592592592592615
2 0.6401041666666667 0.4314814814814816 0.6010416666666667 0.4314814814814816 0.6010416666666667 0.5009259259259261 0.6401041666666667 0.5009259259259261
8 0.6447916666666667 0.2425925925925927 0.6072916666666667 0.2425925925925927 0.6072916666666667 0.3111111111111112 0.6447916666666667 0.3111111111111112