4 0.5729166666666666 0.0814814814814816 0.5338541666666666 0.08148148148148159 0.5338541666666666 0.13981481481481492 0.5729166666666666 0.13981481481481492
7 0.5229166666666667 0.5953703703703705 0.48489583333333336 0.5953703703703705 0.48489583333333336 0.6564814814814817 0.5229166666666667 0.6564814814814817
3 0.6276041666666666 0.16944444444444456 0.5958333333333333 0.16944444444444454 0.5958333333333333 0.2203703703703705 0.6276041666666666 0.22037037037037052
9 0.525 0.7824074074074077 0.49375 0.7824074074074077 0.49375 0.8333333333333336 0.525 0.8333333333333336
7 0.46822916666666664 0.7722222222222223 0.4296875 0.7722222222222223 0.4296875 0.8361111111111111 0.46822916666666664 0.8361111111111111
0 0.5213541666666667 0.16481481481481491 0.48333333333333334 0.16481481481481491 0.48333333333333334 0.22592592592592603 0.5213541666666667 0.22592592592592603
3 0.6770833333333334 0.09259259259259274 0.6442708333333333 0.09259259259259273 0.6442708333333333 0.14537037037037054 0.6770833333333334 0.14537037037037054
10 0.5755208333333334 0.1611111111111112 0.5380208333333333 0.1611111111111112 0.5380208333333333 0.22037037037037047 0.5755208333333334 0.22037037037037047
5 0.47291666666666665 0.6888888888888889 0.434375 0.6888888888888889 0.434375 0.7509259259259259 0.47291666666666665 0.7509259259259259
5 0.4729166666666667 0.8564814814814815 0.434375 0.8564814814814815 0.43437500000000007 0.9194444444444444 0.47291666666666676 0.9194444444444444
2 0.4119791666666667 0.7685185185185185 0.37916666666666665 0.7685185185185185 0.37916666666666665 0.8185185185185185 0.4119791666666667 0.8185185185185185
12 0.4713541666666667 0.15740740740740752 0.4244791666666667 0.15740740740740752 0.4244791666666667 0.2314814814814816 0.4713541666666667 0.2314814814814816
3 0.409375 0.17037037037037048 0.3796875 0.17037037037037048 0.3796875 0.22222222222222232 0.409375 0.22222222222222232
2 0.6875 0.8629629629629632 0.6557291666666667 0.8629629629629632 0.6557291666666667 0.9111111111111113 0.6875 0.9111111111111113
4 0.5244791666666667 0.24814814814814826 0.4875 0.24814814814814826 0.4875 0.30925925925925934 0.5244791666666667 0.30925925925925934
1 0.5822916666666667 0.852777777777778 0.5421875 0.852777777777778 0.5421875 0.9148148148148151 0.5822916666666667 0.9148148148148151
6 0.47291666666666665 0.08611111111111122 0.4354166666666667 0.08611111111111122 0.4354166666666667 0.14444444444444454 0.47291666666666665 0.14444444444444454
13 0.5864583333333333 0.7648148148148151 0.5369791666666667 0.7648148148148151 0.5369791666666667 0.8388888888888891 0.5864583333333333 0.8388888888888891
1 0.5791666666666667 0.6851851851851853 0.5401041666666667 0.6851851851851853 0.5401041666666667 0.7490740740740743 0.5791666666666667 0.7490740740740743
6 0.5260416666666666 0.3240740740740742 0.48802083333333335 0.3240740740740742 0.48802083333333335 0.3925925925925927 0.5260416666666666 0.3925925925925927
0 0.471875 0.24074074074074084 0.4359375 0.24074074074074084 0.4359375 0.3111111111111112 0.471875 0.3111111111111112
10 0.5229166666666667 0.07962962962962973 0.4890625 0.07962962962962973 0.4890625 0.13981481481481492 0.5229166666666667 0.13981481481481492
3 0.4114583333333333 0.08425925925925934 0.38177083333333334 0.08425925925925934 0.38177083333333334 0.14166666666666677 0.4114583333333333 0.14166666666666677
3 0.6286458333333333 0.08611111111111125 0.5958333333333333 0.08611111111111125 0.5958333333333333 0.1379629629629631 0.6286458333333333 0.13796296296296312
8 0.5729166666666666 0.24444444444444455 0.5432291666666667 0.24444444444444455 0.5432291666666667 0.2962962962962964 0.5729166666666666 0.2962962962962964
2 0.6307291666666667 0.777777777777778 0.6010416666666667 0.777777777777778 0.6010416666666667 0.8305555555555557 0.6307291666666667 0.8305555555555557
2 0.40833333333333344 0.862037037037037 0.37708333333333344 0.862037037037037 0.37708333333333344 0.9138888888888889 0.40833333333333344 0.9138888888888889
2 0.6348958333333333 0.8583333333333335 0.60625 0.8583333333333335 0.60625 0.9129629629629632 0.6348958333333333 0.9129629629629632
11 0.5239583333333334 0.8518518518518521 0.4875 0.8518518518518521 0.48750000000000004 0.9203703703703706 0.5239583333333334 0.9203703703703706
11 0.5255208333333333 0.6787037037037039 0.48385416666666664 0.6787037037037039 0.48385416666666664 0.7490740740740743 0.5255208333333333 0.7490740740740743