11 0.6890625 0.47592592592592614 0.6505208333333333 0.47592592592592614 0.6505208333333333 0.5435185185185187 0.6890625 0.5435185185185187
12 0.3729166666666667 0.5583333333333333 0.32135416666666666 0.5583333333333333 0.32135416666666666 0.6444444444444445 0.3729166666666667 0.6444444444444445
6 0.4036458333333333 0.6583333333333333 0.3619791666666667 0.6583333333333333 0.3619791666666667 0.7287037037037037 0.4036458333333333 0.7287037037037037
4 0.3463541666666667 0.7361111111111112 0.30520833333333336 0.7361111111111112 0.30520833333333336 0.8055555555555556 0.3463541666666667 0.8055555555555556
10 0.42239583333333336 0.48148148148148145 0.3807291666666667 0.48148148148148145 0.3807291666666667 0.5518518518518518 0.42239583333333336 0.5518518518518518
13 0.6729166666666667 0.6351851851851854 0.6255208333333333 0.6351851851851854 0.6255208333333333 0.7157407407407409 0.6729166666666667 0.7157407407407409
4 0.39010416666666664 0.37592592592592605 0.3489583333333333 0.37592592592592605 0.3489583333333333 0.44537037037037047 0.39010416666666664 0.44537037037037047
3 0.5598958333333334 0.8000000000000002 0.528125 0.8000000000000002 0.528125 0.8518518518518521 0.5598958333333334 0.8518518518518521
3 0.5713541666666667 0.7175925925925928 0.540625 0.7175925925925928 0.540625 0.7694444444444447 0.5713541666666667 0.7694444444444447
2 0.44166666666666665 0.6824074074074075 0.409375 0.6824074074074075 0.409375 0.7361111111111112 0.44166666666666665 0.7361111111111112
3 0.60625 0.450925925925926 0.5744791666666667 0.450925925925926 0.5744791666666667 0.5046296296296299 0.60625 0.5046296296296299
7 0.6161458333333333 0.7185185185185188 0.5770833333333333 0.7185185185185188 0.5770833333333333 0.7842592592592594 0.6161458333333333 0.7842592592592594
7 0.659375 0.37407407407407417 0.6197916666666666 0.37407407407407417 0.6197916666666666 0.4425925925925927 0.659375 0.4425925925925927
11 0.6375 0.5435185185185187 0.5984375 0.5435185185185187 0.5984375 0.6092592592592595 0.6375 0.6092592592592595
6 0.43697916666666664 0.388888888888889 0.3958333333333333 0.388888888888889 0.3958333333333333 0.45740740740740754 0.43697916666666664 0.45740740740740754
2 0.4635416666666667 0.49444444444444446 0.43020833333333336 0.49444444444444446 0.43020833333333336 0.55 0.4635416666666667 0.55
10 0.4140625 0.5722222222222222 0.3723958333333333 0.5722222222222222 0.3723958333333333 0.6435185185185185 0.4140625 0.6435185185185185
2 0.4546875 0.5898148148148148 0.42239583333333336 0.5898148148148148 0.42239583333333336 0.6435185185185185 0.4546875 0.6435185185185185
9 0.6526041666666667 0.7333333333333335 0.6213541666666667 0.7333333333333335 0.6213541666666667 0.7870370370370372 0.6526041666666667 0.7870370370370372
2 0.47708333333333336 0.40833333333333344 0.44375 0.40833333333333344 0.44375 0.463888888888889 0.47708333333333336 0.463888888888889
3 0.5848958333333333 0.6287037037037039 0.553125 0.6287037037037039 0.553125 0.6824074074074076 0.5848958333333333 0.6824074074074076
3 0.5911458333333334 0.5444444444444446 0.5598958333333334 0.5444444444444446 0.5598958333333334 0.5962962962962965 0.5911458333333334 0.5962962962962965
2 0.43385416666666665 0.7703703703703704 0.4010416666666667 0.7703703703703704 0.4010416666666667 0.825 0.43385416666666665 0.825
5 0.6427083333333333 0.815740740740741 0.6041666666666666 0.815740740740741 0.6041666666666666 0.8805555555555558 0.6427083333333333 0.8805555555555558
5 0.7010416666666667 0.388888888888889 0.6614583333333334 0.388888888888889 0.6614583333333334 0.4564814814814816 0.7010416666666667 0.4564814814814816
0 0.3921875 0.7444444444444445 0.35104166666666664 0.7444444444444445 0.35104166666666664 0.8148148148148148 0.3921875 0.8148148148148148
8 0.35104166666666664 0.6583333333333333 0.3182291666666667 0.6583333333333333 0.3182291666666667 0.712037037037037 0.35104166666666664 0.712037037037037
8 0.37552083333333336 0.4824074074074074 0.34270833333333334 0.4824074074074074 0.34270833333333334 0.537962962962963 0.37552083333333336 0.537962962962963
0 0.403125 0.2861111111111112 0.3619791666666667 0.2861111111111112 0.3619791666666667 0.3555555555555557 0.403125 0.3555555555555557
1 0.6265625 0.6333333333333335 0.5869791666666667 0.6333333333333335 0.5869791666666667 0.7009259259259262 0.6265625 0.7009259259259262
1 0.646875 0.4648148148148149 0.6072916666666667 0.4648148148148149 0.6072916666666667 0.5314814814814817 0.646875 0.5314814814814817
9 0.6729166666666667 0.5638888888888891 0.6427083333333333 0.5638888888888891 0.6427083333333333 0.6175925925925928 0.6729166666666667 0.6175925925925928