9 0.6604166666666667 0.8129629629629632 0.6276041666666666 0.8129629629629632 0.6276041666666666 0.8731481481481483 0.6604166666666667 0.8731481481481483
7 0.4729166666666667 0.8527777777777777 0.4322916666666667 0.8527777777777777 0.43229166666666674 0.9231481481481482 0.47291666666666676 0.9231481481481482
0 0.25312500000000004 0.5037037037037037 0.21197916666666672 0.5037037037037037 0.21197916666666672 0.5777777777777777 0.25312500000000004 0.5777777777777777
2 0.5510416666666667 0.4037037037037038 0.515625 0.4037037037037038 0.515625 0.4666666666666668 0.5510416666666667 0.4666666666666668
3 0.47708333333333336 0.7787037037037037 0.44427083333333334 0.7787037037037037 0.44427083333333334 0.8361111111111111 0.47708333333333336 0.8361111111111111
2 0.4744791666666667 0.5074074074074074 0.4390625 0.5074074074074074 0.4390625 0.5675925925925925 0.4744791666666667 0.5675925925925925
3 0.553125 0.6833333333333336 0.51875 0.6833333333333336 0.51875 0.7425925925925928 0.553125 0.7425925925925928
8 0.4348958333333333 0.2712962962962964 0.4005208333333333 0.2712962962962964 0.4005208333333333 0.33055555555555566 0.4348958333333333 0.33055555555555566
2 0.4015625 0.5907407407407408 0.36666666666666664 0.5907407407407408 0.36666666666666664 0.6518518518518519 0.4015625 0.6518518518518519
6 0.5697916666666667 0.2981481481481483 0.5270833333333333 0.2981481481481483 0.5270833333333333 0.37222222222222234 0.5697916666666667 0.37222222222222234
13 0.6135416666666667 0.790740740740741 0.5651041666666666 0.790740740740741 0.5651041666666666 0.8750000000000002 0.6135416666666667 0.8750000000000002
5 0.7375 0.7120370370370372 0.6963541666666667 0.7120370370370372 0.6963541666666667 0.7842592592592594 0.7375 0.7842592592592594
3 0.6265625 0.5916666666666669 0.5932291666666667 0.5916666666666669 0.5932291666666667 0.6500000000000002 0.6265625 0.6500000000000002
7 0.6942708333333333 0.5981481481481483 0.6541666666666667 0.5981481481481483 0.6541666666666667 0.6694444444444446 0.6942708333333333 0.6694444444444446
4 0.47604166666666664 0.21296296296296308 0.4322916666666667 0.21296296296296308 0.4322916666666667 0.288888888888889 0.47604166666666664 0.288888888888889
3 0.40833333333333344 0.8611111111111112 0.3760416666666668 0.8611111111111112 0.3760416666666668 0.9185185185185185 0.40833333333333344 0.9185185185185185
1 0.7713541666666667 0.6666666666666669 0.7291666666666666 0.6666666666666669 0.7291666666666666 0.7444444444444447 0.7713541666666667 0.7444444444444447
5 0.5218750000000001 0.9731481481481481 0.4822916666666668 0.9731481481481481 0.4822916666666668 1 0.5218750000000001 1
2 0.328125 0.6842592592592592 0.2942708333333333 0.6842592592592592 0.2942708333333333 0.7425925925925926 0.328125 0.7425925925925926
9 0.5916666666666667 0.8962962962962965 0.559375 0.8962962962962965 0.559375 0.9537037037037037 0.5916666666666667 0.9537037037037037
3 0.7052083333333333 0.5037037037037039 0.6708333333333333 0.5037037037037039 0.6708333333333333 0.564814814814815 0.7052083333333333 0.564814814814815
10 0.5182291666666666 0.163888888888889 0.47291666666666665 0.163888888888889 0.47291666666666665 0.24351851851851863 0.5182291666666666 0.24351851851851863
4 0.2864583333333333 0.45370370370370383 0.24375000000000005 0.45370370370370383 0.24375000000000005 0.5277777777777778 0.2864583333333333 0.5277777777777778
0 0.5598958333333334 0.12962962962962973 0.5151041666666667 0.12962962962962973 0.5151041666666667 0.2074074074074075 0.5598958333333334 0.2074074074074075
10 0.32395833333333335 0.400925925925926 0.28072916666666664 0.400925925925926 0.28072916666666664 0.4759259259259259 0.32395833333333335 0.4759259259259259
6 0.3390625 0.575925925925926 0.29583333333333334 0.575925925925926 0.29583333333333334 0.6509259259259259 0.3390625 0.6509259259259259
2 0.625 0.325925925925926 0.5901041666666667 0.325925925925926 0.5901041666666667 0.3870370370370371 0.625 0.3870370370370371
11 0.5588541666666667 0.9287037037037039 0.5197916666666668 0.9287037037037039 0.5197916666666668 0.9981481481481481 0.5588541666666667 0.9981481481481481
11 0.70625 0.7564814814814816 0.6651041666666667 0.7564814814814816 0.6651041666666667 0.8296296296296298 0.70625 0.8296296296296298
8 0.3572916666666667 0.3675925925925927 0.3229166666666667 0.3675925925925927 0.3229166666666667 0.426851851851852 0.3572916666666667 0.426851851851852
12 0.4354166666666667 0.35648148148148157 0.3828125 0.35648148148148157 0.3828125 0.44814814814814824 0.4354166666666667 0.44814814814814824