7 0.5171875 0.5833333333333335 0.47760416666666666 0.5833333333333334 0.47760416666666666 0.6444444444444446 0.5171875 0.6444444444444447
0 0.51875 0.15462962962962973 0.48020833333333335 0.15462962962962973 0.48020833333333335 0.21666666666666679 0.51875 0.21666666666666679
4 0.571875 0.0740740740740742 0.5338541666666666 0.07407407407407418 0.5338541666666666 0.13333333333333344 0.571875 0.13333333333333344
7 0.46197916666666666 0.7574074074074074 0.4234375 0.7574074074074074 0.4234375 0.8203703703703704 0.46197916666666666 0.8203703703703704
1 0.5729166666666666 0.6759259259259262 0.5333333333333333 0.6759259259259262 0.5333333333333333 0.7379629629629632 0.5729166666666666 0.7379629629629632
2 0.4010416666666667 0.7555555555555555 0.37135416666666665 0.7555555555555555 0.37135416666666665 0.8074074074074075 0.4010416666666667 0.8074074074074075
5 0.4677083333333334 0.8462962962962963 0.42864583333333334 0.8462962962962963 0.4286458333333334 0.9083333333333333 0.46770833333333345 0.9083333333333333
3 0.6234375 0.1629629629629631 0.5927083333333333 0.16296296296296306 0.5927083333333333 0.2101851851851853 0.6234375 0.21018518518518534
9 0.5171875 0.7694444444444447 0.4859375 0.7694444444444447 0.4859375 0.8203703703703705 0.5171875 0.8203703703703705
5 0.4666666666666667 0.6777777777777778 0.4270833333333333 0.6777777777777778 0.4270833333333333 0.7407407407407407 0.4666666666666667 0.7407407407407407
2 0.6244791666666667 0.7703703703703706 0.5927083333333333 0.7703703703703706 0.5927083333333333 0.8194444444444446 0.6244791666666667 0.8194444444444446
2 0.6265625 0.8518518518518521 0.5963541666666666 0.8518518518518521 0.5963541666666666 0.901851851851852 0.6265625 0.901851851851852
2 0.3994791666666667 0.8490740740740741 0.3697916666666667 0.8490740740740741 0.36979166666666674 0.9 0.3994791666666668 0.9
10 0.521875 0.07314814814814825 0.48385416666666664 0.07314814814814825 0.48385416666666664 0.13055555555555567 0.521875 0.13055555555555567
11 0.5145833333333334 0.8435185185185187 0.475 0.8435185185185186 0.47500000000000003 0.9064814814814816 0.5145833333333335 0.9064814814814817
3 0.6729166666666667 0.09351851851851867 0.6427083333333333 0.09351851851851865 0.6427083333333333 0.13796296296296312 0.6729166666666667 0.13796296296296312
3 0.6255208333333333 0.08148148148148161 0.5953125 0.08148148148148161 0.5953125 0.1277777777777779 0.6255208333333333 0.12777777777777793
13 0.5765625 0.7500000000000002 0.5307291666666667 0.7500000000000002 0.5307291666666667 0.8259259259259262 0.5765625 0.8259259259259262
1 0.571875 0.8435185185185188 0.5322916666666667 0.8435185185185188 0.5322916666666667 0.9074074074074077 0.571875 0.9074074074074077
6 0.46979166666666666 0.07037037037037047 0.4317708333333333 0.07037037037037047 0.4317708333333333 0.12962962962962973 0.46979166666666666 0.12962962962962973
6 0.5208333333333334 0.31666666666666676 0.48333333333333334 0.31666666666666676 0.48333333333333334 0.37962962962962976 0.5208333333333334 0.37962962962962976
12 0.4666666666666667 0.14444444444444454 0.421875 0.14444444444444454 0.421875 0.21944444444444455 0.4666666666666667 0.21944444444444455
3 0.4078125 0.07592592592592601 0.378125 0.07592592592592601 0.378125 0.1212962962962964 0.4078125 0.1212962962962964
0 0.465625 0.2314814814814816 0.43020833333333336 0.2314814814814816 0.43020833333333336 0.2925925925925927 0.465625 0.2925925925925927
4 0.5239583333333333 0.23703703703703713 0.48385416666666664 0.23703703703703713 0.48385416666666664 0.301851851851852 0.5239583333333333 0.301851851851852
8 0.5692708333333333 0.23703703703703713 0.5395833333333333 0.23703703703703713 0.5395833333333333 0.28703703703703715 0.5692708333333333 0.28703703703703715
10 0.5708333333333333 0.14444444444444454 0.5333333333333333 0.14444444444444454 0.5333333333333333 0.20925925925925937 0.5708333333333333 0.20925925925925937
2 0.6776041666666667 0.8546296296296299 0.6489583333333333 0.8546296296296299 0.6489583333333333 0.9046296296296299 0.6776041666666667 0.9046296296296299
3 0.40572916666666664 0.15462962962962973 0.375 0.15462962962962973 0.375 0.21018518518518528 0.40572916666666664 0.21018518518518528
11 0.5151041666666667 0.6722222222222223 0.4791666666666667 0.6722222222222223 0.4791666666666667 0.7351851851851853 0.5151041666666667 0.7351851851851854