2 0.49635416666666665 0.650925925925926 0.46979166666666666 0.6509259259259259 0.46979166666666666 0.6972222222222223 0.49635416666666665 0.6972222222222224
10 0.3645833333333333 0.7481481481481481 0.33177083333333335 0.7481481481481481 0.33177083333333335 0.8083333333333333 0.3645833333333333 0.8083333333333333
3 0.59375 0.8296296296296298 0.5661458333333333 0.8296296296296298 0.5661458333333333 0.8805555555555558 0.59375 0.8805555555555558
3 0.40572916666666664 0.32314814814814824 0.3807291666666667 0.32314814814814824 0.3807291666666667 0.3675925925925927 0.40572916666666664 0.3675925925925927
12 0.6755208333333333 0.37592592592592605 0.6359375 0.37592592592592605 0.6359375 0.4462962962962964 0.6755208333333333 0.4462962962962964
1 0.6776041666666667 0.6342592592592595 0.6442708333333333 0.6342592592592595 0.6442708333333333 0.6953703703703705 0.6776041666666667 0.6953703703703705
3 0.5338541666666666 0.2324074074074075 0.5078125 0.2324074074074075 0.5078125 0.2777777777777779 0.5338541666666666 0.2777777777777779
2 0.5348958333333333 0.38796296296296306 0.5083333333333333 0.38796296296296306 0.5083333333333333 0.4351851851851853 0.5348958333333333 0.4351851851851853
13 0.36875 0.4777777777777778 0.3296875 0.4777777777777778 0.3296875 0.5472222222222223 0.36875 0.5472222222222223
9 0.3651041666666667 0.575925925925926 0.3390625 0.575925925925926 0.3390625 0.6222222222222222 0.3651041666666667 0.6222222222222222
0 0.45260416666666664 0.5638888888888889 0.4203125 0.5638888888888889 0.4203125 0.6222222222222222 0.45260416666666664 0.6222222222222222
8 0.63125 0.5620370370370372 0.6046875 0.5620370370370372 0.6046875 0.6111111111111113 0.63125 0.6111111111111113
3 0.5010416666666667 0.7370370370370372 0.4739583333333333 0.737037037037037 0.4739583333333333 0.7842592592592593 0.5010416666666667 0.7842592592592594
6 0.4973958333333333 0.4787037037037038 0.46458333333333335 0.4787037037037037 0.46458333333333335 0.5379629629629631 0.4973958333333333 0.5379629629629632
5 0.46041666666666664 0.7398148148148148 0.42604166666666665 0.7398148148148148 0.42604166666666665 0.8018518518518518 0.46041666666666664 0.8018518518518518
2 0.5401041666666667 0.47314814814814826 0.5135416666666667 0.47314814814814826 0.5135416666666667 0.5194444444444447 0.5401041666666667 0.5194444444444447
11 0.36875 0.24907407407407417 0.3380208333333333 0.24907407407407417 0.3380208333333333 0.3037037037037038 0.36875 0.3037037037037038
8 0.6697916666666667 0.5546296296296298 0.64375 0.5546296296296298 0.64375 0.603703703703704 0.6697916666666667 0.603703703703704
7 0.4921875 0.31203703703703717 0.46041666666666664 0.31203703703703717 0.46041666666666664 0.3675925925925927 0.4921875 0.3675925925925927
4 0.6375 0.7333333333333335 0.6036458333333333 0.7333333333333335 0.6036458333333333 0.7953703703703706 0.6375 0.7953703703703706
10 0.5828125 0.38240740740740753 0.55 0.38240740740740753 0.55 0.43981481481481494 0.5828125 0.43981481481481494
2 0.44895833333333335 0.1675925925925927 0.4244791666666667 0.1675925925925927 0.4244791666666667 0.21018518518518528 0.44895833333333335 0.21018518518518528
6 0.41041666666666665 0.6537037037037037 0.3776041666666667 0.6537037037037037 0.3776041666666667 0.7138888888888889 0.41041666666666665 0.7138888888888889
5 0.6817708333333333 0.728703703703704 0.646875 0.728703703703704 0.646875 0.7898148148148151 0.6817708333333333 0.7898148148148151
7 0.32447916666666665 0.4925925925925926 0.29270833333333335 0.4925925925925926 0.29270833333333335 0.5481481481481482 0.32447916666666665 0.5481481481481482
3 0.5385416666666667 0.551851851851852 0.5114583333333333 0.551851851851852 0.5114583333333333 0.5990740740740743 0.5385416666666667 0.5990740740740743
9 0.40520833333333334 0.49074074074074076 0.3796875 0.49074074074074076 0.3796875 0.537962962962963 0.40520833333333334 0.537962962962963
1 0.6182291666666667 0.1453703703703705 0.5854166666666667 0.14537037037037048 0.5854166666666667 0.20000000000000012 0.6182291666666667 0.20000000000000015
2 0.45781250000000007 0.8277777777777777 0.43072916666666666 0.8277777777777777 0.4307291666666667 0.8768518518518519 0.4578125000000001 0.8768518518518519
11 0.5921875 0.6444444444444447 0.5583333333333333 0.6444444444444447 0.5583333333333333 0.7046296296296298 0.5921875 0.7046296296296298
0 0.4546875 0.3925925925925927 0.421875 0.3925925925925927 0.421875 0.450925925925926 0.4546875 0.450925925925926
4 0.5895833333333333 0.551851851851852 0.55625 0.551851851851852 0.55625 0.614814814814815 0.5895833333333333 0.614814814814815