0 0.3880208333333333 0.01759259259259267 0.34010416666666665 0.017592592592592667 0.34010416666666665 0.08425925925925934 0.3880208333333333 0.08425925925925934
4 0.715625 0.2712962962962964 0.6682291666666667 0.2712962962962964 0.6682291666666667 0.3490740740740742 0.715625 0.3490740740740742
2 0.6109375 0.4629629629629631 0.571875 0.4629629629629631 0.571875 0.5240740740740742 0.6109375 0.5240740740740742
2 0.5171875 0.38240740740740753 0.47760416666666666 0.38240740740740753 0.47760416666666666 0.44444444444444453 0.5171875 0.44444444444444453
1 0.5963541666666666 0.9370370370370372 0.55 0.9370370370370372 0.55 1 0.5963541666666666 1
3 0.46510416666666665 0.6129629629629629 0.42864583333333334 0.6129629629629629 0.42864583333333334 0.6722222222222223 0.46510416666666665 0.6722222222222223
12 0.5536458333333333 0.213888888888889 0.496875 0.213888888888889 0.496875 0.3074074074074075 0.5536458333333333 0.3074074074074075
13 0.44583333333333336 0.7351851851851852 0.3927083333333333 0.7351851851851852 0.3927083333333333 0.8240740740740741 0.44583333333333336 0.8240740740740741
2 0.70625 0.5388888888888891 0.6671875 0.5388888888888891 0.6671875 0.6000000000000002 0.70625 0.6000000000000002
11 0.3359375 0.725 0.290625 0.725 0.290625 0.8009259259259259 0.3359375 0.8009259259259259
1 0.2505208333333334 0.6425925925925926 0.20625000000000007 0.6425925925925926 0.20625000000000007 0.7129629629629629 0.2505208333333334 0.7129629629629629
2 0.41875 0.3157407407407408 0.3796875 0.3157407407407408 0.3796875 0.3787037037037038 0.41875 0.3787037037037038
3 0.6479166666666667 0.7537037037037039 0.6109375 0.7537037037037039 0.6109375 0.8120370370370372 0.6479166666666667 0.8120370370370372
7 0.5927083333333333 0.7648148148148151 0.546875 0.7648148148148151 0.546875 0.8388888888888891 0.5927083333333333 0.8388888888888891
5 0.5619791666666667 0.8981481481481484 0.5151041666666668 0.8981481481481484 0.5151041666666668 0.9722222222222222 0.5619791666666667 0.9722222222222222
2 0.3265625 0.23981481481481493 0.2875 0.23981481481481493 0.2875 0.3000000000000001 0.3265625 0.3000000000000001
4 0.4817708333333333 0.0925925925925927 0.43385416666666665 0.0925925925925927 0.43385416666666665 0.17222222222222233 0.4817708333333333 0.17222222222222233
3 0.5572916666666666 0.6814814814814817 0.5192708333333333 0.6814814814814817 0.5192708333333333 0.7416666666666669 0.5572916666666666 0.7416666666666669
11 0.5125000000000001 0.8685185185185186 0.46770833333333345 0.8685185185185185 0.46770833333333345 0.9416666666666668 0.5125000000000001 0.9416666666666669
7 0.31354166666666666 0.5574074074074075 0.26875 0.5574074074074075 0.26875 0.6287037037037037 0.31354166666666666 0.6287037037037037
3 0.37395833333333334 0.5287037037037037 0.33645833333333336 0.5287037037037037 0.33645833333333336 0.5879629629629629 0.37395833333333334 0.5879629629629629
3 0.2875 0.45555555555555566 0.2510416666666667 0.45555555555555566 0.2510416666666667 0.5138888888888888 0.2875 0.5138888888888888
5 0.2953125 0.6888888888888889 0.2515625000000001 0.6888888888888889 0.2515625000000001 0.7601851851851852 0.2953125 0.7601851851851852
9 0.4645833333333334 0.8379629629629629 0.428125 0.8379629629629629 0.42812500000000003 0.8962962962962963 0.46458333333333346 0.8962962962962963
8 0.5203125 0.11481481481481493 0.4822916666666667 0.11481481481481493 0.4822916666666667 0.1777777777777779 0.5203125 0.1777777777777779
6 0.6859375 0.42407407407407416 0.6390625 0.42407407407407416 0.6390625 0.5009259259259261 0.6859375 0.5009259259259261
9 0.3697916666666667 0.7685185185185185 0.3328125 0.7685185185185185 0.3328125 0.8277777777777777 0.3697916666666667 0.8277777777777777
6 0.390625 0.1861111111111112 0.3421875 0.18611111111111117 0.3421875 0.2666666666666668 0.390625 0.2666666666666668
0 0.7588541666666667 0.31018518518518534 0.7098958333333333 0.3101851851851853 0.7098958333333333 0.3907407407407409 0.7588541666666667 0.39074074074074094
10 0.66875 0.2296296296296298 0.6192708333333333 0.2296296296296298 0.6192708333333333 0.3101851851851853 0.66875 0.3101851851851853
10 0.4296875 0.05277777777777786 0.38229166666666664 0.052777777777777854 0.38229166666666664 0.13333333333333344 0.4296875 0.13333333333333344
8 0.6125 0.18888888888888902 0.5729166666666666 0.188888888888889 0.5729166666666666 0.25925925925925936 0.6125 0.25925925925925936