6 0.3489583333333333 0.2962962962962964 0.31197916666666664 0.2962962962962964 0.31197916666666664 0.36203703703703716 0.3489583333333333 0.36203703703703716
3 0.5302083333333333 0.5259259259259261 0.4984375 0.5259259259259261 0.4984375 0.5805555555555557 0.5302083333333333 0.5805555555555557
4 0.303125 0.5657407407407408 0.26510416666666675 0.5657407407407408 0.26510416666666675 0.6305555555555555 0.303125 0.6305555555555555
3 0.5270833333333333 0.3472222222222223 0.4973958333333333 0.3472222222222223 0.4973958333333333 0.400925925925926 0.5270833333333333 0.400925925925926
3 0.5229166666666667 0.26111111111111124 0.49375 0.26111111111111124 0.49375 0.31296296296296305 0.5229166666666667 0.31296296296296305
3 0.5239583333333333 0.43055555555555564 0.4942708333333333 0.43055555555555564 0.4942708333333333 0.48425925925925944 0.5239583333333333 0.48425925925925944
7 0.5802083333333333 0.5962962962962965 0.5401041666666667 0.5962962962962965 0.5401041666666667 0.665740740740741 0.5802083333333333 0.665740740740741
1 0.5729166666666666 0.33240740740740754 0.5348958333333333 0.33240740740740754 0.5348958333333333 0.3990740740740742 0.5729166666666666 0.3990740740740742
2 0.39010416666666664 0.20648148148148157 0.3614583333333333 0.20648148148148154 0.3614583333333333 0.2564814814814816 0.39010416666666664 0.2564814814814816
3 0.5208333333333334 0.18148148148148158 0.4901041666666667 0.18148148148148158 0.4901041666666667 0.23333333333333345 0.5208333333333334 0.23333333333333345
2 0.3880208333333333 0.2879629629629631 0.35833333333333334 0.2879629629629631 0.35833333333333334 0.3416666666666668 0.3880208333333333 0.3416666666666668
2 0.39010416666666664 0.5546296296296296 0.359375 0.5546296296296296 0.359375 0.6074074074074074 0.39010416666666664 0.6074074074074074
5 0.6270833333333333 0.5870370370370372 0.5875 0.5870370370370372 0.5875 0.6564814814814817 0.6270833333333333 0.6564814814814817
6 0.3494791666666667 0.5555555555555556 0.3104166666666667 0.5555555555555556 0.3104166666666667 0.6231481481481481 0.3494791666666667 0.6231481481481481
7 0.5713541666666667 0.24907407407407417 0.5333333333333333 0.24907407407407417 0.5333333333333333 0.313888888888889 0.5713541666666667 0.313888888888889
8 0.3 0.3101851851851853 0.2703125 0.3101851851851853 0.2703125 0.3601851851851853 0.3 0.3601851851851853
2 0.3875 0.46944444444444455 0.35625 0.46944444444444455 0.35625 0.5222222222222223 0.3875 0.5222222222222223
1 0.5755208333333334 0.5046296296296299 0.5369791666666667 0.5046296296296299 0.5369791666666667 0.5703703703703705 0.5755208333333334 0.5703703703703705
5 0.6104166666666667 0.15462962962962976 0.5729166666666666 0.15462962962962973 0.5729166666666666 0.2203703703703705 0.6104166666666667 0.22037037037037052
8 0.3015625 0.475 0.271875 0.475 0.271875 0.5277777777777778 0.3015625 0.5277777777777778
9 0.615625 0.41944444444444456 0.5854166666666667 0.41944444444444456 0.5854166666666667 0.4722222222222223 0.615625 0.4722222222222223
9 0.6114583333333333 0.24722222222222232 0.58125 0.24722222222222232 0.58125 0.29907407407407416 0.6114583333333333 0.29907407407407416
12 0.309375 0.37314814814814823 0.26197916666666665 0.37314814814814823 0.2619791666666667 0.4546296296296297 0.309375 0.4546296296296297
0 0.3046875 0.6527777777777778 0.26666666666666666 0.6527777777777778 0.26666666666666666 0.7185185185185186 0.3046875 0.7185185185185186
4 0.30572916666666666 0.22407407407407412 0.2677083333333333 0.22407407407407412 0.2677083333333333 0.288888888888889 0.30572916666666666 0.288888888888889
0 0.35052083333333334 0.21481481481481488 0.31145833333333334 0.21481481481481488 0.31145833333333334 0.2814814814814816 0.35052083333333334 0.2814814814814816
10 0.35 0.37592592592592605 0.3104166666666667 0.37592592592592605 0.3104166666666667 0.44537037037037047 0.35 0.44537037037037047
10 0.34791666666666665 0.4611111111111112 0.3072916666666667 0.4611111111111112 0.3072916666666667 0.5333333333333333 0.34791666666666665 0.5333333333333333
13 0.6255208333333333 0.31666666666666676 0.5760416666666667 0.31666666666666676 0.5760416666666667 0.400925925925926 0.6255208333333333 0.400925925925926
11 0.5755208333333334 0.42037037037037045 0.5354166666666667 0.42037037037037045 0.5354166666666667 0.490740740740741 0.5755208333333334 0.490740740740741
11 0.6260416666666667 0.49444444444444463 0.5848958333333333 0.49444444444444463 0.5848958333333333 0.5666666666666669 0.6260416666666667 0.5666666666666669
2 0.39166666666666666 0.37592592592592605 0.359375 0.37592592592592605 0.359375 0.4314814814814816 0.39166666666666666 0.4314814814814816