3 0.6083333333333333 0.1953703703703705 0.5682291666666667 0.19537037037037047 0.5682291666666667 0.2712962962962964 0.6083333333333333 0.2712962962962964
2 0.3578125 0.7787037037037037 0.31875 0.7787037037037037 0.31875 0.85 0.3578125 0.85
7 0.5692708333333333 0.22222222222222232 0.5182291666666666 0.22222222222222232 0.5182291666666666 0.31666666666666676 0.5692708333333333 0.31666666666666676
4 0.43854166666666666 0.6175925925925926 0.3890625 0.6175925925925926 0.3890625 0.7074074074074074 0.43854166666666666 0.7074074074074074
12 0.6104166666666667 0.3962962962962964 0.5505208333333333 0.3962962962962964 0.5505208333333333 0.5064814814814816 0.6104166666666667 0.5064814814814816
2 0.4119791666666667 0.5416666666666666 0.3703125 0.5416666666666666 0.3703125 0.6175925925925926 0.4119791666666667 0.6175925925925926
4 0.4015625 0.4407407407407408 0.35052083333333334 0.4407407407407408 0.35052083333333334 0.5342592592592592 0.4015625 0.5342592592592592
2 0.2859375 0.42777777777777787 0.24583333333333332 0.42777777777777787 0.24583333333333338 0.5018518518518519 0.2859375 0.5018518518518519
11 0.6760416666666667 0.2537037037037038 0.6239583333333333 0.2537037037037038 0.6239583333333333 0.3490740740740742 0.6760416666666667 0.3490740740740742
0 0.26666666666666666 0.5277777777777778 0.2177083333333334 0.5277777777777778 0.2177083333333334 0.6194444444444445 0.26666666666666666 0.6194444444444445
11 0.7171875 0.43055555555555564 0.665625 0.43055555555555564 0.665625 0.5250000000000002 0.7171875 0.5250000000000002
3 0.6833333333333333 0.5574074074074076 0.6421875 0.5574074074074076 0.6421875 0.6324074074074076 0.6833333333333333 0.6324074074074076
1 0.6489583333333333 0.36666666666666675 0.596875 0.36666666666666675 0.596875 0.4629629629629631 0.6489583333333333 0.4629629629629631
10 0.32708333333333334 0.5916666666666667 0.27708333333333335 0.5916666666666667 0.27708333333333335 0.6833333333333333 0.32708333333333334 0.6833333333333333
1 0.6958333333333333 0.3351851851851853 0.6432291666666666 0.3351851851851853 0.6432291666666666 0.4324074074074075 0.6958333333333333 0.4324074074074075
7 0.640625 0.5870370370370372 0.5901041666666667 0.5870370370370372 0.5901041666666667 0.677777777777778 0.640625 0.677777777777778
6 0.409375 0.7444444444444445 0.359375 0.7444444444444445 0.359375 0.8342592592592593 0.409375 0.8342592592592593
13 0.3770833333333333 0.5555555555555556 0.3177083333333333 0.5555555555555556 0.3177083333333333 0.6657407407407407 0.3770833333333333 0.6657407407407407
8 0.665625 0.46944444444444455 0.6244791666666667 0.46944444444444455 0.6244791666666667 0.5444444444444446 0.665625 0.5444444444444446
9 0.30572916666666666 0.5037037037037037 0.26510416666666675 0.5037037037037037 0.26510416666666675 0.5787037037037037 0.30572916666666666 0.5787037037037037
5 0.58125 0.527777777777778 0.5296875 0.527777777777778 0.5296875 0.6222222222222225 0.58125 0.6222222222222225
3 0.6177083333333333 0.502777777777778 0.5760416666666667 0.502777777777778 0.5760416666666667 0.5814814814814817 0.6177083333333333 0.5814814814814817
2 0.35052083333333334 0.48518518518518516 0.3098958333333333 0.48518518518518516 0.3098958333333333 0.5601851851851852 0.35052083333333334 0.5601851851851852
6 0.334375 0.38425925925925936 0.284375 0.38425925925925936 0.284375 0.47685185185185186 0.334375 0.47685185185185186
8 0.6291666666666667 0.29074074074074086 0.5885416666666666 0.29074074074074086 0.5885416666666666 0.36574074074074087 0.6291666666666667 0.36574074074074087
0 0.3 0.7092592592592593 0.2520833333333334 0.7092592592592593 0.2520833333333334 0.7972222222222223 0.3 0.7972222222222223
5 0.5416666666666666 0.34074074074074084 0.49270833333333336 0.34074074074074084 0.49270833333333336 0.4324074074074075 0.5416666666666666 0.4324074074074075
9 0.3463541666666667 0.6898148148148148 0.30364583333333334 0.6898148148148148 0.30364583333333334 0.7638888888888888 0.3463541666666667 0.7638888888888888
10 0.28541666666666665 0.6240740740740741 0.23645833333333338 0.6240740740740741 0.23645833333333338 0.7129629629629629 0.28541666666666665 0.7129629629629629
3 0.5479166666666667 0.44351851851851865 0.509375 0.44351851851851865 0.509375 0.5111111111111113 0.5479166666666667 0.5111111111111113
3 0.58125 0.32222222222222235 0.5395833333333333 0.32222222222222235 0.5395833333333333 0.3916666666666668 0.58125 0.3916666666666668
2 0.38385416666666666 0.6731481481481482 0.3453125 0.6731481481481482 0.3453125 0.7416666666666667 0.38385416666666666 0.7416666666666667