3 0.35625 0.3333333333333334 0.32760416666666664 0.3333333333333334 0.32760416666666664 0.37407407407407417 0.35625 0.37407407407407417
3 0.459375 0.313888888888889 0.43072916666666666 0.313888888888889 0.43072916666666666 0.35648148148148157 0.459375 0.35648148148148157
4 0.3848958333333333 0.7972222222222223 0.3484375 0.7972222222222223 0.3484375 0.8555555555555555 0.3848958333333333 0.8555555555555555
4 0.6364583333333333 0.7759259259259261 0.5994791666666667 0.7759259259259261 0.5994791666666667 0.8324074074074076 0.6364583333333333 0.8324074074074076
0 0.2833333333333334 0.825925925925926 0.24687500000000007 0.825925925925926 0.24687500000000007 0.8833333333333333 0.28333333333333344 0.8833333333333333
11 0.546875 0.08518518518518531 0.5098958333333333 0.0851851851851853 0.5098958333333333 0.13796296296296306 0.546875 0.13796296296296306
1 0.6375 0.0703703703703705 0.6 0.0703703703703705 0.6 0.12314814814814828 0.6375 0.12314814814814831
12 0.47239583333333335 0.7074074074074074 0.42864583333333334 0.7074074074074074 0.42864583333333334 0.7787037037037037 0.47239583333333335 0.7787037037037037
7 0.30416666666666664 0.25740740740740753 0.26927083333333335 0.25740740740740753 0.26927083333333335 0.31203703703703717 0.30416666666666664 0.31203703703703717
1 0.25833333333333336 0.1407407407407408 0.2234375 0.1407407407407408 0.2234375 0.18981481481481488 0.25833333333333336 0.18981481481481488
7 0.6026041666666667 0.23425925925925936 0.5666666666666667 0.23425925925925936 0.5666666666666667 0.28703703703703715 0.6026041666666667 0.28703703703703715
2 0.5703125 0.5472222222222224 0.5385416666666667 0.5472222222222224 0.5385416666666667 0.589814814814815 0.5703125 0.589814814814815
5 0.31197916666666664 0.12222222222222227 0.27708333333333335 0.12222222222222227 0.27708333333333335 0.17407407407407413 0.31197916666666664 0.17407407407407413
3 0.5546875 0.30092592592592604 0.5239583333333333 0.30092592592592604 0.5239583333333333 0.3435185185185186 0.5546875 0.3435185185185186
6 0.3145833333333333 0.6583333333333333 0.2786458333333333 0.6583333333333333 0.2786458333333333 0.7129629629629629 0.3145833333333333 0.7129629629629629
3 0.6520833333333333 0.2898148148148149 0.621875 0.2898148148148149 0.621875 0.3333333333333334 0.6520833333333333 0.3333333333333334
2 0.46822916666666664 0.5638888888888889 0.43645833333333334 0.5638888888888889 0.43645833333333334 0.6064814814814815 0.46822916666666664 0.6064814814814815
9 0.39479166666666665 0.10462962962962971 0.365625 0.10462962962962971 0.365625 0.14444444444444454 0.39479166666666665 0.14444444444444454
9 0.4947916666666667 0.09629629629629641 0.4661458333333333 0.09629629629629641 0.4661458333333333 0.13425925925925936 0.4947916666666667 0.13425925925925936
2 0.6734375 0.5324074074074077 0.640625 0.5324074074074077 0.640625 0.5759259259259262 0.6734375 0.5759259259259262
2 0.3645833333333333 0.5657407407407408 0.334375 0.5657407407407408 0.334375 0.6083333333333333 0.3645833333333333 0.6083333333333333
3 0.26197916666666665 0.35277777777777786 0.234375 0.3527777777777778 0.234375 0.3944444444444445 0.26197916666666665 0.39444444444444454
5 0.59375 0.08703703703703716 0.5572916666666666 0.08703703703703716 0.5572916666666666 0.13981481481481492 0.59375 0.13981481481481492
2 0.26510416666666675 0.5824074074074074 0.23385416666666672 0.5824074074074074 0.23385416666666672 0.6240740740740741 0.26510416666666675 0.6240740740740741
13 0.46145833333333336 0.15740740740740752 0.42083333333333334 0.15740740740740752 0.42083333333333334 0.2212962962962964 0.46145833333333336 0.2212962962962964
6 0.6322916666666667 0.6092592592592595 0.5953125 0.6092592592592595 0.5953125 0.6648148148148151 0.6322916666666667 0.6648148148148151
11 0.353125 0.10648148148148157 0.3182291666666667 0.10648148148148157 0.3182291666666667 0.16018518518518524 0.353125 0.16018518518518524
8 0.42656250000000007 0.8194444444444444 0.39739583333333334 0.8194444444444444 0.3973958333333334 0.8657407407407407 0.4265625000000001 0.8657407407407407
8 0.5234375 0.7962962962962965 0.4947916666666667 0.7962962962962965 0.4947916666666667 0.8425925925925928 0.5234375 0.8425925925925928
0 0.6848958333333334 0.7638888888888891 0.646875 0.7638888888888891 0.646875 0.8212962962962965 0.6848958333333334 0.8212962962962965
10 0.33125000000000004 0.8027777777777778 0.296875 0.8027777777777778 0.29687500000000006 0.862037037037037 0.3312500000000001 0.862037037037037
10 0.5848958333333333 0.777777777777778 0.546875 0.777777777777778 0.546875 0.8425925925925928 0.5848958333333333 0.8425925925925928