13 0.3625 0.3472222222222223 0.30625 0.3472222222222223 0.30625 0.45555555555555566 0.3625 0.45555555555555566
8 0.6859375 0.6324074074074076 0.6515625 0.6324074074074076 0.6515625 0.7009259259259262 0.6859375 0.7009259259259262
3 0.48385416666666664 0.23611111111111122 0.4473958333333333 0.23611111111111122 0.4473958333333333 0.3074074074074075 0.48385416666666664 0.3074074074074075
3 0.4078125 0.5842592592592593 0.37135416666666665 0.5842592592592593 0.37135416666666665 0.6537037037037037 0.4078125 0.6537037037037037
2 0.609375 0.3101851851851853 0.5739583333333333 0.3101851851851853 0.5739583333333333 0.37962962962962976 0.609375 0.37962962962962976
2 0.5421875 0.6638888888888891 0.50625 0.6638888888888891 0.50625 0.7342592592592595 0.5421875 0.7342592592592595
2 0.5036458333333333 0.8370370370370371 0.46927083333333336 0.837037037037037 0.4692708333333334 0.9046296296296298 0.5036458333333335 0.9046296296296299
2 0.5786458333333333 0.4925925925925928 0.5432291666666667 0.4925925925925928 0.5432291666666667 0.5611111111111113 0.5786458333333333 0.5611111111111113
2 0.6484375 0.13888888888888903 0.6130208333333333 0.13888888888888903 0.6130208333333333 0.20648148148148163 0.6484375 0.20648148148148163
12 0.6708333333333333 0.5092592592592595 0.6182291666666667 0.5092592592592595 0.6182291666666667 0.6111111111111113 0.6708333333333333 0.6111111111111113
3 0.5223958333333333 0.06574074074074085 0.4875 0.06574074074074085 0.4875 0.13425925925925936 0.5223958333333333 0.13425925925925936
6 0.5682291666666667 0.7722222222222225 0.5239583333333333 0.7722222222222225 0.5239583333333333 0.8555555555555557 0.5682291666666667 0.8555555555555557
7 0.35885416666666664 0.6453703703703704 0.31354166666666666 0.6453703703703704 0.31354166666666666 0.7333333333333333 0.35885416666666664 0.7333333333333333
6 0.6791666666666667 0.23796296296296307 0.6364583333333333 0.23796296296296307 0.6364583333333333 0.31851851851851865 0.6791666666666667 0.31851851851851865
8 0.721875 0.47777777777777797 0.6880208333333333 0.47777777777777797 0.6880208333333333 0.5444444444444446 0.721875 0.5444444444444446
7 0.4640625 0.10092592592592602 0.41822916666666665 0.100925925925926 0.41822916666666665 0.188888888888889 0.4640625 0.188888888888889
4 0.7322916666666667 0.3824074074074076 0.6875 0.38240740740740753 0.6875 0.4675925925925927 0.7322916666666667 0.4675925925925928
3 0.37135416666666665 0.7611111111111111 0.33541666666666664 0.7611111111111111 0.33541666666666664 0.8314814814814815 0.37135416666666665 0.8314814814814815
4 0.6510416666666666 0.8055555555555558 0.6088541666666667 0.8055555555555558 0.6088541666666667 0.8879629629629632 0.6510416666666666 0.8879629629629632
5 0.2661458333333334 0.5981481481481481 0.22031250000000005 0.5981481481481481 0.22031250000000005 0.687962962962963 0.2661458333333334 0.687962962962963
10 0.6703125 0.7175925925925928 0.6276041666666666 0.7175925925925928 0.6276041666666666 0.8009259259259262 0.6703125 0.8009259259259262
0 0.771875 0.2166666666666668 0.7291666666666666 0.2166666666666668 0.7291666666666666 0.3000000000000002 0.771875 0.3000000000000002
3 0.44114583333333335 0.4175925925925927 0.4046875 0.4175925925925927 0.4046875 0.48703703703703705 0.44114583333333335 0.48703703703703705
0 0.634375 0.8842592592592595 0.5890625 0.8842592592592595 0.5890625 0.9305555555555558 0.634375 0.9305555555555558
10 0.7515625 0.2953703703703705 0.7078125 0.29537037037037045 0.7078125 0.37962962962962976 0.7515625 0.3796296296296298
1 0.2458333333333334 0.6712962962962963 0.19843750000000007 0.6712962962962963 0.19843750000000007 0.7601851851851852 0.2458333333333334 0.7601851851851852
11 0.2833333333333333 0.5037037037037037 0.2348958333333334 0.5037037037037037 0.2348958333333334 0.5990740740740741 0.2833333333333333 0.5990740740740741
9 0.30052083333333335 0.4166666666666668 0.2604166666666667 0.4166666666666668 0.2604166666666667 0.49444444444444446 0.30052083333333335 0.49444444444444446
9 0.33541666666666664 0.2333333333333334 0.29739583333333336 0.2333333333333334 0.29739583333333336 0.301851851851852 0.33541666666666664 0.301851851851852
11 0.35989583333333336 0.137962962962963 0.3078125 0.137962962962963 0.3078125 0.23611111111111116 0.35989583333333336 0.23611111111111116
5 0.3802083333333333 0.06111111111111119 0.3296875 0.06111111111111119 0.3296875 0.1574074074074075 0.3802083333333333 0.15740740740740752
1 0.40625 8.289044538673289e-17 0.35520833333333335 7.733417750171248e-17 0.35520833333333335 0.0648148148148149 0.40625 0.0648148148148149