3 0.3026041666666667 0.4861111111111111 0.26666666666666666 0.4861111111111111 0.26666666666666666 0.5546296296296296 0.3026041666666667 0.5546296296296296
2 0.4317708333333333 0.6833333333333333 0.39479166666666665 0.6833333333333333 0.39479166666666665 0.7564814814814815 0.4317708333333333 0.7564814814814815
13 0.4895833333333333 0.19444444444444456 0.434375 0.19444444444444456 0.434375 0.29907407407407416 0.4895833333333333 0.29907407407407416
3 0.7161458333333334 0.2814814814814816 0.6786458333333333 0.2814814814814816 0.6786458333333333 0.35092592592592603 0.7161458333333334 0.35092592592592603
7 0.33645833333333336 0.37314814814814823 0.2921875 0.37314814814814823 0.2921875 0.4546296296296297 0.33645833333333336 0.4546296296296297
2 0.33177083333333335 0.7333333333333333 0.2947916666666667 0.7333333333333333 0.2947916666666667 0.8037037037037037 0.33177083333333335 0.8037037037037037
7 0.6557291666666667 0.226851851851852 0.6083333333333333 0.226851851851852 0.6083333333333333 0.3157407407407408 0.6557291666666667 0.3157407407407408
3 0.6072916666666667 0.32870370370370383 0.5697916666666667 0.32870370370370383 0.5697916666666667 0.4000000000000001 0.6072916666666667 0.4000000000000001
6 0.3947916666666667 0.7925925925925926 0.3484375 0.7925925925925926 0.34843750000000007 0.8787037037037037 0.39479166666666676 0.8787037037037037
3 0.39739583333333334 0.43425925925925934 0.3614583333333333 0.43425925925925934 0.3614583333333333 0.5027777777777778 0.39739583333333334 0.5027777777777778
12 0.5734375 0.8074074074074076 0.5151041666666667 0.8074074074074076 0.5151041666666667 0.9185185185185187 0.5734375 0.9185185185185187
4 0.4822916666666668 0.9305555555555556 0.43593750000000014 0.9305555555555556 0.43593750000000014 1 0.4822916666666668 1
11 0.5739583333333333 0.08333333333333345 0.5270833333333333 0.08333333333333344 0.5270833333333333 0.1712962962962964 0.5739583333333333 0.1712962962962964
2 0.6552083333333333 0.5953703703703705 0.6161458333333333 0.5953703703703705 0.6161458333333333 0.6685185185185187 0.6552083333333333 0.6685185185185187
10 0.7015625 0.8592592592592595 0.653125 0.8592592592592595 0.653125 0.9518518518518518 0.7015625 0.9518518518518518
3 0.5041666666666667 0.3777777777777779 0.4671875 0.3777777777777779 0.4671875 0.44814814814814824 0.5041666666666667 0.44814814814814824
8 0.5312500000000001 0.9425925925925928 0.49270833333333347 0.9425925925925928 0.49270833333333347 1 0.5312500000000001 1
8 0.6359375 0.8972222222222225 0.5973958333333333 0.8972222222222225 0.5973958333333333 0.9685185185185186 0.6359375 0.9685185185185186
9 0.40729166666666666 0.1675925925925927 0.371875 0.1675925925925927 0.371875 0.23611111111111122 0.40729166666666666 0.23611111111111122
0 0.3796875000000001 0.9861111111111112 0.33437500000000014 0.9861111111111112 0.33437500000000014 1 0.3796875000000001 1
10 0.4276041666666668 0.9537037037037037 0.3802083333333334 0.9537037037037037 0.3802083333333334 1 0.4276041666666668 1
4 0.759375 0.8314814814814817 0.7088541666666667 0.8314814814814817 0.7088541666666667 0.9259259259259262 0.759375 0.9259259259259262
0 0.8145833333333333 0.802777777777778 0.7619791666666667 0.802777777777778 0.7619791666666667 0.8990740740740742 0.8145833333333333 0.8990740740740742
6 0.7369791666666666 0.6509259259259261 0.6848958333333334 0.6509259259259261 0.6848958333333334 0.7444444444444447 0.7369791666666666 0.7444444444444447
2 0.5442708333333334 0.6500000000000002 0.5057291666666667 0.6500000000000002 0.5057291666666667 0.7250000000000002 0.5442708333333334 0.7250000000000002
1 0.27708333333333335 0.2546296296296297 0.23229166666666667 0.25462962962962965 0.23229166666666667 0.33518518518518525 0.27708333333333335 0.3351851851851853
5 0.325 0.21481481481481488 0.28125 0.21481481481481488 0.28125 0.2962962962962964 0.325 0.2962962962962964
11 0.365625 0.1870370370370371 0.321875 0.18703703703703708 0.321875 0.26574074074074083 0.365625 0.26574074074074083
9 0.515625 0.11944444444444455 0.47708333333333336 0.11944444444444455 0.47708333333333336 0.18796296296296308 0.515625 0.18796296296296308
5 0.625 0.06851851851851865 0.5770833333333333 0.06851851851851865 0.5770833333333333 0.15000000000000013 0.625 0.15000000000000016
1 0.6682291666666667 0.07407407407407422 0.621875 0.07407407407407421 0.621875 0.11388888888888904 0.6682291666666667 0.11388888888888905
2 0.7692708333333333 0.5462962962962965 0.7260416666666667 0.5462962962962965 0.7260416666666667 0.6231481481481483 0.7692708333333333 0.6231481481481483