6 0.41770833333333335 0.7101851851851851 0.3703125 0.7101851851851851 0.3703125 0.7824074074074074 0.41770833333333335 0.7824074074074074
4 0.45208333333333334 0.4314814814814816 0.4088541666666667 0.4314814814814816 0.4088541666666667 0.5046296296296297 0.45208333333333334 0.5046296296296297
12 0.4864583333333334 0.8472222222222223 0.4296875 0.8472222222222222 0.42968750000000006 0.9370370370370371 0.48645833333333344 0.9370370370370372
4 0.3625 0.7268518518518519 0.3145833333333333 0.7268518518518519 0.3145833333333333 0.8 0.3625 0.8
10 0.5270833333333333 0.7592592592592595 0.484375 0.7592592592592595 0.484375 0.8296296296296298 0.5270833333333333 0.8296296296296298
8 0.4666666666666667 0.7027777777777777 0.43333333333333335 0.7027777777777777 0.43333333333333335 0.7583333333333333 0.4666666666666667 0.7583333333333333
3 0.6135416666666667 0.38425925925925936 0.5734375 0.38425925925925936 0.5734375 0.44444444444444453 0.6135416666666667 0.44444444444444453
5 0.5046875 0.32870370370370383 0.4588541666666667 0.32870370370370383 0.4588541666666667 0.40833333333333344 0.5046875 0.40833333333333344
0 0.5796875 0.6546296296296299 0.5338541666666666 0.6546296296296299 0.5338541666666666 0.7259259259259261 0.5796875 0.7259259259259261
3 0.559375 0.3990740740740742 0.5213541666666667 0.3990740740740742 0.5213541666666667 0.4601851851851853 0.559375 0.4601851851851853
3 0.4432291666666667 0.3574074074074075 0.4078125 0.3574074074074075 0.4078125 0.41574074074074086 0.4432291666666667 0.41574074074074086
11 0.6817708333333333 0.6166666666666669 0.6338541666666667 0.6166666666666669 0.6338541666666667 0.6925925925925928 0.6817708333333333 0.6925925925925928
3 0.5130208333333334 0.513888888888889 0.4765625 0.5138888888888888 0.4765625 0.5787037037037038 0.5130208333333334 0.5787037037037039
6 0.7260416666666667 0.32777777777777795 0.6786458333333333 0.3277777777777779 0.6786458333333333 0.40648148148148167 0.7260416666666667 0.40648148148148167
8 0.5312500000000001 0.8490740740740743 0.49270833333333336 0.8490740740740743 0.4927083333333334 0.9092592592592594 0.5312500000000001 0.9092592592592594
11 0.5197916666666667 0.6740740740740742 0.4791666666666667 0.674074074074074 0.4791666666666667 0.7462962962962963 0.5197916666666667 0.7462962962962965
2 0.5635416666666667 0.48796296296296315 0.5260416666666666 0.48796296296296315 0.5260416666666666 0.5537037037037039 0.5635416666666667 0.5537037037037039
3 0.340625 0.48518518518518516 0.30625 0.48518518518518516 0.30625 0.5462962962962963 0.340625 0.5462962962962963
7 0.42604166666666676 0.8740740740740741 0.38437500000000013 0.8740740740740741 0.38437500000000013 0.9435185185185185 0.42604166666666676 0.9435185185185185
2 0.32916666666666666 0.30925925925925934 0.29583333333333334 0.30925925925925934 0.29583333333333334 0.3648148148148149 0.32916666666666666 0.3648148148148149
7 0.28958333333333336 0.39907407407407414 0.24166666666666667 0.3990740740740741 0.2416666666666667 0.4777777777777778 0.28958333333333336 0.4777777777777778
5 0.37864583333333335 0.18796296296296305 0.3333333333333333 0.18796296296296303 0.3333333333333333 0.26574074074074083 0.37864583333333335 0.26574074074074083
9 0.4322916666666667 0.1777777777777779 0.3984375 0.1777777777777779 0.3984375 0.23703703703703713 0.4322916666666667 0.23703703703703713
2 0.65625 0.18981481481481496 0.6197916666666666 0.18981481481481496 0.6197916666666666 0.24907407407407417 0.65625 0.24907407407407417
9 0.4822916666666667 0.16851851851851862 0.44947916666666665 0.16851851851851862 0.44947916666666665 0.22500000000000012 0.4822916666666667 0.22500000000000012
2 0.6015625 0.20833333333333343 0.5645833333333333 0.20833333333333343 0.5645833333333333 0.27685185185185196 0.6015625 0.27685185185185196
13 0.5489583333333333 0.13055555555555567 0.49583333333333335 0.13055555555555567 0.49583333333333335 0.2212962962962964 0.5489583333333333 0.2212962962962964
10 0.48802083333333335 0.07685185185185196 0.44427083333333334 0.07685185185185196 0.44427083333333334 0.15277777777777787 0.48802083333333335 0.15277777777777787
1 0.5515625 0.2212962962962964 0.5052083333333334 0.2212962962962964 0.5052083333333334 0.30277777777777787 0.5515625 0.30277777777777787
1 0.5791666666666667 0.8185185185185188 0.5364583333333334 0.8185185185185188 0.5364583333333334 0.8870370370370373 0.5791666666666667 0.8870370370370373
0 0.4453125 0.25555555555555565 0.4010416666666667 0.25555555555555565 0.4010416666666667 0.338888888888889 0.4453125 0.338888888888889
2 0.34270833333333334 0.5666666666666667 0.30885416666666665 0.5666666666666667 0.30885416666666665 0.6287037037037037 0.34270833333333334 0.6287037037037037