10 0.6984375 0.34259259259259267 0.6572916666666667 0.34259259259259267 0.6572916666666667 0.413888888888889 0.6984375 0.413888888888889
3 0.44479166666666664 0.6138888888888889 0.41458333333333336 0.6138888888888889 0.41458333333333336 0.6703703703703704 0.44479166666666664 0.6703703703703704
12 0.6802083333333333 0.5064814814814816 0.6307291666666667 0.5064814814814816 0.6307291666666667 0.5935185185185188 0.6802083333333333 0.5935185185185188
0 0.646875 0.7648148148148151 0.6057291666666667 0.7648148148148151 0.6057291666666667 0.8361111111111114 0.646875 0.8361111111111114
7 0.45625 0.20185185185185195 0.4192708333333333 0.20185185185185195 0.4192708333333333 0.2703703703703705 0.45625 0.2703703703703705
4 0.5802083333333333 0.5629629629629632 0.540625 0.5629629629629632 0.540625 0.6324074074074076 0.5802083333333333 0.6324074074074076
13 0.3927083333333333 0.4092592592592594 0.3484375 0.4092592592592594 0.3484375 0.487962962962963 0.3927083333333333 0.487962962962963
7 0.4276041666666667 0.42407407407407416 0.39010416666666664 0.42407407407407416 0.39010416666666664 0.49074074074074076 0.4276041666666667 0.49074074074074076
6 0.6661458333333333 0.5972222222222224 0.6255208333333333 0.5972222222222224 0.6255208333333333 0.6694444444444446 0.6661458333333333 0.6694444444444446
1 0.396875 0.10648148148148157 0.3619791666666667 0.10648148148148157 0.3619791666666667 0.1685185185185186 0.396875 0.16851851851851862
4 0.6463541666666667 0.41018518518518526 0.6057291666666667 0.41018518518518526 0.6057291666666667 0.4814814814814817 0.6463541666666667 0.4814814814814817
11 0.4744791666666667 0.3694444444444446 0.43645833333333334 0.3694444444444446 0.43645833333333334 0.43796296296296305 0.4744791666666667 0.43796296296296305
11 0.4666666666666667 0.4490740740740742 0.428125 0.4490740740740742 0.428125 0.5157407407407407 0.4666666666666667 0.5157407407407407
6 0.6354166666666666 0.49814814814814834 0.5947916666666667 0.49814814814814834 0.5947916666666667 0.5675925925925928 0.6354166666666666 0.5675925925925928
5 0.42083333333333334 0.5018518518518519 0.38385416666666666 0.5018518518518519 0.38385416666666666 0.5703703703703704 0.42083333333333334 0.5703703703703704