5 0.6463541666666667 0.7888888888888891 0.6041666666666666 0.7888888888888891 0.6041666666666666 0.8564814814814817 0.6463541666666667 0.8564814814814817
7 0.7390625 0.6083333333333335 0.7 0.6083333333333335 0.7 0.6675925925925928 0.7390625 0.6675925925925928
10 0.5130208333333334 0.1898148148148149 0.4734375 0.1898148148148149 0.4734375 0.2500000000000001 0.5130208333333334 0.2500000000000001
9 0.528125 0.8000000000000002 0.4953125 0.8000000000000002 0.4953125 0.8518518518518521 0.528125 0.8518518518518521
4 0.678125 0.26111111111111124 0.6385416666666667 0.26111111111111124 0.6385416666666667 0.3212962962962964 0.678125 0.3212962962962964
11 0.5145833333333333 0.2750000000000001 0.475 0.2750000000000001 0.475 0.3351851851851853 0.5145833333333333 0.3351851851851853
2 0.6822916666666666 0.43703703703703717 0.6494791666666667 0.43703703703703717 0.6494791666666667 0.48425925925925944 0.6822916666666666 0.48425925925925944
8 0.5625 0.2685185185185186 0.5296875 0.2685185185185186 0.5296875 0.3250000000000001 0.5625 0.3250000000000001
2 0.6869791666666667 0.7046296296296298 0.6557291666666667 0.7046296296296298 0.6557291666666667 0.752777777777778 0.6869791666666667 0.752777777777778
3 0.5130208333333334 0.44722222222222235 0.48020833333333335 0.44722222222222235 0.48020833333333335 0.4944444444444446 0.5130208333333334 0.49444444444444463
10 0.5296875000000001 0.8805555555555558 0.4901041666666668 0.8805555555555558 0.4901041666666668 0.9416666666666669 0.5296875000000001 0.9416666666666669
3 0.6807291666666667 0.5259259259259261 0.6489583333333333 0.5259259259259261 0.6489583333333333 0.5722222222222224 0.6807291666666667 0.5722222222222224
11 0.3536458333333333 0.2916666666666668 0.3151041666666667 0.2916666666666668 0.3151041666666667 0.35092592592592603 0.3536458333333333 0.35092592592592603
3 0.5760416666666667 0.6250000000000002 0.5442708333333334 0.6250000000000002 0.5442708333333334 0.6750000000000002 0.5760416666666667 0.6750000000000002
4 0.5765625 0.5370370370370372 0.5364583333333334 0.5370370370370372 0.5364583333333334 0.5990740740740743 0.5765625 0.5990740740740743
1 0.4609375 0.10740740740740749 0.42239583333333336 0.10740740740740749 0.42239583333333336 0.17592592592592604 0.4609375 0.17592592592592604
13 0.48177083333333337 0.8009259259259259 0.43333333333333335 0.8009259259259259 0.4333333333333334 0.8731481481481481 0.4817708333333334 0.8731481481481481
2 0.4166666666666667 0.7296296296296296 0.3828125 0.7296296296296296 0.3828125 0.7777777777777778 0.4166666666666667 0.7777777777777778
0 0.45989583333333334 0.2787037037037038 0.42135416666666664 0.2787037037037038 0.42135416666666664 0.3398148148148149 0.45989583333333334 0.3398148148148149
1 0.475 0.7138888888888889 0.4354166666666667 0.7138888888888889 0.4354166666666667 0.775 0.475 0.775
3 0.4630208333333333 0.55 0.43020833333333336 0.55 0.43020833333333336 0.5981481481481481 0.4630208333333333 0.5981481481481481
9 0.5817708333333333 0.8074074074074076 0.55 0.8074074074074076 0.55 0.8555555555555557 0.5817708333333333 0.8555555555555557
6 0.30364583333333334 0.5675925925925925 0.26250000000000007 0.5675925925925925 0.26250000000000007 0.6259259259259259 0.30364583333333334 0.6259259259259259
2 0.3640625 0.7342592592592593 0.33125 0.7342592592592593 0.33125 0.7814814814814814 0.3640625 0.7814814814814814
6 0.6239583333333333 0.263888888888889 0.5854166666666667 0.263888888888889 0.5854166666666667 0.3240740740740742 0.6239583333333333 0.3240740740740742
0 0.5807291666666666 0.7111111111111114 0.540625 0.7111111111111114 0.540625 0.7731481481481484 0.5807291666666666 0.7731481481481484
12 0.5671875 0.09351851851851864 0.5197916666666667 0.09351851851851863 0.5197916666666667 0.16574074074074086 0.5671875 0.16574074074074086
5 0.525 0.6240740740740743 0.48489583333333336 0.6240740740740743 0.48489583333333336 0.6870370370370372 0.525 0.6870370370370372
2 0.45989583333333334 0.4546296296296297 0.42916666666666664 0.4546296296296297 0.42916666666666664 0.5092592592592593 0.45989583333333334 0.5092592592592593
8 0.5052083333333334 0.10370370370370381 0.47291666666666665 0.10370370370370381 0.47291666666666665 0.15185185185185196 0.5052083333333334 0.15185185185185196
3 0.4109375 0.5518518518518518 0.3770833333333333 0.5518518518518518 0.3770833333333333 0.6083333333333333 0.4109375 0.6083333333333333
7 0.6145833333333334 0.09351851851851865 0.5760416666666667 0.09351851851851865 0.5760416666666667 0.15740740740740755 0.6145833333333334 0.15740740740740758