4 0.3609375 0.35277777777777786 0.32708333333333334 0.35277777777777786 0.32708333333333334 0.41203703703703715 0.3609375 0.41203703703703715
5 0.34427083333333347 0.8972222222222223 0.3104166666666668 0.8972222222222223 0.3104166666666668 0.9527777777777777 0.34427083333333347 0.9527777777777777
7 0.5286458333333334 0.8037037037037039 0.49322916666666666 0.8037037037037039 0.4932291666666667 0.8620370370370373 0.5286458333333335 0.8620370370370373
13 0.48593750000000013 0.8805555555555556 0.44375000000000014 0.8805555555555555 0.44375000000000014 0.9518518518518518 0.48593750000000013 0.9518518518518518
2 0.36302083333333335 0.5157407407407407 0.33645833333333336 0.5157407407407407 0.33645833333333336 0.562962962962963 0.36302083333333335 0.562962962962963
5 0.5848958333333333 0.8703703703703706 0.5494791666666666 0.8703703703703706 0.5494791666666666 0.9314814814814817 0.5848958333333333 0.9314814814814817
11 0.42916666666666675 0.8111111111111111 0.3958333333333333 0.8111111111111111 0.39583333333333337 0.8703703703703703 0.4291666666666668 0.8703703703703703
0 0.5572916666666666 0.3925925925925927 0.521875 0.3925925925925927 0.521875 0.45370370370370383 0.5572916666666666 0.45370370370370383
0 0.315625 0.36574074074074087 0.2828125 0.36574074074074087 0.2828125 0.42407407407407416 0.315625 0.42407407407407416
12 0.46510416666666665 0.3240740740740742 0.421875 0.3240740740740742 0.421875 0.3972222222222223 0.46510416666666665 0.3972222222222223
6 0.36354166666666665 0.4314814814814816 0.3296875 0.4314814814814816 0.3296875 0.49074074074074076 0.36354166666666665 0.49074074074074076
1 0.47916666666666674 0.8064814814814815 0.44479166666666664 0.8064814814814815 0.44479166666666675 0.8657407407407407 0.4791666666666668 0.8657407407407407
3 0.5713541666666667 0.7222222222222224 0.5432291666666667 0.7222222222222224 0.5432291666666667 0.7712962962962965 0.5713541666666667 0.7712962962962965
11 0.3901041666666668 0.8935185185185185 0.3562500000000001 0.8935185185185185 0.3562500000000001 0.95 0.3901041666666668 0.95
3 0.5234375 0.7324074074074076 0.4953125 0.7324074074074076 0.4953125 0.7796296296296299 0.5234375 0.7796296296296299
4 0.5552083333333333 0.30925925925925934 0.5203125 0.30925925925925934 0.5203125 0.37037037037037046 0.5552083333333333 0.37037037037037046
9 0.5286458333333335 0.8861111111111113 0.5010416666666668 0.8861111111111113 0.5010416666666668 0.9333333333333336 0.5286458333333335 0.9333333333333336
7 0.33906250000000004 0.8194444444444444 0.30572916666666666 0.8194444444444444 0.3057291666666667 0.8777777777777778 0.3390625000000001 0.8777777777777778
8 0.4088541666666667 0.35277777777777786 0.38177083333333334 0.35277777777777786 0.38177083333333334 0.3990740740740742 0.4088541666666667 0.3990740740740742
8 0.5041666666666667 0.325925925925926 0.47604166666666664 0.325925925925926 0.47604166666666664 0.37314814814814823 0.5041666666666667 0.37314814814814823
2 0.4083333333333333 0.5027777777777778 0.38125 0.5027777777777778 0.38125 0.55 0.4083333333333333 0.55
6 0.5088541666666667 0.4027777777777779 0.47291666666666665 0.4027777777777779 0.47291666666666665 0.4629629629629631 0.5088541666666667 0.4629629629629631
3 0.425 0.7398148148148148 0.39739583333333334 0.7398148148148148 0.39739583333333334 0.7870370370370371 0.425 0.7870370370370371
1 0.3864583333333334 0.8148148148148148 0.353125 0.8148148148148148 0.3531250000000001 0.8731481481481481 0.38645833333333346 0.8731481481481481
10 0.4609375 0.4111111111111112 0.42552083333333335 0.4111111111111112 0.42552083333333335 0.4722222222222223 0.4609375 0.4722222222222223
2 0.459375 0.49907407407407406 0.4317708333333333 0.49907407407407406 0.4317708333333333 0.5462962962962963 0.459375 0.5462962962962963
10 0.4125 0.4175925925925927 0.378125 0.4175925925925927 0.378125 0.47685185185185186 0.4125 0.47685185185185186
3 0.47291666666666665 0.7416666666666667 0.44479166666666664 0.7416666666666667 0.44479166666666664 0.7898148148148149 0.47291666666666665 0.7898148148148149
9 0.4322916666666668 0.8916666666666667 0.4041666666666668 0.8916666666666667 0.4041666666666668 0.9388888888888889 0.4322916666666668 0.9388888888888889
2 0.5109375 0.4861111111111112 0.48333333333333334 0.4861111111111111 0.48333333333333334 0.5342592592592593 0.5109375 0.5342592592592594
3 0.375 0.7509259259259259 0.3484375 0.7509259259259259 0.3484375 0.7972222222222223 0.375 0.7972222222222223
2 0.5625 0.4824074074074076 0.534375 0.4824074074074076 0.534375 0.5314814814814817 0.5625 0.5314814814814817