2 0.5145833333333333 0.6629629629629631 0.4739583333333333 0.662962962962963 0.4739583333333333 0.7314814814814816 0.5145833333333333 0.7314814814814817
3 0.5213541666666667 0.34074074074074084 0.4791666666666667 0.34074074074074084 0.4791666666666667 0.4111111111111112 0.5213541666666667 0.4111111111111112
3 0.3458333333333333 0.5527777777777778 0.30416666666666664 0.5527777777777778 0.30416666666666664 0.6231481481481481 0.3458333333333333 0.6231481481481481
2 0.4276041666666667 0.7648148148148148 0.38645833333333335 0.7648148148148148 0.38645833333333335 0.8342592592592593 0.4276041666666667 0.8342592592592593
10 0.5088541666666668 0.9453703703703705 0.4588541666666668 0.9453703703703704 0.4588541666666668 1 0.5088541666666668 1
7 0.2875 0.5425925925925926 0.23593750000000005 0.5425925925925926 0.23593750000000005 0.6296296296296297 0.2875 0.6296296296296297
12 0.5791666666666667 0.7675925925925928 0.5192708333333333 0.7675925925925928 0.5192708333333333 0.8685185185185187 0.5791666666666667 0.8685185185185187
2 0.3416666666666668 0.8703703703703703 0.30104166666666676 0.8703703703703703 0.30104166666666676 0.9388888888888889 0.3416666666666668 0.9388888888888889
8 0.5515625 0.8981481481481484 0.5109375000000002 0.8981481481481484 0.5109375000000002 0.9657407407407408 0.5515625 0.9657407407407408
7 0.5463541666666667 0.20185185185185195 0.4947916666666667 0.20185185185185195 0.4947916666666667 0.2898148148148149 0.5463541666666667 0.2898148148148149
3 0.2598958333333334 0.6592592592592592 0.21875000000000006 0.6592592592592592 0.21875000000000006 0.7287037037037037 0.2598958333333334 0.7287037037037037
2 0.684375 0.44166666666666676 0.6442708333333333 0.44166666666666676 0.6442708333333333 0.5092592592592595 0.684375 0.5092592592592595
2 0.5973958333333333 0.5453703703703706 0.55625 0.5453703703703706 0.55625 0.6138888888888892 0.5973958333333333 0.6138888888888892
0 0.753125 0.6435185185185187 0.703125 0.6435185185185187 0.703125 0.7268518518518521 0.753125 0.7268518518518521
3 0.6078125 0.24074074074074084 0.5671875 0.24074074074074084 0.5671875 0.30925925925925934 0.6078125 0.30925925925925934
3 0.4296875 0.44351851851851865 0.38697916666666665 0.44351851851851865 0.38697916666666665 0.5138888888888888 0.4296875 0.5138888888888888
13 0.3875 0.29074074074074086 0.32395833333333335 0.29074074074074086 0.32395833333333335 0.3990740740740742 0.3875 0.3990740740740742
1 0.1911458333333334 0.4361111111111111 0.1395833333333334 0.4361111111111111 0.1395833333333334 0.524074074074074 0.1911458333333334 0.524074074074074
8 0.6307291666666667 0.8074074074074076 0.5916666666666667 0.8074074074074076 0.5916666666666667 0.8722222222222225 0.6307291666666667 0.8722222222222225
6 0.6744791666666666 0.5509259259259262 0.6255208333333333 0.5509259259259262 0.6255208333333333 0.6342592592592595 0.6744791666666666 0.6342592592592595
9 0.31354166666666666 0.29907407407407416 0.271875 0.29907407407407416 0.271875 0.36851851851851863 0.31354166666666666 0.36851851851851863
4 0.6692708333333334 0.7324074074074076 0.61875 0.7324074074074076 0.61875 0.8175925925925928 0.6692708333333334 0.8175925925925928
5 0.23281250000000003 0.4027777777777778 0.18020833333333333 0.4027777777777778 0.18020833333333336 0.49166666666666664 0.23281250000000006 0.49166666666666664
10 0.7119791666666667 0.6787037037037039 0.6598958333333333 0.6787037037037039 0.6598958333333333 0.7694444444444447 0.7119791666666667 0.7694444444444447
6 0.41302083333333345 0.8722222222222222 0.35989583333333347 0.8722222222222222 0.35989583333333347 0.9638888888888889 0.41302083333333345 0.9638888888888889
11 0.27395833333333336 0.34351851851851856 0.2203125 0.3435185185185185 0.22031250000000002 0.4342592592592593 0.27395833333333336 0.43425925925925934
9 0.403125 0.17870370370370378 0.3619791666666667 0.17870370370370375 0.3619791666666667 0.24814814814814826 0.403125 0.24814814814814826
11 0.4479166666666667 0.11666666666666677 0.39479166666666665 0.11666666666666675 0.39479166666666665 0.20833333333333343 0.4479166666666667 0.20833333333333343
5 0.49166666666666664 0.07314814814814825 0.43645833333333334 0.07314814814814825 0.43645833333333334 0.1675925925925927 0.49166666666666664 0.1675925925925927
1 0.5416666666666666 0.028703703703703815 0.4864583333333333 0.028703703703703808 0.4864583333333333 0.12314814814814826 0.5416666666666666 0.12314814814814826