7 0.48072916666666665 0.4666666666666668 0.42864583333333334 0.4666666666666668 0.42864583333333334 0.5611111111111111 0.48072916666666665 0.5611111111111111
0 0.6880208333333333 0.7138888888888891 0.6359375 0.7138888888888891 0.6359375 0.8092592592592595 0.6880208333333333 0.8092592592592595
3 0.7390625 0.5675925925925928 0.6994791666666667 0.5675925925925928 0.6994791666666667 0.6398148148148151 0.7390625 0.6398148148148151
9 0.39375 0.3648148148148149 0.3515625 0.3648148148148149 0.3515625 0.4425925925925927 0.39375 0.4425925925925927
7 0.3703125 0.44351851851851865 0.3182291666666667 0.44351851851851865 0.3182291666666667 0.5370370370370371 0.3703125 0.5370370370370371
1 0.46927083333333336 0.3351851851851853 0.415625 0.3351851851851853 0.415625 0.4324074074074075 0.46927083333333336 0.4324074074074075
11 0.359375 0.31481481481481494 0.30625 0.31481481481481494 0.30625 0.41203703703703715 0.359375 0.41203703703703715
6 0.7010416666666667 0.8324074074074076 0.6515625 0.8324074074074076 0.6515625 0.9240740740740743 0.7010416666666667 0.9240740740740743
4 0.75625 0.6879629629629632 0.7052083333333333 0.6879629629629632 0.7052083333333333 0.7814814814814817 0.75625 0.7814814814814817
3 0.7989583333333333 0.540740740740741 0.7583333333333333 0.540740740740741 0.7583333333333333 0.6138888888888892 0.7989583333333333 0.6138888888888892
4 0.653125 0.6611111111111113 0.6005208333333333 0.6611111111111113 0.6005208333333333 0.7574074074074076 0.653125 0.7574074074074076
1 0.3885416666666667 0.23518518518518527 0.334375 0.23518518518518525 0.334375 0.3333333333333334 0.3885416666666667 0.3333333333333334
13 0.43333333333333335 0.27314814814814825 0.3697916666666667 0.27314814814814825 0.3697916666666667 0.38981481481481495 0.43333333333333335 0.38981481481481495
2 0.340625 0.5407407407407407 0.2984375 0.5407407407407407 0.2984375 0.6175925925925926 0.340625 0.6175925925925926
2 0.4109375 0.15648148148148158 0.36875 0.15648148148148158 0.36875 0.23333333333333345 0.4109375 0.23333333333333345
2 0.4375 0.07962962962962972 0.3958333333333333 0.0796296296296297 0.3958333333333333 0.15648148148148158 0.4375 0.15648148148148158
5 0.3307291666666667 0.38425925925925936 0.27760416666666665 0.38425925925925936 0.27760416666666665 0.47962962962962963 0.3307291666666667 0.47962962962962963
8 0.6744791666666666 0.6018518518518521 0.6338541666666667 0.6018518518518521 0.6338541666666667 0.6750000000000002 0.6744791666666666 0.6750000000000002
5 0.4114583333333333 0.48703703703703705 0.35833333333333334 0.48703703703703705 0.35833333333333334 0.5842592592592593 0.4114583333333333 0.5842592592592593
3 0.66875 0.927777777777778 0.6265625 0.927777777777778 0.6265625 1 0.66875 1
3 0.6270833333333333 0.8796296296296299 0.584375 0.8796296296296299 0.584375 0.9574074074074074 0.6270833333333333 0.9574074074074074
12 0.6651041666666667 0.7879629629629632 0.6036458333333333 0.7879629629629632 0.6036458333333333 0.8990740740740742 0.6651041666666667 0.8990740740740742
6 0.6135416666666667 0.6166666666666669 0.5598958333333334 0.6166666666666669 0.5598958333333334 0.7101851851851854 0.6135416666666667 0.7101851851851854
0 0.6244791666666667 0.7453703703703706 0.5739583333333333 0.7453703703703706 0.5739583333333333 0.8351851851851854 0.6244791666666667 0.8351851851851854
10 0.7182291666666667 0.6416666666666668 0.6645833333333333 0.6416666666666668 0.6645833333333333 0.739814814814815 0.7182291666666667 0.739814814814815
10 0.7296875 0.7675925925925928 0.68125 0.7675925925925928 0.68125 0.853703703703704 0.7296875 0.853703703703704
3 0.778125 0.6138888888888892 0.7375 0.6138888888888892 0.7375 0.6861111111111113 0.778125 0.6861111111111113
11 0.44114583333333335 0.41574074074074086 0.38697916666666665 0.41574074074074086 0.38697916666666665 0.5120370370370371 0.44114583333333335 0.5120370370370371
2 0.4479166666666667 0.21296296296296308 0.4088541666666667 0.21296296296296308 0.4088541666666667 0.2824074074074075 0.4479166666666667 0.2824074074074075
2 0.2953125 0.49074074074074076 0.25468750000000007 0.49074074074074076 0.25468750000000007 0.562962962962963 0.2953125 0.562962962962963