4 0.5515625 0.8675925925925928 0.4994791666666668 0.8675925925925928 0.4994791666666668 0.95 0.5515625 0.95
4 0.7427083333333333 0.739814814814815 0.6901041666666666 0.739814814814815 0.6901041666666666 0.8222222222222224 0.7427083333333333 0.8222222222222224
7 0.6546875 0.18055555555555572 0.6052083333333333 0.18055555555555572 0.6052083333333333 0.25740740740740753 0.6546875 0.25740740740740753
3 0.7083333333333334 0.23518518518518533 0.6682291666666667 0.23518518518518533 0.6682291666666667 0.29722222222222233 0.7083333333333334 0.29722222222222233
1 0.6505208333333333 0.02685185185185199 0.6020833333333333 0.026851851851851984 0.6020833333333333 0.10370370370370384 0.6505208333333333 0.10370370370370384
7 0.3807291666666667 0.37314814814814823 0.3328125 0.37314814814814823 0.3328125 0.4490740740740742 0.3807291666666667 0.4490740740740742
1 0.3098958333333333 0.2722222222222223 0.26197916666666665 0.2722222222222223 0.26197916666666665 0.3472222222222223 0.3098958333333333 0.3472222222222223
2 0.49635416666666665 0.6518518518518519 0.4557291666666667 0.6518518518518519 0.4557291666666667 0.713888888888889 0.49635416666666665 0.7138888888888891
2 0.5859375 0.5842592592592595 0.5447916666666667 0.5842592592592595 0.5447916666666667 0.6472222222222225 0.5859375 0.6472222222222225
2 0.7625 0.451851851851852 0.7213541666666666 0.45185185185185195 0.7213541666666666 0.5148148148148151 0.7625 0.5148148148148151
3 0.5286458333333334 0.35462962962962974 0.4890625 0.35462962962962974 0.4890625 0.41574074074074086 0.5286458333333334 0.41574074074074086
2 0.6802083333333333 0.5203703703703706 0.6395833333333333 0.5203703703703706 0.6395833333333333 0.5842592592592595 0.6802083333333333 0.5842592592592595
3 0.6234375 0.29444444444444456 0.5822916666666667 0.29444444444444456 0.5822916666666667 0.35648148148148157 0.6234375 0.35648148148148157
6 0.7479166666666667 0.5481481481481484 0.6984375 0.5481481481481484 0.6984375 0.6259259259259261 0.7479166666666667 0.6259259259259261
3 0.43854166666666666 0.426851851851852 0.39791666666666664 0.426851851851852 0.39791666666666664 0.4898148148148148 0.43854166666666666 0.4898148148148148
13 0.5020833333333333 0.21296296296296308 0.446875 0.21296296296296308 0.446875 0.301851851851852 0.5020833333333333 0.301851851851852
5 0.39479166666666665 0.21851851851851858 0.346875 0.21851851851851858 0.346875 0.29444444444444456 0.39479166666666665 0.29444444444444456
9 0.5161458333333333 0.12592592592592602 0.478125 0.12592592592592602 0.478125 0.18611111111111123 0.5161458333333333 0.18611111111111123
6 0.4765625 0.7490740740740741 0.4265625 0.7490740740740741 0.4265625 0.8277777777777777 0.4765625 0.8277777777777777
2 0.4046875 0.7203703703703703 0.3640625 0.7203703703703703 0.3640625 0.7833333333333333 0.4046875 0.7833333333333333
5 0.60625 0.06111111111111124 0.5588541666666667 0.06111111111111124 0.5588541666666667 0.13518518518518532 0.60625 0.13518518518518535
12 0.6317708333333333 0.7240740740740743 0.5723958333333333 0.7240740740740743 0.5723958333333333 0.8203703703703705 0.6317708333333333 0.8203703703703705
3 0.3515625 0.49166666666666664 0.3109375 0.49166666666666664 0.3109375 0.5537037037037037 0.3515625 0.5537037037037037
9 0.4322916666666667 0.17685185185185195 0.39375 0.17685185185185195 0.39375 0.23703703703703713 0.4322916666666667 0.23703703703703713
11 0.34791666666666665 0.24444444444444455 0.30052083333333335 0.24444444444444455 0.30052083333333335 0.31851851851851865 0.34791666666666665 0.31851851851851865
10 0.5104166666666667 0.8972222222222224 0.4583333333333334 0.8972222222222223 0.4583333333333334 0.9805555555555555 0.5104166666666667 0.9805555555555555
8 0.5963541666666666 0.8416666666666669 0.5552083333333333 0.8416666666666669 0.5552083333333333 0.9074074074074077 0.5963541666666666 0.9074074074074077
10 0.78125 0.6944444444444446 0.7291666666666666 0.6944444444444446 0.7291666666666666 0.7787037037037039 0.78125 0.7787037037037039
0 0.8328125 0.6685185185185187 0.7817708333333333 0.6685185185185187 0.7817708333333333 0.7509259259259261 0.8328125 0.7509259259259261
0 0.45677083333333346 0.9194444444444444 0.4031250000000001 0.9194444444444444 0.4031250000000001 1 0.45677083333333346 1
8 0.6822916666666666 0.7805555555555558 0.6432291666666666 0.7805555555555558 0.6432291666666666 0.8462962962962965 0.6822916666666666 0.8462962962962965
11 0.5651041666666666 0.0814814814814816 0.5192708333333333 0.08148148148148159 0.5192708333333333 0.15555555555555567 0.5651041666666666 0.15555555555555567