12 0.653125 0.5731481481481484 0.6015625 0.5731481481481484 0.6015625 0.6666666666666669 0.653125 0.6666666666666669
7 0.39739583333333334 0.7296296296296296 0.359375 0.7296296296296296 0.359375 0.7981481481481482 0.39739583333333334 0.7981481481481482
6 0.6125 0.676851851851852 0.5713541666666667 0.676851851851852 0.5713541666666667 0.7500000000000002 0.6125 0.7500000000000002
7 0.3572916666666667 0.3833333333333334 0.31927083333333334 0.3833333333333334 0.31927083333333334 0.4527777777777779 0.3572916666666667 0.4527777777777779
11 0.3265625 0.48333333333333334 0.2890625 0.48333333333333334 0.2890625 0.5509259259259259 0.3265625 0.5509259259259259
4 0.6229166666666667 0.3953703703703705 0.5838541666666667 0.3953703703703705 0.5838541666666667 0.4648148148148149 0.6229166666666667 0.4648148148148149
5 0.31666666666666665 0.39444444444444454 0.2796875 0.39444444444444454 0.2796875 0.463888888888889 0.31666666666666665 0.463888888888889
6 0.5776041666666667 0.4064814814814816 0.5380208333333333 0.4064814814814816 0.5380208333333333 0.4768518518518521 0.5776041666666667 0.4768518518518521
11 0.3770833333333333 0.5509259259259259 0.3390625 0.5509259259259259 0.3390625 0.6212962962962963 0.3770833333333333 0.6212962962962963
3 0.44531250000000006 0.8148148148148148 0.415625 0.8148148148148148 0.4156250000000001 0.8694444444444445 0.4453125000000001 0.8694444444444445
13 0.3494791666666667 0.6416666666666667 0.30364583333333334 0.6416666666666667 0.30364583333333334 0.725925925925926 0.3494791666666667 0.725925925925926
4 0.6703125 0.7583333333333335 0.6302083333333334 0.7583333333333335 0.6302083333333334 0.8314814814814817 0.6703125 0.8314814814814817
10 0.6020833333333333 0.5870370370370372 0.5609375 0.5870370370370372 0.5609375 0.6611111111111113 0.6020833333333333 0.6611111111111113
10 0.5927083333333333 0.49814814814814834 0.553125 0.49814814814814834 0.553125 0.5694444444444446 0.5927083333333333 0.5694444444444446
3 0.43385416666666665 0.7296296296296296 0.4036458333333333 0.7296296296296296 0.4036458333333333 0.7842592592592592 0.43385416666666665 0.7842592592592592
3 0.415625 0.5546296296296296 0.3848958333333333 0.5546296296296296 0.3848958333333333 0.6101851851851852 0.415625 0.6101851851851852
8 0.6307291666666667 0.5000000000000002 0.5989583333333334 0.5000000000000002 0.5989583333333334 0.5564814814814817 0.6307291666666667 0.5564814814814817
1 0.38697916666666665 0.6416666666666667 0.3489583333333333 0.6416666666666667 0.3489583333333333 0.7111111111111111 0.38697916666666665 0.7111111111111111
2 0.5666666666666667 0.6990740740740743 0.5338541666666666 0.6990740740740743 0.5338541666666666 0.7564814814814816 0.5666666666666667 0.7564814814814816
3 0.4015625 0.4601851851851853 0.37083333333333335 0.4601851851851853 0.37083333333333335 0.5166666666666667 0.4015625 0.5166666666666667
0 0.6104166666666667 0.30462962962962975 0.5697916666666667 0.30462962962962975 0.5697916666666667 0.3777777777777779 0.6104166666666667 0.3777777777777779
3 0.42083333333333334 0.6407407407407407 0.39114583333333336 0.6407407407407407 0.39114583333333336 0.6953703703703704 0.42083333333333334 0.6953703703703704
9 0.353125 0.7416666666666667 0.3234375 0.7416666666666667 0.3234375 0.7972222222222223 0.353125 0.7972222222222223
0 0.6244791666666667 0.7638888888888891 0.584375 0.7638888888888891 0.584375 0.8379629629629631 0.6244791666666667 0.8379629629629631
2 0.5526041666666667 0.6055555555555557 0.5203125 0.6055555555555557 0.5203125 0.6620370370370372 0.5526041666666667 0.6620370370370372
9 0.3338541666666667 0.5722222222222222 0.30364583333333334 0.5722222222222222 0.30364583333333334 0.6259259259259259 0.3338541666666667 0.6259259259259259
8 0.6567708333333333 0.676851851851852 0.6239583333333333 0.676851851851852 0.6239583333333333 0.7351851851851854 0.6567708333333333 0.7351851851851854
2 0.54375 0.5111111111111113 0.5114583333333333 0.5111111111111113 0.5114583333333333 0.5675925925925928 0.54375 0.5675925925925928
2 0.5307291666666667 0.42407407407407416 0.4984375 0.42407407407407416 0.4984375 0.4814814814814817 0.5307291666666667 0.4814814814814817
2 0.575 0.7898148148148151 0.5427083333333333 0.7898148148148151 0.5427083333333333 0.8472222222222224 0.575 0.8472222222222224
5 0.36979166666666674 0.825 0.33229166666666665 0.825 0.3322916666666667 0.8935185185185185 0.3697916666666668 0.8935185185185185
1 0.36822916666666666 0.47314814814814826 0.33125 0.47314814814814826 0.33125 0.5416666666666666 0.36822916666666666 0.5416666666666666