13 0.34739583333333335 0.637962962962963 0.30625 0.637962962962963 0.30625 0.7148148148148148 0.34739583333333335 0.7148148148148148
10 0.47708333333333336 0.22037037037037047 0.44427083333333334 0.22037037037037047 0.44427083333333334 0.2787037037037038 0.47708333333333336 0.2787037037037038
9 0.30364583333333334 0.5935185185185186 0.2765625 0.5935185185185186 0.2765625 0.6425925925925926 0.30364583333333334 0.6425925925925926
6 0.4354166666666667 0.1740740740740742 0.403125 0.1740740740740742 0.403125 0.22962962962962974 0.4354166666666667 0.22962962962962974
11 0.26927083333333335 0.5361111111111111 0.23593750000000005 0.5361111111111111 0.23593750000000005 0.5972222222222222 0.26927083333333335 0.5972222222222222
3 0.3625 0.4703703703703705 0.33489583333333334 0.4703703703703705 0.33489583333333334 0.5185185185185185 0.3625 0.5185185185185185
3 0.39739583333333334 0.5287037037037037 0.3703125 0.5287037037037037 0.3703125 0.5768518518518518 0.39739583333333334 0.5768518518518518
7 0.26145833333333335 0.4194444444444445 0.22916666666666666 0.41944444444444445 0.22916666666666669 0.4787037037037037 0.2614583333333334 0.4787037037037037
4 0.4640625 0.11666666666666677 0.43125 0.11666666666666677 0.43125 0.17222222222222233 0.4640625 0.17222222222222233
0 0.4265625 0.07222222222222231 0.39479166666666665 0.0722222222222223 0.39479166666666665 0.12592592592592602 0.4265625 0.12592592592592602
5 0.23229166666666673 0.48333333333333334 0.20000000000000007 0.48333333333333334 0.20000000000000007 0.5435185185185185 0.23229166666666673 0.5435185185185185
6 0.5520833333333334 0.3240740740740742 0.51875 0.3240740740740742 0.51875 0.3833333333333334 0.5520833333333334 0.3833333333333334
0 0.5921875 0.37407407407407417 0.5578125 0.37407407407407417 0.5578125 0.43333333333333346 0.5921875 0.43333333333333346
7 0.4125 0.6370370370370371 0.37864583333333335 0.6370370370370371 0.37864583333333335 0.6990740740740741 0.4125 0.6990740740740741
3 0.3203125 0.4175925925925927 0.29375 0.4175925925925927 0.29375 0.46574074074074084 0.3203125 0.46574074074074084
2 0.5244791666666667 0.3925925925925927 0.4973958333333333 0.3925925925925927 0.4973958333333333 0.43981481481481494 0.5244791666666667 0.43981481481481494
11 0.334375 0.524074074074074 0.30052083333333335 0.524074074074074 0.30052083333333335 0.5824074074074074 0.334375 0.5824074074074074
1 0.3 0.47314814814814826 0.2677083333333333 0.47314814814814826 0.2677083333333333 0.5333333333333333 0.3 0.5333333333333333
12 0.5473958333333333 0.21203703703703713 0.5078125 0.21203703703703713 0.5078125 0.2842592592592594 0.5473958333333333 0.2842592592592594
8 0.49947916666666664 0.1777777777777779 0.4739583333333333 0.1777777777777779 0.4739583333333333 0.22222222222222232 0.49947916666666664 0.22222222222222232
9 0.3802083333333333 0.7083333333333334 0.353125 0.7083333333333334 0.353125 0.7583333333333333 0.3802083333333333 0.7583333333333333
1 0.37395833333333334 0.5814814814814815 0.34010416666666665 0.5814814814814815 0.34010416666666665 0.6425925925925926 0.37395833333333334 0.6425925925925926
10 0.5140625 0.27314814814814825 0.48125 0.27314814814814825 0.48125 0.3333333333333334 0.5140625 0.3333333333333334
4 0.6197916666666666 0.31481481481481494 0.5864583333333333 0.31481481481481494 0.5864583333333333 0.37407407407407417 0.6197916666666666 0.37407407407407417
8 0.5786458333333333 0.2712962962962964 0.5526041666666667 0.2712962962962964 0.5526041666666667 0.3175925925925927 0.5786458333333333 0.3175925925925927
3 0.43854166666666666 0.5833333333333334 0.4109375 0.5833333333333334 0.4109375 0.6324074074074074 0.43854166666666666 0.6324074074074074
3 0.478125 0.6351851851851852 0.4505208333333333 0.6351851851851852 0.4505208333333333 0.6842592592592592 0.478125 0.6842592592592592
2 0.4427083333333333 0.2814814814814816 0.41770833333333335 0.2814814814814816 0.41770833333333335 0.325925925925926 0.4427083333333333 0.325925925925926
2 0.4041666666666667 0.2351851851851853 0.37864583333333335 0.2351851851851853 0.37864583333333335 0.28055555555555567 0.4041666666666667 0.28055555555555567
2 0.48125 0.338888888888889 0.4557291666666667 0.338888888888889 0.4557291666666667 0.3851851851851853 0.48125 0.3851851851851853
2 0.5630208333333333 0.4490740740740742 0.5359375 0.4490740740740742 0.5359375 0.4962962962962965 0.5630208333333333 0.4962962962962965
5 0.4276041666666667 0.7583333333333333 0.3932291666666667 0.7583333333333333 0.3932291666666667 0.8222222222222222 0.4276041666666667 0.8222222222222222
5 0.4276041666666667 0.7592592592592593 0.3932291666666667 0.7592592592592593 0.3932291666666667 0.8231481481481482 0.4276041666666667 0.8231481481481482