11 0.3338541666666667 0.5685185185185185 0.28125 0.5685185185185185 0.28125 0.6620370370370371 0.3338541666666667 0.6620370370370371
1 0.32916666666666666 0.30925925925925934 0.2755208333333333 0.30925925925925934 0.2755208333333333 0.4037037037037038 0.32916666666666666 0.4037037037037038
10 0.3932291666666667 0.29722222222222233 0.340625 0.29722222222222233 0.340625 0.38796296296296306 0.3932291666666667 0.38796296296296306
9 0.6625 0.7092592592592595 0.6166666666666667 0.7092592592592595 0.6166666666666667 0.7898148148148151 0.6625 0.7898148148148151
5 0.7369791666666666 0.5555555555555558 0.6822916666666666 0.5555555555555558 0.6822916666666666 0.651851851851852 0.7369791666666666 0.651851851851852
7 0.7213541666666666 0.3101851851851853 0.6682291666666667 0.3101851851851853 0.6682291666666667 0.4037037037037038 0.7213541666666666 0.4037037037037038
4 0.534375 0.138888888888889 0.4822916666666667 0.138888888888889 0.4822916666666667 0.23055555555555565 0.534375 0.23055555555555565
8 0.4588541666666667 0.29074074074074086 0.4125 0.29074074074074086 0.4125 0.37222222222222234 0.4588541666666667 0.37222222222222234
7 0.4203125 0.100925925925926 0.3671875 0.100925925925926 0.3671875 0.19537037037037047 0.4203125 0.19537037037037047
6 0.49947916666666664 0.21018518518518528 0.44583333333333336 0.21018518518518528 0.44583333333333336 0.30462962962962975 0.49947916666666664 0.30462962962962975
2 0.6057291666666667 0.2583333333333334 0.5619791666666667 0.2583333333333334 0.5619791666666667 0.3351851851851853 0.6057291666666667 0.3351851851851853
9 0.6973958333333333 0.6481481481481484 0.6546875 0.6481481481481484 0.6546875 0.7231481481481483 0.6973958333333333 0.7231481481481483
3 0.478125 0.6814814814814815 0.43020833333333336 0.6814814814814815 0.43020833333333336 0.7648148148148148 0.478125 0.7648148148148148
12 0.3953125 0.16388888888888897 0.3296875 0.16388888888888895 0.3296875 0.2787037037037038 0.3953125 0.2787037037037038
13 0.6390625 0.7675925925925928 0.5708333333333333 0.7675925925925928 0.5708333333333333 0.8861111111111113 0.6390625 0.8861111111111113
2 0.7229166666666667 0.43796296296296305 0.6802083333333333 0.43796296296296305 0.6802083333333333 0.5129629629629632 0.7229166666666667 0.5129629629629632
3 0.5130208333333334 0.6120370370370372 0.465625 0.612037037037037 0.465625 0.6962962962962964 0.5130208333333334 0.6962962962962965
6 0.41666666666666674 0.825925925925926 0.3640625 0.825925925925926 0.36406250000000007 0.9194444444444444 0.4166666666666668 0.9194444444444444
2 0.5239583333333334 0.8703703703703705 0.4776041666666668 0.8703703703703703 0.4776041666666668 0.9518518518518518 0.5239583333333334 0.9518518518518518
1 0.5911458333333334 0.7175925925925928 0.5385416666666667 0.7175925925925928 0.5385416666666667 0.8111111111111113 0.5911458333333334 0.8111111111111113
3 0.6166666666666667 0.5259259259259261 0.571875 0.5259259259259261 0.571875 0.6046296296296299 0.6166666666666667 0.6046296296296299
2 0.5567708333333333 0.7981481481481484 0.5098958333333333 0.7981481481481484 0.5098958333333334 0.8805555555555558 0.5567708333333333 0.8805555555555558
8 0.3489583333333333 0.2453703703703705 0.3020833333333333 0.2453703703703705 0.3020833333333333 0.32685185185185195 0.3489583333333333 0.32685185185185195
10 0.6984375 0.7638888888888891 0.6447916666666667 0.7638888888888891 0.6447916666666667 0.8583333333333335 0.6984375 0.8583333333333335
3 0.6442708333333333 0.31944444444444453 0.5973958333333333 0.31944444444444453 0.5973958333333333 0.40185185185185196 0.6442708333333333 0.40185185185185196
4 0.5848958333333333 0.46203703703703713 0.5286458333333334 0.46203703703703713 0.5286458333333334 0.5611111111111113 0.5848958333333333 0.5611111111111113
3 0.49895833333333334 0.4787037037037038 0.4552083333333333 0.4787037037037037 0.4552083333333333 0.5555555555555557 0.49895833333333334 0.5555555555555558
0 0.39947916666666666 0.42592592592592604 0.34322916666666664 0.42592592592592604 0.34322916666666664 0.524074074074074 0.39947916666666666 0.524074074074074
0 0.6598958333333333 0.5796296296296298 0.6046875 0.5796296296296298 0.6046875 0.6759259259259262 0.6598958333333333 0.6759259259259262
2 0.471875 0.5472222222222223 0.425 0.5472222222222223 0.425 0.6296296296296297 0.471875 0.6296296296296297
11 0.434375 0.35462962962962974 0.3776041666666667 0.35462962962962974 0.3776041666666667 0.45370370370370383 0.434375 0.45370370370370383
5 0.5859375 0.5907407407407409 0.5307291666666667 0.5907407407407409 0.5307291666666667 0.6870370370370372 0.5859375 0.6870370370370372