12 0.5015625 0.7787037037037038 0.45989583333333334 0.7787037037037037 0.45989583333333334 0.8555555555555556 0.5015625 0.8555555555555557
11 0.5651041666666666 0.31296296296296305 0.5317708333333333 0.31296296296296305 0.5317708333333333 0.37314814814814823 0.5651041666666666 0.37314814814814823
6 0.45364583333333336 0.6990740740740741 0.4203125 0.6990740740740741 0.4203125 0.7611111111111111 0.45364583333333336 0.7611111111111111
10 0.5041666666666667 0.7037037037037038 0.4703125 0.7037037037037037 0.4703125 0.7666666666666667 0.5041666666666667 0.7666666666666668
7 0.4635416666666667 0.3037037037037038 0.43072916666666666 0.3037037037037038 0.43072916666666666 0.36296296296296304 0.4635416666666667 0.36296296296296304
4 0.39947916666666666 0.7805555555555556 0.365625 0.7805555555555556 0.365625 0.8407407407407408 0.39947916666666666 0.8407407407407408
10 0.5557291666666667 0.7129629629629631 0.5208333333333334 0.7129629629629631 0.5208333333333334 0.7740740740740742 0.5557291666666667 0.7740740740740742
6 0.6088541666666667 0.7111111111111114 0.575 0.7111111111111114 0.575 0.7712962962962965 0.6088541666666667 0.7712962962962965
4 0.6067708333333334 0.7953703703703706 0.5729166666666666 0.7953703703703706 0.5729166666666666 0.8564814814814817 0.6067708333333334 0.8564814814814817
1 0.5130208333333334 0.30833333333333346 0.48020833333333335 0.30833333333333346 0.48020833333333335 0.36851851851851863 0.5130208333333334 0.36851851851851863
8 0.44635416666666666 0.7916666666666666 0.41875 0.7916666666666666 0.41875 0.8407407407407408 0.44635416666666666 0.8407407407407408
3 0.5083333333333333 0.38611111111111124 0.4817708333333333 0.38611111111111124 0.4817708333333333 0.43333333333333346 0.5083333333333333 0.43333333333333346
3 0.6104166666666667 0.3962962962962964 0.584375 0.3962962962962964 0.584375 0.44351851851851865 0.6104166666666667 0.44351851851851865
8 0.5473958333333333 0.7953703703703706 0.5208333333333334 0.7953703703703706 0.5208333333333334 0.8425925925925928 0.5473958333333333 0.8425925925925928
13 0.5203125 0.22407407407407418 0.48072916666666665 0.22407407407407418 0.48072916666666665 0.29537037037037045 0.5203125 0.29537037037037045
7 0.6619791666666667 0.3212962962962964 0.6291666666666667 0.3212962962962964 0.6291666666666667 0.37962962962962976 0.6619791666666667 0.37962962962962976
3 0.55625 0.3972222222222223 0.5302083333333333 0.3972222222222223 0.5302083333333333 0.44444444444444453 0.55625 0.44444444444444453
3 0.45625 0.38425925925925936 0.4296875 0.38425925925925936 0.4296875 0.4324074074074075 0.45625 0.4324074074074075
5 0.415625 0.2287037037037038 0.38229166666666664 0.2287037037037038 0.38229166666666664 0.2861111111111112 0.415625 0.2861111111111112
2 0.45 0.6268518518518519 0.42239583333333336 0.6268518518518519 0.42239583333333336 0.6759259259259259 0.45 0.6759259259259259
3 0.4083333333333333 0.3833333333333334 0.38177083333333334 0.3833333333333334 0.38177083333333334 0.42962962962962975 0.4083333333333333 0.42962962962962975
0 0.4036458333333333 0.6962962962962963 0.3697916666666667 0.6962962962962963 0.3697916666666667 0.7583333333333333 0.4036458333333333 0.7583333333333333
2 0.5041666666666667 0.6287037037037038 0.47708333333333336 0.6287037037037037 0.47708333333333336 0.6768518518518519 0.5041666666666667 0.676851851851852
5 0.6625 0.24351851851851863 0.6302083333333334 0.24351851851851863 0.6302083333333334 0.30277777777777787 0.6625 0.30277777777777787
2 0.5578125 0.6379629629629632 0.53125 0.6379629629629632 0.53125 0.6870370370370372 0.5578125 0.6870370370370372
2 0.3984375 0.6175925925925926 0.371875 0.6175925925925926 0.371875 0.6666666666666666 0.3984375 0.6666666666666666
11 0.6130208333333333 0.24074074074074084 0.5807291666666666 0.24074074074074084 0.5807291666666666 0.29722222222222233 0.6130208333333333 0.29722222222222233
2 0.6072916666666667 0.6370370370370373 0.5807291666666666 0.6370370370370373 0.5807291666666666 0.6851851851851853 0.6072916666666667 0.6851851851851853
1 0.6098958333333333 0.31851851851851865 0.5765625 0.31851851851851865 0.5765625 0.3777777777777779 0.6098958333333333 0.3777777777777779
9 0.4635416666666667 0.2351851851851853 0.4375 0.2351851851851853 0.4375 0.2814814814814816 0.4635416666666667 0.2814814814814816
0 0.6588541666666666 0.7962962962962965 0.6239583333333333 0.7962962962962965 0.6239583333333333 0.8564814814814817 0.6588541666666666 0.8564814814814817
9 0.5625 0.2453703703703705 0.5354166666666667 0.2453703703703705 0.5354166666666667 0.29074074074074086 0.5625 0.29074074074074086