3 0.5010416666666667 0.3240740740740742 0.46041666666666664 0.3240740740740742 0.46041666666666664 0.3925925925925927 0.5010416666666667 0.3925925925925927
4 0.5713541666666667 0.8259259259259262 0.5229166666666667 0.8259259259259262 0.5229166666666667 0.9064814814814817 0.5713541666666667 0.9064814814814817
9 0.6807291666666667 0.33055555555555566 0.6401041666666667 0.33055555555555566 0.6401041666666667 0.3990740740740742 0.6807291666666667 0.3990740740740742
5 0.7755208333333333 0.41296296296296314 0.7234375 0.4129629629629631 0.7234375 0.5009259259259261 0.7755208333333333 0.5009259259259261
12 0.48802083333333335 0.7259259259259261 0.42916666666666664 0.725925925925926 0.42916666666666664 0.8240740740740742 0.48802083333333335 0.8240740740740743
11 0.7307291666666667 0.3657407407407409 0.6796875 0.36574074074074087 0.6796875 0.45277777777777795 0.7307291666666667 0.452777777777778
4 0.40260416666666665 0.6481481481481481 0.3536458333333333 0.6481481481481481 0.3536458333333333 0.7305555555555555 0.40260416666666665 0.7305555555555555
7 0.5739583333333333 0.2916666666666668 0.521875 0.2916666666666668 0.521875 0.37962962962962976 0.5739583333333333 0.37962962962962976
7 0.75 0.48425925925925944 0.6989583333333333 0.48425925925925944 0.6989583333333333 0.5712962962962965 0.75 0.5712962962962965
11 0.6640625 0.3925925925925927 0.6135416666666667 0.3925925925925927 0.6135416666666667 0.4787037037037039 0.6640625 0.4787037037037039
0 0.6130208333333333 0.8666666666666669 0.565625 0.8666666666666669 0.565625 0.9462962962962965 0.6130208333333333 0.9462962962962965
13 0.6484375 0.2601851851851853 0.5854166666666667 0.2601851851851853 0.5854166666666667 0.3675925925925927 0.6484375 0.3675925925925927
3 0.6817708333333333 0.5120370370370373 0.640625 0.5120370370370373 0.640625 0.5814814814814817 0.6817708333333333 0.5814814814814817
10 0.5494791666666666 0.7222222222222224 0.49947916666666664 0.7222222222222224 0.49947916666666664 0.8055555555555558 0.5494791666666666 0.8055555555555558
9 0.5927083333333333 0.23055555555555565 0.5510416666666667 0.23055555555555565 0.5510416666666667 0.30092592592592604 0.5927083333333333 0.30092592592592604
8 0.43854166666666666 0.7 0.3984375 0.7 0.3984375 0.7666666666666667 0.43854166666666666 0.7666666666666667
10 0.5088541666666667 0.6731481481481483 0.4578125 0.6731481481481482 0.4578125 0.7583333333333334 0.5088541666666667 0.7583333333333335
3 0.5916666666666667 0.413888888888889 0.5510416666666667 0.413888888888889 0.5510416666666667 0.48425925925925944 0.5916666666666667 0.48425925925925944
1 0.7041666666666667 0.43703703703703717 0.6526041666666667 0.43703703703703717 0.6526041666666667 0.5231481481481484 0.7041666666666667 0.5231481481481484
0 0.4244791666666667 0.5842592592592593 0.37395833333333334 0.5842592592592593 0.37395833333333334 0.6694444444444444 0.4244791666666667 0.6694444444444444
1 0.6182291666666667 0.34074074074074084 0.5661458333333333 0.34074074074074084 0.5661458333333333 0.42962962962962975 0.6182291666666667 0.42962962962962975
8 0.5223958333333333 0.7842592592592593 0.48333333333333334 0.7842592592592592 0.48333333333333334 0.8490740740740742 0.5223958333333333 0.8490740740740743
6 0.4666666666666667 0.6287037037037037 0.415625 0.6287037037037037 0.415625 0.7138888888888889 0.4666666666666667 0.7138888888888889
6 0.5947916666666667 0.7648148148148151 0.5453125 0.7648148148148151 0.5453125 0.8481481481481483 0.5947916666666667 0.8481481481481483
3 0.5453125 0.3675925925925927 0.5041666666666667 0.3675925925925927 0.5041666666666667 0.43703703703703717 0.5453125 0.43703703703703717
3 0.6322916666666667 0.46759259259259267 0.5916666666666667 0.46759259259259267 0.5916666666666667 0.5361111111111113 0.6322916666666667 0.5361111111111113
2 0.43645833333333334 0.524074074074074 0.396875 0.524074074074074 0.396875 0.5898148148148148 0.43645833333333334 0.5898148148148148
2 0.6125 0.7120370370370372 0.5723958333333333 0.7120370370370372 0.5723958333333333 0.7796296296296299 0.6125 0.7796296296296299
5 0.5479166666666667 0.1740740740740742 0.496875 0.1740740740740742 0.496875 0.2620370370370371 0.5479166666666667 0.2620370370370371
2 0.56875 0.6722222222222224 0.5296875 0.6722222222222224 0.5296875 0.7379629629629632 0.56875 0.7379629629629632
2 0.525 0.6194444444444447 0.4864583333333333 0.6194444444444447 0.4864583333333333 0.6861111111111113 0.525 0.6861111111111113
2 0.4786458333333333 0.5731481481481482 0.4395833333333333 0.5731481481481482 0.4395833333333333 0.6388888888888888 0.4786458333333333 0.6388888888888888