4 0.42916666666666664 0.11574074074074084 0.3932291666666667 0.11574074074074082 0.3932291666666667 0.16944444444444454 0.42916666666666664 0.16944444444444454
1 0.734375 0.8064814814814817 0.696875 0.8064814814814817 0.696875 0.8638888888888892 0.734375 0.8638888888888892
4 0.6244791666666667 0.11759259259259272 0.5880208333333333 0.11759259259259272 0.5880208333333333 0.16851851851851865 0.6244791666666667 0.16851851851851868
2 0.5234375 0.3462962962962964 0.49375 0.3462962962962964 0.49375 0.38981481481481495 0.5234375 0.38981481481481495
7 0.6848958333333334 0.6555555555555558 0.6479166666666667 0.6555555555555558 0.6479166666666667 0.7120370370370372 0.6848958333333334 0.7120370370370372
13 0.5359375 0.7305555555555557 0.49322916666666666 0.7305555555555557 0.49322916666666666 0.8000000000000002 0.5359375 0.8000000000000002
3 0.42135416666666664 0.5842592592592593 0.39114583333333336 0.5842592592592593 0.39114583333333336 0.6361111111111111 0.42135416666666664 0.6361111111111111
2 0.3307291666666667 0.3601851851851853 0.3 0.3601851851851853 0.3 0.40185185185185196 0.3307291666666667 0.40185185185185196
2 0.6192708333333333 0.3379629629629631 0.5890625 0.3379629629629631 0.5890625 0.37962962962962976 0.6192708333333333 0.37962962962962976
3 0.7244791666666667 0.5694444444444446 0.6947916666666667 0.5694444444444446 0.6947916666666667 0.6129629629629632 0.7244791666666667 0.6129629629629632
8 0.47708333333333336 0.11944444444444455 0.4484375 0.11944444444444455 0.4484375 0.1601851851851853 0.47708333333333336 0.1601851851851853
2 0.42239583333333336 0.34444444444444455 0.3927083333333333 0.34444444444444455 0.3927083333333333 0.3870370370370371 0.42239583333333336 0.3870370370370371
3 0.628125 0.577777777777778 0.5979166666666667 0.577777777777778 0.5979166666666667 0.6212962962962965 0.628125 0.6212962962962965
7 0.37447916666666664 0.6722222222222223 0.33645833333333336 0.6722222222222223 0.33645833333333336 0.7277777777777777 0.37447916666666664 0.7277777777777777
6 0.6630208333333333 0.25462962962962976 0.6276041666666666 0.25462962962962976 0.6276041666666666 0.30555555555555564 0.6630208333333333 0.30555555555555564
12 0.528125 0.1750000000000001 0.4859375 0.1750000000000001 0.4859375 0.23981481481481493 0.528125 0.23981481481481493
8 0.5661458333333333 0.1250000000000001 0.5375 0.1250000000000001 0.5375 0.16666666666666677 0.5661458333333333 0.16666666666666677
3 0.5244791666666667 0.5851851851851854 0.4942708333333333 0.5851851851851854 0.4942708333333333 0.6370370370370373 0.5244791666666667 0.6370370370370373
2 0.71875 0.33055555555555566 0.6895833333333333 0.33055555555555566 0.6895833333333333 0.37407407407407417 0.71875 0.37407407407407417
1 0.33541666666666675 0.8324074074074074 0.29791666666666666 0.8324074074074074 0.2979166666666667 0.8916666666666667 0.3354166666666668 0.8916666666666667
5 0.38541666666666674 0.8277777777777777 0.34739583333333335 0.8277777777777777 0.3473958333333334 0.8842592592592593 0.3854166666666668 0.8842592592592593
9 0.5796875 0.8314814814814817 0.5489583333333333 0.8314814814814817 0.5489583333333333 0.8768518518518521 0.5796875 0.8768518518518521
11 0.6875 0.8101851851851853 0.6494791666666667 0.8101851851851853 0.6494791666666667 0.8703703703703706 0.6875 0.8703703703703706
6 0.3765625 0.26944444444444454 0.34010416666666665 0.26944444444444454 0.34010416666666665 0.3240740740740742 0.3765625 0.3240740740740742
10 0.38229166666666664 0.13055555555555565 0.3463541666666667 0.13055555555555562 0.3463541666666667 0.18425925925925934 0.38229166666666664 0.18425925925925937
0 0.7140625 0.11481481481481497 0.6791666666666667 0.11481481481481497 0.6791666666666667 0.16851851851851868 0.7140625 0.16851851851851868
5 0.6364583333333333 0.8064814814814817 0.6 0.8064814814814817 0.6 0.864814814814815 0.6364583333333333 0.864814814814815
3 0.328125 0.5888888888888889 0.2953125 0.5888888888888889 0.2953125 0.6370370370370371 0.328125 0.6370370370370371
9 0.4833333333333334 0.8305555555555556 0.4510416666666667 0.8305555555555556 0.45104166666666673 0.8768518518518519 0.48333333333333345 0.8768518518518519
10 0.6640625 0.11388888888888903 0.6286458333333333 0.11388888888888903 0.6286458333333333 0.16666666666666682 0.6640625 0.16666666666666682
0 0.3296875 0.11759259259259267 0.29270833333333335 0.11759259259259265 0.29270833333333335 0.17500000000000004 0.3296875 0.17500000000000004
11 0.4338541666666667 0.8314814814814815 0.39739583333333334 0.8314814814814815 0.3973958333333334 0.8925925925925926 0.43385416666666676 0.8925925925925926