5 0.3458333333333333 0.36296296296296304 0.3 0.36296296296296304 0.3 0.45185185185185195 0.3458333333333333 0.45185185185185195
1 0.7635416666666667 0.45648148148148165 0.7197916666666667 0.4564814814814816 0.7197916666666667 0.5435185185185187 0.7635416666666667 0.5435185185185187
7 0.41041666666666665 0.14351851851851863 0.36614583333333334 0.14351851851851863 0.36614583333333334 0.23333333333333345 0.41041666666666665 0.23333333333333345
11 0.7072916666666667 0.6916666666666669 0.6630208333333333 0.6916666666666669 0.6630208333333333 0.7787037037037039 0.7072916666666667 0.7787037037037039
6 0.6348958333333333 0.2277777777777779 0.5833333333333334 0.22777777777777788 0.5833333333333334 0.3212962962962964 0.6348958333333333 0.3212962962962964
2 0.4515625 0.7268518518518519 0.415625 0.7268518518518519 0.415625 0.799074074074074 0.4515625 0.799074074074074
9 0.37916666666666665 0.5583333333333333 0.33645833333333336 0.5583333333333333 0.33645833333333336 0.6370370370370371 0.37916666666666665 0.6370370370370371
7 0.7229166666666667 0.1907407407407409 0.6791666666666667 0.1907407407407409 0.6791666666666667 0.27962962962962973 0.7229166666666667 0.27962962962962973
4 0.6151041666666667 0.1379629629629631 0.5697916666666667 0.13796296296296306 0.5697916666666667 0.22592592592592606 0.6151041666666667 0.22592592592592609
4 0.5052083333333334 0.3935185185185186 0.45989583333333334 0.3935185185185186 0.45989583333333334 0.4842592592592594 0.5052083333333334 0.48425925925925944
13 0.4 0.6425925925925926 0.34322916666666664 0.6425925925925926 0.34322916666666664 0.7527777777777778 0.4 0.7527777777777778
3 0.5484375 0.6796296296296298 0.5119791666666667 0.6796296296296298 0.5119791666666667 0.7537037037037039 0.5484375 0.7537037037037039
3 0.53125 0.5907407407407409 0.4953125 0.5907407407407409 0.4953125 0.6648148148148151 0.53125 0.6648148148148151
3 0.5734375 0.4750000000000002 0.5364583333333334 0.4750000000000002 0.5364583333333334 0.5481481481481484 0.5734375 0.5481481481481484
2 0.37447916666666664 0.26296296296296306 0.3390625 0.26296296296296306 0.3390625 0.33425925925925937 0.37447916666666664 0.33425925925925937
12 0.7427083333333333 0.27407407407407425 0.6880208333333333 0.2740740740740742 0.6880208333333333 0.3805555555555557 0.7427083333333333 0.38055555555555576
8 0.6458333333333334 0.3361111111111112 0.609375 0.3361111111111112 0.609375 0.40833333333333344 0.6458333333333334 0.40833333333333344
2 0.51875 0.188888888888889 0.4828125 0.188888888888889 0.4828125 0.2601851851851853 0.51875 0.2601851851851853
3 0.4578125 0.42777777777777787 0.4203125 0.42777777777777787 0.4203125 0.5 0.4578125 0.5
9 0.35833333333333334 0.46944444444444455 0.3182291666666667 0.46944444444444455 0.3182291666666667 0.5472222222222223 0.35833333333333334 0.5472222222222223
3 0.47291666666666665 0.21574074074074084 0.43697916666666664 0.21574074074074084 0.43697916666666664 0.288888888888889 0.47291666666666665 0.288888888888889
10 0.7072916666666667 0.3925925925925927 0.6625 0.3925925925925927 0.6625 0.47962962962962985 0.7072916666666667 0.47962962962962985
0 0.6786458333333333 0.5101851851851854 0.6328125 0.5101851851851854 0.6328125 0.6000000000000002 0.6786458333333333 0.6000000000000002
2 0.46718750000000003 0.8203703703703704 0.43125 0.8203703703703704 0.4312500000000001 0.8916666666666667 0.46718750000000014 0.8916666666666667
6 0.5807291666666666 0.864814814814815 0.534375 0.864814814814815 0.534375 0.9555555555555556 0.5807291666666666 0.9555555555555556
2 0.5833333333333334 0.5629629629629632 0.5463541666666667 0.5629629629629632 0.5463541666666667 0.6351851851851854 0.5833333333333334 0.6351851851851854
0 0.4114583333333333 0.44444444444444453 0.36614583333333334 0.44444444444444453 0.36614583333333334 0.5324074074074074 0.4114583333333333 0.5324074074074074
1 0.4453125 0.625 0.39739583333333334 0.625 0.39739583333333334 0.7148148148148148 0.4453125 0.7148148148148148
10 0.3359375 0.5833333333333334 0.28958333333333336 0.5833333333333334 0.28958333333333336 0.674074074074074 0.3359375 0.674074074074074
5 0.4791666666666667 0.5148148148148148 0.428125 0.5148148148148148 0.428125 0.6046296296296296 0.4791666666666667 0.6046296296296296
11 0.6630208333333333 0.413888888888889 0.6171875 0.413888888888889 0.6171875 0.502777777777778 0.6630208333333333 0.502777777777778
8 0.7520833333333333 0.3824074074074076 0.7177083333333333 0.38240740740740753 0.7177083333333333 0.44907407407407424 0.7520833333333333 0.4490740740740743