4 0.28072916666666664 0.3824074074074075 0.23489583333333333 0.3824074074074074 0.23489583333333336 0.4694444444444445 0.28072916666666664 0.46944444444444455
7 0.5697916666666667 0.41944444444444456 0.521875 0.41944444444444456 0.521875 0.5101851851851854 0.5697916666666667 0.5101851851851854
3 0.2989583333333333 0.5111111111111111 0.26302083333333337 0.5111111111111111 0.26302083333333337 0.5814814814814815 0.2989583333333333 0.5814814814814815
3 0.3734375 0.13703703703703712 0.3375 0.1370370370370371 0.3375 0.20648148148148157 0.3734375 0.2064814814814816
0 0.3416666666666667 0.31481481481481494 0.2942708333333333 0.31481481481481494 0.2942708333333333 0.40555555555555567 0.3416666666666667 0.40555555555555567
2 0.6911458333333333 0.28333333333333344 0.6520833333333333 0.28333333333333344 0.6520833333333333 0.3574074074074075 0.6911458333333333 0.3574074074074075
7 0.6807291666666667 0.3694444444444446 0.6328125 0.3694444444444446 0.6328125 0.45925925925925937 0.6807291666666667 0.45925925925925937
3 0.2427083333333334 0.5777777777777777 0.20729166666666674 0.5777777777777777 0.20729166666666674 0.6462962962962963 0.2427083333333334 0.6462962962962963
9 0.6578125 0.4824074074074076 0.6192708333333333 0.4824074074074076 0.6192708333333333 0.5546296296296298 0.6578125 0.5546296296296298
3 0.32708333333333334 0.12037037037037042 0.2916666666666667 0.12037037037037042 0.2916666666666667 0.18796296296296303 0.32708333333333334 0.18796296296296303
13 0.6479166666666667 0.5509259259259262 0.5890625 0.5509259259259262 0.5890625 0.6629629629629632 0.6479166666666667 0.6629629629629632
2 0.6473958333333333 0.7824074074074077 0.6104166666666667 0.7824074074074077 0.6104166666666667 0.853703703703704 0.6473958333333333 0.853703703703704
5 0.6359375 0.35462962962962974 0.5864583333333333 0.35462962962962974 0.5864583333333333 0.44537037037037047 0.6359375 0.44537037037037047
11 0.6166666666666667 0.44537037037037047 0.5677083333333334 0.44537037037037047 0.5677083333333334 0.5370370370370372 0.6166666666666667 0.5370370370370372
3 0.25468750000000007 0.4935185185185185 0.21979166666666672 0.4935185185185185 0.21979166666666672 0.5611111111111111 0.25468750000000007 0.5611111111111111
6 0.3151041666666667 0.21111111111111117 0.2677083333333333 0.21111111111111117 0.2677083333333333 0.29907407407407416 0.3151041666666667 0.29907407407407416
6 0.4276041666666667 0.3592592592592594 0.3796875 0.3592592592592594 0.3796875 0.4490740740740742 0.4276041666666667 0.4490740740740742
2 0.6197916666666666 0.6694444444444446 0.5822916666666667 0.6694444444444446 0.5822916666666667 0.7407407407407409 0.6197916666666666 0.7407407407407409
1 0.5984375 0.5379629629629632 0.5510416666666667 0.5379629629629632 0.5510416666666667 0.6305555555555558 0.5984375 0.6305555555555558
12 0.36354166666666665 0.21018518518518525 0.30625 0.21018518518518522 0.30625 0.31944444444444453 0.36354166666666665 0.31944444444444453
10 0.2942708333333333 0.29907407407407416 0.246875 0.29907407407407416 0.246875 0.3851851851851853 0.2942708333333333 0.3851851851851853
8 0.36041666666666666 0.4361111111111112 0.3182291666666667 0.4361111111111112 0.3182291666666667 0.5120370370370371 0.36041666666666666 0.5120370370370371
10 0.3229166666666667 0.4037037037037038 0.27291666666666664 0.4037037037037038 0.27291666666666664 0.4935185185185185 0.3229166666666667 0.4935185185185185
4 0.38333333333333336 0.33703703703703713 0.3338541666666667 0.33703703703703713 0.3338541666666667 0.42962962962962975 0.38333333333333336 0.42962962962962975
2 0.74375 0.2990740740740742 0.7020833333333333 0.29907407407407416 0.7020833333333333 0.376851851851852 0.74375 0.37685185185185205
5 0.7260416666666667 0.3981481481481483 0.6739583333333333 0.39814814814814825 0.6739583333333333 0.49444444444444463 0.7260416666666667 0.49444444444444463
11 0.7078125 0.48333333333333356 0.6583333333333333 0.48333333333333356 0.6583333333333333 0.5740740740740743 0.7078125 0.5740740740740743
1 0.6890625 0.5750000000000002 0.6364583333333333 0.5750000000000002 0.6364583333333333 0.6750000000000002 0.6890625 0.6750000000000002
0 0.40260416666666665 0.2462962962962964 0.3536458333333333 0.2462962962962964 0.3536458333333333 0.34074074074074084 0.40260416666666665 0.34074074074074084
2 0.6630208333333333 0.6953703703703705 0.625 0.6953703703703705 0.625 0.7629629629629632 0.6630208333333333 0.7629629629629632