5 0.6083333333333333 0.8870370370370373 0.5552083333333333 0.8870370370370373 0.5552083333333333 0.9833333333333333 0.6083333333333333 0.9833333333333333
1 0.40729166666666666 0.1935185185185186 0.3578125 0.19351851851851856 0.3578125 0.2842592592592594 0.40729166666666666 0.2842592592592594
7 0.4687500000000001 0.8870370370370371 0.4140625000000001 0.8870370370370371 0.4140625000000001 0.9861111111111112 0.4687500000000001 0.9861111111111112
7 0.3072916666666667 0.3870370370370371 0.259375 0.3870370370370371 0.259375 0.4740740740740741 0.3072916666666667 0.4740740740740741
6 0.38229166666666664 0.5046296296296297 0.328125 0.5046296296296297 0.328125 0.6018518518518519 0.38229166666666664 0.6018518518518519
2 0.41510416666666666 0.7092592592592593 0.37135416666666665 0.7092592592592593 0.37135416666666665 0.787962962962963 0.41510416666666666 0.787962962962963
3 0.5625 0.6944444444444446 0.5182291666666666 0.6944444444444446 0.5182291666666666 0.7740740740740742 0.5625 0.7740740740740742
4 0.534375 0.6231481481481482 0.4786458333333333 0.6231481481481481 0.4786458333333333 0.7250000000000001 0.534375 0.7250000000000002
9 0.6723958333333333 0.752777777777778 0.6286458333333333 0.752777777777778 0.6286458333333333 0.8333333333333336 0.6723958333333333 0.8333333333333336
2 0.5328125000000001 0.8935185185185187 0.4895833333333334 0.8935185185185187 0.4895833333333334 0.9722222222222222 0.5328125000000001 0.9722222222222222
12 0.34791666666666665 0.3037037037037038 0.284375 0.3037037037037038 0.284375 0.42037037037037045 0.34791666666666665 0.42037037037037045
3 0.6291666666666667 0.4287037037037038 0.5848958333333333 0.4287037037037038 0.5848958333333333 0.5092592592592595 0.6291666666666667 0.5092592592592595
3 0.4552083333333333 0.7657407407407407 0.4119791666666667 0.7657407407407407 0.4119791666666667 0.8444444444444444 0.4552083333333333 0.8444444444444444
11 0.4515625 0.3675925925925927 0.3953125 0.3675925925925927 0.3953125 0.46944444444444455 0.4515625 0.46944444444444455
3 0.5979166666666667 0.4962962962962965 0.553125 0.4962962962962965 0.553125 0.577777777777778 0.5979166666666667 0.577777777777778
8 0.4119791666666667 0.43796296296296305 0.3671875 0.43796296296296305 0.3671875 0.5185185185185185 0.4119791666666667 0.5185185185185185
13 0.7203125 0.6638888888888891 0.6557291666666667 0.6638888888888891 0.6557291666666667 0.7814814814814817 0.7203125 0.7814814814814817
0 0.4859375 0.2981481481481483 0.4317708333333333 0.2981481481481483 0.4317708333333333 0.3953703703703705 0.4859375 0.3953703703703705
3 0.5208333333333334 0.488888888888889 0.4765625 0.4888888888888889 0.4765625 0.5703703703703705 0.5208333333333334 0.5703703703703705
11 0.5515625 0.16481481481481491 0.49583333333333335 0.16481481481481491 0.49583333333333335 0.26574074074074083 0.5515625 0.26574074074074083
9 0.6427083333333333 0.8240740740740743 0.5989583333333334 0.8240740740740743 0.5989583333333334 0.902777777777778 0.6427083333333333 0.902777777777778
8 0.36770833333333336 0.25185185185185194 0.32447916666666665 0.25185185185185194 0.32447916666666665 0.3296296296296297 0.36770833333333336 0.3296296296296297
1 0.6755208333333333 0.6129629629629632 0.6229166666666667 0.6129629629629632 0.6229166666666667 0.7074074074074076 0.6755208333333333 0.7074074074074076
6 0.7078125 0.28703703703703715 0.6552083333333333 0.28703703703703715 0.6552083333333333 0.38240740740740753 0.7078125 0.38240740740740753
5 0.6041666666666666 0.6138888888888892 0.55 0.6138888888888892 0.55 0.7111111111111114 0.6041666666666666 0.7111111111111114
4 0.3484375 0.575 0.29375 0.575 0.29375 0.6731481481481482 0.3484375 0.6731481481481482
10 0.40989583333333335 0.3101851851851853 0.3609375 0.3101851851851853 0.3609375 0.3990740740740742 0.40989583333333335 0.3990740740740742
2 0.7421875 0.48703703703703727 0.696875 0.48703703703703727 0.696875 0.5685185185185188 0.7421875 0.5685185185185188
10 0.7166666666666667 0.7990740740740743 0.6651041666666667 0.7990740740740743 0.6651041666666667 0.8925925925925928 0.7166666666666667 0.8925925925925928
2 0.5546875 0.4324074074074075 0.5109375 0.4324074074074075 0.5109375 0.5111111111111113 0.5546875 0.5111111111111113
2 0.7057291666666666 0.552777777777778 0.6598958333333333 0.552777777777778 0.6598958333333333 0.6342592592592595 0.7057291666666666 0.6342592592592595
0 0.609375 0.7453703703703706 0.5552083333333333 0.7453703703703706 0.5552083333333333 0.8416666666666669 0.609375 0.8416666666666669