2 0.3140625 0.7407407407407407 0.28125 0.7407407407407407 0.28125 0.8009259259259259 0.3140625 0.8009259259259259
0 0.5463541666666667 0.5888888888888891 0.5020833333333333 0.5888888888888891 0.5020833333333333 0.6675925925925928 0.5463541666666667 0.6675925925925928
5 0.5552083333333333 0.18333333333333343 0.5151041666666667 0.18333333333333343 0.5151041666666667 0.25555555555555565 0.5552083333333333 0.25555555555555565
10 0.6739583333333333 0.676851851851852 0.6302083333333334 0.676851851851852 0.6302083333333334 0.7555555555555558 0.6739583333333333 0.7555555555555558
7 0.5494791666666666 0.839814814814815 0.5052083333333334 0.839814814814815 0.5052083333333334 0.9194444444444446 0.5494791666666666 0.9194444444444446
1 0.5098958333333333 0.21666666666666679 0.46927083333333336 0.21666666666666679 0.46927083333333336 0.2898148148148149 0.5098958333333333 0.2898148148148149
0 0.44895833333333335 0.6453703703703704 0.40625 0.6453703703703704 0.40625 0.7231481481481481 0.44895833333333335 0.7231481481481481
3 0.503125 0.45185185185185195 0.46979166666666666 0.45185185185185195 0.46979166666666666 0.5120370370370372 0.503125 0.5120370370370373
6 0.48541666666666666 0.5425925925925927 0.44166666666666665 0.5425925925925926 0.44166666666666665 0.6222222222222223 0.48541666666666666 0.6222222222222225
3 0.6239583333333333 0.28333333333333344 0.5911458333333334 0.28333333333333344 0.5911458333333334 0.34259259259259267 0.6239583333333333 0.34259259259259267
7 0.3927083333333333 0.600925925925926 0.35052083333333334 0.600925925925926 0.35052083333333334 0.6777777777777778 0.3927083333333333 0.6777777777777778
3 0.4171875 0.7592592592592593 0.38229166666666664 0.7592592592592593 0.38229166666666664 0.8222222222222222 0.4171875 0.8222222222222222
3 0.32916666666666666 0.5648148148148148 0.29583333333333334 0.5648148148148148 0.29583333333333334 0.625 0.32916666666666666 0.625
13 0.5348958333333333 0.7574074074074075 0.48020833333333335 0.7574074074074074 0.48020833333333335 0.8564814814814816 0.5348958333333333 0.8564814814814817
5 0.6354166666666666 0.5166666666666668 0.5916666666666667 0.5166666666666668 0.5916666666666667 0.5962962962962965 0.6354166666666666 0.5962962962962965
2 0.41354166666666664 0.5120370370370371 0.3802083333333333 0.5120370370370371 0.3802083333333333 0.5722222222222222 0.41354166666666664 0.5722222222222222
9 0.5119791666666667 0.7000000000000001 0.4765625 0.7 0.4765625 0.763888888888889 0.5119791666666667 0.7638888888888891
2 0.5677083333333334 0.49166666666666686 0.534375 0.49166666666666686 0.534375 0.551851851851852 0.5677083333333334 0.551851851851852
4 0.5708333333333333 0.2453703703703705 0.5291666666666667 0.2453703703703705 0.5291666666666667 0.31944444444444453 0.5708333333333333 0.31944444444444453
9 0.5729166666666666 0.7407407407407409 0.5380208333333333 0.7407407407407409 0.5380208333333333 0.8055555555555558 0.5729166666666666 0.8055555555555558
12 0.3854166666666667 0.2842592592592594 0.33645833333333336 0.2842592592592594 0.33645833333333336 0.37314814814814823 0.3854166666666667 0.37314814814814823
10 0.40520833333333334 0.4314814814814816 0.36354166666666665 0.4314814814814816 0.36354166666666665 0.5074074074074074 0.40520833333333334 0.5074074074074074
3 0.6098958333333333 0.4601851851851853 0.5765625 0.4601851851851853 0.5765625 0.5203703703703706 0.6098958333333333 0.5203703703703706
11 0.5401041666666667 0.338888888888889 0.4984375 0.338888888888889 0.4984375 0.413888888888889 0.5401041666666667 0.413888888888889
8 0.4796875 0.3074074074074075 0.446875 0.3074074074074075 0.446875 0.36574074074074087 0.4796875 0.36574074074074087
2 0.4609375 0.47685185185185186 0.4270833333333333 0.47685185185185186 0.4270833333333333 0.5351851851851852 0.4609375 0.5351851851851852
8 0.4630208333333333 0.25092592592592605 0.43020833333333336 0.25092592592592605 0.43020833333333336 0.3101851851851853 0.4630208333333333 0.3101851851851853
2 0.6723958333333333 0.49814814814814834 0.6385416666666667 0.49814814814814834 0.6385416666666667 0.5592592592592595 0.6723958333333333 0.5592592592592595
4 0.4947916666666667 0.3675925925925927 0.45260416666666664 0.3675925925925927 0.45260416666666664 0.44351851851851865 0.4947916666666667 0.44351851851851865
11 0.3942708333333334 0.8518518518518519 0.3484375 0.8518518518518519 0.34843750000000007 0.9342592592592592 0.39427083333333346 0.9342592592592592
1 0.26562500000000006 0.45000000000000007 0.22343750000000007 0.45 0.22343750000000007 0.5277777777777778 0.26562500000000006 0.5277777777777778
6 0.6067708333333334 0.6259259259259261 0.5619791666666667 0.6259259259259261 0.5619791666666667 0.7074074074074076 0.6067708333333334 0.7074074074074076