11 0.5390625 0.0925925925925927 0.49947916666666664 0.0925925925925927 0.49947916666666664 0.15185185185185196 0.5390625 0.15185185185185196
6 0.3875 0.7083333333333334 0.3494791666666667 0.7083333333333334 0.3494791666666667 0.7703703703703704 0.3875 0.7703703703703704
4 0.44583333333333336 0.6064814814814815 0.4036458333333333 0.6064814814814815 0.4036458333333333 0.6759259259259259 0.44583333333333336 0.6759259259259259
3 0.3734375 0.1935185185185186 0.34270833333333334 0.19351851851851856 0.34270833333333334 0.24166666666666678 0.3734375 0.24166666666666678
2 0.39010416666666664 0.8027777777777778 0.36041666666666666 0.8027777777777778 0.36041666666666666 0.8527777777777777 0.39010416666666664 0.8527777777777777
7 0.6005208333333333 0.2583333333333334 0.5619791666666667 0.2583333333333334 0.5619791666666667 0.31851851851851865 0.6005208333333333 0.31851851851851865
7 0.38125 0.26574074074074083 0.34479166666666666 0.26574074074074083 0.34479166666666666 0.3250000000000001 0.38125 0.3250000000000001
3 0.48333333333333334 0.3555555555555557 0.45208333333333334 0.3555555555555557 0.45208333333333334 0.4037037037037038 0.48333333333333334 0.4037037037037038
2 0.6041666666666666 0.7870370370370372 0.5734375 0.7870370370370372 0.5734375 0.8370370370370372 0.6041666666666666 0.8370370370370372
5 0.43697916666666664 0.34259259259259267 0.3963541666666667 0.34259259259259267 0.3963541666666667 0.4092592592592594 0.43697916666666664 0.4092592592592594
3 0.5890625 0.1740740740740742 0.5588541666666667 0.1740740740740742 0.5588541666666667 0.2212962962962964 0.5890625 0.2212962962962964
9 0.4390625 0.7842592592592592 0.40677083333333336 0.7842592592592592 0.40677083333333336 0.8425925925925926 0.4390625 0.8425925925925926
1 0.48385416666666664 0.09629629629629641 0.4453125 0.09629629629629641 0.4453125 0.15462962962962973 0.48385416666666664 0.15462962962962973
2 0.49322916666666666 0.6157407407407408 0.4609375 0.6157407407407407 0.4609375 0.6666666666666667 0.49322916666666666 0.6666666666666669
6 0.6098958333333333 0.690740740740741 0.5713541666666667 0.690740740740741 0.5713541666666667 0.7518518518518521 0.6098958333333333 0.7518518518518521
3 0.540625 0.26296296296296306 0.5098958333333333 0.26296296296296306 0.5098958333333333 0.31296296296296305 0.540625 0.31296296296296305
3 0.42864583333333334 0.2712962962962964 0.3984375 0.2712962962962964 0.3984375 0.32037037037037047 0.42864583333333334 0.32037037037037047
5 0.5505208333333333 0.3361111111111112 0.5109375 0.3361111111111112 0.5109375 0.40185185185185196 0.5505208333333333 0.40185185185185196
8 0.4322916666666667 0.18240740740740752 0.4 0.18240740740740752 0.4 0.23611111111111122 0.4322916666666667 0.23611111111111122
11 0.4359375 0.10740740740740749 0.3984375 0.10740740740740749 0.3984375 0.16666666666666677 0.4359375 0.16666666666666677
1 0.48489583333333336 0.18240740740740752 0.44583333333333336 0.18240740740740752 0.44583333333333336 0.2425925925925927 0.48489583333333336 0.2425925925925927
2 0.5536458333333333 0.6990740740740743 0.5229166666666667 0.6990740740740743 0.5229166666666667 0.7481481481481483 0.5536458333333333 0.7481481481481483
13 0.5026041666666666 0.6925925925925926 0.45677083333333335 0.6925925925925925 0.45677083333333335 0.7703703703703705 0.5026041666666666 0.7703703703703706
9 0.5520833333333334 0.777777777777778 0.5213541666666667 0.777777777777778 0.5213541666666667 0.8268518518518521 0.5520833333333334 0.8268518518518521
12 0.4953125 0.2527777777777779 0.4473958333333333 0.2527777777777779 0.4473958333333333 0.3296296296296297 0.4953125 0.3296296296296297
4 0.5494791666666666 0.6000000000000002 0.5109375 0.6000000000000002 0.5109375 0.6611111111111113 0.5494791666666666 0.6611111111111113
0 0.44583333333333347 0.8703703703703703 0.4072916666666668 0.8703703703703703 0.4072916666666668 0.9333333333333333 0.44583333333333347 0.9333333333333333
2 0.4421875 0.7101851851851851 0.41041666666666665 0.7101851851851851 0.41041666666666665 0.7601851851851852 0.4421875 0.7601851851851852
10 0.49947916666666664 0.7833333333333334 0.4578125 0.7833333333333333 0.4578125 0.8527777777777779 0.49947916666666664 0.852777777777778
10 0.5036458333333335 0.8648148148148149 0.4656250000000001 0.8648148148148148 0.4656250000000001 0.9324074074074075 0.5036458333333335 0.9324074074074076
8 0.5380208333333333 0.17592592592592604 0.5052083333333334 0.17592592592592604 0.5052083333333334 0.2287037037037038 0.5380208333333333 0.2287037037037038
0 0.5552083333333333 0.8675925925925928 0.5187500000000002 0.8675925925925928 0.5187500000000002 0.9324074074074076 0.5552083333333333 0.9324074074074076