9 0.40729166666666666 0.17685185185185195 0.36666666666666664 0.17685185185185195 0.36666666666666664 0.2462962962962964 0.40729166666666666 0.2462962962962964
5 0.35989583333333336 0.21481481481481488 0.30833333333333335 0.21481481481481488 0.30833333333333335 0.29907407407407416 0.35989583333333336 0.29907407407407416
1 0.6583333333333333 0.7064814814814817 0.6057291666666667 0.7064814814814817 0.6057291666666667 0.7935185185185187 0.6583333333333333 0.7935185185185187
9 0.459375 0.13796296296296306 0.41822916666666665 0.13796296296296306 0.41822916666666665 0.21111111111111122 0.459375 0.21111111111111122
7 0.303125 0.4490740740740742 0.2510416666666667 0.4490740740740742 0.2510416666666667 0.5351851851851852 0.303125 0.5351851851851852
7 0.51875 0.8342592592592594 0.4640625 0.8342592592592593 0.46406250000000004 0.9268518518518519 0.5187500000000002 0.926851851851852
4 0.4713541666666667 0.4000000000000001 0.4197916666666667 0.4000000000000001 0.4197916666666667 0.48703703703703705 0.4713541666666667 0.48703703703703705
8 0.5286458333333334 0.6453703703703705 0.4828125 0.6453703703703704 0.4828125 0.726851851851852 0.5286458333333334 0.7268518518518521
4 0.4265625 0.7277777777777777 0.37395833333333334 0.7277777777777777 0.37395833333333334 0.8157407407407408 0.4265625 0.8157407407407408
6 0.47708333333333336 0.687037037037037 0.42552083333333335 0.687037037037037 0.42552083333333335 0.7731481481481481 0.47708333333333336 0.7731481481481481
13 0.5213541666666667 0.07685185185185196 0.4588541666666667 0.07685185185185196 0.4588541666666667 0.18055555555555566 0.5213541666666667 0.18055555555555566
3 0.5697916666666667 0.31851851851851865 0.5229166666666667 0.31851851851851865 0.5229166666666667 0.40185185185185196 0.5697916666666667 0.40185185185185196
3 0.61875 0.28518518518518526 0.5744791666666667 0.28518518518518526 0.5744791666666667 0.3592592592592594 0.61875 0.3592592592592594
2 0.32916666666666666 0.34259259259259267 0.28541666666666665 0.34259259259259267 0.28541666666666665 0.41203703703703715 0.32916666666666666 0.41203703703703715
1 0.5333333333333333 0.16851851851851862 0.48125 0.16851851851851862 0.48125 0.25462962962962976 0.5333333333333333 0.25462962962962976
3 0.44895833333333335 0.3333333333333334 0.4046875 0.3333333333333334 0.4046875 0.4092592592592594 0.44895833333333335 0.4092592592592594
2 0.38333333333333336 0.5861111111111111 0.340625 0.5861111111111111 0.340625 0.6574074074074074 0.38333333333333336 0.6574074074074074
3 0.5395833333333333 0.4583333333333334 0.4973958333333333 0.4583333333333334 0.4973958333333333 0.527777777777778 0.5395833333333333 0.527777777777778
3 0.36666666666666664 0.5074074074074074 0.32447916666666665 0.5074074074074074 0.32447916666666665 0.5768518518518518 0.36666666666666664 0.5768518518518518
12 0.571875 0.7833333333333335 0.5083333333333333 0.7833333333333335 0.5083333333333334 0.8888888888888891 0.571875 0.8888888888888891
6 0.7223958333333333 0.18240740740740757 0.6697916666666667 0.18240740740740757 0.6697916666666667 0.2685185185185186 0.7223958333333333 0.2685185185185186
10 0.5963541666666666 0.6796296296296298 0.5442708333333334 0.6796296296296298 0.5442708333333334 0.7638888888888891 0.5963541666666666 0.7638888888888891
0 0.6302083333333334 0.5564814814814817 0.5791666666666667 0.5564814814814817 0.5791666666666667 0.6425925925925928 0.6302083333333334 0.6425925925925928
10 0.4510416666666667 0.05000000000000009 0.39947916666666666 0.05000000000000009 0.39947916666666666 0.13796296296296306 0.4510416666666667 0.13796296296296306
2 0.5869791666666667 0.41018518518518526 0.5458333333333333 0.41018518518518526 0.5458333333333333 0.4805555555555558 0.5869791666666667 0.4805555555555558
11 0.725 0.4666666666666668 0.6729166666666667 0.4666666666666668 0.6729166666666667 0.5574074074074076 0.725 0.5574074074074076
2 0.5791666666666667 0.12870370370370382 0.5380208333333333 0.12870370370370382 0.5380208333333333 0.20185185185185195 0.5791666666666667 0.20185185185185195
11 0.5755208333333334 0.5953703703703705 0.525 0.5953703703703705 0.525 0.6870370370370372 0.5755208333333334 0.6870370370370372
2 0.628125 0.08611111111111125 0.5864583333333333 0.08611111111111125 0.5864583333333333 0.15925925925925938 0.628125 0.1592592592592594
0 0.4354166666666667 0.2425925925925927 0.38333333333333336 0.2425925925925927 0.38333333333333336 0.33240740740740754 0.4354166666666667 0.33240740740740754
5 0.5067708333333333 0.2787037037037038 0.4515625 0.2787037037037038 0.4515625 0.37314814814814823 0.5067708333333333 0.37314814814814823
8 0.6104166666666667 0.7703703703703706 0.5713541666666667 0.7703703703703706 0.5713541666666667 0.8361111111111114 0.6104166666666667 0.8361111111111114