5 0.40468750000000003 0.8527777777777777 0.3625 0.8527777777777777 0.36250000000000004 0.9120370370370371 0.40468750000000014 0.9120370370370371
1 0.3536458333333334 0.8444444444444444 0.31145833333333334 0.8444444444444444 0.3114583333333334 0.9055555555555556 0.35364583333333344 0.9055555555555556
5 0.6244791666666667 0.8509259259259261 0.5822916666666667 0.8509259259259261 0.5822916666666667 0.9101851851851854 0.6244791666666667 0.9101851851851854
11 0.7385416666666667 0.8435185185185188 0.6958333333333333 0.8435185185185188 0.6958333333333333 0.9037037037037039 0.7385416666666667 0.9037037037037039
4 0.6213541666666667 0.08611111111111125 0.5807291666666666 0.08611111111111125 0.5807291666666666 0.14074074074074086 0.6213541666666667 0.1407407407407409
6 0.4625 0.08703703703703713 0.42239583333333336 0.08703703703703712 0.42239583333333336 0.14166666666666677 0.4625 0.14166666666666677
4 0.4078125 0.08796296296296305 0.36614583333333334 0.08796296296296305 0.36614583333333334 0.1425925925925927 0.4078125 0.1425925925925927
10 0.309375 0.09444444444444451 0.2713541666666667 0.0944444444444445 0.2713541666666667 0.150925925925926 0.309375 0.150925925925926
13 0.5223958333333333 0.675925925925926 0.47291666666666665 0.6759259259259259 0.47291666666666665 0.7527777777777779 0.5223958333333333 0.752777777777778
12 0.5177083333333333 0.23981481481481493 0.4703125 0.23981481481481493 0.4703125 0.30925925925925934 0.5177083333333333 0.30925925925925934
1 0.684375 0.8509259259259261 0.6427083333333333 0.8509259259259261 0.6427083333333333 0.9101851851851854 0.684375 0.9101851851851854
10 0.7192708333333333 0.08611111111111126 0.6807291666666667 0.08611111111111126 0.6807291666666667 0.14259259259259274 0.7192708333333333 0.14259259259259274
3 0.6854166666666667 0.5935185185185188 0.6505208333333333 0.5935185185185188 0.6505208333333333 0.6388888888888891 0.6854166666666667 0.6388888888888891
2 0.721875 0.3361111111111112 0.6901041666666666 0.3361111111111112 0.6901041666666666 0.3814814814814816 0.721875 0.3814814814814816
2 0.3578125 0.3435185185185186 0.32447916666666665 0.3435185185185186 0.32447916666666665 0.38796296296296306 0.3578125 0.38796296296296306
9 0.46145833333333336 0.6907407407407408 0.42552083333333335 0.6907407407407408 0.42552083333333335 0.7379629629629629 0.46145833333333336 0.7379629629629629
2 0.6755208333333333 0.3379629629629631 0.6432291666666666 0.3379629629629631 0.6432291666666666 0.38425925925925936 0.6755208333333333 0.38425925925925936
3 0.34791666666666665 0.5916666666666667 0.3125 0.5916666666666667 0.3125 0.6361111111111111 0.34791666666666665 0.6361111111111111
7 0.4677083333333334 0.8444444444444444 0.4244791666666667 0.8444444444444444 0.42447916666666674 0.9046296296296297 0.46770833333333345 0.9046296296296297
2 0.303125 0.3351851851851853 0.2713541666666667 0.3351851851851853 0.2713541666666667 0.37962962962962976 0.303125 0.37962962962962976
0 0.665625 0.08148148148148163 0.6260416666666667 0.08148148148148161 0.6260416666666667 0.13796296296296312 0.665625 0.13796296296296312
8 0.5645833333333333 0.25092592592592605 0.5317708333333333 0.25092592592592605 0.5317708333333333 0.29537037037037045 0.5645833333333333 0.29537037037037045
7 0.5723958333333333 0.8574074074074076 0.5302083333333333 0.8574074074074076 0.5302083333333334 0.915740740740741 0.5723958333333333 0.915740740740741
0 0.3619791666666667 0.09166666666666674 0.3223958333333333 0.09166666666666674 0.3223958333333333 0.1481481481481482 0.3619791666666667 0.1481481481481482
3 0.46041666666666664 0.5009259259259259 0.4270833333333333 0.5009259259259259 0.4270833333333333 0.5453703703703704 0.46041666666666664 0.5453703703703704
3 0.3015625 0.5944444444444444 0.2677083333333333 0.5944444444444444 0.2677083333333333 0.6407407407407407 0.3015625 0.6407407407407407
3 0.7348958333333333 0.5953703703703705 0.7010416666666667 0.5953703703703705 0.7010416666666667 0.6398148148148151 0.7348958333333333 0.6398148148148151
11 0.30208333333333337 0.837037037037037 0.26093750000000004 0.837037037037037 0.26093750000000004 0.8953703703703704 0.3020833333333334 0.8953703703703704
6 0.5666666666666667 0.08333333333333345 0.525 0.08333333333333344 0.525 0.13796296296296306 0.5666666666666667 0.13796296296296306
9 0.5671875 0.6814814814814817 0.5359375 0.6814814814814817 0.5359375 0.7342592592592595 0.5671875 0.7342592592592595
2 0.5708333333333333 0.4212962962962964 0.5375 0.4212962962962964 0.5375 0.4666666666666668 0.5708333333333333 0.4666666666666668
8 0.45364583333333336 0.24907407407407417 0.42552083333333335 0.24907407407407417 0.42552083333333335 0.29722222222222233 0.45364583333333336 0.29722222222222233