7 0.5932291666666667 0.10833333333333346 0.5510416666666667 0.10833333333333346 0.5510416666666667 0.1898148148148149 0.5932291666666667 0.1898148148148149
4 0.39947916666666666 0.7453703703703703 0.3541666666666667 0.7453703703703703 0.3541666666666667 0.8324074074074074 0.39947916666666666 0.8324074074074074
13 0.6875 0.3064814814814816 0.6364583333333333 0.3064814814814816 0.6364583333333333 0.4064814814814816 0.6875 0.4064814814814816
7 0.7135416666666666 0.5870370370370372 0.6708333333333333 0.5870370370370372 0.6708333333333333 0.6694444444444446 0.7135416666666666 0.6694444444444446
1 0.7984375 0.5796296296296298 0.7557291666666667 0.5796296296296298 0.7557291666666667 0.6629629629629632 0.7984375 0.6629629629629632
1 0.6473958333333333 1.3646874284942957e-16 0.60625 1.319897105747703e-16 0.60625 0.057407407407407546 0.6473958333333333 0.05740740740740755
4 0.31979166666666664 0.4074074074074075 0.27395833333333336 0.4074074074074075 0.27395833333333336 0.4981481481481482 0.31979166666666664 0.4981481481481482
2 0.4401041666666667 0.32870370370370383 0.4046875 0.32870370370370383 0.4046875 0.3990740740740742 0.4401041666666667 0.3990740740740742
3 0.6833333333333333 0.6990740740740743 0.65 0.6990740740740743 0.65 0.7666666666666668 0.6833333333333333 0.7666666666666668
3 0.5651041666666666 0.2175925925925927 0.53125 0.2175925925925927 0.53125 0.28703703703703715 0.5651041666666666 0.28703703703703715
11 0.7651041666666667 0.4361111111111113 0.7223958333333333 0.4361111111111112 0.7223958333333333 0.5185185185185187 0.7651041666666667 0.5185185185185187
6 0.38385416666666666 0.2787037037037038 0.34010416666666665 0.2787037037037038 0.34010416666666665 0.363888888888889 0.38385416666666666 0.363888888888889
12 0.40208333333333335 0.5425925925925926 0.3489583333333333 0.5425925925925926 0.3489583333333333 0.6453703703703704 0.40208333333333335 0.6453703703703704
5 0.778125 0.5064814814814816 0.7375 0.5064814814814816 0.7375 0.5879629629629631 0.778125 0.5879629629629631
2 0.5208333333333334 0.651851851851852 0.48489583333333336 0.651851851851852 0.48489583333333336 0.7250000000000002 0.5208333333333334 0.7250000000000002
5 0.6822916666666666 0.13240740740740756 0.6395833333333333 0.13240740740740756 0.6395833333333333 0.21481481481481499 0.6822916666666666 0.21481481481481499
2 0.4817708333333333 0.48333333333333334 0.44635416666666666 0.48333333333333334 0.44635416666666666 0.5527777777777778 0.4817708333333333 0.5527777777777778
3 0.6098958333333333 0.3833333333333334 0.5755208333333334 0.3833333333333334 0.5755208333333334 0.4500000000000001 0.6098958333333333 0.4500000000000001
2 0.5651041666666666 0.7990740740740743 0.5296875 0.7990740740740743 0.5296875000000001 0.8675925925925928 0.5651041666666666 0.8675925925925928
2 0.396875 0.16574074074074083 0.3619791666666667 0.1657407407407408 0.3619791666666667 0.23425925925925933 0.396875 0.23425925925925936
6 0.5088541666666667 0.7583333333333334 0.46458333333333335 0.7583333333333333 0.46458333333333335 0.8435185185185187 0.5088541666666667 0.8435185185185188
3 0.6463541666666667 0.5490740740740743 0.6119791666666666 0.5490740740740743 0.6119791666666666 0.6166666666666669 0.6463541666666667 0.6166666666666669
3 0.5255208333333333 0.0675925925925927 0.49166666666666664 0.0675925925925927 0.49166666666666664 0.13703703703703715 0.5255208333333333 0.13703703703703715
9 0.7395833333333334 0.3629629629629631 0.7067708333333333 0.36296296296296304 0.7067708333333333 0.42870370370370386 0.7395833333333334 0.4287037037037039
0 0.4427083333333334 0.9083333333333333 0.39739583333333345 0.9083333333333333 0.39739583333333345 0.9694444444444444 0.4427083333333334 0.9694444444444444
9 0.7041666666666667 0.21111111111111128 0.671875 0.21111111111111128 0.671875 0.275925925925926 0.7041666666666667 0.275925925925926
8 0.3375 0.5055555555555555 0.3015625 0.5055555555555555 0.3015625 0.575925925925926 0.3375 0.575925925925926
11 0.6661458333333333 0.045370370370370505 0.621875 0.045370370370370505 0.621875 0.1305555555555557 0.6661458333333333 0.1305555555555557
8 0.37395833333333334 0.662962962962963 0.3380208333333333 0.662962962962963 0.3380208333333333 0.7324074074074074 0.37395833333333334 0.7324074074074074
0 0.2833333333333333 0.24629629629629635 0.23541666666666666 0.2462962962962963 0.23541666666666666 0.32962962962962966 0.2833333333333333 0.3296296296296297
10 0.3026041666666667 0.3398148148148149 0.2578125 0.3398148148148149 0.2578125 0.42037037037037045 0.3026041666666667 0.42037037037037045
10 0.42760416666666673 0.8175925925925925 0.38229166666666664 0.8175925925925925 0.38229166666666675 0.9027777777777778 0.4276041666666668 0.9027777777777778