13 0.5453125 0.21666666666666679 0.4859375 0.21666666666666679 0.4859375 0.32222222222222235 0.5453125 0.32222222222222235
3 0.778125 0.289814814814815 0.740625 0.289814814814815 0.740625 0.35833333333333356 0.778125 0.35833333333333356
7 0.7213541666666666 0.2194444444444446 0.6744791666666666 0.2194444444444446 0.6744791666666666 0.30277777777777787 0.7213541666666666 0.30277777777777787
5 0.6765625 0.0731481481481483 0.6328125 0.07314814814814828 0.6328125 0.15370370370370387 0.6765625 0.15370370370370387
2 0.834375 0.5314814814814817 0.7973958333333333 0.5314814814814817 0.7973958333333333 0.5981481481481483 0.834375 0.5981481481481483
7 0.4078125 0.4111111111111112 0.3578125 0.4111111111111112 0.3578125 0.5 0.4078125 0.5
2 0.7348958333333333 0.5888888888888891 0.6953125 0.5888888888888891 0.6953125 0.6611111111111113 0.7348958333333333 0.6611111111111113
3 0.3619791666666667 0.5231481481481481 0.3223958333333333 0.5231481481481481 0.3223958333333333 0.5925925925925926 0.3619791666666667 0.5925925925925926
2 0.5244791666666667 0.7268518518518521 0.48385416666666664 0.7268518518518521 0.48385416666666664 0.7990740740740743 0.5244791666666667 0.7990740740740743
4 0.7708333333333334 0.827777777777778 0.7333333333333333 0.827777777777778 0.7333333333333333 0.8657407407407409 0.7708333333333334 0.8657407407407409
3 0.6807291666666667 0.34259259259259267 0.6421875 0.34259259259259267 0.6421875 0.4129629629629631 0.6807291666666667 0.4129629629629631
2 0.4130208333333334 0.7907407407407407 0.37083333333333335 0.7907407407407407 0.3708333333333334 0.8648148148148148 0.41302083333333345 0.8648148148148148
2 0.6307291666666667 0.6648148148148151 0.5911458333333334 0.6648148148148151 0.5911458333333334 0.7370370370370373 0.6307291666666667 0.7370370370370373
3 0.471875 0.4583333333333334 0.43072916666666666 0.4583333333333334 0.43072916666666666 0.5314814814814814 0.471875 0.5314814814814814
12 0.6859375 0.8083333333333336 0.6255208333333333 0.8083333333333336 0.6255208333333333 0.9166666666666669 0.6859375 0.9166666666666669
3 0.5729166666666666 0.3953703703703705 0.5333333333333333 0.3953703703703705 0.5333333333333333 0.4666666666666668 0.5729166666666666 0.4666666666666668
10 0.8229166666666666 0.7925925925925928 0.7869791666666667 0.7925925925925928 0.7869791666666667 0.827777777777778 0.8229166666666666 0.827777777777778
11 0.42604166666666665 0.20185185185185195 0.37604166666666666 0.20185185185185195 0.37604166666666666 0.29074074074074086 0.42604166666666665 0.29074074074074086
1 0.3255208333333333 0.25462962962962976 0.27447916666666666 0.25462962962962976 0.27447916666666666 0.34444444444444455 0.3255208333333333 0.34444444444444455
1 0.7307291666666667 0.06111111111111127 0.6848958333333334 0.06111111111111127 0.6848958333333334 0.14351851851851868 0.7307291666666667 0.14351851851851868
6 0.8135416666666667 0.6351851851851854 0.765625 0.6351851851851854 0.765625 0.7203703703703705 0.8135416666666667 0.7203703703703705
9 0.58125 0.12314814814814826 0.54375 0.12314814814814826 0.54375 0.19166666666666676 0.58125 0.19166666666666676
11 0.6338541666666667 0.09444444444444458 0.5848958333333333 0.09444444444444458 0.5848958333333333 0.17685185185185198 0.6338541666666667 0.176851851851852
5 0.3770833333333333 0.24074074074074084 0.3234375 0.24074074074074084 0.3234375 0.3296296296296297 0.3770833333333333 0.3296296296296297
6 0.4880208333333334 0.8361111111111112 0.4317708333333333 0.8361111111111111 0.4317708333333334 0.9333333333333335 0.48802083333333346 0.9333333333333336
9 0.4786458333333333 0.18796296296296308 0.43802083333333336 0.18796296296296308 0.43802083333333336 0.25462962962962976 0.4786458333333333 0.25462962962962976