7 0.6411458333333333 0.5916666666666669 0.5921875 0.5916666666666669 0.5921875 0.677777777777778 0.6411458333333333 0.677777777777778
6 0.46979166666666666 0.3453703703703705 0.41822916666666665 0.3453703703703705 0.41822916666666665 0.43703703703703717 0.46979166666666666 0.43703703703703717
4 0.33697916666666666 0.5101851851851852 0.2859375 0.5101851851851852 0.2859375 0.6 0.33697916666666666 0.6
4 0.46510416666666665 0.2212962962962964 0.41354166666666664 0.2212962962962964 0.41354166666666664 0.3111111111111112 0.46510416666666665 0.3111111111111112
11 0.5828125 0.8407407407407409 0.5348958333333333 0.8407407407407409 0.5348958333333333 0.9259259259259262 0.5828125 0.9259259259259262
1 0.6104166666666667 0.6592592592592594 0.5614583333333333 0.6592592592592594 0.5614583333333333 0.7453703703703706 0.6104166666666667 0.7453703703703706
10 0.40572916666666664 0.48333333333333334 0.3536458333333333 0.48333333333333334 0.3536458333333333 0.575 0.40572916666666664 0.575
13 0.6489583333333333 0.7009259259259262 0.5901041666666667 0.7009259259259262 0.5901041666666667 0.8046296296296298 0.6489583333333333 0.8046296296296298
0 0.5010416666666667 0.2750000000000001 0.44947916666666665 0.2750000000000001 0.44947916666666665 0.36574074074074087 0.5010416666666667 0.36574074074074087
9 0.66875 0.6472222222222225 0.6286458333333333 0.6472222222222225 0.6286458333333333 0.7166666666666669 0.66875 0.7166666666666669
6 0.375 0.562037037037037 0.3234375 0.562037037037037 0.3234375 0.6518518518518519 0.375 0.6518518518518519
2 0.4046875 0.6203703703703703 0.3645833333333333 0.6203703703703703 0.3645833333333333 0.6907407407407408 0.4046875 0.6907407407407408
12 0.4109375 0.3472222222222223 0.346875 0.3472222222222223 0.346875 0.4601851851851853 0.4109375 0.4601851851851853
9 0.60625 0.7824074074074077 0.5677083333333334 0.7824074074074077 0.5677083333333334 0.8509259259259261 0.60625 0.8509259259259261
10 0.4395833333333333 0.4148148148148149 0.38697916666666665 0.4148148148148149 0.38697916666666665 0.5074074074074074 0.4395833333333333 0.5074074074074074
7 0.5182291666666667 0.862962962962963 0.46927083333333347 0.8629629629629629 0.46927083333333347 0.9490740740740741 0.5182291666666667 0.9490740740740741
3 0.575 0.6250000000000002 0.5359375 0.6250000000000002 0.5359375 0.6925925925925928 0.575 0.6925925925925928
11 0.5786458333333333 0.7305555555555557 0.5296875 0.7305555555555557 0.5296875 0.8166666666666669 0.5786458333333333 0.8166666666666669
3 0.6338541666666667 0.48425925925925944 0.5958333333333333 0.48425925925925944 0.5958333333333333 0.551851851851852 0.6338541666666667 0.551851851851852
8 0.428125 0.2981481481481483 0.3880208333333333 0.2981481481481483 0.3880208333333333 0.3694444444444446 0.428125 0.3694444444444446
1 0.5494791666666666 0.790740740740741 0.5005208333333333 0.790740740740741 0.5005208333333334 0.8768518518518521 0.5494791666666666 0.8768518518518521
2 0.43333333333333335 0.549074074074074 0.3921875 0.549074074074074 0.3921875 0.6203703703703703 0.43333333333333335 0.6203703703703703
2 0.5348958333333333 0.3314814814814816 0.49375 0.3314814814814816 0.49375 0.4027777777777779 0.5348958333333333 0.4027777777777779
3 0.6057291666666667 0.551851851851852 0.5666666666666667 0.551851851851852 0.5666666666666667 0.6194444444444447 0.6057291666666667 0.6194444444444447
2 0.46875 0.47685185185185186 0.428125 0.47685185185185186 0.428125 0.549074074074074 0.46875 0.549074074074074
3 0.5109375 0.764814814814815 0.4708333333333333 0.7648148148148148 0.4708333333333333 0.8342592592592594 0.5109375 0.8342592592592595
3 0.5416666666666666 0.6879629629629632 0.5026041666666666 0.6879629629629632 0.5026041666666666 0.7555555555555558 0.5416666666666666 0.7555555555555558
8 0.36770833333333336 0.44444444444444453 0.32760416666666664 0.44444444444444453 0.32760416666666664 0.5138888888888888 0.36770833333333336 0.5138888888888888
5 0.5526041666666667 0.9083333333333335 0.5041666666666668 0.9083333333333335 0.5041666666666668 0.9935185185185185 0.5526041666666667 0.9935185185185185
2 0.5010416666666667 0.4000000000000001 0.46041666666666664 0.4000000000000001 0.46041666666666664 0.4712962962962964 0.5010416666666667 0.4712962962962964
0 0.3072916666666667 0.5833333333333334 0.25625000000000003 0.5833333333333334 0.25625000000000003 0.6731481481481482 0.3072916666666667 0.6731481481481482
5 0.703125 0.564814814814815 0.6546875 0.564814814814815 0.6546875 0.6509259259259261 0.703125 0.6509259259259261