11 0.33697916666666666 0.687962962962963 0.2916666666666667 0.687962962962963 0.2916666666666667 0.7675925925925926 0.33697916666666666 0.7675925925925926
12 0.6026041666666667 0.3555555555555557 0.5427083333333333 0.3555555555555557 0.5427083333333333 0.4611111111111112 0.6026041666666667 0.4611111111111112
4 0.6755208333333333 0.46759259259259267 0.628125 0.46759259259259267 0.628125 0.551851851851852 0.6755208333333333 0.551851851851852
9 0.4473958333333334 0.8453703703703703 0.409375 0.8453703703703703 0.40937500000000004 0.9111111111111111 0.44739583333333344 0.9111111111111111
7 0.47656250000000006 0.7842592592592592 0.43072916666666666 0.7842592592592592 0.4307291666666667 0.8638888888888889 0.4765625000000001 0.8638888888888889
11 0.39739583333333334 0.6777777777777778 0.35104166666666664 0.6777777777777778 0.35104166666666664 0.7583333333333333 0.39739583333333334 0.7583333333333333
13 0.41718750000000004 0.7814814814814814 0.3619791666666667 0.7814814814814814 0.36197916666666674 0.8777777777777778 0.4171875000000001 0.8777777777777778
6 0.6067708333333334 0.4787037037037039 0.5578125 0.4787037037037039 0.5578125 0.565740740740741 0.6067708333333334 0.565740740740741
7 0.32135416666666666 0.5777777777777777 0.2755208333333333 0.5777777777777777 0.2755208333333333 0.6574074074074074 0.32135416666666666 0.6574074074074074
9 0.3703125 0.7435185185185185 0.3338541666666667 0.7435185185185185 0.3338541666666667 0.8064814814814815 0.3703125 0.8064814814814815
2 0.5333333333333333 0.4990740740740743 0.4953125 0.4990740740740743 0.4953125 0.565740740740741 0.5333333333333333 0.565740740740741
10 0.5276041666666667 0.3675925925925927 0.478125 0.3675925925925927 0.478125 0.4546296296296297 0.5276041666666667 0.4546296296296297
1 0.43802083333333336 0.7324074074074074 0.3921875 0.7324074074074074 0.3921875 0.812037037037037 0.43802083333333336 0.812037037037037
4 0.5098958333333333 0.25092592592592605 0.4625 0.25092592592592605 0.4625 0.33425925925925937 0.5098958333333333 0.33425925925925937
10 0.5671875 0.4250000000000001 0.5171875 0.4250000000000001 0.5171875 0.5129629629629632 0.5671875 0.5129629629629632
3 0.5364583333333334 0.7861111111111113 0.49947916666666664 0.7861111111111113 0.49947916666666664 0.8500000000000002 0.5364583333333334 0.8500000000000002
6 0.48333333333333334 0.3175925925925927 0.4348958333333333 0.3175925925925927 0.4348958333333333 0.40185185185185196 0.48333333333333334 0.40185185185185196
3 0.4973958333333333 0.738888888888889 0.4609375 0.7388888888888889 0.4609375 0.8027777777777779 0.4973958333333333 0.802777777777778
5 0.2984375 0.6370370370370371 0.25312500000000004 0.6370370370370371 0.25312500000000004 0.7148148148148148 0.2984375 0.7148148148148148
3 0.3765625 0.5777777777777777 0.3390625 0.5777777777777777 0.3390625 0.6425925925925926 0.3765625 0.6425925925925926
3 0.45625 0.687037037037037 0.4192708333333333 0.687037037037037 0.4192708333333333 0.7509259259259259 0.45625 0.7509259259259259
8 0.5494791666666666 0.31944444444444453 0.5104166666666666 0.31944444444444453 0.5104166666666666 0.38796296296296306 0.5494791666666666 0.38796296296296306
2 0.6171875 0.6092592592592595 0.578125 0.6092592592592595 0.578125 0.676851851851852 0.6171875 0.676851851851852
2 0.4515625 0.388888888888889 0.41302083333333334 0.388888888888889 0.41302083333333334 0.4564814814814816 0.4515625 0.4564814814814816
8 0.6317708333333333 0.4231481481481483 0.5932291666666667 0.4231481481481483 0.5932291666666667 0.48981481481481504 0.6317708333333333 0.48981481481481504
0 0.6463541666666667 0.5305555555555558 0.5979166666666667 0.5305555555555558 0.5979166666666667 0.6157407407407409 0.6463541666666667 0.6157407407407409
2 0.49270833333333336 0.43703703703703717 0.45416666666666666 0.43703703703703717 0.45416666666666666 0.5037037037037038 0.49270833333333336 0.5037037037037039
3 0.42083333333333334 0.6314814814814815 0.38385416666666666 0.6314814814814815 0.38385416666666666 0.6953703703703704 0.42083333333333334 0.6953703703703704
0 0.46875 0.2000000000000001 0.42083333333333334 0.2000000000000001 0.42083333333333334 0.2842592592592594 0.46875 0.2842592592592594
5 0.4932291666666668 0.889814814814815 0.4484375000000001 0.8898148148148148 0.4484375000000001 0.9685185185185186 0.4932291666666668 0.9685185185185186
2 0.5776041666666667 0.552777777777778 0.5395833333333333 0.552777777777778 0.5395833333333333 0.6194444444444447 0.5776041666666667 0.6194444444444447
1 0.3625 0.6287037037037037 0.31666666666666665 0.6287037037037037 0.31666666666666665 0.7092592592592593 0.3625 0.7092592592592593