4 0.6098958333333333 0.4287037037037038 0.5609375 0.4287037037037038 0.5609375 0.5194444444444447 0.6098958333333333 0.5194444444444447
4 0.35989583333333336 0.5444444444444444 0.3104166666666667 0.5444444444444444 0.3104166666666667 0.6314814814814815 0.35989583333333336 0.6314814814814815
2 0.39791666666666664 0.5953703703703703 0.3572916666666667 0.5953703703703703 0.3572916666666667 0.6694444444444444 0.39791666666666664 0.6694444444444444
12 0.36822916666666666 0.3250000000000001 0.3078125 0.3250000000000001 0.3078125 0.42962962962962975 0.36822916666666666 0.42962962962962975
11 0.5609375 0.6111111111111113 0.5104166666666666 0.6111111111111113 0.5104166666666666 0.7018518518518521 0.5609375 0.7018518518518521
8 0.334375 0.21388888888888893 0.29270833333333335 0.21388888888888893 0.29270833333333335 0.28703703703703715 0.334375 0.28703703703703715
6 0.5859375 0.5166666666666668 0.5359375 0.5166666666666668 0.5359375 0.6074074074074076 0.5859375 0.6074074074074076
2 0.5364583333333334 0.06666666666666678 0.4953125 0.06666666666666678 0.4953125 0.14166666666666677 0.5364583333333334 0.14166666666666677
2 0.5114583333333333 0.14351851851851863 0.46979166666666666 0.14351851851851863 0.46979166666666666 0.21574074074074084 0.5114583333333333 0.21574074074074084
8 0.2875 0.4064814814814816 0.24791666666666667 0.4064814814814816 0.2479166666666667 0.47685185185185186 0.2875 0.47685185185185186
13 0.7223958333333333 0.6203703703703706 0.6651041666666667 0.6203703703703706 0.6651041666666667 0.727777777777778 0.7223958333333333 0.727777777777778
5 0.6739583333333333 0.8074074074074076 0.6244791666666667 0.8074074074074076 0.6244791666666667 0.8972222222222225 0.6739583333333333 0.8972222222222225
2 0.453125 0.426851851851852 0.40989583333333335 0.426851851851852 0.40989583333333335 0.5018518518518519 0.453125 0.5018518518518519
0 0.6729166666666667 0.5972222222222224 0.6255208333333333 0.5972222222222224 0.6255208333333333 0.6814814814814817 0.6729166666666667 0.6814814814814817
3 0.5151041666666667 0.7916666666666667 0.4739583333333333 0.7916666666666666 0.47395833333333337 0.8657407407407408 0.5151041666666668 0.8657407407407409
3 0.5296875 0.7250000000000002 0.4875 0.7250000000000002 0.4875 0.8000000000000002 0.5296875 0.8000000000000002
10 0.2755208333333333 0.48333333333333334 0.22500000000000006 0.48333333333333334 0.22500000000000006 0.5731481481481482 0.2755208333333333 0.5731481481481482