3 0.5229166666666667 0.6453703703703706 0.49635416666666665 0.6453703703703706 0.49635416666666665 0.6925925925925928 0.5229166666666667 0.6925925925925928
13 0.6255208333333333 0.7259259259259261 0.5838541666666667 0.7259259259259261 0.5838541666666667 0.8000000000000002 0.6255208333333333 0.8000000000000002
10 0.771875 0.7583333333333335 0.7385416666666667 0.7583333333333335 0.7385416666666667 0.8175925925925928 0.771875 0.8175925925925928
6 0.6348958333333333 0.5000000000000002 0.6015625 0.5000000000000002 0.6015625 0.5601851851851853 0.6348958333333333 0.5601851851851853
7 0.6208333333333333 0.8138888888888891 0.5869791666666667 0.8138888888888891 0.5869791666666667 0.8731481481481483 0.6208333333333333 0.8731481481481483
3 0.4890625 0.40185185185185196 0.46197916666666666 0.40185185185185196 0.46197916666666666 0.44814814814814824 0.4890625 0.44814814814814824
0 0.6796875 0.5870370370370372 0.6463541666666667 0.5870370370370372 0.6463541666666667 0.6472222222222225 0.6796875 0.6472222222222225
7 0.5369791666666667 0.4824074074074076 0.5036458333333333 0.4824074074074076 0.5036458333333333 0.540740740740741 0.5369791666666667 0.540740740740741
2 0.4317708333333333 0.5462962962962963 0.4046875 0.5462962962962963 0.4046875 0.5916666666666667 0.4317708333333333 0.5916666666666667
2 0.6307291666666667 0.42592592592592604 0.6052083333333333 0.42592592592592604 0.6052083333333333 0.4712962962962964 0.6307291666666667 0.4712962962962964
0 0.5791666666666667 0.564814814814815 0.5447916666666667 0.564814814814815 0.5447916666666667 0.6240740740740743 0.5791666666666667 0.6240740740740743
5 0.7828125 0.2416666666666669 0.75 0.2416666666666669 0.75 0.29722222222222244 0.7828125 0.29722222222222244
4 0.7822916666666667 0.30925925925925946 0.7489583333333333 0.30925925925925946 0.7489583333333333 0.36481481481481504 0.7822916666666667 0.36481481481481504
2 0.5828125 0.4231481481481483 0.55625 0.4231481481481483 0.55625 0.4666666666666668 0.5828125 0.4666666666666668
9 0.6692708333333334 0.7435185185185187 0.6427083333333333 0.7435185185185187 0.6427083333333333 0.7925925925925928 0.6692708333333334 0.7925925925925928
12 0.60625 0.1944444444444446 0.5671875 0.19444444444444456 0.5671875 0.26111111111111124 0.60625 0.26111111111111124
3 0.821875 0.38425925925925947 0.7958333333333333 0.38425925925925947 0.7958333333333333 0.42962962962962986 0.821875 0.42962962962962986
2 0.7239583333333334 0.5185185185185187 0.6973958333333333 0.5185185185185187 0.6973958333333333 0.565740740740741 0.7239583333333334 0.565740740740741
3 0.6755208333333333 0.4351851851851853 0.6494791666666667 0.4351851851851853 0.6494791666666667 0.47962962962962985 0.6755208333333333 0.47962962962962985
4 0.6864583333333333 0.3555555555555557 0.6541666666666667 0.3555555555555557 0.6541666666666667 0.4129629629629631 0.6864583333333333 0.4129629629629631
8 0.6875 0.2925925925925927 0.6614583333333334 0.2925925925925927 0.6614583333333334 0.33703703703703713 0.6875 0.33703703703703713
9 0.6234375 0.6629629629629632 0.5963541666666666 0.6629629629629632 0.5963541666666666 0.7120370370370372 0.6234375 0.7120370370370372
8 0.6859375 0.23425925925925942 0.6604166666666667 0.23425925925925942 0.6604166666666667 0.2777777777777779 0.6859375 0.2777777777777779
1 0.7348958333333333 0.23796296296296313 0.703125 0.23796296296296307 0.703125 0.29166666666666685 0.7348958333333333 0.29166666666666685
11 0.7322916666666667 0.3657407407407409 0.6994791666666667 0.36574074074074087 0.6994791666666667 0.42129629629629645 0.7322916666666667 0.4212962962962965
1 0.45416666666666666 0.24814814814814826 0.42135416666666664 0.24814814814814826 0.42135416666666664 0.3037037037037038 0.45416666666666666 0.3037037037037038
5 0.7739583333333333 0.5907407407407409 0.7416666666666667 0.5907407407407409 0.7416666666666667 0.6500000000000002 0.7739583333333333 0.6500000000000002
10 0.5916666666666667 0.3398148148148149 0.5578125 0.3398148148148149 0.5578125 0.3972222222222223 0.5916666666666667 0.3972222222222223
2 0.8119791666666667 0.603703703703704 0.7869791666666667 0.603703703703704 0.7869791666666667 0.6509259259259261 0.8119791666666667 0.6509259259259261
11 0.4744791666666667 0.7074074074074074 0.4375 0.7074074074074074 0.4375 0.7703703703703704 0.4744791666666667 0.7703703703703704
6 0.7244791666666667 0.6648148148148151 0.690625 0.6648148148148151 0.690625 0.7259259259259261 0.7244791666666667 0.7259259259259261
3 0.7692708333333333 0.5222222222222225 0.7442708333333333 0.5222222222222225 0.7442708333333333 0.5675925925925928 0.7692708333333333 0.5675925925925928