0 0.34479166666666666 0.6157407407407407 0.30833333333333335 0.6157407407407407 0.30833333333333335 0.6824074074074075 0.34479166666666666 0.6824074074074075
12 0.3578125 0.4287037037037038 0.31145833333333334 0.4287037037037038 0.31145833333333334 0.5120370370370371 0.3578125 0.5120370370370371
5 0.5645833333333333 0.8638888888888892 0.5286458333333335 0.8638888888888892 0.5286458333333335 0.9259259259259262 0.5645833333333333 0.9259259259259262
1 0.6375 0.5379629629629632 0.6 0.5379629629629632 0.6 0.6055555555555557 0.6375 0.6055555555555557
7 0.6692708333333334 0.45925925925925937 0.6302083333333334 0.45925925925925937 0.6302083333333334 0.527777777777778 0.6692708333333334 0.527777777777778
7 0.5578125 0.7537037037037039 0.5208333333333334 0.7537037037037039 0.5208333333333334 0.8194444444444446 0.5578125 0.8194444444444446
13 0.6265625 0.7166666666666669 0.5822916666666667 0.7166666666666669 0.5822916666666667 0.7953703703703706 0.6265625 0.7953703703703706
0 0.4375 0.19722222222222233 0.3984375 0.19722222222222233 0.3984375 0.2666666666666668 0.4375 0.2666666666666668
5 0.7067708333333333 0.5046296296296299 0.66875 0.5046296296296299 0.66875 0.5712962962962965 0.7067708333333333 0.5712962962962965
9 0.5901041666666667 0.8000000000000002 0.5619791666666667 0.8000000000000002 0.5619791666666667 0.8500000000000002 0.5901041666666667 0.8500000000000002
4 0.30572916666666666 0.575925925925926 0.26875 0.575925925925926 0.26875 0.6416666666666667 0.30572916666666666 0.6416666666666667
2 0.4552083333333333 0.43981481481481494 0.425 0.43981481481481494 0.425 0.4925925925925926 0.4552083333333333 0.4925925925925926
3 0.5161458333333333 0.7250000000000002 0.4869791666666667 0.7250000000000002 0.4869791666666667 0.7750000000000002 0.5161458333333333 0.7750000000000002
3 0.6015625 0.4990740740740743 0.5703125 0.4990740740740743 0.5703125 0.5537037037037039 0.6015625 0.5537037037037039
10 0.41770833333333335 0.3953703703703705 0.3807291666666667 0.3953703703703705 0.3807291666666667 0.46203703703703713 0.41770833333333335 0.46203703703703713
4 0.4088541666666667 0.27314814814814825 0.37083333333333335 0.27314814814814825 0.37083333333333335 0.3416666666666668 0.4088541666666667 0.3416666666666668
2 0.40208333333333335 0.5981481481481481 0.371875 0.5981481481481481 0.371875 0.6509259259259259 0.40208333333333335 0.6509259259259259
2 0.484375 0.3675925925925927 0.453125 0.3675925925925927 0.453125 0.42222222222222233 0.484375 0.42222222222222233
11 0.6130208333333333 0.6055555555555557 0.5755208333333334 0.6055555555555557 0.5755208333333334 0.6731481481481484 0.6130208333333333 0.6731481481481484
8 0.3770833333333333 0.36666666666666675 0.346875 0.36666666666666675 0.346875 0.42037037037037045 0.3770833333333333 0.42037037037037045
11 0.678125 0.5796296296296298 0.640625 0.5796296296296298 0.640625 0.6481481481481484 0.678125 0.6481481481481484
1 0.584375 0.6833333333333336 0.5473958333333333 0.6833333333333336 0.5473958333333333 0.7490740740740743 0.584375 0.7490740740740743
6 0.44895833333333335 0.3175925925925927 0.40989583333333335 0.3175925925925927 0.40989583333333335 0.38611111111111124 0.44895833333333335 0.38611111111111124
3 0.5458333333333333 0.651851851851852 0.5161458333333333 0.651851851851852 0.5161458333333333 0.7037037037037039 0.5458333333333333 0.7037037037037039
3 0.490625 0.7907407407407409 0.4609375 0.7907407407407407 0.4609375 0.8416666666666668 0.490625 0.8416666666666669
6 0.3697916666666667 0.5462962962962963 0.33177083333333335 0.5462962962962963 0.33177083333333335 0.6129629629629629 0.3697916666666667 0.6129629629629629
9 0.6453125 0.6564814814814817 0.6151041666666667 0.6564814814814817 0.6151041666666667 0.7074074074074076 0.6453125 0.7074074074074076
2 0.43072916666666666 0.5212962962962963 0.4 0.5212962962962963 0.4 0.575 0.43072916666666666 0.575
10 0.3932291666666667 0.4740740740740741 0.35625 0.4740740740740741 0.35625 0.5398148148148149 0.3932291666666667 0.5398148148148149
3 0.5682291666666667 0.5768518518518521 0.5385416666666667 0.5768518518518521 0.5385416666666667 0.6287037037037039 0.5682291666666667 0.6287037037037039
2 0.378125 0.6731481481481482 0.3484375 0.6731481481481482 0.3484375 0.7240740740740741 0.378125 0.7240740740740741
8 0.32395833333333335 0.5120370370370371 0.2953125 0.5120370370370371 0.2953125 0.5638888888888889 0.32395833333333335 0.5638888888888889