7 0.6088541666666667 0.04444444444444457 0.5640625 0.044444444444444564 0.5640625 0.12407407407407421 0.6088541666666667 0.12407407407407423
9 0.5359375 0.7657407407407409 0.5005208333333333 0.7657407407407409 0.5005208333333333 0.8203703703703705 0.5359375 0.8203703703703705
12 0.5598958333333334 0.04722222222222233 0.5072916666666667 0.047222222222222325 0.5072916666666667 0.1361111111111112 0.5598958333333334 0.1361111111111112
1 0.45208333333333334 0.07962962962962972 0.409375 0.0796296296296297 0.409375 0.1490740740740742 0.45208333333333334 0.1490740740740742
9 0.5880208333333333 0.7666666666666668 0.5520833333333334 0.7666666666666668 0.5520833333333334 0.8203703703703705 0.5880208333333333 0.8203703703703705
1 0.4791666666666667 0.687037037037037 0.4348958333333333 0.687037037037037 0.4348958333333333 0.7574074074074074 0.4791666666666667 0.7574074074074074
5 0.6489583333333333 0.7444444444444447 0.6057291666666667 0.7444444444444447 0.6057291666666667 0.8111111111111113 0.6489583333333333 0.8111111111111113
7 0.7411458333333333 0.5574074074074076 0.6979166666666666 0.5574074074074076 0.6979166666666666 0.6250000000000002 0.7411458333333333 0.6250000000000002
10 0.5078125 0.1500000000000001 0.4635416666666667 0.1500000000000001 0.4635416666666667 0.22037037037037047 0.5078125 0.22037037037037047
3 0.5114583333333333 0.41574074074074086 0.47552083333333334 0.41574074074074086 0.47552083333333334 0.4712962962962964 0.5114583333333333 0.4712962962962964
2 0.6802083333333333 0.3935185185185186 0.6453125 0.3935185185185186 0.6453125 0.44814814814814824 0.6802083333333333 0.44814814814814824
4 0.6760416666666667 0.2120370370370372 0.6317708333333333 0.2120370370370372 0.6317708333333333 0.2842592592592594 0.6760416666666667 0.2842592592592594
11 0.3484375 0.26944444444444454 0.30625 0.26944444444444454 0.30625 0.34074074074074084 0.3484375 0.34074074074074084
3 0.6807291666666667 0.47777777777777797 0.6463541666666667 0.47777777777777797 0.6463541666666667 0.5324074074074077 0.6807291666666667 0.5324074074074077
5 0.5260416666666666 0.5907407407407409 0.48385416666666664 0.5907407407407409 0.48385416666666664 0.6583333333333335 0.5260416666666666 0.6583333333333335
3 0.5776041666666667 0.5879629629629631 0.5432291666666667 0.5879629629629631 0.5432291666666667 0.6416666666666668 0.5776041666666667 0.6416666666666668
8 0.5567708333333333 0.23703703703703713 0.521875 0.23703703703703713 0.521875 0.2898148148148149 0.5567708333333333 0.2898148148148149
0 0.5838541666666667 0.6703703703703706 0.5416666666666666 0.6703703703703706 0.5416666666666666 0.7388888888888892 0.5838541666666667 0.7388888888888892
3 0.4640625 0.524074074074074 0.4296875 0.524074074074074 0.4296875 0.5787037037037037 0.4640625 0.5787037037037037
3 0.41302083333333334 0.5324074074074074 0.378125 0.5324074074074074 0.378125 0.5879629629629629 0.41302083333333334 0.5879629629629629
13 0.4864583333333333 0.7685185185185186 0.43645833333333334 0.7685185185185185 0.43645833333333334 0.8472222222222223 0.4864583333333333 0.8472222222222224
2 0.46145833333333336 0.42962962962962975 0.42552083333333335 0.42962962962962975 0.42552083333333335 0.4861111111111111 0.46145833333333336 0.4861111111111111
4 0.5791666666666667 0.4990740740740743 0.5359375 0.4990740740740743 0.5359375 0.5685185185185188 0.5791666666666667 0.5685185185185188
8 0.4953125 0.06574074074074085 0.46041666666666664 0.06574074074074085 0.46041666666666664 0.1212962962962964 0.4953125 0.1212962962962964
6 0.6208333333333333 0.21944444444444458 0.5776041666666667 0.21944444444444455 0.5776041666666667 0.2898148148148149 0.6208333333333333 0.2898148148148149
2 0.36875 0.712037037037037 0.33229166666666665 0.712037037037037 0.33229166666666665 0.7712962962962963 0.36875 0.7712962962962963
2 0.6890625 0.6546296296296299 0.6552083333333333 0.6546296296296299 0.6552083333333333 0.7092592592592595 0.6890625 0.7092592592592595
2 0.42239583333333336 0.7046296296296296 0.38697916666666665 0.7046296296296296 0.38697916666666665 0.7592592592592593 0.42239583333333336 0.7592592592592593
10 0.5359375 0.8425925925925928 0.4947916666666667 0.8425925925925928 0.49479166666666674 0.9120370370370372 0.5359375 0.9120370370370372
11 0.5109375 0.23796296296296307 0.46770833333333334 0.23796296296296307 0.46770833333333334 0.31203703703703717 0.5109375 0.31203703703703717
0 0.4546875 0.24814814814814826 0.4125 0.24814814814814826 0.4125 0.32222222222222235 0.4546875 0.32222222222222235
6 0.30416666666666664 0.5555555555555556 0.2614583333333334 0.5555555555555556 0.2614583333333334 0.6259259259259259 0.30416666666666664 0.6259259259259259