7 0.6078125 0.7166666666666669 0.5682291666666667 0.7166666666666669 0.5682291666666667 0.7787037037037039 0.6078125 0.7787037037037039
2 0.41041666666666665 0.17222222222222233 0.37916666666666665 0.17222222222222233 0.37916666666666665 0.2185185185185186 0.41041666666666665 0.2185185185185186
3 0.3848958333333333 0.7814814814814814 0.353125 0.7814814814814814 0.353125 0.8268518518518518 0.3848958333333333 0.8268518518518518
6 0.6260416666666667 0.2703703703703705 0.5864583333333333 0.2703703703703705 0.5864583333333333 0.3314814814814816 0.6260416666666667 0.3314814814814816
12 0.503125 0.6916666666666668 0.4552083333333333 0.6916666666666667 0.4552083333333333 0.7675925925925927 0.503125 0.7675925925925928
0 0.5786458333333333 0.10740740740740752 0.5385416666666667 0.1074074074074075 0.5385416666666667 0.16481481481481491 0.5786458333333333 0.16481481481481491
5 0.44427083333333334 0.612037037037037 0.4036458333333333 0.612037037037037 0.4036458333333333 0.6731481481481482 0.44427083333333334 0.6731481481481482
4 0.46197916666666666 0.3490740740740742 0.421875 0.3490740740740742 0.421875 0.40833333333333344 0.46197916666666666 0.40833333333333344
2 0.6223958333333334 0.1953703703703705 0.5901041666666667 0.19537037037037047 0.5901041666666667 0.24166666666666678 0.6223958333333334 0.24166666666666678
7 0.39010416666666664 0.6796296296296296 0.3494791666666667 0.6796296296296296 0.3494791666666667 0.7407407407407407 0.39010416666666664 0.7407407407407407
8 0.5463541666666667 0.8000000000000002 0.5125 0.8000000000000002 0.5125 0.8472222222222224 0.5463541666666667 0.8472222222222224
0 0.4708333333333333 0.09166666666666677 0.4317708333333333 0.09166666666666677 0.4317708333333333 0.1490740740740742 0.4708333333333333 0.1490740740740742
1 0.4947916666666668 0.8675925925925927 0.45468750000000013 0.8675925925925926 0.45468750000000013 0.9296296296296297 0.4947916666666668 0.9296296296296298
4 0.56875 0.3537037037037038 0.528125 0.3537037037037038 0.528125 0.41574074074074086 0.56875 0.41574074074074086
8 0.43802083333333336 0.7851851851851852 0.40677083333333336 0.7851851851851852 0.40677083333333336 0.8333333333333334 0.43802083333333336 0.8333333333333334
1 0.49895833333333334 0.7777777777777779 0.45989583333333334 0.7777777777777778 0.45989583333333334 0.838888888888889 0.49895833333333334 0.8388888888888891
6 0.4078125 0.2527777777777779 0.36875 0.2527777777777779 0.36875 0.31203703703703717 0.4078125 0.31203703703703717
3 0.440625 0.6962962962962963 0.4083333333333333 0.6962962962962963 0.4083333333333333 0.7425925925925926 0.440625 0.7425925925925926
13 0.521875 0.2564814814814816 0.4734375 0.2564814814814816 0.4734375 0.32685185185185195 0.521875 0.32685185185185195
10 0.5234375 0.1787037037037038 0.48385416666666664 0.1787037037037038 0.48385416666666664 0.23888888888888898 0.5234375 0.23888888888888898
3 0.6052083333333333 0.8046296296296298 0.5723958333333333 0.8046296296296298 0.5723958333333333 0.8546296296296299 0.6052083333333333 0.8546296296296299
2 0.5104166666666666 0.3537037037037038 0.47708333333333336 0.3537037037037038 0.47708333333333336 0.4037037037037038 0.5104166666666666 0.4037037037037038
11 0.4369791666666668 0.8648148148148148 0.40208333333333346 0.8648148148148148 0.40208333333333346 0.9259259259259259 0.4369791666666668 0.9259259259259259
11 0.5427083333333333 0.8694444444444447 0.5067708333333335 0.8694444444444447 0.5067708333333335 0.9324074074074076 0.5427083333333333 0.9324074074074076
9 0.4625 0.18333333333333343 0.4296875 0.18333333333333343 0.4296875 0.23611111111111122 0.4625 0.23611111111111122
2 0.5635416666666667 0.2722222222222223 0.534375 0.2722222222222223 0.534375 0.32222222222222235 0.5635416666666667 0.32222222222222235
9 0.5739583333333333 0.1962962962962964 0.5416666666666666 0.1962962962962964 0.5416666666666666 0.24351851851851863 0.5739583333333333 0.24351851851851863
2 0.4546875 0.26111111111111124 0.421875 0.26111111111111124 0.421875 0.30925925925925934 0.4546875 0.30925925925925934
3 0.503125 0.6148148148148149 0.4708333333333333 0.6148148148148148 0.4708333333333333 0.6675925925925927 0.503125 0.6675925925925928
10 0.5208333333333334 0.09351851851851863 0.4828125 0.09351851851851863 0.4828125 0.1601851851851853 0.5208333333333334 0.1601851851851853
5 0.5578125 0.6185185185185187 0.5166666666666667 0.6185185185185187 0.5166666666666667 0.6851851851851853 0.5578125 0.6851851851851853
3 0.5520833333333334 0.7074074074074076 0.5208333333333334 0.7074074074074076 0.5208333333333334 0.7675925925925928 0.5520833333333334 0.7675925925925928