1 0.6598958333333333 0.7324074074074076 0.60625 0.7324074074074076 0.60625 0.8185185185185188 0.6598958333333333 0.8185185185185188
7 0.2953125 0.4777777777777778 0.2427083333333334 0.4777777777777778 0.2427083333333334 0.562037037037037 0.2953125 0.562037037037037
10 0.5932291666666667 0.702777777777778 0.540625 0.702777777777778 0.540625 0.7879629629629632 0.5932291666666667 0.7879629629629632
9 0.44427083333333334 0.17037037037037048 0.4005208333333333 0.17037037037037048 0.4005208333333333 0.23703703703703713 0.44427083333333334 0.23703703703703713
7 0.5187500000000002 0.863888888888889 0.46458333333333346 0.8638888888888889 0.46458333333333346 0.95 0.5187500000000002 0.95
6 0.47239583333333335 0.7138888888888889 0.42083333333333334 0.7138888888888889 0.42083333333333334 0.7972222222222223 0.47239583333333335 0.7972222222222223
1 0.5177083333333333 0.19074074074074085 0.4635416666666667 0.19074074074074085 0.4635416666666667 0.275925925925926 0.5177083333333333 0.275925925925926
8 0.6135416666666667 0.790740740740741 0.5682291666666667 0.790740740740741 0.5682291666666667 0.8611111111111113 0.6135416666666667 0.8611111111111113
3 0.4359375 0.36296296296296304 0.3932291666666667 0.36296296296296304 0.3932291666666667 0.43055555555555564 0.4359375 0.43055555555555564
6 0.7088541666666667 0.2046296296296298 0.6552083333333333 0.2046296296296298 0.6552083333333333 0.2898148148148149 0.7088541666666667 0.2898148148148149
8 0.521875 0.6750000000000002 0.478125 0.675 0.478125 0.7453703703703705 0.521875 0.7453703703703706
2 0.37552083333333336 0.612037037037037 0.33229166666666665 0.612037037037037 0.33229166666666665 0.6796296296296296 0.37552083333333336 0.6796296296296296
4 0.459375 0.4185185185185186 0.40625 0.4185185185185186 0.40625 0.5074074074074074 0.459375 0.5074074074074074
0 0.42291666666666666 0.2722222222222223 0.3697916666666667 0.2722222222222223 0.3697916666666667 0.3574074074074075 0.42291666666666666 0.3574074074074075
4 0.42135416666666664 0.7527777777777778 0.36875 0.7527777777777778 0.36875 0.837037037037037 0.42135416666666664 0.837037037037037
3 0.35885416666666664 0.5296296296296297 0.31614583333333335 0.5296296296296297 0.31614583333333335 0.5972222222222222 0.35885416666666664 0.5972222222222222
5 0.3458333333333333 0.24444444444444455 0.2947916666666667 0.24444444444444455 0.2947916666666667 0.32685185185185195 0.3458333333333333 0.32685185185185195
3 0.6041666666666666 0.3111111111111112 0.5619791666666667 0.3111111111111112 0.5619791666666667 0.3777777777777779 0.6041666666666666 0.3777777777777779
5 0.49270833333333336 0.30833333333333346 0.4395833333333333 0.30833333333333346 0.4395833333333333 0.3935185185185186 0.49270833333333336 0.3935185185185186
2 0.5776041666666667 0.4287037037037038 0.5322916666666667 0.4287037037037038 0.5322916666666667 0.502777777777778 0.5776041666666667 0.502777777777778
0 0.6229166666666667 0.5768518518518521 0.5713541666666667 0.5768518518518521 0.5713541666666667 0.6601851851851854 0.6229166666666667 0.6601851851851854
2 0.3171875 0.37037037037037046 0.275 0.37037037037037046 0.275 0.43796296296296305 0.3171875 0.43796296296296305
2 0.5619791666666667 0.1500000000000001 0.5161458333333333 0.1500000000000001 0.5161458333333333 0.22222222222222232 0.5619791666666667 0.22222222222222232
11 0.7203125 0.4925925925925928 0.6677083333333333 0.4925925925925928 0.6677083333333333 0.577777777777778 0.7203125 0.577777777777778
12 0.5739583333333333 0.802777777777778 0.503125 0.802777777777778 0.503125 0.9203703703703706 0.5739583333333333 0.9203703703703706
3 0.5317708333333333 0.4814814814814817 0.48854166666666665 0.4814814814814817 0.48854166666666665 0.5500000000000002 0.5317708333333333 0.5500000000000002
3 0.5546875 0.3462962962962964 0.5109375 0.3462962962962964 0.5109375 0.41944444444444456 0.5546875 0.41944444444444456
2 0.6098958333333333 0.1129629629629631 0.56875 0.1129629629629631 0.56875 0.1777777777777779 0.6098958333333333 0.17777777777777792
10 0.4317708333333333 0.08148148148148157 0.37916666666666665 0.08148148148148156 0.37916666666666665 0.1712962962962964 0.4317708333333333 0.1712962962962964
13 0.5046875 0.10277777777777788 0.4395833333333333 0.10277777777777788 0.4395833333333333 0.21203703703703713 0.5046875 0.21203703703703713
11 0.5723958333333333 0.6240740740740743 0.5203125 0.6240740740740743 0.5203125 0.7111111111111114 0.5723958333333333 0.7111111111111114
9 0.39375 0.20462962962962972 0.35208333333333336 0.2046296296296297 0.35208333333333336 0.27314814814814825 0.39375 0.27314814814814825