13 0.5296875 0.14351851851851863 0.48489583333333336 0.14351851851851863 0.48489583333333336 0.21203703703703713 0.5296875 0.21203703703703713
3 0.3421875 0.3240740740740742 0.309375 0.3240740740740742 0.309375 0.3694444444444446 0.3421875 0.3694444444444446
0 0.7651041666666667 0.7657407407407409 0.7239583333333334 0.7657407407407409 0.7239583333333334 0.8259259259259262 0.7651041666666667 0.8259259259259262
4 0.4114583333333333 0.7972222222222223 0.3692708333333333 0.7972222222222223 0.3692708333333333 0.8592592592592593 0.4114583333333333 0.8592592592592593
7 0.39010416666666664 0.2527777777777779 0.35052083333333334 0.2527777777777779 0.35052083333333334 0.30925925925925934 0.39010416666666664 0.30925925925925934
7 0.6859375 0.21018518518518534 0.6484375 0.21018518518518534 0.6484375 0.26574074074074083 0.6859375 0.26574074074074083
1 0.7213541666666666 0.08148148148148164 0.6817708333333333 0.08148148148148164 0.6817708333333333 0.13611111111111127 0.7213541666666666 0.13611111111111127
2 0.4510416666666667 0.5555555555555556 0.415625 0.5555555555555556 0.415625 0.6018518518518519 0.4510416666666667 0.6018518518518519
3 0.440625 0.31296296296296305 0.4083333333333333 0.31296296296296305 0.4083333333333333 0.3592592592592594 0.440625 0.3592592592592594
6 0.71875 0.5990740740740743 0.6755208333333333 0.5990740740740743 0.6755208333333333 0.6620370370370372 0.71875 0.6620370370370372
2 0.5505208333333333 0.5481481481481484 0.5171875 0.5481481481481484 0.5171875 0.5962962962962965 0.5505208333333333 0.5962962962962965
1 0.3463541666666667 0.09814814814814822 0.3067708333333333 0.09814814814814822 0.3067708333333333 0.1555555555555556 0.3463541666666667 0.1555555555555556
3 0.5338541666666666 0.29907407407407416 0.5020833333333333 0.29907407407407416 0.5020833333333333 0.3462962962962964 0.5338541666666666 0.3462962962962964
2 0.7510416666666667 0.5259259259259261 0.7208333333333333 0.5259259259259261 0.7208333333333333 0.5740740740740743 0.7510416666666667 0.5740740740740743
3 0.6359375 0.2962962962962964 0.6052083333333333 0.2962962962962964 0.6052083333333333 0.3416666666666668 0.6359375 0.3416666666666668
12 0.5734375 0.6972222222222224 0.5223958333333333 0.6972222222222224 0.5223958333333333 0.7712962962962965 0.5734375 0.7712962962962965
2 0.34791666666666665 0.5638888888888889 0.3125 0.5638888888888889 0.3125 0.6101851851851852 0.34791666666666665 0.6101851851851852
9 0.4791666666666667 0.09722222222222232 0.44635416666666666 0.09722222222222232 0.44635416666666666 0.14074074074074083 0.4791666666666667 0.14074074074074083
2 0.653125 0.5250000000000002 0.6203125 0.5250000000000002 0.6203125 0.5740740740740743 0.653125 0.5740740740740743
11 0.43385416666666665 0.09259259259259268 0.39375 0.09259259259259267 0.39375 0.1490740740740742 0.43385416666666665 0.1490740740740742
3 0.7317708333333334 0.29166666666666685 0.6989583333333333 0.2916666666666668 0.6989583333333333 0.3370370370370372 0.7317708333333334 0.33703703703703725
6 0.4005208333333333 0.6333333333333333 0.35989583333333336 0.6333333333333333 0.35989583333333336 0.6944444444444444 0.4005208333333333 0.6944444444444444
5 0.38697916666666665 0.10462962962962971 0.3463541666666667 0.10462962962962971 0.3463541666666667 0.16111111111111118 0.38697916666666665 0.1611111111111112
9 0.5786458333333333 0.07962962962962976 0.5473958333333333 0.07962962962962976 0.5473958333333333 0.12407407407407418 0.5786458333333333 0.12407407407407418
4 0.6635416666666667 0.7620370370370373 0.6223958333333334 0.7620370370370373 0.6223958333333334 0.8268518518518521 0.6635416666666667 0.8268518518518521
5 0.6682291666666667 0.06944444444444459 0.6286458333333333 0.06944444444444457 0.6286458333333333 0.13148148148148164 0.6682291666666667 0.13148148148148164
8 0.515625 0.7962962962962964 0.4828125 0.7962962962962963 0.4828125 0.8453703703703704 0.515625 0.8453703703703705
11 0.6270833333333333 0.06851851851851865 0.5869791666666667 0.06851851851851865 0.5869791666666667 0.1277777777777779 0.6270833333333333 0.12777777777777793
8 0.6166666666666667 0.7916666666666669 0.5828125 0.7916666666666669 0.5828125 0.8435185185185188 0.6166666666666667 0.8435185185185188
10 0.7171875 0.7555555555555558 0.6760416666666667 0.7555555555555558 0.6760416666666667 0.8185185185185188 0.7171875 0.8185185185185188
10 0.4640625 0.7842592592592592 0.42291666666666666 0.7842592592592592 0.42291666666666666 0.8537037037037037 0.4640625 0.8537037037037037
0 0.36406250000000007 0.7907407407407407 0.3223958333333333 0.7907407407407407 0.3223958333333334 0.862037037037037 0.3640625000000001 0.862037037037037