1 0.5703125 0.1601851851851853 0.5234375 0.1601851851851853 0.5234375 0.23425925925925936 0.5703125 0.23425925925925936
6 0.6395833333333333 0.7000000000000002 0.5921875 0.7000000000000002 0.5921875 0.777777777777778 0.6395833333333333 0.777777777777778
11 0.51875 0.05648148148148159 0.47239583333333335 0.056481481481481584 0.47239583333333335 0.13055555555555567 0.51875 0.13055555555555567
7 0.45208333333333334 0.20925925925925937 0.40729166666666666 0.20925925925925937 0.40729166666666666 0.2814814814814816 0.45208333333333334 0.2814814814814816
3 0.6723958333333333 0.1870370370370372 0.6328125 0.1870370370370372 0.6328125 0.25092592592592605 0.6723958333333333 0.25092592592592605
7 0.665625 0.2601851851851853 0.6208333333333333 0.2601851851851853 0.6208333333333333 0.3361111111111112 0.665625 0.3361111111111112
5 0.496875 0.30462962962962975 0.4505208333333333 0.30462962962962975 0.4505208333333333 0.3777777777777779 0.496875 0.3777777777777779
3 0.4588541666666667 0.12777777777777788 0.41875 0.12777777777777788 0.41875 0.1925925925925927 0.4588541666666667 0.1925925925925927
4 0.5901041666666667 0.5916666666666669 0.5427083333333333 0.5916666666666669 0.5427083333333333 0.6675925925925928 0.5901041666666667 0.6675925925925928
2 0.4125 0.737037037037037 0.375 0.737037037037037 0.375 0.7972222222222223 0.4125 0.7972222222222223
3 0.5557291666666667 0.32685185185185195 0.515625 0.32685185185185195 0.515625 0.3925925925925927 0.5557291666666667 0.3925925925925927
2 0.6270833333333333 0.7962962962962965 0.5895833333333333 0.7962962962962965 0.5895833333333333 0.8574074074074076 0.6270833333333333 0.8574074074074076
8 0.6140625 0.17314814814814827 0.5755208333333334 0.17314814814814825 0.5755208333333334 0.23333333333333348 0.6140625 0.2333333333333335
3 0.6125 0.25462962962962976 0.575 0.25462962962962976 0.575 0.3212962962962964 0.6125 0.3212962962962964
9 0.5786458333333333 0.7685185185185187 0.5385416666666667 0.7685185185185187 0.5385416666666667 0.8342592592592595 0.5786458333333333 0.8342592592592595
4 0.48541666666666666 0.563888888888889 0.4390625 0.5638888888888889 0.4390625 0.638888888888889 0.48541666666666666 0.6388888888888891
2 0.53125 0.5907407407407409 0.4921875 0.5907407407407409 0.4921875 0.6546296296296299 0.53125 0.6546296296296299
11 0.6203125 0.09351851851851865 0.5744791666666667 0.09351851851851865 0.5744791666666667 0.16759259259259274 0.6203125 0.16759259259259274
5 0.6088541666666667 0.33240740740740754 0.5614583333333333 0.33240740740740754 0.5614583333333333 0.4074074074074075 0.6088541666666667 0.4074074074074075
13 0.5359375 0.6629629629629631 0.47760416666666666 0.662962962962963 0.47760416666666666 0.7546296296296298 0.5359375 0.7546296296296299
8 0.5104166666666666 0.14351851851851863 0.4713541666666667 0.14351851851851863 0.4713541666666667 0.2064814814814816 0.5104166666666666 0.2064814814814816
1 0.575 0.07592592592592605 0.5286458333333334 0.07592592592592604 0.5286458333333334 0.14814814814814825 0.575 0.14814814814814825
12 0.5645833333333333 0.22407407407407418 0.5072916666666667 0.22407407407407418 0.5072916666666667 0.3175925925925927 0.5645833333333333 0.3175925925925927
3 0.5026041666666666 0.22962962962962974 0.46510416666666665 0.22962962962962974 0.46510416666666665 0.29074074074074086 0.5026041666666666 0.29074074074074086
10 0.528125 0.750925925925926 0.48072916666666665 0.7509259259259259 0.48072916666666665 0.8324074074074075 0.528125 0.8324074074074076
6 0.42083333333333334 0.637962962962963 0.375 0.637962962962963 0.375 0.7185185185185186 0.42083333333333334 0.7185185185185186
2 0.4661458333333333 0.6601851851851852 0.42864583333333334 0.6601851851851852 0.42864583333333334 0.7203703703703703 0.4661458333333333 0.7203703703703703
2 0.5770833333333333 0.6842592592592595 0.5395833333333333 0.6842592592592595 0.5395833333333333 0.7537037037037039 0.5770833333333333 0.7537037037037039
0 0.46562500000000007 0.825925925925926 0.4192708333333333 0.825925925925926 0.41927083333333337 0.912962962962963 0.4656250000000001 0.912962962962963
0 0.575 0.8509259259259261 0.5302083333333333 0.8509259259259261 0.5302083333333334 0.9287037037037039 0.575 0.9287037037037039
10 0.5192708333333333 0.8351851851851853 0.4713541666666667 0.8351851851851851 0.47135416666666674 0.9203703703703705 0.5192708333333335 0.9203703703703706
9 0.46875 0.7361111111111112 0.428125 0.7361111111111112 0.428125 0.8037037037037037 0.46875 0.8037037037037037