4 0.4302083333333334 0.8407407407407408 0.39166666666666666 0.8407407407407408 0.3916666666666667 0.899074074074074 0.43020833333333347 0.899074074074074
4 0.6369791666666667 0.8611111111111113 0.5979166666666667 0.8611111111111113 0.5979166666666667 0.9203703703703706 0.6369791666666667 0.9203703703703706
7 0.6984375 0.29907407407407416 0.6614583333333334 0.29907407407407416 0.6614583333333334 0.3537037037037038 0.6984375 0.3537037037037038
3 0.7369791666666666 0.38888888888888906 0.7067708333333333 0.388888888888889 0.7067708333333333 0.43148148148148163 0.7369791666666666 0.4314814814814817
1 0.7333333333333333 0.1583333333333335 0.6973958333333333 0.1583333333333335 0.6973958333333333 0.21296296296296313 0.7333333333333333 0.21296296296296313
7 0.39895833333333336 0.27685185185185196 0.36302083333333335 0.27685185185185196 0.36302083333333335 0.33055555555555566 0.39895833333333336 0.33055555555555566
1 0.35989583333333336 0.1370370370370371 0.32395833333333335 0.1370370370370371 0.32395833333333335 0.18796296296296303 0.35989583333333336 0.18796296296296303
2 0.4375 0.6101851851851852 0.40677083333333336 0.6101851851851852 0.40677083333333336 0.6537037037037037 0.4375 0.6537037037037037
2 0.5364583333333334 0.6129629629629632 0.5052083333333334 0.6129629629629632 0.5052083333333334 0.6574074074074077 0.5364583333333334 0.6574074074074077
2 0.7317708333333334 0.6203703703703706 0.7005208333333334 0.6203703703703706 0.7005208333333334 0.6638888888888891 0.7317708333333334 0.6638888888888891
3 0.5421875 0.36666666666666675 0.5125 0.36666666666666675 0.5125 0.4111111111111112 0.5421875 0.4111111111111112
2 0.6390625 0.6231481481481483 0.6083333333333333 0.6231481481481483 0.6083333333333333 0.6685185185185187 0.6390625 0.6685185185185187
3 0.6442708333333333 0.38055555555555565 0.6130208333333333 0.38055555555555565 0.6130208333333333 0.42407407407407416 0.6442708333333333 0.42407407407407416
6 0.6911458333333333 0.6944444444444446 0.6541666666666667 0.6944444444444446 0.6541666666666667 0.7490740740740743 0.6911458333333333 0.7490740740740743
3 0.44114583333333335 0.3675925925925927 0.41041666666666665 0.3675925925925927 0.41041666666666665 0.4111111111111112 0.44114583333333335 0.4111111111111112
13 0.5484375 0.2185185185185186 0.5072916666666667 0.2185185185185186 0.5072916666666667 0.2824074074074075 0.5484375 0.2824074074074075
5 0.4510416666666667 0.14814814814814825 0.41510416666666666 0.14814814814814825 0.41510416666666666 0.20185185185185195 0.4510416666666667 0.20185185185185195
9 0.5880208333333333 0.15370370370370381 0.5598958333333334 0.15370370370370381 0.5598958333333334 0.1962962962962964 0.5880208333333333 0.1962962962962964
6 0.3921875 0.6814814814814815 0.3541666666666667 0.6814814814814815 0.3541666666666667 0.737037037037037 0.3921875 0.737037037037037
2 0.33645833333333336 0.6064814814814815 0.30572916666666666 0.6064814814814815 0.30572916666666666 0.6509259259259259 0.33645833333333336 0.6509259259259259
5 0.6848958333333334 0.1583333333333335 0.6489583333333333 0.1583333333333335 0.6489583333333333 0.21018518518518534 0.6848958333333334 0.21018518518518534
12 0.5369791666666667 0.7666666666666668 0.49322916666666666 0.7666666666666668 0.49322916666666666 0.8361111111111114 0.5369791666666667 0.8361111111111114
3 0.3453125 0.363888888888889 0.3145833333333333 0.363888888888889 0.3145833333333333 0.4074074074074075 0.3453125 0.4074074074074075
9 0.49895833333333334 0.13981481481481492 0.46927083333333336 0.13981481481481492 0.46927083333333336 0.18148148148148158 0.49895833333333334 0.18148148148148158
11 0.4015625 0.13796296296296306 0.36614583333333334 0.13796296296296306 0.36614583333333334 0.1898148148148149 0.4015625 0.1898148148148149
10 0.3848958333333334 0.837037037037037 0.3458333333333333 0.837037037037037 0.3458333333333334 0.8972222222222223 0.38489583333333344 0.8972222222222223
8 0.4807291666666667 0.85 0.4505208333333333 0.85 0.45052083333333337 0.8981481481481481 0.48072916666666676 0.8981481481481481
10 0.6838541666666667 0.8481481481481483 0.6458333333333334 0.8481481481481483 0.6458333333333334 0.9092592592592594 0.6838541666666667 0.9092592592592594
0 0.7375 0.8620370370370373 0.7005208333333334 0.8620370370370373 0.7005208333333334 0.9212962962962965 0.7375 0.9212962962962965
0 0.3286458333333334 0.8185185185185185 0.28958333333333336 0.8185185185185185 0.2895833333333334 0.8842592592592593 0.32864583333333347 0.8842592592592593
8 0.5744791666666667 0.8574074074074076 0.546875 0.8574074074074076 0.546875 0.9064814814814817 0.5744791666666667 0.9064814814814817
11 0.6411458333333333 0.14629629629629645 0.6083333333333333 0.14629629629629645 0.6083333333333333 0.2009259259259261 0.6411458333333333 0.2009259259259261