5 0.70625 0.5203703703703706 0.6619791666666667 0.5203703703703706 0.6619791666666667 0.5944444444444447 0.70625 0.5944444444444447
0 0.4984375 0.0537037037037038 0.45 0.053703703703703795 0.45 0.1351851851851853 0.4984375 0.1351851851851853
7 0.3234375 0.5777777777777777 0.2765625 0.5777777777777777 0.2765625 0.6574074074074074 0.3234375 0.6574074074074074
3 0.59375 0.4564814814814816 0.55625 0.4564814814814816 0.55625 0.5194444444444447 0.59375 0.5194444444444447
12 0.45729166666666665 0.3314814814814816 0.39947916666666666 0.3314814814814816 0.39947916666666666 0.42962962962962975 0.45729166666666665 0.42962962962962975
7 0.43072916666666666 0.17222222222222233 0.3828125 0.17222222222222233 0.3828125 0.2527777777777779 0.43072916666666666 0.2527777777777779
2 0.5083333333333333 0.3157407407407408 0.4708333333333333 0.3157407407407408 0.4708333333333333 0.37962962962962976 0.5083333333333333 0.37962962962962976
0 0.23645833333333338 0.5527777777777778 0.18906250000000005 0.5527777777777778 0.18906250000000005 0.6333333333333333 0.23645833333333338 0.6333333333333333
2 0.571875 0.2037037037037038 0.5333333333333333 0.2037037037037038 0.5333333333333333 0.2685185185185186 0.571875 0.2685185185185186
2 0.4739583333333333 0.4981481481481482 0.43645833333333334 0.4981481481481482 0.43645833333333334 0.5601851851851852 0.4739583333333333 0.5601851851851852
2 0.3828125 0.5657407407407408 0.34427083333333336 0.5657407407407408 0.34427083333333336 0.6305555555555555 0.3828125 0.6305555555555555
3 0.5317708333333333 0.5796296296296298 0.4947916666666667 0.5796296296296298 0.4947916666666667 0.6407407407407409 0.5317708333333333 0.6407407407407409
3 0.4354166666666667 0.7675925925925926 0.39895833333333336 0.7675925925925926 0.39895833333333336 0.8277777777777777 0.4354166666666667 0.8277777777777777
8 0.384375 0.35462962962962974 0.3463541666666667 0.35462962962962974 0.3463541666666667 0.41944444444444456 0.384375 0.41944444444444456
3 0.6572916666666667 0.3398148148148149 0.6213541666666667 0.3398148148148149 0.6213541666666667 0.4000000000000001 0.6572916666666667 0.4000000000000001
4 0.48541666666666666 0.2750000000000001 0.43854166666666666 0.2750000000000001 0.43854166666666666 0.3537037037037038 0.48541666666666666 0.3537037037037038
3 0.49947916666666664 0.6370370370370372 0.4630208333333333 0.6370370370370371 0.4630208333333333 0.6981481481481483 0.49947916666666664 0.6981481481481484
9 0.5864583333333333 0.7675925925925928 0.55 0.7675925925925928 0.55 0.827777777777778 0.5864583333333333 0.827777777777778
8 0.3536458333333333 0.4231481481481483 0.31666666666666665 0.4231481481481483 0.31666666666666665 0.4861111111111111 0.3536458333333333 0.4861111111111111
6 0.51875 0.20555555555555566 0.47239583333333335 0.20555555555555566 0.47239583333333335 0.2842592592592594 0.51875 0.2842592592592594
6 0.4484375 0.6583333333333333 0.4015625 0.6583333333333333 0.4015625 0.7361111111111112 0.4484375 0.7361111111111112
11 0.5578125 0.8129629629629632 0.5140625 0.8129629629629632 0.5140625000000001 0.8870370370370373 0.5578125 0.8870370370370373
5 0.4984375 0.7444444444444446 0.45260416666666664 0.7444444444444445 0.45260416666666664 0.8212962962962964 0.4984375 0.8212962962962965
9 0.6432291666666666 0.6509259259259261 0.6067708333333334 0.6509259259259261 0.6067708333333334 0.7120370370370372 0.6432291666666666 0.7120370370370372
11 0.575 0.4037037037037038 0.528125 0.4037037037037038 0.528125 0.4824074074074076 0.575 0.4824074074074076
2 0.34791666666666665 0.7388888888888889 0.3109375 0.7388888888888889 0.3109375 0.8018518518518518 0.34791666666666665 0.8018518518518518
4 0.33125 0.35092592592592603 0.284375 0.35092592592592603 0.284375 0.43055555555555564 0.33125 0.43055555555555564
10 0.653125 0.5425925925925928 0.6078125 0.5425925925925928 0.6078125 0.6194444444444447 0.653125 0.6194444444444447
10 0.5369791666666667 0.4685185185185186 0.490625 0.4685185185185186 0.490625 0.5453703703703706 0.5369791666666667 0.5453703703703706
13 0.5411458333333333 0.6675925925925928 0.48541666666666666 0.6675925925925928 0.48541666666666666 0.7620370370370373 0.5411458333333333 0.7620370370370373
1 0.65625 0.450925925925926 0.6109375 0.450925925925926 0.6109375 0.527777777777778 0.65625 0.527777777777778
1 0.49739583333333337 0.838888888888889 0.453125 0.8388888888888889 0.45312500000000006 0.913888888888889 0.4973958333333334 0.9138888888888891