10 0.8119791666666667 0.3564814814814817 0.7682291666666666 0.3564814814814817 0.7682291666666666 0.43333333333333357 0.8119791666666667 0.43333333333333357
2 0.6708333333333333 0.44351851851851865 0.6359375 0.44351851851851865 0.6359375 0.5046296296296299 0.6708333333333333 0.5046296296296299
7 0.8447916666666667 0.6212962962962965 0.8020833333333334 0.6212962962962965 0.8020833333333334 0.6962962962962965 0.8447916666666667 0.6962962962962965
13 0.8078125 0.6101851851851854 0.7552083333333334 0.6101851851851854 0.7552083333333334 0.7037037037037039 0.8078125 0.7037037037037039
3 0.5796875 0.2453703703703705 0.54375 0.2453703703703705 0.54375 0.30833333333333346 0.5796875 0.30833333333333346
10 0.5864583333333333 0.6740740740740743 0.5427083333333333 0.6740740740740743 0.5427083333333333 0.7490740740740743 0.5864583333333333 0.7490740740740743
7 0.6723958333333333 0.7638888888888891 0.6291666666666667 0.7638888888888891 0.6291666666666667 0.839814814814815 0.6723958333333333 0.839814814814815
3 0.6703125 0.35277777777777786 0.6338541666666667 0.35277777777777786 0.6338541666666667 0.4166666666666668 0.6703125 0.4166666666666668
3 0.6270833333333333 0.5296296296296299 0.5927083333333333 0.5296296296296299 0.5927083333333333 0.589814814814815 0.6270833333333333 0.589814814814815
3 0.7526041666666666 0.7879629629629632 0.71875 0.7879629629629632 0.71875 0.8462962962962965 0.7526041666666666 0.8462962962962965
3 0.6223958333333334 0.8490740740740743 0.5890625 0.8490740740740743 0.5890625 0.9064814814814817 0.6223958333333334 0.9064814814814817
12 0.5041666666666667 0.6472222222222224 0.4515625 0.6472222222222223 0.4515625 0.7407407407407408 0.5041666666666667 0.7407407407407409
4 0.5432291666666667 0.32222222222222235 0.4984375 0.32222222222222235 0.4984375 0.4000000000000001 0.5432291666666667 0.4000000000000001
9 0.7604166666666666 0.6175925925925928 0.725 0.6175925925925928 0.725 0.6796296296296298 0.7604166666666666 0.6796296296296298
2 0.7041666666666667 0.9296296296296298 0.6713541666666667 0.9296296296296298 0.6713541666666667 0.987037037037037 0.7041666666666667 0.987037037037037
11 0.5875 0.41944444444444456 0.5427083333333333 0.41944444444444456 0.5427083333333333 0.4990740740740743 0.5875 0.4990740740740743
2 0.6260416666666667 0.6083333333333335 0.5901041666666667 0.6083333333333335 0.5901041666666667 0.6703703703703706 0.6260416666666667 0.6703703703703706
0 0.7208333333333333 0.5203703703703706 0.6776041666666667 0.5203703703703706 0.6776041666666667 0.5962962962962965 0.7208333333333333 0.5962962962962965
2 0.6265625 0.6916666666666669 0.5921875 0.6916666666666669 0.5921875 0.7518518518518521 0.6265625 0.7518518518518521
5 0.4984375 0.313888888888889 0.45260416666666664 0.313888888888889 0.45260416666666664 0.3935185185185186 0.4984375 0.3935185185185186
9 0.7994791666666666 0.5416666666666669 0.765625 0.5416666666666669 0.765625 0.602777777777778 0.7994791666666666 0.602777777777778
5 0.7161458333333334 0.3435185185185186 0.6713541666666667 0.3435185185185186 0.6713541666666667 0.4231481481481483 0.7161458333333334 0.4231481481481483
8 0.496875 0.5037037037037038 0.4630208333333333 0.5037037037037037 0.4630208333333333 0.5629629629629631 0.496875 0.5629629629629632
1 0.5463541666666667 0.9037037037037039 0.5041666666666668 0.9037037037037039 0.5041666666666668 0.975 0.5463541666666667 0.975
1 0.5005208333333333 0.4092592592592594 0.4557291666666667 0.4092592592592594 0.4557291666666667 0.48796296296296304 0.5005208333333333 0.48796296296296315
4 0.5854166666666667 0.5037037037037039 0.540625 0.5037037037037039 0.540625 0.5814814814814817 0.5854166666666667 0.5814814814814817
11 0.7947916666666667 0.8564814814814817 0.7546875 0.8564814814814817 0.7546875 0.927777777777778 0.7947916666666667 0.927777777777778
0 0.7151041666666667 0.6953703703703705 0.6713541666666667 0.6953703703703705 0.6713541666666667 0.7731481481481484 0.7151041666666667 0.7731481481481484
6 0.6770833333333334 0.5981481481481483 0.6338541666666667 0.5981481481481483 0.6338541666666667 0.6740740740740743 0.6770833333333334 0.6740740740740743
6 0.7635416666666667 0.44259259259259276 0.7197916666666667 0.4425925925925927 0.7197916666666667 0.5203703703703706 0.7635416666666667 0.5203703703703706
8 0.5385416666666667 0.5009259259259261 0.5015625 0.5009259259259261 0.5015625 0.564814814814815 0.5385416666666667 0.564814814814815
2 0.7135416666666666 0.2722222222222223 0.6776041666666667 0.2722222222222223 0.6776041666666667 0.3361111111111112 0.7135416666666666 0.3361111111111112