3 0.5125 0.589814814814815 0.484375 0.589814814814815 0.484375 0.6407407407407409 0.5125 0.6407407407407409
13 0.6130208333333333 0.6601851851851854 0.5708333333333333 0.6601851851851854 0.5708333333333333 0.7388888888888892 0.6130208333333333 0.7388888888888892
10 0.759375 0.676851851851852 0.7244791666666667 0.676851851851852 0.7244791666666667 0.739814814814815 0.759375 0.739814814814815
6 0.6265625 0.43333333333333346 0.5921875 0.43333333333333346 0.5921875 0.4962962962962965 0.6265625 0.4962962962962965
7 0.6072916666666667 0.7481481481481483 0.5723958333333333 0.7481481481481483 0.5723958333333333 0.8111111111111113 0.6072916666666667 0.8111111111111113
3 0.4822916666666667 0.35092592592592603 0.4546875 0.35092592592592603 0.4546875 0.3990740740740742 0.4822916666666667 0.3990740740740742
0 0.6703125 0.5157407407407409 0.6354166666666666 0.5157407407407409 0.6354166666666666 0.5787037037037039 0.6703125 0.5787037037037039
7 0.5286458333333334 0.4250000000000001 0.4947916666666667 0.4250000000000001 0.4947916666666667 0.48796296296296315 0.5286458333333334 0.48796296296296315
2 0.42291666666666666 0.5009259259259259 0.39479166666666665 0.5009259259259259 0.39479166666666665 0.549074074074074 0.42291666666666666 0.549074074074074
2 0.6239583333333333 0.3592592592592594 0.5973958333333333 0.3592592592592594 0.5973958333333333 0.4074074074074075 0.6239583333333333 0.4074074074074075
0 0.5692708333333333 0.5037037037037039 0.5348958333333333 0.5037037037037039 0.5348958333333333 0.5666666666666669 0.5692708333333333 0.5666666666666669
5 0.7786458333333334 0.1592592592592594 0.7447916666666666 0.1592592592592594 0.7447916666666666 0.21851851851851867 0.7786458333333334 0.21851851851851867
4 0.7770833333333333 0.22777777777777794 0.7432291666666667 0.22777777777777794 0.7432291666666667 0.2861111111111113 0.7770833333333333 0.2861111111111113
2 0.5755208333333334 0.3611111111111112 0.5484375 0.3611111111111112 0.5484375 0.40833333333333344 0.5755208333333334 0.40833333333333344
9 0.6567708333333333 0.6731481481481484 0.6296875 0.6731481481481484 0.6296875 0.7250000000000002 0.6567708333333333 0.7250000000000002
12 0.603125 0.13055555555555567 0.5625 0.13055555555555567 0.5625 0.20092592592592604 0.603125 0.20092592592592604
3 0.815625 0.29722222222222244 0.7885416666666667 0.29722222222222244 0.7885416666666667 0.3453703703703706 0.815625 0.3453703703703706
2 0.7151041666666667 0.4425925925925927 0.6875 0.4425925925925927 0.6875 0.49166666666666686 0.7151041666666667 0.49166666666666686
3 0.6682291666666667 0.363888888888889 0.6416666666666667 0.363888888888889 0.6416666666666667 0.41203703703703715 0.6682291666666667 0.41203703703703715
4 0.6802083333333333 0.28333333333333344 0.6473958333333333 0.28333333333333344 0.6473958333333333 0.34444444444444455 0.6802083333333333 0.34444444444444455
8 0.6828125 0.22037037037037052 0.65625 0.22037037037037052 0.65625 0.2675925925925927 0.6828125 0.2675925925925927
9 0.6125 0.5981481481481483 0.584375 0.5981481481481483 0.584375 0.6490740740740742 0.6125 0.6490740740740742
8 0.6817708333333333 0.1620370370370372 0.6557291666666667 0.1620370370370372 0.6557291666666667 0.20833333333333348 0.6817708333333333 0.20833333333333348
1 0.73125 0.16018518518518535 0.6984375 0.16018518518518535 0.6984375 0.21759259259259275 0.73125 0.21759259259259275
11 0.7260416666666667 0.28888888888888903 0.6927083333333334 0.288888888888889 0.6927083333333334 0.3472222222222224 0.7260416666666667 0.34722222222222243
1 0.45 0.20092592592592604 0.4161458333333333 0.20092592592592604 0.4161458333333333 0.25925925925925936 0.45 0.25925925925925936
5 0.7645833333333333 0.5083333333333335 0.7307291666666667 0.5083333333333335 0.7307291666666667 0.5722222222222224 0.7645833333333333 0.5722222222222224
10 0.5859375 0.2777777777777779 0.5510416666666667 0.2777777777777779 0.5510416666666667 0.338888888888889 0.5859375 0.338888888888889
2 0.8020833333333334 0.5185185185185187 0.7760416666666666 0.5185185185185187 0.7760416666666666 0.5675925925925928 0.8020833333333334 0.5675925925925928
11 0.4625 0.6574074074074074 0.4244791666666667 0.6574074074074074 0.4244791666666667 0.7240740740740741 0.4625 0.7240740740740741
6 0.7135416666666666 0.5888888888888891 0.6786458333333333 0.5888888888888891 0.6786458333333333 0.652777777777778 0.7135416666666666 0.652777777777778
3 0.7604166666666666 0.44074074074074093 0.7348958333333333 0.44074074074074093 0.7348958333333333 0.4888888888888891 0.7604166666666666 0.4888888888888891