3 0.5984375 0.46759259259259267 0.5604166666666667 0.46759259259259267 0.5604166666666667 0.5370370370370372 0.5984375 0.5370370370370372
7 0.6567708333333333 0.4212962962962964 0.6098958333333333 0.4212962962962964 0.6098958333333333 0.5055555555555558 0.6567708333333333 0.5055555555555558
2 0.43125 0.47685185185185186 0.39114583333333336 0.47685185185185186 0.39114583333333336 0.549074074074074 0.43125 0.549074074074074
13 0.6307291666666667 0.6675925925925928 0.575 0.6675925925925928 0.575 0.7685185185185187 0.6307291666666667 0.7685185185185187
2 0.4859375 0.32870370370370383 0.44635416666666666 0.32870370370370383 0.44635416666666666 0.4000000000000001 0.4859375 0.4000000000000001
3 0.5494791666666666 0.6111111111111113 0.5114583333333333 0.6111111111111113 0.5114583333333333 0.6796296296296298 0.5494791666666666 0.6796296296296298
9 0.621875 0.8083333333333336 0.5848958333333333 0.8083333333333336 0.5848958333333333 0.8759259259259261 0.621875 0.8759259259259261
6 0.4822916666666667 0.19537037037037047 0.43385416666666665 0.19537037037037047 0.43385416666666665 0.2814814814814816 0.4822916666666667 0.2814814814814816
2 0.5380208333333333 0.1777777777777779 0.4984375 0.1777777777777779 0.4984375 0.2500000000000001 0.5380208333333333 0.2500000000000001
4 0.4046875 0.10925925925925933 0.35520833333333335 0.10925925925925933 0.35520833333333335 0.19814814814814824 0.4046875 0.19814814814814824
9 0.6713541666666667 0.6583333333333335 0.634375 0.6583333333333335 0.634375 0.7268518518518521 0.6713541666666667 0.7268518518518521
3 0.4385416666666668 0.9009259259259259 0.4015625000000001 0.9009259259259259 0.4015625000000001 0.9685185185185186 0.4385416666666668 0.9685185185185186
2 0.325 0.787962962962963 0.2864583333333333 0.787962962962963 0.2864583333333333 0.8564814814814815 0.325 0.8564814814814815
2 0.38177083333333334 0.6370370370370371 0.3421875 0.6370370370370371 0.3421875 0.7083333333333334 0.38177083333333334 0.7083333333333334
7 0.5062500000000001 0.8722222222222223 0.4609375000000001 0.8722222222222222 0.4609375000000001 0.9546296296296296 0.5062500000000001 0.9546296296296296
3 0.6494791666666667 0.32222222222222235 0.6114583333333333 0.32222222222222235 0.6114583333333333 0.39074074074074083 0.6494791666666667 0.39074074074074083
0 0.21562500000000007 0.6398148148148148 0.1666666666666667 0.6398148148148148 0.1666666666666667 0.7277777777777777 0.21562500000000007 0.7277777777777777
3 0.4921875 0.7583333333333334 0.45364583333333336 0.7583333333333333 0.45364583333333336 0.8277777777777778 0.4921875 0.827777777777778
12 0.3625 0.3833333333333334 0.3026041666666667 0.3833333333333334 0.3026041666666667 0.49166666666666664 0.3625 0.49166666666666664
4 0.27760416666666665 0.4935185185185185 0.2255208333333334 0.4935185185185185 0.2255208333333334 0.5842592592592593 0.27760416666666665 0.5842592592592593
11 0.603125 0.8666666666666669 0.5567708333333333 0.8666666666666669 0.5567708333333333 0.9518518518518518 0.603125 0.9518518518518518
5 0.7270833333333333 0.5018518518518521 0.6802083333333333 0.5018518518518521 0.6802083333333333 0.5861111111111114 0.7270833333333333 0.5861111111111114
5 0.5796875 0.926851851851852 0.5302083333333335 0.926851851851852 0.5302083333333335 1 0.5796875 1
1 0.5458333333333333 0.9990740740740741 0.5015625000000001 0.9990740740740741 0.5015625000000001 1 0.5458333333333333 1
1 0.7526041666666666 0.44629629629629647 0.7072916666666667 0.4462962962962964 0.7072916666666667 0.527777777777778 0.7526041666666666 0.527777777777778
8 0.2838541666666667 0.4231481481481483 0.24479166666666666 0.4231481481481483 0.24479166666666669 0.4925925925925926 0.2838541666666667 0.4925925925925926
10 0.24687500000000007 0.5722222222222222 0.19531250000000006 0.5722222222222222 0.19531250000000006 0.662962962962963 0.24687500000000007 0.662962962962963
11 0.7052083333333333 0.5750000000000002 0.6572916666666667 0.5750000000000002 0.6572916666666667 0.6620370370370372 0.7052083333333333 0.6620370370370372
10 0.37916666666666665 0.1824074074074075 0.3223958333333333 0.18240740740740746 0.3223958333333333 0.2814814814814816 0.37916666666666665 0.2814814814814816
0 0.434375 0.04537037037037046 0.3802083333333333 0.04537037037037045 0.3802083333333333 0.13055555555555567 0.434375 0.13055555555555567
8 0.3416666666666667 0.27314814814814825 0.29791666666666666 0.27314814814814825 0.29791666666666666 0.35277777777777786 0.3416666666666667 0.35277777777777786
6 0.31614583333333335 0.6675925925925926 0.26510416666666675 0.6675925925925926 0.26510416666666675 0.7583333333333333 0.31614583333333335 0.7583333333333333