11 0.60625 0.12407407407407421 0.5520833333333334 0.12407407407407418 0.5520833333333334 0.21481481481481496 0.60625 0.21481481481481499
1 0.4630208333333333 0.07314814814814824 0.40729166666666666 0.07314814814814823 0.40729166666666666 0.16574074074074086 0.4630208333333333 0.16574074074074086
3 0.5 0.6277777777777779 0.4557291666666667 0.6277777777777778 0.4557291666666667 0.7009259259259261 0.5 0.7009259259259262
2 0.7140625 0.5148148148148151 0.6713541666666667 0.5148148148148151 0.6713541666666667 0.5851851851851854 0.7140625 0.5851851851851854
4 0.31614583333333335 0.41203703703703715 0.26145833333333335 0.41203703703703715 0.26145833333333335 0.5037037037037037 0.31614583333333335 0.5037037037037037
1 0.6234375 0.5925925925925928 0.5651041666666666 0.5925925925925928 0.5651041666666666 0.690740740740741 0.6234375 0.690740740740741
9 0.5895833333333333 0.7296296296296299 0.546875 0.7296296296296299 0.546875 0.8009259259259262 0.5895833333333333 0.8009259259259262
5 0.4989583333333334 0.8194444444444445 0.4432291666666667 0.8194444444444444 0.44322916666666673 0.9111111111111112 0.49895833333333345 0.9111111111111113
0 0.5270833333333333 0.6944444444444445 0.4734375 0.6944444444444444 0.4734375 0.7861111111111112 0.5270833333333333 0.7861111111111113
3 0.6203125 0.4074074074074075 0.5765625 0.4074074074074075 0.5765625 0.4805555555555558 0.6203125 0.4805555555555558
7 0.3640625 0.762962962962963 0.30833333333333335 0.762962962962963 0.30833333333333335 0.8546296296296296 0.3640625 0.8546296296296296
2 0.3536458333333333 0.5731481481481482 0.30885416666666665 0.5731481481481482 0.30885416666666665 0.6472222222222223 0.3536458333333333 0.6472222222222223
7 0.3234375 0.2083333333333334 0.2671875 0.2083333333333334 0.2671875 0.301851851851852 0.3234375 0.301851851851852
4 0.48385416666666664 0.5472222222222223 0.42864583333333334 0.5472222222222223 0.42864583333333334 0.638888888888889 0.48385416666666664 0.6388888888888891
6 0.7286458333333333 0.3074074074074076 0.6723958333333333 0.3074074074074075 0.6723958333333333 0.4009259259259261 0.7286458333333333 0.40092592592592613
5 0.5541666666666667 0.5694444444444446 0.5010416666666667 0.5694444444444446 0.5010416666666667 0.6583333333333335 0.5541666666666667 0.6583333333333335
10 0.6182291666666667 0.7898148148148151 0.565625 0.7898148148148151 0.565625 0.877777777777778 0.6182291666666667 0.877777777777778
8 0.4119791666666667 0.31203703703703717 0.3625 0.31203703703703717 0.3625 0.3962962962962964 0.4119791666666667 0.3962962962962964
0 0.5140625 0.21203703703703713 0.45416666666666666 0.21203703703703713 0.45416666666666666 0.3111111111111112 0.5140625 0.3111111111111112
3 0.38177083333333334 0.6407407407407407 0.33489583333333334 0.6407407407407407 0.33489583333333334 0.7185185185185186 0.38177083333333334 0.7185185185185186
3 0.5744791666666667 0.45740740740740754 0.53125 0.45740740740740754 0.53125 0.5296296296296299 0.5744791666666667 0.5296296296296299
8 0.4114583333333333 0.11203703703703712 0.3651041666666667 0.11203703703703712 0.3651041666666667 0.18796296296296308 0.4114583333333333 0.18796296296296308
2 0.42500000000000004 0.799074074074074 0.38229166666666664 0.799074074074074 0.38229166666666675 0.8694444444444445 0.4250000000000001 0.8694444444444445
3 0.5041666666666667 0.41203703703703715 0.45625 0.41203703703703715 0.45625 0.4925925925925927 0.5041666666666667 0.4925925925925928
10 0.43802083333333336 0.18611111111111123 0.38333333333333336 0.18611111111111123 0.38333333333333336 0.27685185185185196 0.43802083333333336 0.27685185185185196
12 0.375 0.15185185185185193 0.3078125 0.1518518518518519 0.3078125 0.26296296296296306 0.375 0.26296296296296306
2 0.6640625 0.5611111111111113 0.6229166666666667 0.5611111111111113 0.6229166666666667 0.6305555555555558 0.6640625 0.6305555555555558
6 0.365625 0.3611111111111112 0.30885416666666665 0.3611111111111112 0.30885416666666665 0.45370370370370383 0.365625 0.45370370370370383
2 0.55 0.37407407407407417 0.5046875 0.37407407407407417 0.5046875 0.45185185185185195 0.55 0.45185185185185195
9 0.5442708333333334 0.7814814814814817 0.49947916666666664 0.7814814814814817 0.49947916666666664 0.8564814814814817 0.5442708333333334 0.8564814814814817
11 0.4578125 0.26574074074074083 0.40677083333333336 0.26574074074074083 0.40677083333333336 0.35277777777777786 0.4578125 0.35277777777777786
13 0.65 0.6601851851851854 0.5838541666666667 0.6601851851851854 0.5838541666666667 0.7712962962962965 0.65 0.7712962962962965