6 0.6541666666666667 0.16759259259259274 0.615625 0.16759259259259274 0.615625 0.25092592592592605 0.6541666666666667 0.25092592592592605
4 0.5119791666666667 0.301851851851852 0.47239583333333335 0.301851851851852 0.47239583333333335 0.38796296296296306 0.5119791666666667 0.38796296296296306
12 0.7588541666666667 0.22870370370370385 0.7119791666666667 0.22870370370370385 0.7119791666666667 0.3296296296296298 0.7588541666666667 0.32962962962962983
10 0.7140625 0.34259259259259267 0.6760416666666667 0.34259259259259267 0.6760416666666667 0.42037037037037045 0.7140625 0.42037037037037045
3 0.5296875 0.5953703703703705 0.49375 0.5953703703703705 0.49375 0.6611111111111113 0.5296875 0.6611111111111113
8 0.6588541666666666 0.2712962962962964 0.6276041666666666 0.2712962962962964 0.6276041666666666 0.34074074074074084 0.6588541666666666 0.34074074074074084
4 0.6463541666666667 0.0703703703703705 0.6083333333333333 0.0703703703703705 0.6083333333333333 0.15462962962962978 0.6463541666666667 0.15462962962962978
5 0.4734375 0.4175925925925927 0.43125 0.4175925925925927 0.43125 0.49722222222222223 0.4734375 0.49722222222222223
1 0.43020833333333336 0.5222222222222223 0.39114583333333336 0.5222222222222223 0.39114583333333336 0.6027777777777777 0.43020833333333336 0.6027777777777777
11 0.6661458333333333 0.35462962962962974 0.6265625 0.35462962962962974 0.6265625 0.4361111111111112 0.6661458333333333 0.4361111111111112
3 0.5213541666666667 0.502777777777778 0.48802083333333335 0.502777777777778 0.48802083333333335 0.5722222222222224 0.5213541666666667 0.5722222222222224
13 0.3828125 0.5287037037037037 0.3338541666666667 0.5287037037037037 0.3338541666666667 0.6268518518518519 0.3828125 0.6268518518518519
8 0.7614583333333333 0.3416666666666669 0.7291666666666666 0.3416666666666669 0.7291666666666666 0.40185185185185207 0.7614583333333333 0.40185185185185207
0 0.41770833333333335 0.33703703703703713 0.378125 0.33703703703703713 0.378125 0.4111111111111112 0.41770833333333335 0.4111111111111112
3 0.5713541666666667 0.3972222222222223 0.5395833333333333 0.3972222222222223 0.5395833333333333 0.4611111111111112 0.5713541666666667 0.4611111111111112
0 0.6729166666666667 0.4564814814814816 0.6359375 0.4564814814814816 0.6359375 0.5314814814814817 0.6729166666666667 0.5314814814814817
7 0.44635416666666666 0.03796296296296305 0.40729166666666666 0.03796296296296305 0.40729166666666666 0.11574074074074084 0.44635416666666666 0.11574074074074085
5 0.3609375 0.23703703703703713 0.31614583333333335 0.23703703703703713 0.31614583333333335 0.32314814814814824 0.3609375 0.32314814814814824
11 0.6817708333333333 0.6379629629629632 0.6432291666666666 0.6379629629629632 0.6432291666666666 0.7166666666666669 0.6817708333333333 0.7166666666666669
6 0.5416666666666666 0.7842592592592594 0.5 0.7842592592592594 0.5000000000000001 0.8638888888888892 0.5416666666666666 0.8638888888888892
2 0.43697916666666664 0.7203703703703703 0.4041666666666667 0.7203703703703703 0.4041666666666667 0.7861111111111111 0.43697916666666664 0.7861111111111111
1 0.7630208333333334 0.4185185185185187 0.7223958333333333 0.4185185185185186 0.7223958333333333 0.49537037037037057 0.7630208333333334 0.49537037037037057
9 0.36302083333333335 0.35462962962962974 0.32864583333333336 0.35462962962962974 0.32864583333333336 0.41574074074074086 0.36302083333333335 0.41574074074074086
9 0.3723958333333333 0.438888888888889 0.3390625 0.438888888888889 0.3390625 0.5111111111111111 0.3723958333333333 0.5111111111111111
2 0.4317708333333333 0.6259259259259259 0.39895833333333336 0.6259259259259259 0.39895833333333336 0.6851851851851852 0.4317708333333333 0.6851851851851852
7 0.7479166666666667 0.14629629629629645 0.7083333333333334 0.14629629629629645 0.7083333333333334 0.22500000000000014 0.7479166666666667 0.22500000000000014
10 0.3296875 0.4564814814814816 0.28854166666666664 0.4564814814814816 0.28854166666666664 0.5361111111111111 0.3296875 0.5361111111111111
3 0.5005208333333333 0.1212962962962964 0.4708333333333333 0.1212962962962964 0.4708333333333333 0.18240740740740752 0.5005208333333333 0.18240740740740752
2 0.39895833333333336 0.1500000000000001 0.3697916666666667 0.1500000000000001 0.3697916666666667 0.20833333333333343 0.39895833333333336 0.20833333333333343
2 0.5510416666666667 0.10370370370370383 0.5182291666666666 0.10370370370370381 0.5182291666666666 0.16203703703703715 0.5510416666666667 0.16203703703703715
3 0.4640625 0.3240740740740742 0.43125 0.3240740740740742 0.43125 0.38796296296296306 0.4640625 0.38796296296296306
2 0.5729166666666666 0.49444444444444463 0.540625 0.49444444444444463 0.540625 0.5546296296296298 0.5729166666666666 0.5546296296296298