12 0.3109375 0.4111111111111112 0.2713541666666667 0.4111111111111112 0.2713541666666667 0.4824074074074074 0.3109375 0.4824074074074074
7 0.5677083333333334 0.29074074074074086 0.5348958333333333 0.29074074074074086 0.5348958333333333 0.3490740740740742 0.5677083333333334 0.3490740740740742
7 0.5916666666666667 0.6398148148148151 0.5572916666666666 0.6398148148148151 0.5572916666666666 0.7009259259259262 0.5916666666666667 0.7009259259259262
3 0.5145833333333333 0.2212962962962964 0.4890625 0.2212962962962964 0.4890625 0.2666666666666668 0.5145833333333333 0.2666666666666668
10 0.35208333333333336 0.5018518518518519 0.31927083333333334 0.5018518518518519 0.31927083333333334 0.5638888888888889 0.35208333333333336 0.5638888888888889
3 0.5208333333333334 0.3000000000000001 0.49583333333333335 0.3000000000000001 0.49583333333333335 0.3462962962962964 0.5208333333333334 0.3462962962962964
1 0.5729166666666666 0.37314814814814823 0.5401041666666667 0.37314814814814823 0.5401041666666667 0.43333333333333346 0.5729166666666666 0.43333333333333346
6 0.35885416666666664 0.5935185185185186 0.3255208333333333 0.5935185185185186 0.3255208333333333 0.6537037037037037 0.35885416666666664 0.6537037037037037
4 0.3015625 0.2620370370370371 0.26979166666666665 0.2620370370370371 0.26979166666666665 0.31851851851851865 0.3015625 0.31851851851851865
1 0.5838541666666667 0.5444444444444446 0.55 0.5444444444444446 0.55 0.6055555555555557 0.5838541666666667 0.6055555555555557
13 0.6234375 0.3592592592592594 0.5833333333333334 0.3592592592592594 0.5833333333333334 0.43333333333333346 0.6234375 0.43333333333333346
5 0.6390625 0.6305555555555558 0.6057291666666667 0.6305555555555558 0.6057291666666667 0.6916666666666669 0.6390625 0.6916666666666669
4 0.3145833333333333 0.6018518518518519 0.28125 0.6018518518518519 0.28125 0.6611111111111111 0.3145833333333333 0.6611111111111111
5 0.6036458333333333 0.1962962962962964 0.5708333333333333 0.1962962962962964 0.5708333333333333 0.25462962962962976 0.6036458333333333 0.25462962962962976
0 0.31979166666666664 0.6898148148148148 0.2864583333333333 0.6898148148148148 0.2864583333333333 0.75 0.31979166666666664 0.75
6 0.34791666666666665 0.3361111111111112 0.315625 0.3361111111111112 0.315625 0.3925925925925927 0.34791666666666665 0.3925925925925927
0 0.34479166666666666 0.25462962962962976 0.31197916666666664 0.25462962962962976 0.31197916666666664 0.313888888888889 0.34479166666666666 0.313888888888889
11 0.5791666666666667 0.463888888888889 0.5458333333333333 0.463888888888889 0.5458333333333333 0.5231481481481484 0.5791666666666667 0.5231481481481484
9 0.6203125 0.45925925925925937 0.5942708333333333 0.45925925925925937 0.5942708333333333 0.5083333333333335 0.6203125 0.5083333333333335
11 0.6328125 0.5388888888888891 0.5989583333333334 0.5388888888888891 0.5989583333333334 0.6000000000000002 0.6328125 0.6000000000000002
9 0.6083333333333333 0.288888888888889 0.5828125 0.288888888888889 0.5828125 0.3361111111111112 0.6083333333333333 0.3361111111111112
2 0.38697916666666665 0.3277777777777779 0.36041666666666666 0.3277777777777779 0.36041666666666666 0.37314814814814823 0.38697916666666665 0.37314814814814823
2 0.3854166666666667 0.24351851851851863 0.359375 0.24351851851851863 0.359375 0.2898148148148149 0.3854166666666667 0.2898148148148149
10 0.35104166666666664 0.41574074074074086 0.3182291666666667 0.41574074074074086 0.3182291666666667 0.47685185185185186 0.35104166666666664 0.47685185185185186
2 0.4 0.5916666666666667 0.3729166666666667 0.5916666666666667 0.3729166666666667 0.6407407407407407 0.4 0.6407407407407407
2 0.3932291666666667 0.5074074074074074 0.3671875 0.5074074074074074 0.3671875 0.5537037037037037 0.3932291666666667 0.5537037037037037
3 0.5286458333333334 0.3870370370370371 0.5020833333333333 0.3870370370370371 0.5020833333333333 0.4351851851851853 0.5286458333333334 0.4351851851851853
2 0.3921875 0.41574074074074086 0.36614583333333334 0.41574074074074086 0.36614583333333334 0.46203703703703713 0.3921875 0.46203703703703713
8 0.3 0.3472222222222223 0.27447916666666666 0.3472222222222223 0.27447916666666666 0.3935185185185186 0.3 0.3935185185185186
3 0.5291666666666667 0.4712962962962964 0.503125 0.4712962962962964 0.503125 0.5194444444444447 0.5291666666666667 0.5194444444444447
3 0.5385416666666667 0.5666666666666669 0.5114583333333333 0.5666666666666669 0.5114583333333333 0.614814814814815 0.5385416666666667 0.614814814814815
8 0.30833333333333335 0.5120370370370371 0.2833333333333333 0.5120370370370371 0.2833333333333333 0.5592592592592592 0.30833333333333335 0.5592592592592592