13 0.5119791666666667 0.15092592592592602 0.4708333333333333 0.15092592592592602 0.4708333333333333 0.21481481481481493 0.5119791666666667 0.21481481481481493
4 0.6645833333333333 0.7879629629629632 0.6265625 0.7879629629629632 0.6265625 0.8444444444444447 0.6645833333333333 0.8444444444444447
3 0.696875 0.30555555555555564 0.6671875 0.30555555555555564 0.6671875 0.3500000000000001 0.696875 0.3500000000000001
0 0.3109375 0.799074074074074 0.27395833333333336 0.799074074074074 0.27395833333333336 0.8555555555555555 0.3109375 0.8555555555555555
7 0.6515625 0.24444444444444455 0.6161458333333333 0.24444444444444455 0.6161458333333333 0.2962962962962964 0.6515625 0.2962962962962964
11 0.5989583333333334 0.09074074074074087 0.5635416666666667 0.09074074074074087 0.5635416666666667 0.1425925925925927 0.5989583333333334 0.1425925925925927
2 0.4005208333333333 0.5481481481481482 0.37135416666666665 0.5481481481481482 0.37135416666666665 0.5935185185185186 0.4005208333333333 0.5935185185185186
7 0.35260416666666666 0.23796296296296307 0.3182291666666667 0.23796296296296307 0.3182291666666667 0.2898148148148149 0.35260416666666666 0.2898148148148149
1 0.30833333333333335 0.11018518518518525 0.2734375 0.11018518518518523 0.2734375 0.16111111111111118 0.30833333333333335 0.16111111111111118
2 0.5041666666666667 0.5574074074074075 0.4739583333333333 0.5574074074074075 0.4739583333333333 0.6009259259259261 0.5041666666666667 0.6009259259259261
2 0.6072916666666667 0.5509259259259262 0.5760416666666667 0.5509259259259262 0.5760416666666667 0.5953703703703705 0.6072916666666667 0.5953703703703705
3 0.5989583333333334 0.30462962962962975 0.5692708333333333 0.30462962962962975 0.5692708333333333 0.35092592592592603 0.5989583333333334 0.35092592592592603
5 0.6473958333333333 0.09537037037037051 0.6104166666666667 0.09537037037037051 0.6104166666666667 0.1472222222222224 0.6473958333333333 0.1472222222222224
2 0.30052083333333335 0.5555555555555556 0.27239583333333334 0.5555555555555556 0.27239583333333334 0.5981481481481481 0.30052083333333335 0.5981481481481481
6 0.35052083333333334 0.6324074074074074 0.31354166666666666 0.6324074074074074 0.31354166666666666 0.687962962962963 0.35052083333333334 0.687962962962963
11 0.40520833333333334 0.09074074074074082 0.3703125 0.09074074074074082 0.3703125 0.14444444444444454 0.40520833333333334 0.14444444444444454
9 0.44583333333333336 0.09537037037037047 0.4171875 0.09537037037037045 0.4171875 0.1324074074074075 0.44583333333333336 0.1324074074074075
2 0.7078125 0.5500000000000002 0.6755208333333333 0.5500000000000002 0.6755208333333333 0.5925925925925928 0.7078125 0.5925925925925928
3 0.5046875 0.3064814814814816 0.47604166666666664 0.3064814814814816 0.47604166666666664 0.3500000000000001 0.5046875 0.3500000000000001
3 0.3067708333333333 0.3250000000000001 0.27708333333333335 0.3250000000000001 0.27708333333333335 0.3648148148148149 0.3067708333333333 0.3648148148148149
9 0.5458333333333333 0.09907407407407419 0.5177083333333333 0.09907407407407418 0.5177083333333333 0.13796296296296306 0.5458333333333333 0.13796296296296306
4 0.41354166666666664 0.7814814814814814 0.3770833333333333 0.7814814814814814 0.3770833333333333 0.8407407407407408 0.41354166666666664 0.8407407407407408
6 0.6671875 0.6185185185185187 0.6307291666666667 0.6185185185185187 0.6307291666666667 0.6787037037037039 0.6671875 0.6787037037037039
3 0.4010416666666667 0.31203703703703717 0.371875 0.31203703703703717 0.371875 0.3592592592592594 0.4010416666666667 0.3592592592592594
5 0.36041666666666666 0.09814814814814822 0.3260416666666667 0.09814814814814822 0.3260416666666667 0.14907407407407414 0.36041666666666666 0.14907407407407414
12 0.5067708333333333 0.7037037037037038 0.4609375 0.7037037037037037 0.4609375 0.7722222222222224 0.5067708333333333 0.7722222222222225
8 0.5526041666666667 0.7981481481481484 0.5234375 0.7981481481481484 0.5234375 0.8444444444444447 0.5526041666666667 0.8444444444444447
8 0.45260416666666664 0.8083333333333333 0.4234375 0.8083333333333333 0.4234375 0.8546296296296296 0.45260416666666664 0.8546296296296296
1 0.6895833333333333 0.08518518518518534 0.6536458333333334 0.08518518518518532 0.6536458333333334 0.13796296296296312 0.6895833333333333 0.13796296296296312
0 0.7119791666666667 0.7787037037037039 0.6755208333333333 0.7787037037037039 0.6755208333333333 0.8370370370370372 0.7119791666666667 0.8370370370370372
10 0.35833333333333334 0.7861111111111111 0.32083333333333336 0.7861111111111111 0.32083333333333336 0.8453703703703703 0.35833333333333334 0.8453703703703703
10 0.6114583333333333 0.7833333333333335 0.5744791666666667 0.7833333333333335 0.5744791666666667 0.8490740740740743 0.6114583333333333 0.8490740740740743