0 0.4109375 0.7712962962962963 0.36770833333333336 0.7712962962962963 0.36770833333333336 0.85 0.4109375 0.85
5 0.6572916666666667 0.33240740740740754 0.6125 0.33240740740740754 0.6125 0.4129629629629631 0.6572916666666667 0.4129629629629631
12 0.36041666666666666 0.6064814814814815 0.3067708333333333 0.6064814814814815 0.3067708333333333 0.7037037037037037 0.36041666666666666 0.7037037037037037
7 0.625 0.6861111111111113 0.5828125 0.6861111111111113 0.5828125 0.7620370370370373 0.625 0.7620370370370373
0 0.3385416666666667 0.3351851851851853 0.29322916666666665 0.3351851851851853 0.29322916666666665 0.4175925925925927 0.3385416666666667 0.4175925925925927
11 0.61875 0.5092592592592595 0.5734375 0.5092592592592595 0.5734375 0.5888888888888891 0.61875 0.5888888888888891
1 0.6130208333333333 0.42777777777777787 0.56875 0.42777777777777787 0.56875 0.5064814814814816 0.6130208333333333 0.5064814814814816
9 0.6578125 0.5175925925925928 0.6223958333333334 0.5175925925925928 0.6223958333333334 0.5814814814814817 0.6578125 0.5814814814814817
7 0.6109375 0.3314814814814816 0.565625 0.3314814814814816 0.565625 0.4129629629629631 0.6109375 0.4129629629629631
3 0.5666666666666667 0.4287037037037038 0.53125 0.4287037037037038 0.53125 0.49351851851851875 0.5666666666666667 0.49351851851851875
2 0.43072916666666666 0.5203703703703704 0.3958333333333333 0.5203703703703704 0.3958333333333333 0.5824074074074074 0.43072916666666666 0.5824074074074074
1 0.6213541666666667 0.6009259259259261 0.5786458333333333 0.6009259259259261 0.5786458333333333 0.6787037037037039 0.6213541666666667 0.6787037037037039
10 0.3984375 0.6074074074074074 0.35520833333333335 0.6074074074074074 0.35520833333333335 0.687037037037037 0.3984375 0.687037037037037
4 0.3421875 0.42777777777777787 0.29739583333333336 0.42777777777777787 0.29739583333333336 0.5074074074074074 0.3421875 0.5074074074074074
3 0.5765625 0.6092592592592595 0.5416666666666666 0.6092592592592595 0.5416666666666666 0.6731481481481484 0.5765625 0.6731481481481484
4 0.36666666666666664 0.7759259259259259 0.32395833333333335 0.7759259259259259 0.32395833333333335 0.8537037037037037 0.36666666666666664 0.8537037037037037
6 0.40572916666666664 0.6907407407407408 0.3619791666666667 0.6907407407407408 0.3619791666666667 0.7694444444444445 0.40572916666666664 0.7694444444444445
10 0.390625 0.5185185185185185 0.3463541666666667 0.5185185185185185 0.3463541666666667 0.6 0.390625 0.6
2 0.44427083333333334 0.7027777777777777 0.4088541666666667 0.7027777777777777 0.4088541666666667 0.7666666666666667 0.44427083333333334 0.7666666666666667
13 0.6713541666666667 0.5879629629629631 0.61875 0.5879629629629631 0.61875 0.6842592592592595 0.6713541666666667 0.6842592592592595
11 0.6614583333333334 0.42222222222222233 0.6161458333333333 0.42222222222222233 0.6161458333333333 0.5046296296296299 0.6614583333333334 0.5046296296296299
2 0.4395833333333333 0.6111111111111112 0.4041666666666667 0.6111111111111112 0.4041666666666667 0.675 0.4395833333333333 0.675
5 0.6703125 0.7703703703703706 0.628125 0.7703703703703706 0.628125 0.8462962962962965 0.6703125 0.8462962962962965
9 0.6640625 0.689814814814815 0.6302083333333334 0.689814814814815 0.6302083333333334 0.752777777777778 0.6640625 0.752777777777778
3 0.58125 0.7796296296296299 0.5473958333333333 0.7796296296296299 0.5473958333333333 0.8407407407407409 0.58125 0.8407407407407409
2 0.45260416666666664 0.7861111111111111 0.41770833333333335 0.7861111111111111 0.41770833333333335 0.8490740740740741 0.45260416666666664 0.8490740740740741
2 0.42864583333333334 0.4314814814814816 0.3927083333333333 0.4314814814814816 0.3927083333333333 0.4962962962962963 0.42864583333333334 0.4962962962962963
8 0.34479166666666666 0.5324074074074074 0.3104166666666667 0.5324074074074074 0.3104166666666667 0.5962962962962963 0.34479166666666666 0.5962962962962963
3 0.5677083333333334 0.5259259259259261 0.5328125 0.5259259259259261 0.5328125 0.5888888888888891 0.5677083333333334 0.5888888888888891
3 0.578125 0.7000000000000002 0.5453125 0.7000000000000002 0.5453125 0.7592592592592595 0.578125 0.7592592592592595
6 0.3880208333333333 0.4250000000000001 0.34322916666666664 0.4250000000000001 0.34322916666666664 0.5074074074074074 0.3880208333333333 0.5074074074074074
8 0.35572916666666665 0.7018518518518518 0.32135416666666666 0.7018518518518518 0.32135416666666666 0.7657407407407407 0.35572916666666665 0.7657407407407407