4 0.28177083333333336 0.4398148148148149 0.2395833333333334 0.4398148148148148 0.2395833333333334 0.5194444444444445 0.28177083333333336 0.5194444444444445
2 0.4375 0.3537037037037038 0.40260416666666665 0.3537037037037038 0.40260416666666665 0.42037037037037045 0.4375 0.42037037037037045
1 0.76875 0.15000000000000016 0.7223958333333333 0.15000000000000016 0.7223958333333333 0.23518518518518533 0.76875 0.23518518518518533
2 0.3921875 0.524074074074074 0.35885416666666664 0.524074074074074 0.35885416666666664 0.5898148148148148 0.3921875 0.5898148148148148
13 0.6541666666666667 0.45370370370370383 0.5989583333333334 0.45370370370370383 0.5989583333333334 0.5564814814814817 0.6541666666666667 0.5564814814814817
3 0.6354166666666666 0.09351851851851865 0.5994791666666667 0.09351851851851865 0.5994791666666667 0.15925925925925938 0.6354166666666666 0.1592592592592594
3 0.48020833333333335 0.7685185185185185 0.44479166666666664 0.7685185185185185 0.44479166666666664 0.8361111111111111 0.48020833333333335 0.8361111111111111
7 0.6682291666666667 0.1879629629629631 0.6234375 0.1879629629629631 0.6234375 0.2703703703703705 0.6682291666666667 0.2703703703703705
2 0.4734375 0.19074074074074085 0.4390625 0.19074074074074085 0.4390625 0.2564814814814816 0.4734375 0.2564814814814816
6 0.4552083333333333 0.08703703703703713 0.4114583333333333 0.08703703703703712 0.4114583333333333 0.1675925925925927 0.4552083333333333 0.1675925925925927
4 0.36302083333333335 0.11574074074074082 0.32083333333333336 0.11574074074074082 0.32083333333333336 0.19537037037037044 0.36302083333333335 0.19537037037037047
1 0.6145833333333334 0.8296296296296298 0.5666666666666667 0.8296296296296298 0.5666666666666667 0.9175925925925928 0.6145833333333334 0.9175925925925928
12 0.3609375 0.2916666666666668 0.30885416666666665 0.2916666666666668 0.30885416666666665 0.3870370370370371 0.3609375 0.3870370370370371
2 0.5098958333333333 0.02222222222222233 0.47552083333333334 0.022222222222222327 0.47552083333333334 0.08796296296296306 0.5098958333333333 0.08796296296296306
7 0.5484375 0.7138888888888891 0.5026041666666666 0.7138888888888891 0.5026041666666666 0.8000000000000002 0.5484375 0.8000000000000002
3 0.5192708333333333 0.6055555555555556 0.4828125 0.6055555555555555 0.4828125 0.6750000000000002 0.5192708333333333 0.6750000000000002
6 0.34322916666666664 0.575925925925926 0.2989583333333333 0.575925925925926 0.2989583333333333 0.6574074074074074 0.34322916666666664 0.6574074074074074
8 0.2994791666666667 0.3574074074074075 0.26614583333333336 0.3574074074074075 0.26614583333333336 0.42222222222222233 0.2994791666666667 0.42222222222222233
10 0.38125 0.04537037037037045 0.3380208333333333 0.04537037037037045 0.3380208333333333 0.12500000000000008 0.38125 0.1250000000000001
2 0.3614583333333333 0.6824074074074075 0.32708333333333334 0.6824074074074075 0.32708333333333334 0.7481481481481481 0.3614583333333333 0.7481481481481481
8 0.33958333333333335 0.21018518518518522 0.30572916666666666 0.21018518518518522 0.30572916666666666 0.2740740740740742 0.33958333333333335 0.2740740740740742
5 0.7286458333333333 0.3185185185185187 0.68125 0.31851851851851865 0.68125 0.40277777777777796 0.7286458333333333 0.402777777777778
3 0.5630208333333333 0.4314814814814816 0.5260416666666666 0.4314814814814816 0.5260416666666666 0.5018518518518521 0.5630208333333333 0.5018518518518521
9 0.7109375 0.4212962962962964 0.6734375 0.4212962962962964 0.6734375 0.4925925925925928 0.7109375 0.4925925925925928
3 0.6015625 0.2537037037037038 0.5645833333333333 0.2537037037037038 0.5645833333333333 0.32037037037037047 0.6015625 0.32037037037037047
0 0.2447916666666667 0.6055555555555555 0.20312500000000006 0.6055555555555555 0.20312500000000006 0.6851851851851852 0.2447916666666667 0.6851851851851852
9 0.6692708333333334 0.5861111111111114 0.6328125 0.5861111111111114 0.6328125 0.6537037037037039 0.6692708333333334 0.6537037037037039
5 0.634375 0.7425925925925928 0.5880208333333333 0.7425925925925928 0.5880208333333333 0.827777777777778 0.634375 0.827777777777778
11 0.7526041666666666 0.23148148148148165 0.7052083333333333 0.23148148148148165 0.7052083333333333 0.3166666666666668 0.7526041666666666 0.3166666666666669
10 0.2703125 0.5259259259259259 0.22760416666666672 0.5259259259259259 0.22760416666666672 0.6037037037037037 0.2703125 0.6037037037037037
0 0.4046875 8.334401827530598e-17 0.3609375 7.858150294528849e-17 0.3609375 0.03518518518518527 0.4046875 0.03518518518518528
11 0.6572916666666667 0.665740740740741 0.6057291666666667 0.665740740740741 0.6057291666666667 0.7546296296296299 0.6572916666666667 0.7546296296296299