1 0.5770833333333333 1.1997002902758332e-16 0.525 1.1430036792041963e-16 0.525 0.03518518518518531 0.5770833333333333 0.03518518518518532
7 0.48125 0.0462962962962964 0.4296875 0.04629629629629639 0.4296875 0.13703703703703715 0.48125 0.13703703703703715
11 0.25364583333333335 0.2981481481481482 0.20208333333333334 0.29814814814814816 0.20208333333333334 0.38703703703703707 0.25364583333333335 0.3870370370370371
5 0.34739583333333335 0.18611111111111117 0.2953125 0.18611111111111117 0.2953125 0.2750000000000001 0.34739583333333335 0.2750000000000001
4 0.7385416666666667 0.6342592592592595 0.6864583333333333 0.6342592592592595 0.6864583333333333 0.7259259259259261 0.7385416666666667 0.7259259259259261
4 0.5421875 0.8407407407407409 0.490625 0.8407407407407409 0.49062500000000003 0.9333333333333336 0.5421875 0.9333333333333336
5 0.5322916666666667 1.1021821192326179e-16 0.48020833333333335 1.0454855081609812e-16 0.48020833333333335 0.07314814814814825 0.5322916666666667 0.07314814814814825
7 0.390625 0.13518518518518527 0.3390625 0.13518518518518524 0.3390625 0.22407407407407415 0.390625 0.22407407407407418
8 0.6427083333333333 0.540740740740741 0.5973958333333333 0.540740740740741 0.5973958333333333 0.6231481481481483 0.6427083333333333 0.6231481481481483
0 0.4968750000000001 0.889814814814815 0.4453125000000001 0.8898148148148148 0.4453125000000001 0.9518518518518518 0.4968750000000001 0.9518518518518518
10 0.4453125000000001 0.9333333333333333 0.39479166666666676 0.9333333333333333 0.39479166666666676 0.9574074074074074 0.4453125000000001 0.9574074074074074
12 0.6005208333333333 0.577777777777778 0.5375 0.577777777777778 0.5375 0.6888888888888891 0.6005208333333333 0.6888888888888891
2 0.4192708333333333 0.6796296296296296 0.3770833333333333 0.6796296296296296 0.3770833333333333 0.7537037037037037 0.4192708333333333 0.7537037037037037
13 0.4822916666666667 0.20462962962962974 0.41875 0.20462962962962974 0.41875 0.31666666666666676 0.4822916666666667 0.31666666666666676
6 0.5916666666666667 0.7898148148148151 0.5395833333333333 0.7898148148148151 0.5395833333333333 0.8833333333333335 0.5916666666666667 0.8833333333333335
2 0.4942708333333333 0.5046296296296298 0.45 0.5046296296296297 0.45 0.5805555555555557 0.4942708333333333 0.5805555555555557
8 0.5432291666666667 0.6453703703703706 0.4973958333333333 0.6453703703703706 0.4973958333333333 0.727777777777778 0.5432291666666667 0.727777777777778
2 0.3734375 0.7314814814814815 0.33177083333333335 0.7314814814814815 0.33177083333333335 0.8046296296296296 0.3734375 0.8046296296296296
0 0.7822916666666667 0.5768518518518521 0.7291666666666666 0.5768518518518521 0.7291666666666666 0.6703703703703706 0.7822916666666667 0.6703703703703706
2 0.7546875 0.32407407407407424 0.7130208333333333 0.3240740740740742 0.7130208333333333 0.3962962962962965 0.7546875 0.3962962962962965
3 0.3494791666666667 0.4611111111111112 0.3072916666666667 0.4611111111111112 0.3072916666666667 0.5333333333333333 0.3494791666666667 0.5333333333333333
2 0.7052083333333333 0.37037037037037046 0.6640625 0.37037037037037046 0.6640625 0.44351851851851865 0.7052083333333333 0.44351851851851865
3 0.30052083333333335 0.5157407407407407 0.2588541666666667 0.5157407407407407 0.2588541666666667 0.5879629629629629 0.30052083333333335 0.5879629629629629
10 0.8286458333333333 0.5259259259259261 0.775 0.5259259259259261 0.775 0.6203703703703706 0.8286458333333333 0.6203703703703706
3 0.5682291666666667 0.3296296296296297 0.5244791666666667 0.3296296296296297 0.5244791666666667 0.40462962962962973 0.5682291666666667 0.40462962962962973
9 0.5197916666666667 0.17314814814814825 0.47760416666666666 0.17314814814814825 0.47760416666666666 0.2462962962962964 0.5197916666666667 0.2462962962962964
9 0.4270833333333333 0.27962962962962973 0.3848958333333333 0.27962962962962973 0.3848958333333333 0.3555555555555557 0.4270833333333333 0.3555555555555557
3 0.6401041666666667 0.151851851851852 0.5994791666666667 0.15185185185185196 0.5994791666666667 0.2231481481481483 0.6401041666666667 0.22314814814814832
1 0.2984375 0.24166666666666678 0.24583333333333332 0.24166666666666678 0.24583333333333332 0.3333333333333334 0.2984375 0.3333333333333334
6 0.6901041666666666 0.6814814814814817 0.6364583333333333 0.6814814814814817 0.6364583333333333 0.7787037037037039 0.6901041666666666 0.7787037037037039
3 0.6822916666666666 0.1055555555555557 0.6416666666666667 0.1055555555555557 0.6416666666666667 0.17777777777777792 0.6822916666666666 0.17777777777777792