12 0.6760416666666667 0.41574074074074086 0.6213541666666667 0.41574074074074086 0.6213541666666667 0.5064814814814816 0.6760416666666667 0.5064814814814816
4 0.7 0.6120370370370373 0.65625 0.6120370370370373 0.65625 0.6861111111111113 0.7 0.6861111111111113
10 0.6442708333333333 0.5351851851851854 0.5989583333333334 0.5351851851851854 0.5989583333333334 0.6101851851851854 0.6442708333333333 0.6101851851851854
6 0.6552083333333333 0.6296296296296299 0.6109375 0.6296296296296299 0.6109375 0.7046296296296298 0.6552083333333333 0.7046296296296298
11 0.42916666666666664 0.6166666666666667 0.38645833333333335 0.6166666666666667 0.38645833333333335 0.6888888888888889 0.42916666666666664 0.6888888888888889
1 0.4140625 0.5287037037037037 0.371875 0.5287037037037037 0.371875 0.5990740740740741 0.4140625 0.5990740740740741
7 0.4546875 0.7833333333333333 0.41302083333333334 0.7833333333333333 0.41302083333333334 0.8546296296296296 0.4546875 0.8546296296296296
3 0.4359375 0.42962962962962975 0.4010416666666667 0.42962962962962975 0.4010416666666667 0.487962962962963 0.4359375 0.487962962962963
11 0.4 0.7111111111111111 0.35833333333333334 0.7111111111111111 0.35833333333333334 0.7833333333333333 0.4 0.7833333333333333
2 0.5661458333333333 0.38055555555555565 0.5307291666666667 0.38055555555555565 0.5307291666666667 0.43981481481481494 0.5661458333333333 0.43981481481481494
4 0.6453125 0.25185185185185194 0.6010416666666667 0.25185185185185194 0.6010416666666667 0.3250000000000001 0.6453125 0.3250000000000001
6 0.6140625 0.3601851851851853 0.5692708333333333 0.3601851851851853 0.5692708333333333 0.4351851851851853 0.6140625 0.4351851851851853
7 0.4005208333333333 0.44166666666666676 0.3578125 0.44166666666666676 0.3578125 0.5148148148148148 0.4005208333333333 0.5148148148148148
3 0.46510416666666665 0.6018518518518519 0.43125 0.6018518518518519 0.43125 0.6592592592592592 0.46510416666666665 0.6592592592592592
10 0.628125 0.44722222222222235 0.5828125 0.44722222222222235 0.5828125 0.5231481481481484 0.628125 0.5231481481481484
8 0.6552083333333333 0.3453703703703705 0.6197916666666666 0.3453703703703705 0.6197916666666666 0.40462962962962973 0.6552083333333333 0.40462962962962973
13 0.378125 0.5388888888888889 0.3265625 0.5388888888888889 0.3265625 0.6259259259259259 0.378125 0.6259259259259259
3 0.4765625 0.6962962962962963 0.4421875 0.6962962962962963 0.4421875 0.7546296296296297 0.4765625 0.7546296296296297
2 0.6067708333333334 0.651851851851852 0.571875 0.651851851851852 0.571875 0.7111111111111114 0.6067708333333334 0.7111111111111114
2 0.5963541666666666 0.565740740740741 0.5609375 0.565740740740741 0.5609375 0.6250000000000002 0.5963541666666666 0.6250000000000002
9 0.3567708333333333 0.46759259259259267 0.3223958333333333 0.46759259259259267 0.3223958333333333 0.5259259259259259 0.3567708333333333 0.5259259259259259
2 0.5791666666666667 0.47592592592592614 0.54375 0.47592592592592614 0.54375 0.5342592592592594 0.5791666666666667 0.5342592592592594
2 0.5494791666666666 0.29074074074074086 0.5135416666666667 0.29074074074074086 0.5135416666666667 0.35092592592592603 0.5494791666666666 0.35092592592592603
5 0.3484375 0.3712962962962964 0.30572916666666666 0.3712962962962964 0.30572916666666666 0.4425925925925927 0.3484375 0.4425925925925927
3 0.4479166666666667 0.5203703703703704 0.41354166666666664 0.5203703703703704 0.41354166666666664 0.5777777777777777 0.4479166666666667 0.5777777777777777
3 0.4234375 0.3462962962962964 0.3890625 0.3462962962962964 0.3890625 0.4037037037037038 0.4234375 0.4037037037037038
5 0.41406250000000006 0.7953703703703704 0.37135416666666665 0.7953703703703704 0.3713541666666667 0.8675925925925926 0.4140625000000001 0.8675925925925926
8 0.6791666666666667 0.5231481481481484 0.6442708333333333 0.5231481481481484 0.6442708333333333 0.5824074074074076 0.6791666666666667 0.5824074074074076
0 0.6005208333333333 0.2722222222222223 0.55625 0.2722222222222223 0.55625 0.34814814814814826 0.6005208333333333 0.34814814814814826
0 0.7119791666666667 0.7000000000000002 0.6671875 0.7000000000000002 0.6671875 0.776851851851852 0.7119791666666667 0.776851851851852
9 0.3848958333333333 0.6361111111111111 0.35104166666666664 0.6361111111111111 0.35104166666666664 0.6935185185185185 0.3848958333333333 0.6935185185185185
1 0.4421875 0.6953703703703704 0.39947916666666666 0.6953703703703704 0.39947916666666666 0.7666666666666667 0.4421875 0.7666666666666667