9 0.32135416666666666 0.4324074074074075 0.28802083333333334 0.4324074074074075 0.28802083333333334 0.49074074074074076 0.32135416666666666 0.49074074074074076
13 0.2921875 0.44537037037037047 0.24322916666666672 0.44537037037037047 0.24322916666666672 0.5324074074074074 0.2921875 0.5324074074074074
10 0.3515625 0.6953703703703704 0.3109375 0.6953703703703704 0.3109375 0.7657407407407407 0.3515625 0.7657407407407407
5 0.609375 0.45740740740740754 0.5708333333333333 0.45740740740740754 0.5708333333333333 0.5259259259259261 0.609375 0.5259259259259261
6 0.40520833333333334 0.36296296296296304 0.3645833333333333 0.36296296296296304 0.3645833333333333 0.43333333333333346 0.40520833333333334 0.43333333333333346
3 0.4557291666666667 0.4000000000000001 0.4244791666666667 0.4000000000000001 0.4244791666666667 0.4546296296296297 0.4557291666666667 0.4546296296296297
11 0.5203125 0.44444444444444453 0.48072916666666665 0.44444444444444453 0.48072916666666665 0.5129629629629631 0.5203125 0.5129629629629632
3 0.2791666666666667 0.27685185185185196 0.24635416666666668 0.27685185185185196 0.24635416666666668 0.3333333333333334 0.2791666666666667 0.3333333333333334
7 0.35885416666666664 0.2083333333333334 0.31875 0.2083333333333334 0.31875 0.2777777777777779 0.35885416666666664 0.2777777777777779
12 0.5359375 0.15740740740740752 0.4890625 0.15740740740740752 0.4890625 0.23888888888888898 0.5359375 0.23888888888888898
3 0.5630208333333333 0.5990740740740743 0.53125 0.5990740740740743 0.53125 0.6555555555555558 0.5630208333333333 0.6555555555555558
0 0.34375 0.3074074074074075 0.30364583333333334 0.3074074074074075 0.30364583333333334 0.37685185185185194 0.34375 0.37685185185185194
3 0.3765625 0.1083333333333334 0.34479166666666666 0.1083333333333334 0.34479166666666666 0.16296296296296303 0.3765625 0.16296296296296306
2 0.4359375 0.325925925925926 0.4036458333333333 0.325925925925926 0.4036458333333333 0.38055555555555565 0.4359375 0.38055555555555565
7 0.2515625000000001 0.49444444444444446 0.2098958333333334 0.49444444444444446 0.2098958333333334 0.5666666666666667 0.2515625000000001 0.5666666666666667
2 0.41458333333333336 0.2527777777777779 0.38229166666666664 0.2527777777777779 0.38229166666666664 0.30833333333333346 0.41458333333333336 0.30833333333333346
4 0.49895833333333334 0.36666666666666675 0.45989583333333334 0.36666666666666675 0.45989583333333334 0.4351851851851853 0.49895833333333334 0.4351851851851853
2 0.2791666666666667 0.09722222222222228 0.24739583333333334 0.09722222222222228 0.24739583333333334 0.15277777777777782 0.2791666666666667 0.15277777777777782
2 0.440625 0.5111111111111111 0.4083333333333333 0.5111111111111111 0.4083333333333333 0.5675925925925925 0.440625 0.5675925925925925
3 0.4661458333333333 0.5861111111111111 0.43333333333333335 0.5861111111111111 0.43333333333333335 0.6416666666666667 0.4661458333333333 0.6416666666666667
4 0.5765625 0.48981481481481504 0.5380208333333333 0.48981481481481504 0.5380208333333333 0.5583333333333336 0.5765625 0.5583333333333336
2 0.4515625 0.6935185185185185 0.41875 0.6935185185185185 0.41875 0.7490740740740741 0.4515625 0.7490740740740741
10 0.4546875 0.21481481481481493 0.4140625 0.21481481481481493 0.4140625 0.28518518518518526 0.4546875 0.28518518518518526
11 0.2265625 0.22870370370370377 0.18645833333333334 0.22870370370370377 0.18645833333333334 0.3 0.2265625 0.3
8 0.559375 0.3157407407407408 0.5286458333333334 0.3157407407407408 0.5286458333333334 0.37037037037037046 0.559375 0.37037037037037046
1 0.42864583333333334 8.912707260461292e-17 0.39010416666666664 8.493152338531181e-17 0.39010416666666664 0.041666666666666755 0.42864583333333334 0.04166666666666676
1 0.5864583333333333 0.3787037037037038 0.5463541666666667 0.3787037037037038 0.5463541666666667 0.4490740740740742 0.5864583333333333 0.4490740740740742
8 0.5317708333333333 0.3472222222222223 0.5005208333333333 0.3472222222222223 0.5005208333333333 0.4037037037037038 0.5317708333333333 0.4037037037037038
0 0.384375 0.4685185185185186 0.34427083333333336 0.4685185185185186 0.34427083333333336 0.5398148148148149 0.384375 0.5398148148148149
9 0.3072916666666667 0.5398148148148149 0.2734375 0.5398148148148149 0.2734375 0.5972222222222222 0.3072916666666667 0.5972222222222222
5 0.43385416666666665 0.6148148148148148 0.39166666666666666 0.6148148148148148 0.39166666666666666 0.6861111111111111 0.43385416666666665 0.6861111111111111
6 0.3703125 0.575 0.33177083333333335 0.575 0.33177083333333335 0.6444444444444445 0.3703125 0.6444444444444445