11 0.7197916666666667 0.9074074074074077 0.678125 0.9074074074074077 0.678125 0.9666666666666667 0.7197916666666667 0.9666666666666667
5 0.6052083333333333 0.8981481481481484 0.5635416666666667 0.8981481481481484 0.5635416666666667 0.9564814814814815 0.6052083333333333 0.9564814814814815
7 0.5510416666666667 0.8972222222222225 0.5098958333333334 0.8972222222222225 0.5098958333333334 0.9555555555555556 0.5510416666666667 0.9555555555555556
5 0.3880208333333334 0.8675925925925926 0.34791666666666676 0.8675925925925926 0.34791666666666676 0.9277777777777778 0.3880208333333334 0.9277777777777778
4 0.6364583333333333 0.13333333333333347 0.5979166666666667 0.13333333333333344 0.5979166666666667 0.18981481481481494 0.6364583333333333 0.18981481481481496
1 0.3375000000000001 0.8518518518518519 0.29739583333333336 0.8518518518518519 0.2973958333333334 0.9138888888888889 0.33750000000000013 0.9138888888888889
0 0.6869791666666667 0.13611111111111127 0.6484375 0.13611111111111127 0.6484375 0.19351851851851867 0.6869791666666667 0.19351851851851867
0 0.3776041666666667 0.09907407407407415 0.3385416666666667 0.09907407407407415 0.3385416666666667 0.15648148148148155 0.3776041666666667 0.15648148148148158
7 0.44947916666666676 0.8675925925925926 0.41041666666666676 0.8675925925925926 0.41041666666666676 0.9296296296296296 0.44947916666666676 0.9296296296296296
10 0.32708333333333334 0.09629629629629637 0.2890625 0.09629629629629635 0.2890625 0.15277777777777782 0.32708333333333334 0.15277777777777782
2 0.68125 0.3962962962962964 0.6484375 0.3962962962962964 0.6484375 0.44166666666666676 0.68125 0.44166666666666676
10 0.7390625 0.15277777777777793 0.7015625 0.15277777777777793 0.7015625 0.20925925925925942 0.7390625 0.20925925925925942
12 0.525 0.2712962962962964 0.4796875 0.2712962962962964 0.4796875 0.3500000000000001 0.525 0.3500000000000001
3 0.6776041666666667 0.6555555555555558 0.6442708333333333 0.6555555555555558 0.6442708333333333 0.7009259259259262 0.6776041666666667 0.7009259259259262
2 0.7307291666666667 0.40370370370370384 0.6989583333333333 0.4037037037037038 0.6989583333333333 0.44907407407407424 0.7307291666666667 0.4490740740740743
1 0.6645833333333333 0.901851851851852 0.6234375 0.901851851851852 0.6234375 0.962037037037037 0.6645833333333333 0.962037037037037
9 0.4479166666666667 0.7148148148148148 0.41354166666666664 0.7148148148148148 0.41354166666666664 0.775 0.4479166666666667 0.775
13 0.5119791666666667 0.7092592592592594 0.46197916666666666 0.7092592592592593 0.46197916666666666 0.788888888888889 0.5119791666666667 0.7888888888888891
3 0.3421875 0.600925925925926 0.30885416666666665 0.600925925925926 0.30885416666666665 0.6472222222222223 0.3421875 0.6472222222222223
2 0.5723958333333333 0.4611111111111112 0.5395833333333333 0.4611111111111112 0.5395833333333333 0.5064814814814816 0.5723958333333333 0.5064814814814816
4 0.4270833333333333 0.10000000000000009 0.3880208333333333 0.10000000000000007 0.3880208333333333 0.15555555555555567 0.4270833333333333 0.15555555555555567
2 0.3104166666666667 0.3379629629629631 0.2765625 0.3379629629629631 0.2765625 0.38240740740740753 0.3104166666666667 0.38240740740740753
8 0.46510416666666665 0.2750000000000001 0.4328125 0.2750000000000001 0.4328125 0.325925925925926 0.46510416666666665 0.325925925925926
6 0.4817708333333333 0.1074074074074075 0.44114583333333335 0.1074074074074075 0.44114583333333335 0.16296296296296306 0.4817708333333333 0.16296296296296306
3 0.29322916666666665 0.5972222222222222 0.26093750000000004 0.5972222222222222 0.26093750000000004 0.6435185185185185 0.29322916666666665 0.6435185185185185
6 0.5838541666666667 0.12407407407407418 0.5442708333333334 0.12407407407407418 0.5442708333333334 0.18055555555555566 0.5838541666666667 0.18055555555555566
8 0.5734375 0.2935185185185186 0.540625 0.2935185185185186 0.540625 0.3453703703703705 0.5734375 0.3453703703703705
3 0.45729166666666665 0.5305555555555556 0.4270833333333333 0.5305555555555556 0.4270833333333333 0.575925925925926 0.45729166666666665 0.575925925925926
9 0.5572916666666666 0.728703703703704 0.5255208333333333 0.728703703703704 0.5255208333333333 0.7787037037037039 0.5572916666666666 0.7787037037037039
11 0.28645833333333337 0.8388888888888889 0.24843750000000006 0.8388888888888889 0.24843750000000006 0.9037037037037037 0.2864583333333334 0.9037037037037037
3 0.7291666666666666 0.6611111111111113 0.6994791666666667 0.6611111111111113 0.6994791666666667 0.7129629629629631 0.7291666666666666 0.7129629629629631
2 0.359375 0.3490740740740742 0.3296875 0.3490740740740742 0.3296875 0.3990740740740742 0.359375 0.3990740740740742