7 0.378125 0.5444444444444444 0.34427083333333336 0.5444444444444444 0.34427083333333336 0.6055555555555555 0.378125 0.6055555555555555
12 0.6401041666666667 0.37037037037037046 0.5994791666666667 0.37037037037037046 0.5994791666666667 0.44351851851851865 0.6401041666666667 0.44351851851851865
2 0.5427083333333333 0.4037037037037038 0.5171875 0.4037037037037038 0.5171875 0.450925925925926 0.5427083333333333 0.450925925925926
2 0.5546875 0.49351851851851875 0.528125 0.49351851851851875 0.528125 0.5416666666666669 0.5546875 0.5416666666666669
8 0.64375 0.4648148148148149 0.6182291666666667 0.4648148148148149 0.6182291666666667 0.5111111111111113 0.64375 0.5111111111111113
0 0.6114583333333333 0.552777777777778 0.578125 0.552777777777778 0.578125 0.6129629629629632 0.6114583333333333 0.6129629629629632
7 0.3489583333333333 0.21203703703703708 0.31614583333333335 0.21203703703703708 0.31614583333333335 0.2685185185185186 0.3489583333333333 0.2685185185185186
13 0.32916666666666666 0.4648148148148149 0.2890625 0.4648148148148149 0.2890625 0.5388888888888889 0.32916666666666666 0.5388888888888889
10 0.5833333333333334 0.30092592592592604 0.5510416666666667 0.30092592592592604 0.5510416666666667 0.3601851851851853 0.5833333333333334 0.3601851851851853
5 0.34479166666666666 0.6527777777777778 0.3104166666666667 0.6527777777777778 0.3104166666666667 0.7138888888888889 0.34479166666666666 0.7138888888888889
9 0.3171875 0.39444444444444454 0.2916666666666667 0.39444444444444454 0.2916666666666667 0.44166666666666676 0.3171875 0.44166666666666676
6 0.5703125 0.21666666666666679 0.5380208333333333 0.21666666666666679 0.5380208333333333 0.275925925925926 0.5703125 0.275925925925926
2 0.5239583333333333 0.23611111111111122 0.4979166666666667 0.23611111111111122 0.4979166666666667 0.2824074074074075 0.5239583333333333 0.2824074074074075
11 0.36302083333333335 0.3712962962962964 0.33125 0.3712962962962964 0.33125 0.42962962962962975 0.36302083333333335 0.42962962962962975
4 0.6135416666666667 0.20555555555555569 0.5817708333333333 0.20555555555555566 0.5817708333333333 0.2620370370370371 0.6135416666666667 0.2620370370370371
8 0.6197916666666666 0.3000000000000001 0.5947916666666667 0.3000000000000001 0.5947916666666667 0.3453703703703705 0.6197916666666666 0.3453703703703705
1 0.37135416666666665 0.45925925925925937 0.3375 0.45925925925925937 0.3375 0.5185185185185185 0.37135416666666665 0.5185185185185185
5 0.3046875 0.22685185185185192 0.27291666666666664 0.22685185185185192 0.27291666666666664 0.28518518518518526 0.3046875 0.28518518518518526
6 0.6010416666666667 0.46759259259259267 0.5682291666666667 0.46759259259259267 0.5682291666666667 0.5287037037037039 0.6010416666666667 0.5287037037037039
0 0.6020833333333333 0.12777777777777788 0.5703125 0.12777777777777788 0.5703125 0.18425925925925937 0.6020833333333333 0.18425925925925937
9 0.3302083333333333 0.5657407407407408 0.30416666666666664 0.5657407407407408 0.30416666666666664 0.6138888888888889 0.3302083333333333 0.6138888888888889
4 0.6578125 0.540740740740741 0.6244791666666667 0.540740740740741 0.6244791666666667 0.6009259259259261 0.6578125 0.6009259259259261
11 0.31145833333333334 0.30833333333333346 0.2796875 0.30833333333333346 0.2796875 0.36666666666666675 0.31145833333333334 0.36666666666666675
3 0.4083333333333333 0.450925925925926 0.38177083333333334 0.450925925925926 0.38177083333333334 0.49907407407407406 0.4083333333333333 0.49907407407407406
1 0.3567708333333333 0.29537037037037045 0.32447916666666665 0.29537037037037045 0.32447916666666665 0.3537037037037038 0.3567708333333333 0.3537037037037038
3 0.4041666666666667 0.36666666666666675 0.378125 0.36666666666666675 0.378125 0.4148148148148149 0.4041666666666667 0.4148148148148149
3 0.42864583333333334 0.6240740740740741 0.4010416666666667 0.6240740740740741 0.4010416666666667 0.6731481481481482 0.42864583333333334 0.6731481481481482
10 0.5916666666666667 0.3851851851851853 0.5588541666666667 0.3851851851851853 0.5588541666666667 0.44444444444444453 0.5916666666666667 0.44444444444444453
3 0.3932291666666667 0.27962962962962973 0.3671875 0.27962962962962973 0.3671875 0.325925925925926 0.3932291666666667 0.325925925925926
3 0.41875 0.5398148148148149 0.39166666666666666 0.5398148148148149 0.39166666666666666 0.5879629629629629 0.41875 0.5879629629629629
2 0.5354166666666667 0.31481481481481494 0.5098958333333333 0.31481481481481494 0.5098958333333333 0.3611111111111112 0.5354166666666667 0.3611111111111112
2 0.5619791666666667 0.5824074074074076 0.5354166666666667 0.5824074074074076 0.5354166666666667 0.6305555555555558 0.5619791666666667 0.6305555555555558