4 0.49166666666666664 0.07037037037037047 0.4427083333333333 0.07037037037037047 0.4427083333333333 0.15092592592592602 0.49166666666666664 0.15092592592592602
7 0.5515625 0.5814814814814817 0.5020833333333333 0.5814814814814817 0.5020833333333333 0.6638888888888891 0.5515625 0.6638888888888891
9 0.5911458333333334 0.7500000000000002 0.5520833333333334 0.7500000000000002 0.5520833333333334 0.8175925925925928 0.5911458333333334 0.8175925925925928
3 0.5598958333333334 0.11574074074074085 0.5208333333333334 0.11574074074074085 0.5208333333333334 0.18055555555555566 0.5598958333333334 0.18055555555555566
7 0.5385416666666667 0.7842592592592594 0.4901041666666667 0.7842592592592594 0.49010416666666673 0.864814814814815 0.5385416666666667 0.864814814814815
0 0.4609375 0.18148148148148158 0.4114583333333333 0.18148148148148158 0.4114583333333333 0.263888888888889 0.4609375 0.263888888888889
10 0.5088541666666667 0.14351851851851863 0.4609375 0.14351851851851863 0.4609375 0.22407407407407418 0.5088541666666667 0.22407407407407418
3 0.5880208333333333 0.015740740740740864 0.5505208333333333 0.01574074074074086 0.5505208333333333 0.08148148148148161 0.5880208333333333 0.08148148148148161
2 0.48177083333333337 0.8148148148148148 0.4427083333333333 0.8148148148148148 0.44270833333333337 0.8814814814814815 0.4817708333333334 0.8814814814814815
3 0.35989583333333336 0.25925925925925936 0.31666666666666665 0.25925925925925936 0.31666666666666665 0.33055555555555566 0.35989583333333336 0.33055555555555566
4 0.48125 0.25555555555555565 0.4328125 0.25555555555555565 0.4328125 0.3379629629629631 0.48125 0.3379629629629631
2 0.7083333333333334 0.7555555555555558 0.6703125 0.7555555555555558 0.6703125 0.8212962962962965 0.7083333333333334 0.8212962962962965
6 0.39947916666666666 0.13888888888888898 0.35208333333333336 0.13888888888888895 0.35208333333333336 0.21759259259259267 0.39947916666666666 0.2175925925925927
13 0.6494791666666667 0.6944444444444446 0.5869791666666667 0.6944444444444446 0.5869791666666667 0.7962962962962965 0.6494791666666667 0.7962962962962965
10 0.4453125 0.10185185185185194 0.39791666666666664 0.10185185185185193 0.39791666666666664 0.18240740740740752 0.4453125 0.18240740740740752
11 0.6083333333333333 0.8175925925925928 0.5572916666666666 0.8175925925925928 0.5572916666666666 0.9037037037037039 0.6083333333333333 0.9037037037037039
6 0.5010416666666667 0.3314814814814816 0.45260416666666664 0.3314814814814816 0.45260416666666664 0.4148148148148149 0.5010416666666667 0.4148148148148149
1 0.6244791666666667 0.6250000000000002 0.5729166666666666 0.6250000000000002 0.5729166666666666 0.7083333333333336 0.6244791666666667 0.7083333333333336
5 0.525 0.7009259259259261 0.47552083333333334 0.700925925925926 0.47552083333333334 0.7851851851851853 0.525 0.7851851851851854
12 0.4161458333333333 0.20555555555555563 0.35625 0.2055555555555556 0.35625 0.3074074074074075 0.4161458333333333 0.3074074074074075
3 0.5401041666666667 0.036111111111111226 0.5015625 0.03611111111111122 0.5015625 0.10833333333333343 0.5401041666666667 0.10833333333333343
3 0.3385416666666667 0.1805555555555556 0.3015625 0.1805555555555556 0.3015625 0.2462962962962964 0.3385416666666667 0.2462962962962964
8 0.5255208333333333 0.2175925925925927 0.484375 0.2175925925925927 0.484375 0.2935185185185186 0.5255208333333333 0.2935185185185186
2 0.6890625 0.6759259259259262 0.6494791666666667 0.6759259259259262 0.6494791666666667 0.7462962962962965 0.6890625 0.7462962962962965
11 0.56875 0.6583333333333335 0.5203125 0.6583333333333335 0.5203125 0.7462962962962965 0.56875 0.7462962962962965
0 0.4322916666666667 0.28333333333333344 0.384375 0.28333333333333344 0.384375 0.3694444444444446 0.4322916666666667 0.3694444444444446
2 0.7572916666666667 0.7212962962962965 0.7171875 0.7212962962962965 0.7171875 0.7888888888888891 0.7572916666666667 0.7888888888888891
1 0.6578125 0.7824074074074077 0.609375 0.7824074074074077 0.609375 0.8703703703703706 0.6578125 0.8703703703703706
5 0.5625 0.8546296296296299 0.5130208333333334 0.8546296296296299 0.5130208333333334 0.9435185185185188 0.5625 0.9435185185185188
2 0.5000000000000001 0.9037037037037038 0.45729166666666676 0.9037037037037037 0.45729166666666676 0.9722222222222222 0.5000000000000001 0.9722222222222222