13 0.59375 0.28055555555555567 0.5338541666666666 0.28055555555555567 0.5338541666666666 0.388888888888889 0.59375 0.388888888888889
3 0.6619791666666667 0.5009259259259261 0.6213541666666667 0.5009259259259261 0.6213541666666667 0.5722222222222224 0.6619791666666667 0.5722222222222224
7 0.4375 0.3101851851851853 0.3890625 0.3101851851851853 0.3890625 0.3972222222222223 0.4375 0.3972222222222223
2 0.7265625 0.7842592592592594 0.6854166666666667 0.7842592592592594 0.6854166666666667 0.8583333333333335 0.7265625 0.8583333333333335
12 0.5161458333333334 0.8222222222222223 0.45416666666666666 0.8222222222222222 0.4541666666666667 0.9342592592592593 0.5161458333333334 0.9342592592592595
3 0.75625 0.5555555555555558 0.7161458333333334 0.5555555555555558 0.7161458333333334 0.6268518518518521 0.75625 0.6268518518518521
3 0.4703125 0.400925925925926 0.43072916666666666 0.400925925925926 0.43072916666666666 0.4722222222222223 0.4703125 0.4722222222222223
7 0.73125 0.4435185185185187 0.6817708333333333 0.44351851851851865 0.6817708333333333 0.5314814814814817 0.73125 0.5314814814814817
2 0.525 0.6879629629629632 0.48489583333333336 0.6879629629629632 0.48489583333333336 0.7601851851851854 0.525 0.7601851851851854
8 0.5375 0.9537037037037037 0.49635416666666676 0.9537037037037037 0.49635416666666676 1 0.5375 1
2 0.42916666666666664 0.6314814814814815 0.3890625 0.6314814814814815 0.3890625 0.7037037037037037 0.42916666666666664 0.7037037037037037
6 0.6734375 0.8287037037037039 0.621875 0.8287037037037039 0.621875 0.9222222222222224 0.6734375 0.9222222222222224
3 0.5625 0.44444444444444453 0.5223958333333333 0.44444444444444453 0.5223958333333333 0.5166666666666668 0.5625 0.5166666666666668
5 0.45989583333333334 0.16296296296296306 0.4125 0.16296296296296306 0.4125 0.24907407407407417 0.45989583333333334 0.24907407407407417
9 0.5520833333333334 0.2175925925925927 0.5135416666666667 0.2175925925925927 0.5135416666666667 0.28703703703703715 0.5520833333333334 0.28703703703703715
10 0.6427083333333333 0.975 0.5932291666666667 0.975 0.5932291666666667 1 0.6427083333333333 1
9 0.6515625 0.2601851851851853 0.6119791666666666 0.2601851851851853 0.6119791666666666 0.33055555555555566 0.6515625 0.33055555555555566
11 0.509375 0.1787037037037038 0.46041666666666664 0.1787037037037038 0.46041666666666664 0.2666666666666668 0.509375 0.2666666666666668
11 0.6979166666666666 0.2740740740740742 0.6494791666666667 0.2740740740740742 0.6494791666666667 0.3601851851851853 0.6979166666666666 0.3601851851851853
3 0.37447916666666664 0.3500000000000001 0.334375 0.3500000000000001 0.334375 0.42037037037037045 0.37447916666666664 0.42037037037037045
4 0.34687500000000004 0.8240740740740741 0.2921875 0.8240740740740741 0.29218750000000004 0.9212962962962963 0.3468750000000001 0.9212962962962963
2 0.33229166666666665 0.5796296296296296 0.2911458333333333 0.5796296296296296 0.2911458333333333 0.6537037037037037 0.33229166666666665 0.6537037037037037
6 0.36666666666666664 0.6675925925925926 0.3151041666666667 0.6675925925925926 0.3151041666666667 0.7601851851851852 0.36666666666666664 0.7601851851851852
2 0.6291666666666667 0.728703703703704 0.5880208333333333 0.728703703703704 0.5880208333333333 0.801851851851852 0.6291666666666667 0.801851851851852
8 0.4447916666666668 0.8962962962962963 0.40520833333333345 0.8962962962962963 0.40520833333333345 0.9685185185185186 0.4447916666666668 0.9685185185185186
5 0.7385416666666667 0.30000000000000016 0.6901041666666666 0.3000000000000001 0.6901041666666666 0.3870370370370372 0.7385416666666667 0.38703703703703723
1 0.7875 0.3324074074074076 0.7385416666666667 0.3324074074074076 0.7385416666666667 0.4212962962962965 0.7875 0.4212962962962965
1 0.4234375 0.1324074074074075 0.3729166666666667 0.1324074074074075 0.3729166666666667 0.22592592592592603 0.4234375 0.22592592592592603
4 0.5901041666666667 0.9472222222222224 0.5390625 0.9472222222222224 0.5390625 1 0.5901041666666667 1
10 0.39583333333333337 0.8518518518518519 0.34322916666666664 0.8518518518518519 0.34322916666666675 0.9481481481481482 0.3958333333333334 0.9481481481481482
0 0.30000000000000004 0.7962962962962963 0.2505208333333334 0.7962962962962963 0.2505208333333334 0.8861111111111111 0.3000000000000001 0.8861111111111111