4 0.23958333333333337 0.3712962962962963 0.19010416666666666 0.3712962962962963 0.19010416666666669 0.45555555555555555 0.2395833333333334 0.45555555555555555
0 0.21406250000000007 0.4388888888888889 0.16354166666666672 0.4388888888888889 0.16354166666666672 0.525 0.21406250000000007 0.525
7 0.671875 0.2305555555555557 0.6234375 0.2305555555555557 0.6234375 0.31296296296296305 0.671875 0.31296296296296305
1 0.7572916666666667 0.24259259259259275 0.7098958333333333 0.2425925925925927 0.7098958333333333 0.3231481481481483 0.7572916666666667 0.32314814814814835
7 0.5020833333333333 0.6740740740740742 0.45260416666666664 0.674074074074074 0.45260416666666664 0.7592592592592594 0.5020833333333333 0.7592592592592595
3 0.5994791666666667 0.27314814814814825 0.5604166666666667 0.27314814814814825 0.5604166666666667 0.3398148148148149 0.5994791666666667 0.3398148148148149
2 0.3723958333333333 0.4324074074074075 0.3328125 0.4324074074074075 0.3328125 0.5 0.3723958333333333 0.5
13 0.6333333333333333 0.49814814814814834 0.5729166666666666 0.49814814814814834 0.5729166666666666 0.6000000000000002 0.6333333333333333 0.6000000000000002
3 0.6494791666666667 0.1305555555555557 0.6088541666666667 0.1305555555555557 0.6088541666666667 0.2009259259259261 0.6494791666666667 0.2009259259259261
3 0.5515625 0.4231481481481483 0.509375 0.4231481481481483 0.509375 0.49537037037037057 0.5515625 0.49537037037037057
4 0.38229166666666664 0.022222222222222303 0.3328125 0.022222222222222296 0.3328125 0.1083333333333334 0.38229166666666664 0.1083333333333334
3 0.4401041666666667 0.7222222222222222 0.4 0.7222222222222222 0.4 0.7907407407407407 0.4401041666666667 0.7907407407407407
12 0.3703125 0.17129629629629636 0.31145833333333334 0.17129629629629634 0.31145833333333334 0.2722222222222223 0.3703125 0.2722222222222223
2 0.48854166666666665 0.14444444444444454 0.4505208333333333 0.14444444444444454 0.4505208333333333 0.20925925925925937 0.48854166666666665 0.20925925925925937
2 0.5390625 0.0055555555555556685 0.5015625 0.005555555555555664 0.5015625 0.06851851851851862 0.5390625 0.06851851851851862
2 0.4296875 0.2824074074074075 0.39010416666666664 0.2824074074074075 0.39010416666666664 0.3500000000000001 0.4296875 0.3500000000000001
3 0.496875 0.5666666666666668 0.45364583333333336 0.5666666666666667 0.45364583333333336 0.6407407407407408 0.496875 0.6407407407407409
6 0.48333333333333334 0.01574074074074084 0.4354166666666667 0.015740740740740833 0.4354166666666667 0.09722222222222232 0.48333333333333334 0.09722222222222232
6 0.31354166666666666 0.4583333333333334 0.26093750000000004 0.4583333333333334 0.26093750000000004 0.5509259259259259 0.31354166666666666 0.5509259259259259
2 0.3182291666666667 0.5861111111111111 0.2765625 0.5861111111111111 0.2765625 0.6574074074074074 0.3182291666666667 0.6574074074074074
11 0.6125 0.689814814814815 0.5609375 0.689814814814815 0.5609375 0.777777777777778 0.6125 0.777777777777778
8 0.34427083333333336 0.08240740740740748 0.30572916666666666 0.08240740740740748 0.30572916666666666 0.1481481481481482 0.34427083333333336 0.1481481481481482
5 0.7359375 0.3250000000000002 0.6880208333333333 0.3250000000000001 0.6880208333333333 0.40648148148148167 0.7359375 0.40648148148148167
1 0.5645833333333333 0.8388888888888891 0.5135416666666667 0.8388888888888891 0.5135416666666667 0.9250000000000002 0.5645833333333333 0.9250000000000002
11 0.7166666666666667 0.3925925925925927 0.6682291666666667 0.3925925925925927 0.6682291666666667 0.4750000000000002 0.7166666666666667 0.4750000000000002
10 0.4078125 8.379759116387907e-17 0.3619791666666667 7.880828938957505e-17 0.3619791666666667 0.03518518518518527 0.4078125 0.03518518518518528
5 0.584375 0.7592592592592595 0.5302083333333333 0.7592592592592595 0.5302083333333333 0.8518518518518521 0.584375 0.8518518518518521
8 0.2942708333333333 0.21666666666666673 0.25364583333333335 0.21666666666666673 0.25364583333333335 0.28703703703703715 0.2942708333333333 0.28703703703703715
10 0.26927083333333335 0.2907407407407408 0.21666666666666667 0.29074074074074074 0.21666666666666667 0.38333333333333336 0.26927083333333335 0.3833333333333334
9 0.6895833333333333 0.46574074074074084 0.6505208333333333 0.46574074074074084 0.6505208333333333 0.5314814814814817 0.6895833333333333 0.5314814814814817
9 0.6333333333333333 0.6175925925925928 0.59375 0.6175925925925928 0.59375 0.6861111111111113 0.6333333333333333 0.6861111111111113