7 0.5838541666666667 0.1601851851851853 0.534375 0.1601851851851853 0.534375 0.24722222222222232 0.5838541666666667 0.24722222222222232
6 0.37083333333333335 0.30833333333333346 0.3229166666666667 0.30833333333333346 0.3229166666666667 0.3925925925925927 0.37083333333333335 0.3925925925925927
4 0.359375 0.6601851851851852 0.3140625 0.6601851851851852 0.3140625 0.7416666666666667 0.359375 0.7416666666666667
5 0.6333333333333333 0.1453703703703705 0.5817708333333333 0.14537037037037048 0.5817708333333333 0.23703703703703713 0.6333333333333333 0.23703703703703713
3 0.5583333333333333 0.450925925925926 0.5182291666666666 0.450925925925926 0.5182291666666666 0.5212962962962965 0.5583333333333333 0.5212962962962965
7 0.6130208333333333 0.5222222222222225 0.5635416666666667 0.5222222222222225 0.5635416666666667 0.6092592592592595 0.6130208333333333 0.6092592592592595
2 0.440625 0.6555555555555556 0.40260416666666665 0.6555555555555556 0.40260416666666665 0.7231481481481481 0.440625 0.7231481481481481
6 0.39375 0.5675925925925925 0.346875 0.5675925925925925 0.346875 0.6509259259259259 0.39375 0.6509259259259259
4 0.32916666666666666 0.31944444444444453 0.28125 0.31944444444444453 0.28125 0.40555555555555567 0.32916666666666666 0.40555555555555567
8 0.3338541666666667 0.4212962962962964 0.29635416666666664 0.4212962962962964 0.29635416666666664 0.4888888888888889 0.3338541666666667 0.4888888888888889
3 0.5479166666666667 0.36574074074074087 0.5078125 0.36574074074074087 0.5078125 0.43703703703703717 0.5479166666666667 0.43703703703703717
0 0.4015625 0.649074074074074 0.3541666666666667 0.649074074074074 0.3541666666666667 0.7324074074074074 0.4015625 0.7324074074074074
1 0.590625 0.25462962962962976 0.5395833333333333 0.25462962962962976 0.5395833333333333 0.3462962962962964 0.590625 0.3462962962962964
13 0.6583333333333333 0.41018518518518526 0.5973958333333333 0.41018518518518526 0.5973958333333333 0.5185185185185187 0.6583333333333333 0.5185185185185187
9 0.6536458333333334 0.5194444444444447 0.6145833333333334 0.5194444444444447 0.6145833333333334 0.589814814814815 0.6536458333333334 0.589814814814815
12 0.35 0.4925925925925926 0.29270833333333335 0.4925925925925926 0.29270833333333335 0.5944444444444444 0.35 0.5944444444444444
10 0.38645833333333335 0.4842592592592593 0.3385416666666667 0.4842592592592593 0.3385416666666667 0.5685185185185185 0.38645833333333335 0.5685185185185185
0 0.3234375 0.23518518518518525 0.2755208333333333 0.23518518518518525 0.2755208333333333 0.32037037037037047 0.3234375 0.32037037037037047
3 0.5697916666666667 0.627777777777778 0.5302083333333333 0.627777777777778 0.5302083333333333 0.6981481481481484 0.5697916666666667 0.6981481481481484
11 0.6401041666666667 0.23981481481481493 0.5890625 0.23981481481481493 0.5890625 0.33055555555555566 0.6401041666666667 0.33055555555555566
1 0.60625 0.4314814814814816 0.5552083333333333 0.4314814814814816 0.5552083333333333 0.5222222222222225 0.60625 0.5222222222222225
2 0.4239583333333333 0.48055555555555557 0.3859375 0.48055555555555557 0.3859375 0.5481481481481482 0.4239583333333333 0.5481481481481482
3 0.5645833333333333 0.5425925925925928 0.5234375 0.5425925925925928 0.5234375 0.614814814814815 0.5645833333333333 0.614814814814815
11 0.5984375 0.3379629629629631 0.5473958333333333 0.3379629629629631 0.5473958333333333 0.4287037037037038 0.5984375 0.4287037037037038
9 0.6385416666666667 0.34074074074074084 0.5989583333333334 0.34074074074074084 0.5989583333333334 0.41018518518518526 0.6385416666666667 0.41018518518518526
3 0.5432291666666667 0.2666666666666668 0.5020833333333333 0.2666666666666668 0.5020833333333333 0.3398148148148149 0.5432291666666667 0.3398148148148149
8 0.346875 0.5888888888888889 0.3098958333333333 0.5888888888888889 0.3098958333333333 0.6546296296296297 0.346875 0.6546296296296297
2 0.4296875 0.5722222222222222 0.3921875 0.5722222222222222 0.3921875 0.6388888888888888 0.4296875 0.6388888888888888
10 0.37604166666666666 0.3990740740740742 0.32760416666666664 0.3990740740740742 0.32760416666666664 0.4842592592592593 0.37604166666666666 0.4842592592592593
5 0.6635416666666667 0.6046296296296299 0.6135416666666667 0.6046296296296299 0.6135416666666667 0.6935185185185188 0.6635416666666667 0.6935185185185188
2 0.4125 0.38981481481481495 0.37447916666666664 0.38981481481481495 0.37447916666666664 0.45740740740740754 0.4125 0.45740740740740754
2 0.4078125 0.30462962962962975 0.3692708333333333 0.30462962962962975 0.3692708333333333 0.37314814814814823 0.4078125 0.37314814814814823