4 0.44635416666666666 0.09722222222222232 0.409375 0.09722222222222231 0.409375 0.1500000000000001 0.44635416666666666 0.1500000000000001
13 0.54375 0.714814814814815 0.4973958333333333 0.714814814814815 0.4973958333333333 0.7888888888888891 0.54375 0.7888888888888891
7 0.690625 0.6537037037037039 0.6520833333333333 0.6537037037037039 0.6520833333333333 0.7157407407407409 0.690625 0.7157407407407409
2 0.5354166666666667 0.33425925925925937 0.5052083333333334 0.33425925925925937 0.5052083333333334 0.3777777777777779 0.5354166666666667 0.3777777777777779
1 0.7390625 0.8092592592592595 0.7010416666666667 0.8092592592592595 0.7010416666666667 0.8675925925925928 0.7390625 0.8675925925925928
7 0.3802083333333333 0.6518518518518519 0.3421875 0.6518518518518519 0.3421875 0.7083333333333334 0.3802083333333333 0.7083333333333334
3 0.334375 0.5657407407407408 0.30416666666666664 0.5657407407407408 0.30416666666666664 0.6101851851851852 0.334375 0.6101851851851852
3 0.7338541666666667 0.5759259259259262 0.7041666666666667 0.5759259259259262 0.7041666666666667 0.6203703703703706 0.7338541666666667 0.6203703703703706
6 0.6791666666666667 0.2527777777777779 0.64375 0.2527777777777779 0.64375 0.3074074074074075 0.6791666666666667 0.3074074074074075
3 0.4296875 0.5703703703703704 0.3984375 0.5703703703703704 0.3984375 0.6148148148148148 0.4296875 0.6148148148148148
2 0.6333333333333333 0.33425925925925937 0.6041666666666666 0.33425925925925937 0.6041666666666666 0.37685185185185194 0.6333333333333333 0.37685185185185194
6 0.39010416666666664 0.2500000000000001 0.3541666666666667 0.2500000000000001 0.3541666666666667 0.3037037037037038 0.39010416666666664 0.3037037037037038
2 0.34427083333333336 0.33425925925925937 0.3140625 0.33425925925925937 0.3140625 0.37592592592592605 0.34427083333333336 0.37592592592592605
2 0.43697916666666664 0.325925925925926 0.40729166666666666 0.325925925925926 0.40729166666666666 0.37037037037037046 0.43697916666666664 0.37037037037037046
8 0.5838541666666667 0.1166666666666668 0.5546875 0.1166666666666668 0.5546875 0.15833333333333344 0.5838541666666667 0.15833333333333344
12 0.5484375 0.16296296296296306 0.5041666666666667 0.16296296296296306 0.5041666666666667 0.22685185185185194 0.5484375 0.22685185185185194
8 0.49583333333333335 0.10555555555555567 0.4671875 0.10555555555555567 0.4671875 0.14722222222222234 0.49583333333333335 0.14722222222222234
2 0.73125 0.3333333333333335 0.7010416666666667 0.3333333333333334 0.7010416666666667 0.3759259259259261 0.73125 0.37592592592592616
1 0.33854166666666674 0.8046296296296296 0.3 0.8046296296296296 0.30000000000000004 0.8638888888888889 0.3385416666666668 0.8638888888888889
3 0.5333333333333333 0.5814814814814817 0.5020833333333333 0.5814814814814817 0.5020833333333333 0.6250000000000002 0.5333333333333333 0.6250000000000002
11 0.6911458333333333 0.8092592592592595 0.6536458333333334 0.8092592592592595 0.6536458333333334 0.8703703703703706 0.6911458333333333 0.8703703703703706
3 0.6369791666666667 0.5768518518518521 0.6072916666666667 0.5768518518518521 0.6072916666666667 0.6185185185185187 0.6369791666666667 0.6185185185185187
10 0.3984375 0.10648148148148157 0.3625 0.10648148148148157 0.3625 0.15925925925925935 0.3984375 0.15925925925925938
5 0.39010416666666675 0.8055555555555556 0.35260416666666666 0.8055555555555556 0.3526041666666667 0.8657407407407407 0.3901041666666668 0.8657407407407407
0 0.3494791666666667 0.09722222222222231 0.31354166666666666 0.09722222222222231 0.31354166666666666 0.14907407407407414 0.3494791666666667 0.14907407407407414
5 0.6385416666666667 0.802777777777778 0.6015625 0.802777777777778 0.6015625 0.8611111111111113 0.6385416666666667 0.8611111111111113
10 0.68125 0.11296296296296311 0.6458333333333334 0.1129629629629631 0.6458333333333334 0.1657407407407409 0.68125 0.1657407407407409
9 0.5833333333333334 0.8240740740740743 0.5520833333333334 0.8240740740740743 0.5520833333333334 0.8694444444444447 0.5833333333333334 0.8694444444444447
4 0.6380208333333334 0.1055555555555557 0.603125 0.1055555555555557 0.603125 0.16388888888888903 0.6380208333333334 0.16388888888888906
9 0.4848958333333334 0.8185185185185186 0.45364583333333336 0.8185185185185185 0.4536458333333334 0.862962962962963 0.48489583333333347 0.8629629629629632
0 0.734375 0.11666666666666682 0.6989583333333333 0.11666666666666682 0.6989583333333333 0.1759259259259261 0.734375 0.1759259259259261
11 0.43437500000000007 0.8092592592592592 0.39895833333333336 0.8092592592592592 0.3989583333333334 0.8703703703703703 0.4343750000000001 0.8703703703703703