11 0.35572916666666665 0.6722222222222223 0.321875 0.6722222222222223 0.321875 0.7324074074074074 0.35572916666666665 0.7324074074074074
7 0.5098958333333333 0.5898148148148149 0.4744791666666667 0.5898148148148148 0.4744791666666667 0.6518518518518519 0.5098958333333333 0.651851851851852
7 0.30625 0.5879629629629629 0.27239583333333334 0.5879629629629629 0.27239583333333334 0.649074074074074 0.30625 0.649074074074074
0 0.3177083333333333 0.13888888888888895 0.2859375 0.13888888888888895 0.2859375 0.1944444444444445 0.3177083333333333 0.1944444444444445
5 0.5635416666666667 0.6685185185185187 0.5291666666666667 0.6685185185185187 0.5291666666666667 0.7305555555555557 0.5635416666666667 0.7305555555555557
0 0.5557291666666667 0.2027777777777779 0.5223958333333333 0.2027777777777779 0.5223958333333333 0.26111111111111124 0.5557291666666667 0.26111111111111124
12 0.46875 0.1250000000000001 0.42864583333333334 0.1250000000000001 0.42864583333333334 0.19444444444444456 0.46875 0.19444444444444456
4 0.3651041666666667 0.13425925925925933 0.3328125 0.1342592592592593 0.3328125 0.19074074074074082 0.3651041666666667 0.19074074074074085
3 0.40625 0.512962962962963 0.37916666666666665 0.512962962962963 0.37916666666666665 0.5611111111111111 0.40625 0.5611111111111111
4 0.5567708333333333 0.13055555555555567 0.5234375 0.13055555555555567 0.5234375 0.18611111111111123 0.5567708333333333 0.18611111111111123
3 0.4552083333333333 0.5194444444444445 0.4270833333333333 0.5194444444444445 0.4270833333333333 0.5694444444444444 0.4552083333333333 0.5694444444444444
5 0.30572916666666666 0.6712962962962963 0.2713541666666667 0.6712962962962963 0.2713541666666667 0.7342592592592593 0.30572916666666666 0.7342592592592593
11 0.4046875 0.5879629629629629 0.37083333333333335 0.5879629629629629 0.37083333333333335 0.649074074074074 0.4046875 0.649074074074074
10 0.4125 0.20092592592592604 0.37916666666666665 0.20092592592592604 0.37916666666666665 0.2583333333333334 0.4125 0.2583333333333334
3 0.5072916666666667 0.5175925925925927 0.48072916666666665 0.5175925925925926 0.48072916666666665 0.5657407407407409 0.5072916666666667 0.565740740740741
13 0.45989583333333334 0.6657407407407407 0.41822916666666665 0.6657407407407407 0.41822916666666665 0.7425925925925926 0.45989583333333334 0.7425925925925926
10 0.45989583333333334 0.2037037037037038 0.4276041666666667 0.2037037037037038 0.4276041666666667 0.26296296296296306 0.45989583333333334 0.26296296296296306
6 0.3614583333333333 0.20648148148148154 0.32916666666666666 0.20648148148148154 0.32916666666666666 0.263888888888889 0.3614583333333333 0.263888888888889
1 0.35885416666666664 0.5861111111111111 0.32447916666666665 0.5861111111111111 0.32447916666666665 0.6472222222222223 0.35885416666666664 0.6472222222222223
3 0.5567708333333333 0.5148148148148151 0.5291666666666667 0.5148148148148151 0.5291666666666667 0.5638888888888891 0.5567708333333333 0.5638888888888891
6 0.5078125 0.2037037037037038 0.475 0.2037037037037038 0.475 0.2620370370370371 0.5078125 0.2620370370370371
2 0.35572916666666665 0.28518518518518526 0.3302083333333333 0.28518518518518526 0.3302083333333333 0.33055555555555566 0.35572916666666665 0.33055555555555566
9 0.5057291666666667 0.6787037037037038 0.478125 0.6787037037037037 0.478125 0.7287037037037039 0.5057291666666667 0.728703703703704
3 0.35208333333333336 0.5185185185185185 0.32447916666666665 0.5185185185185185 0.32447916666666665 0.5675925925925925 0.35208333333333336 0.5675925925925925
2 0.5567708333333333 0.28518518518518526 0.5302083333333333 0.28518518518518526 0.5302083333333333 0.33240740740740754 0.5567708333333333 0.33240740740740754
9 0.40208333333333335 0.6759259259259259 0.37447916666666664 0.6759259259259259 0.37447916666666664 0.725 0.40208333333333335 0.725
2 0.403125 0.28055555555555567 0.3776041666666667 0.28055555555555567 0.3776041666666667 0.325925925925926 0.403125 0.325925925925926
2 0.45416666666666666 0.2842592592592594 0.428125 0.2842592592592594 0.428125 0.3314814814814816 0.45416666666666666 0.3314814814814816
2 0.5067708333333333 0.2814814814814816 0.48125 0.2814814814814816 0.48125 0.3277777777777779 0.5067708333333333 0.3277777777777779
8 0.4125 0.14166666666666677 0.38645833333333335 0.14166666666666677 0.38645833333333335 0.18703703703703714 0.4125 0.18703703703703714
1 0.4578125 0.5879629629629629 0.4234375 0.5879629629629629 0.4234375 0.65 0.4578125 0.65
8 0.5072916666666667 0.1351851851851853 0.48125 0.1351851851851853 0.48125 0.18148148148148158 0.5072916666666667 0.18148148148148158