1 0.6255208333333333 0.8638888888888892 0.5744791666666667 0.8638888888888892 0.5744791666666667 0.95 0.6255208333333333 0.95
10 0.5645833333333333 0.8129629629629632 0.5140625 0.8129629629629632 0.5140625000000001 0.9009259259259261 0.5645833333333333 0.9009259259259261
1 0.5239583333333333 0.2842592592592594 0.4708333333333333 0.2842592592592594 0.4708333333333333 0.37222222222222234 0.5239583333333333 0.37222222222222234
9 0.4515625 0.24166666666666678 0.4078125 0.24166666666666678 0.4078125 0.3157407407407408 0.4515625 0.3157407407407408
2 0.3145833333333333 0.4111111111111112 0.2734375 0.4111111111111112 0.2734375 0.47962962962962963 0.3145833333333333 0.47962962962962963
11 0.7020833333333333 0.6407407407407409 0.65 0.6407407407407409 0.65 0.727777777777778 0.7020833333333333 0.727777777777778
5 0.49270833333333336 0.39444444444444454 0.4401041666666667 0.39444444444444454 0.4401041666666667 0.48148148148148157 0.49270833333333336 0.4814814814814817
6 0.7104166666666667 0.35185185185185197 0.6609375 0.35185185185185197 0.6609375 0.43796296296296305 0.7104166666666667 0.43796296296296305
3 0.5197916666666667 0.5759259259259261 0.47604166666666664 0.575925925925926 0.47604166666666664 0.6462962962962964 0.5197916666666667 0.6462962962962965
3 0.5510416666666667 0.45185185185185195 0.509375 0.45185185185185195 0.509375 0.5203703703703706 0.5510416666666667 0.5203703703703706
2 0.3567708333333333 0.662962962962963 0.31354166666666666 0.662962962962963 0.31354166666666666 0.7333333333333333 0.3567708333333333 0.7333333333333333
4 0.3916666666666667 0.8175925925925925 0.3390625 0.8175925925925925 0.33906250000000004 0.9055555555555556 0.3916666666666668 0.9055555555555556
8 0.4953125 0.7675925925925927 0.45364583333333336 0.7675925925925926 0.45364583333333336 0.8407407407407409 0.4953125 0.8407407407407409
7 0.284375 0.512962962962963 0.23281250000000006 0.512962962962963 0.23281250000000006 0.5990740740740741 0.284375 0.5990740740740741
3 0.4322916666666667 0.4324074074074075 0.39010416666666664 0.4324074074074075 0.39010416666666664 0.5018518518518519 0.4322916666666667 0.5018518518518519
6 0.44479166666666675 0.7916666666666666 0.3932291666666667 0.7916666666666666 0.39322916666666674 0.8777777777777778 0.4447916666666668 0.8777777777777778
8 0.5755208333333334 0.9111111111111113 0.5354166666666667 0.9111111111111113 0.5354166666666667 0.9796296296296296 0.5755208333333334 0.9796296296296296
5 0.3515625 0.29074074074074086 0.3 0.29074074074074086 0.3 0.37685185185185194 0.3515625 0.37685185185185194
3 0.3458333333333333 0.5787037037037037 0.3026041666666667 0.5787037037037037 0.3026041666666667 0.6481481481481481 0.3458333333333333 0.6481481481481481
12 0.5328125000000001 0.9175925925925927 0.47239583333333346 0.9175925925925926 0.47239583333333346 1 0.5328125000000001 1
2 0.6213541666666667 0.22870370370370383 0.5796875 0.2287037037037038 0.5796875 0.29722222222222233 0.6213541666666667 0.29722222222222233
3 0.6026041666666667 0.4250000000000001 0.5598958333333334 0.4250000000000001 0.5598958333333334 0.49444444444444463 0.6026041666666667 0.49444444444444463
7 0.4760416666666668 0.9527777777777777 0.42552083333333346 0.9527777777777777 0.42552083333333346 1 0.4760416666666668 1
0 0.42291666666666666 0.3398148148148149 0.3703125 0.3398148148148149 0.3703125 0.42777777777777787 0.42291666666666666 0.42777777777777787
9 0.4 0.2666666666666668 0.35833333333333334 0.2666666666666668 0.35833333333333334 0.3351851851851853 0.4 0.3351851851851853
4 0.4510416666666667 0.5027777777777778 0.39895833333333336 0.5027777777777778 0.39895833333333336 0.5898148148148148 0.4510416666666667 0.5898148148148148
2 0.5671875 0.540740740740741 0.5234375 0.540740740740741 0.5234375 0.6129629629629632 0.5671875 0.6129629629629632
2 0.5708333333333333 0.263888888888889 0.5296875 0.263888888888889 0.5296875 0.3314814814814816 0.5708333333333333 0.3314814814814816
10 0.44375 0.15833333333333344 0.39895833333333336 0.15833333333333344 0.39895833333333336 0.23611111111111122 0.44375 0.23611111111111122
13 0.5119791666666667 0.19444444444444456 0.45364583333333336 0.19444444444444456 0.45364583333333336 0.2935185185185186 0.5119791666666667 0.2935185185185186
0 0.6020833333333333 0.6972222222222224 0.5520833333333334 0.6972222222222224 0.5520833333333334 0.7842592592592594 0.6020833333333333 0.7842592592592594
11 0.5442708333333334 0.7314814814814817 0.4973958333333333 0.7314814814814817 0.4973958333333333 0.815740740740741 0.5442708333333334 0.815740740740741