4 0.5552083333333333 0.18796296296296308 0.5026041666666666 0.18796296296296308 0.5026041666666666 0.2750000000000001 0.5552083333333333 0.2750000000000001
13 0.3604166666666667 0.7574074074074074 0.29635416666666664 0.7574074074074074 0.29635416666666675 0.8629629629629629 0.3604166666666668 0.8629629629629629
3 0.340625 0.5287037037037037 0.2989583333333333 0.5287037037037037 0.2989583333333333 0.5981481481481481 0.340625 0.5981481481481481
3 0.409375 0.6648148148148149 0.36822916666666666 0.6648148148148149 0.36822916666666666 0.7342592592592593 0.409375 0.7342592592592593
11 0.3838541666666668 0.9287037037037037 0.33437500000000014 0.9287037037037037 0.33437500000000014 0.9953703703703703 0.3838541666666668 0.9953703703703703
3 0.5411458333333333 0.8907407407407409 0.5020833333333334 0.8907407407407409 0.5020833333333334 0.9555555555555556 0.5411458333333333 0.9555555555555556
2 0.37864583333333335 0.21574074074074082 0.3359375 0.2157407407407408 0.3359375 0.28518518518518526 0.37864583333333335 0.28518518518518526
7 0.48489583333333347 0.8722222222222223 0.43593750000000014 0.8722222222222222 0.43593750000000014 0.9537037037037037 0.48489583333333347 0.9537037037037037
2 0.5177083333333333 0.47777777777777786 0.4765625 0.4777777777777778 0.4765625 0.5472222222222223 0.5177083333333333 0.5472222222222224
2 0.5828125 0.6074074074074076 0.5416666666666666 0.6074074074074076 0.5416666666666666 0.6750000000000002 0.5828125 0.6750000000000002
7 0.27395833333333336 0.5111111111111111 0.22291666666666674 0.5111111111111111 0.22291666666666674 0.5953703703703703 0.27395833333333336 0.5953703703703703
6 0.6567708333333333 0.6074074074074076 0.6041666666666666 0.6074074074074076 0.6041666666666666 0.6953703703703705 0.6567708333333333 0.6953703703703705
2 0.4453125 0.3555555555555557 0.40260416666666665 0.3555555555555557 0.40260416666666665 0.42777777777777787 0.4453125 0.42777777777777787
2 0.6453125 0.7231481481481483 0.6052083333333333 0.7231481481481483 0.6052083333333333 0.790740740740741 0.6453125 0.790740740740741
6 0.453125 0.20462962962962974 0.39895833333333336 0.20462962962962974 0.39895833333333336 0.2962962962962964 0.453125 0.2962962962962964
4 0.7161458333333334 0.490740740740741 0.665625 0.490740740740741 0.665625 0.5750000000000002 0.7161458333333334 0.5750000000000002
3 0.27447916666666666 0.3981481481481482 0.2328125 0.39814814814814814 0.23281250000000003 0.46759259259259267 0.27447916666666666 0.46759259259259267
3 0.4796875 0.7768518518518519 0.4348958333333333 0.7768518518518519 0.4348958333333333 0.8518518518518519 0.4796875 0.8518518518518519
5 0.21666666666666673 0.6268518518518519 0.16614583333333338 0.6268518518518519 0.16614583333333338 0.7111111111111111 0.21666666666666673 0.7111111111111111
0 0.7421875 0.552777777777778 0.6927083333333334 0.552777777777778 0.6927083333333334 0.6342592592592595 0.7421875 0.6342592592592595
8 0.5890625 0.23796296296296307 0.5479166666666667 0.23796296296296307 0.5479166666666667 0.30555555555555564 0.5890625 0.30555555555555564
12 0.5895833333333333 0.338888888888889 0.528125 0.338888888888889 0.528125 0.4407407407407408 0.5895833333333333 0.4407407407407408
1 0.18281250000000007 0.5481481481481482 0.1322916666666667 0.5481481481481482 0.1322916666666667 0.6314814814814815 0.18281250000000007 0.6314814814814815
5 0.4213541666666668 0.9768518518518519 0.3744791666666668 0.9768518518518519 0.3744791666666668 0.9944444444444445 0.4213541666666668 0.9944444444444445
10 0.5229166666666667 0.113888888888889 0.471875 0.113888888888889 0.471875 0.19907407407407418 0.5229166666666667 0.19907407407407418
11 0.24687500000000007 0.6861111111111111 0.19322916666666673 0.6861111111111111 0.19322916666666673 0.7768518518518519 0.24687500000000007 0.7768518518518519
9 0.3463541666666668 0.8777777777777778 0.3072916666666668 0.8777777777777778 0.3072916666666668 0.9407407407407408 0.3463541666666668 0.9407407407407408
8 0.6453125 0.36666666666666675 0.6052083333333333 0.36666666666666675 0.6052083333333333 0.43425925925925934 0.6453125 0.43425925925925934
9 0.271875 0.7555555555555555 0.23072916666666674 0.7555555555555555 0.23072916666666674 0.8240740740740741 0.271875 0.8240740740740741
10 0.6864583333333333 0.426851851851852 0.6322916666666667 0.426851851851852 0.6322916666666667 0.5175925925925928 0.6864583333333333 0.5175925925925928
0 0.49583333333333335 0.03888888888888899 0.44479166666666664 0.03888888888888898 0.44479166666666664 0.1250000000000001 0.49583333333333335 0.1250000000000001