12 0.40208333333333335 0.4648148148148149 0.35052083333333334 0.4648148148148149 0.35052083333333334 0.5509259259259259 0.40208333333333335 0.5509259259259259
6 0.434375 0.37962962962962976 0.3927083333333333 0.37962962962962976 0.3927083333333333 0.4490740740740742 0.434375 0.4490740740740742
4 0.3770833333333333 0.3000000000000001 0.3375 0.3000000000000001 0.3375 0.36851851851851863 0.3770833333333333 0.36851851851851863
13 0.7041666666666667 0.39814814814814825 0.6578125 0.39814814814814825 0.6578125 0.4768518518518521 0.7041666666666667 0.4768518518518521
4 0.415625 0.6648148148148149 0.37552083333333336 0.6648148148148149 0.37552083333333336 0.7324074074074074 0.415625 0.7324074074074074
6 0.46145833333333336 0.6537037037037037 0.42239583333333336 0.6537037037037037 0.42239583333333336 0.7203703703703703 0.46145833333333336 0.7203703703703703
11 0.7151041666666667 0.5731481481481484 0.6786458333333333 0.5731481481481484 0.6786458333333333 0.6370370370370373 0.7151041666666667 0.6370370370370373
1 0.6567708333333333 0.41203703703703715 0.6182291666666667 0.41203703703703715 0.6182291666666667 0.4787037037037039 0.6567708333333333 0.4787037037037039
7 0.6489583333333333 0.325925925925926 0.6098958333333333 0.325925925925926 0.6098958333333333 0.3935185185185186 0.6489583333333333 0.3935185185185186
8 0.40260416666666665 0.5731481481481482 0.3703125 0.5731481481481482 0.3703125 0.6268518518518519 0.40260416666666665 0.6268518518518519
11 0.6661458333333333 0.502777777777778 0.628125 0.502777777777778 0.628125 0.5685185185185188 0.6661458333333333 0.5685185185185188
10 0.4427083333333333 0.46759259259259267 0.40208333333333335 0.46759259259259267 0.40208333333333335 0.5370370370370371 0.4427083333333333 0.5370370370370371
3 0.6041666666666666 0.3398148148148149 0.5729166666666666 0.3398148148148149 0.5729166666666666 0.3925925925925927 0.6041666666666666 0.3925925925925927
9 0.7015625 0.4962962962962965 0.6713541666666667 0.4962962962962965 0.6713541666666667 0.5481481481481484 0.7015625 0.5481481481481484
2 0.47291666666666665 0.3712962962962964 0.4401041666666667 0.3712962962962964 0.4401041666666667 0.426851851851852 0.47291666666666665 0.426851851851852
10 0.45 0.5592592592592592 0.4083333333333333 0.5592592592592592 0.4083333333333333 0.6287037037037037 0.45 0.6287037037037037
7 0.6838541666666667 0.6722222222222224 0.6458333333333334 0.6722222222222224 0.6458333333333334 0.7370370370370373 0.6838541666666667 0.7370370370370373
8 0.3807291666666667 0.3953703703703705 0.3489583333333333 0.3953703703703705 0.3489583333333333 0.44814814814814824 0.3807291666666667 0.44814814814814824
2 0.48333333333333334 0.4666666666666668 0.45208333333333334 0.4666666666666668 0.45208333333333334 0.5203703703703704 0.48333333333333334 0.5203703703703704
3 0.6328125 0.6074074074074076 0.6010416666666667 0.6074074074074076 0.6010416666666667 0.6620370370370372 0.6328125 0.6620370370370372
0 0.4265625 0.7527777777777778 0.38697916666666665 0.7527777777777778 0.38697916666666665 0.8212962962962963 0.4265625 0.8212962962962963
0 0.4239583333333333 0.2916666666666668 0.38333333333333336 0.2916666666666668 0.38333333333333336 0.3611111111111112 0.4239583333333333 0.3611111111111112
3 0.59375 0.2564814814814816 0.5630208333333333 0.2564814814814816 0.5630208333333333 0.30925925925925934 0.59375 0.30925925925925934
9 0.6859375 0.3240740740740742 0.6546875 0.3240740740740742 0.6546875 0.3787037037037038 0.6859375 0.3787037037037038
2 0.465625 0.2824074074074075 0.43333333333333335 0.2824074074074075 0.43333333333333335 0.3361111111111112 0.465625 0.3361111111111112
1 0.6729166666666667 0.5833333333333336 0.6348958333333333 0.5833333333333336 0.6348958333333333 0.6481481481481484 0.6729166666666667 0.6481481481481484
2 0.4901041666666667 0.5629629629629631 0.4588541666666667 0.562962962962963 0.4588541666666667 0.6157407407407408 0.4901041666666667 0.6157407407407409
5 0.725 0.6574074074074077 0.6869791666666667 0.6574074074074077 0.6869791666666667 0.7240740740740743 0.725 0.7240740740740743
2 0.5026041666666666 0.6472222222222224 0.4708333333333333 0.6472222222222223 0.4708333333333333 0.7009259259259261 0.5026041666666666 0.7009259259259262
5 0.6776041666666667 0.22870370370370385 0.6401041666666667 0.22870370370370385 0.6401041666666667 0.29444444444444456 0.6776041666666667 0.29444444444444456
3 0.6151041666666667 0.4287037037037038 0.5838541666666667 0.4287037037037038 0.5838541666666667 0.48333333333333356 0.6151041666666667 0.48333333333333356
3 0.6197916666666666 0.5157407407407409 0.5890625 0.5157407407407409 0.5890625 0.5685185185185188 0.6197916666666666 0.5685185185185188