9 0.4421875 0.3472222222222223 0.39947916666666666 0.3472222222222223 0.39947916666666666 0.4212962962962964 0.4421875 0.4212962962962964
11 0.35052083333333334 0.6287037037037037 0.2953125 0.6287037037037037 0.2953125 0.7231481481481481 0.35052083333333334 0.7231481481481481
3 0.6984375 0.5731481481481484 0.6557291666666667 0.5731481481481484 0.6557291666666667 0.6472222222222225 0.6984375 0.6472222222222225
4 0.5296875000000001 0.8425925925925927 0.4765625 0.8425925925925926 0.47656250000000006 0.9351851851851853 0.5296875000000001 0.9351851851851853
2 0.5052083333333334 0.07037037037037047 0.46197916666666666 0.07037037037037047 0.46197916666666666 0.14444444444444454 0.5052083333333334 0.14444444444444454
8 0.4822916666666667 0.3694444444444446 0.43854166666666666 0.3694444444444446 0.43854166666666666 0.4462962962962964 0.4822916666666667 0.4462962962962964
6 0.3640625 0.31203703703703717 0.3109375 0.31203703703703717 0.3109375 0.4037037037037038 0.3640625 0.4037037037037038
7 0.39895833333333336 0.17962962962962972 0.3463541666666667 0.1796296296296297 0.3463541666666667 0.2703703703703705 0.39895833333333336 0.2703703703703705
8 0.6369791666666667 0.7324074074074076 0.5927083333333333 0.7324074074074076 0.5927083333333333 0.8074074074074076 0.6369791666666667 0.8074074074074076
9 0.3609375 0.43796296296296305 0.31875 0.43796296296296305 0.31875 0.5111111111111111 0.3609375 0.5111111111111111
3 0.28177083333333336 0.44074074074074077 0.2411458333333334 0.44074074074074077 0.2411458333333334 0.5111111111111111 0.28177083333333336 0.5111111111111111
7 0.7088541666666667 0.42222222222222233 0.6557291666666667 0.42222222222222233 0.6557291666666667 0.5138888888888891 0.7088541666666667 0.5138888888888891
6 0.5208333333333334 0.6435185185185186 0.46927083333333336 0.6435185185185185 0.46927083333333336 0.7324074074074075 0.5208333333333334 0.7324074074074076
2 0.5609375 0.7564814814814816 0.5166666666666667 0.7564814814814816 0.5166666666666667 0.8333333333333336 0.5609375 0.8333333333333336
2 0.4864583333333333 0.5666666666666668 0.4432291666666667 0.5666666666666667 0.4432291666666667 0.6407407407407408 0.4864583333333333 0.6407407407407409
5 0.7723958333333333 0.49537037037037057 0.7182291666666667 0.49537037037037057 0.7182291666666667 0.5888888888888891 0.7723958333333333 0.5888888888888891
1 0.4546875 0.737037037037037 0.4005208333333333 0.737037037037037 0.4005208333333333 0.8305555555555556 0.4546875 0.8305555555555556
12 0.5270833333333333 0.2703703703703705 0.4640625 0.2703703703703705 0.4640625 0.3787037037037038 0.5270833333333333 0.3787037037037038
1 0.590625 0.5990740740740743 0.5390625 0.5990740740740743 0.5390625 0.6870370370370372 0.590625 0.6870370370370372
4 0.5916666666666667 0.2027777777777779 0.5380208333333333 0.2027777777777779 0.5380208333333333 0.29537037037037045 0.5916666666666667 0.29537037037037045
10 0.4244791666666667 0.4314814814814816 0.37135416666666665 0.4314814814814816 0.37135416666666665 0.5231481481481481 0.4244791666666667 0.5231481481481481
2 0.709375 0.3064814814814816 0.6671875 0.3064814814814816 0.6671875 0.3787037037037038 0.709375 0.3787037037037038
0 0.6520833333333333 0.5157407407407409 0.5973958333333333 0.5157407407407409 0.5973958333333333 0.6101851851851854 0.6520833333333333 0.6101851851851854
10 0.48854166666666665 0.17222222222222233 0.4359375 0.17222222222222233 0.4359375 0.26296296296296306 0.48854166666666665 0.26296296296296306
0 0.5994791666666667 0.3333333333333334 0.5458333333333333 0.3333333333333334 0.5458333333333333 0.4250000000000001 0.5994791666666667 0.4250000000000001
11 0.5958333333333333 0.05925925925925938 0.540625 0.059259259259259366 0.540625 0.15555555555555567 0.5958333333333333 0.15555555555555567
3 0.47552083333333334 0.4685185185185186 0.43125 0.4685185185185186 0.43125 0.5444444444444444 0.47552083333333334 0.5444444444444444
3 0.6572916666666667 0.19537037037037053 0.6161458333333333 0.19537037037037053 0.6161458333333333 0.2675925925925927 0.6572916666666667 0.2675925925925927
3 0.6526041666666667 0.3351851851851853 0.6109375 0.3351851851851853 0.6109375 0.40833333333333344 0.6526041666666667 0.40833333333333344
13 0.4328125 0.5824074074074074 0.36822916666666666 0.5824074074074074 0.36822916666666666 0.6962962962962963 0.4328125 0.6962962962962963
2 0.5536458333333333 0.49166666666666686 0.5104166666666666 0.49166666666666686 0.5104166666666666 0.5666666666666669 0.5536458333333333 0.5666666666666669
5 0.6286458333333333 0.4175925925925927 0.575 0.4175925925925927 0.575 0.5111111111111113 0.6286458333333333 0.5111111111111113