4 0.7958333333333333 0.21111111111111128 0.753125 0.21111111111111128 0.753125 0.28148148148148167 0.7958333333333333 0.28148148148148167
7 0.4479166666666667 0.7527777777777778 0.4046875 0.7527777777777778 0.4046875 0.8231481481481482 0.4479166666666667 0.8231481481481482
0 0.8015625 0.12407407407407423 0.7583333333333333 0.12407407407407423 0.7583333333333333 0.19537037037037053 0.8015625 0.19537037037037053
7 0.4864583333333333 0.213888888888889 0.4432291666666667 0.213888888888889 0.4432291666666667 0.2842592592592594 0.4864583333333333 0.2842592592592594
3 0.4942708333333333 0.6731481481481483 0.459375 0.6731481481481482 0.459375 0.726851851851852 0.4942708333333333 0.7268518518518521
8 0.7697916666666667 0.5768518518518521 0.7354166666666667 0.5768518518518521 0.7354166666666667 0.6324074074074076 0.7697916666666667 0.6324074074074076
2 0.6151041666666667 0.8370370370370372 0.5817708333333333 0.8370370370370372 0.5817708333333333 0.8879629629629632 0.6151041666666667 0.8879629629629632
3 0.5229166666666667 0.12777777777777788 0.4864583333333333 0.12777777777777788 0.4864583333333333 0.18425925925925937 0.5229166666666667 0.18425925925925937
2 0.6661458333333333 0.12037037037037053 0.6302083333333334 0.12037037037037053 0.6302083333333334 0.17870370370370386 0.6661458333333333 0.17870370370370386
3 0.4859375000000001 0.8342592592592594 0.453125 0.8342592592592593 0.45312500000000006 0.8861111111111112 0.48593750000000013 0.8861111111111113
3 0.5125 0.3101851851851853 0.4765625 0.3101851851851853 0.4765625 0.36666666666666675 0.5125 0.36666666666666675
3 0.5020833333333333 0.4861111111111112 0.4671875 0.4861111111111111 0.4671875 0.5407407407407409 0.5020833333333333 0.540740740740741
6 0.6697916666666667 0.7518518518518521 0.628125 0.7518518518518521 0.628125 0.8222222222222224 0.6697916666666667 0.8222222222222224
12 0.7364583333333333 0.48703703703703727 0.6864583333333333 0.48703703703703727 0.6864583333333333 0.5759259259259262 0.7364583333333333 0.5759259259259262
2 0.65625 0.3074074074074075 0.6208333333333333 0.3074074074074075 0.6208333333333333 0.36296296296296304 0.65625 0.36296296296296304
2 0.646875 0.490740740740741 0.6109375 0.490740740740741 0.6109375 0.5453703703703706 0.646875 0.5453703703703706
2 0.6265625 0.6685185185185187 0.5911458333333334 0.6685185185185187 0.5911458333333334 0.7231481481481483 0.6265625 0.7231481481481483
5 0.3671875 0.7416666666666667 0.3255208333333333 0.7416666666666667 0.3255208333333333 0.8083333333333333 0.3671875 0.8083333333333333
6 0.7088541666666667 0.20277777777777795 0.665625 0.20277777777777795 0.665625 0.2712962962962964 0.7088541666666667 0.2712962962962964
10 0.7484375 0.7314814814814817 0.7078125 0.7314814814814817 0.7078125 0.7990740740740743 0.7484375 0.7990740740740743
1 0.3677083333333334 0.8324074074074074 0.3260416666666667 0.8324074074074074 0.32604166666666673 0.8962962962962963 0.36770833333333347 0.8962962962962963
4 0.7567708333333333 0.6435185185185187 0.7151041666666667 0.6435185185185187 0.7151041666666667 0.7092592592592595 0.7567708333333333 0.7092592592592595
0 0.7473958333333334 0.8120370370370372 0.7067708333333333 0.8120370370370372 0.7067708333333333 0.8787037037037039 0.7473958333333334 0.8787037037037039
13 0.42083333333333334 0.4666666666666668 0.36614583333333334 0.4666666666666668 0.36614583333333334 0.5611111111111111 0.42083333333333334 0.5611111111111111
1 0.3885416666666667 0.13148148148148156 0.34322916666666664 0.13148148148148153 0.34322916666666664 0.20555555555555563 0.3885416666666667 0.20555555555555566
9 0.36614583333333334 0.5898148148148148 0.32760416666666664 0.5898148148148148 0.32760416666666664 0.6472222222222223 0.36614583333333334 0.6472222222222223
8 0.7807291666666667 0.4092592592592595 0.7447916666666666 0.4092592592592595 0.7447916666666666 0.4703703703703706 0.7807291666666667 0.4703703703703706
10 0.7911458333333333 0.3037037037037039 0.7473958333333334 0.3037037037037039 0.7473958333333334 0.3796296296296298 0.7911458333333333 0.3796296296296298
11 0.365625 0.6583333333333333 0.3234375 0.6583333333333333 0.3234375 0.7351851851851852 0.365625 0.7351851851851852
11 0.38645833333333335 0.3074074074074075 0.34270833333333334 0.3074074074074075 0.34270833333333334 0.37962962962962976 0.38645833333333335 0.37962962962962976
5 0.3927083333333333 0.21296296296296305 0.34739583333333335 0.21296296296296302 0.34739583333333335 0.2898148148148149 0.3927083333333333 0.2898148148148149
9 0.378125 0.4074074074074075 0.34322916666666664 0.4074074074074075 0.34322916666666664 0.4648148148148149 0.378125 0.4648148148148149