12 0.4630208333333333 0.6111111111111112 0.415625 0.6111111111111112 0.415625 0.6824074074074075 0.4630208333333333 0.6824074074074075
2 0.32708333333333334 0.3648148148148149 0.29635416666666664 0.3648148148148149 0.29635416666666664 0.4129629629629631 0.32708333333333334 0.4129629629629631
7 0.5015625 0.8416666666666668 0.4635416666666667 0.8416666666666667 0.46354166666666674 0.9018518518518519 0.5015625000000001 0.901851851851852
11 0.721875 0.603703703703704 0.684375 0.603703703703704 0.684375 0.6648148148148151 0.721875 0.6648148148148151
7 0.3880208333333333 0.2750000000000001 0.35 0.2750000000000001 0.35 0.3398148148148149 0.3880208333333333 0.3398148148148149
4 0.3802083333333333 0.5805555555555556 0.33958333333333335 0.5805555555555556 0.33958333333333335 0.6425925925925926 0.3802083333333333 0.6425925925925926
5 0.375 0.15000000000000008 0.33541666666666664 0.15000000000000005 0.33541666666666664 0.2111111111111112 0.375 0.21111111111111122
3 0.6786458333333333 0.8212962962962965 0.6463541666666667 0.8212962962962965 0.6463541666666667 0.8712962962962965 0.6786458333333333 0.8712962962962965
6 0.5802083333333333 0.8000000000000002 0.5416666666666666 0.8000000000000002 0.5416666666666666 0.8611111111111113 0.5802083333333333 0.8611111111111113
9 0.5302083333333333 0.6805555555555558 0.4973958333333333 0.6805555555555558 0.4973958333333333 0.728703703703704 0.5302083333333333 0.728703703703704
4 0.6854166666666667 0.2296296296296298 0.646875 0.2296296296296298 0.646875 0.2916666666666668 0.6854166666666667 0.2916666666666668
5 0.4432291666666667 0.388888888888889 0.4015625 0.388888888888889 0.4015625 0.450925925925926 0.4432291666666667 0.450925925925926
2 0.3723958333333333 0.7861111111111111 0.34010416666666665 0.7861111111111111 0.34010416666666665 0.8333333333333334 0.3723958333333333 0.8333333333333334
8 0.5125 0.6148148148148149 0.48020833333333335 0.6148148148148148 0.48020833333333335 0.664814814814815 0.5125 0.6648148148148151
3 0.4473958333333333 0.19722222222222233 0.4161458333333333 0.19722222222222233 0.4161458333333333 0.2453703703703705 0.4473958333333333 0.2453703703703705
3 0.37864583333333335 0.42037037037037045 0.34739583333333335 0.42037037037037045 0.34739583333333335 0.4685185185185186 0.37864583333333335 0.4685185185185186
10 0.5869791666666667 0.6398148148148151 0.5479166666666667 0.6398148148148151 0.5479166666666667 0.6990740740740743 0.5869791666666667 0.6990740740740743
2 0.6192708333333333 0.25185185185185194 0.5864583333333333 0.25185185185185194 0.5864583333333333 0.30092592592592604 0.6192708333333333 0.30092592592592604
6 0.6098958333333333 0.37685185185185194 0.5708333333333333 0.37685185185185194 0.5708333333333333 0.4407407407407408 0.6098958333333333 0.4407407407407408
11 0.31666666666666665 0.6722222222222223 0.2791666666666667 0.6722222222222223 0.2791666666666667 0.7305555555555555 0.31666666666666665 0.7305555555555555
0 0.4671875 0.2935185185185186 0.4270833333333333 0.2935185185185186 0.4270833333333333 0.35092592592592603 0.4671875 0.35092592592592603
8 0.5578125 0.1740740740740742 0.5255208333333333 0.1740740740740742 0.5255208333333333 0.22222222222222232 0.5578125 0.22222222222222232
0 0.4270833333333333 0.48055555555555557 0.3875 0.48055555555555557 0.3875 0.5481481481481482 0.4270833333333333 0.5481481481481482
3 0.5598958333333334 0.5564814814814817 0.5270833333333333 0.5564814814814817 0.5270833333333333 0.6046296296296299 0.5598958333333334 0.6046296296296299
3 0.315625 0.5055555555555555 0.2869791666666667 0.5055555555555555 0.2869791666666667 0.5564814814814815 0.315625 0.5564814814814815
9 0.6223958333333334 0.7250000000000002 0.5911458333333334 0.7250000000000002 0.5911458333333334 0.7722222222222225 0.6223958333333334 0.7722222222222225
10 0.4348958333333333 0.7277777777777777 0.396875 0.7277777777777777 0.396875 0.7944444444444444 0.4348958333333333 0.7944444444444444
13 0.6557291666666667 0.5166666666666668 0.6119791666666666 0.5166666666666668 0.6119791666666666 0.5972222222222224 0.6557291666666667 0.5972222222222224
2 0.5109375 0.438888888888889 0.48072916666666665 0.438888888888889 0.48072916666666665 0.49537037037037046 0.5109375 0.49537037037037057
1 0.5401041666666667 0.313888888888889 0.5015625 0.313888888888889 0.5015625 0.37685185185185194 0.5401041666666667 0.37685185185185194
1 0.6942708333333333 0.39444444444444454 0.65625 0.39444444444444454 0.65625 0.4611111111111112 0.6942708333333333 0.4611111111111112
2 0.5885416666666666 0.4787037037037039 0.5609375 0.4787037037037039 0.5609375 0.526851851851852 0.5885416666666666 0.526851851851852