9 0.659375 0.16296296296296311 0.6140625 0.16296296296296311 0.6140625 0.2425925925925927 0.659375 0.2425925925925927
5 0.5802083333333333 0.02222222222222234 0.5260416666666666 0.022222222222222334 0.5260416666666666 0.11666666666666678 0.5802083333333333 0.1166666666666668
7 0.4421875 0.03425925925925934 0.3875 0.034259259259259336 0.3875 0.13055555555555567 0.4421875 0.13055555555555567
1 0.45260416666666664 0.7342592592592593 0.39947916666666666 0.7342592592592593 0.39947916666666666 0.8277777777777777 0.45260416666666664 0.8277777777777777
1 0.6765625 0.2824074074074075 0.6213541666666667 0.2824074074074075 0.6213541666666667 0.37962962962962976 0.6765625 0.37962962962962976
2 0.4083333333333333 0.23518518518518527 0.3625 0.23518518518518525 0.3625 0.3157407407407408 0.4083333333333333 0.3157407407407408
4 0.5348958333333333 0.28333333333333344 0.4765625 0.28333333333333344 0.4765625 0.3851851851851853 0.5348958333333333 0.3851851851851853
11 0.475 0.5537037037037037 0.42135416666666664 0.5537037037037037 0.42135416666666664 0.6481481481481481 0.475 0.6481481481481481
2 0.5046875 0.04074074074074085 0.46145833333333336 0.04074074074074085 0.46145833333333336 0.11666666666666677 0.5046875 0.11666666666666677
3 0.5572916666666666 0.2324074074074075 0.5135416666666667 0.2324074074074075 0.5135416666666667 0.3101851851851853 0.5572916666666666 0.3101851851851853
3 0.6505208333333333 0.4925925925925928 0.60625 0.4925925925925928 0.60625 0.5703703703703705 0.6505208333333333 0.5703703703703705
3 0.5348958333333333 0.4407407407407408 0.4890625 0.4407407407407408 0.4890625 0.5212962962962965 0.5348958333333333 0.5212962962962965
8 0.43020833333333336 0.5027777777777778 0.38645833333333335 0.5027777777777778 0.38645833333333335 0.5805555555555556 0.43020833333333336 0.5805555555555556
2 0.7135416666666666 0.35462962962962974 0.6671875 0.35462962962962974 0.6671875 0.4351851851851853 0.7135416666666666 0.4351851851851853
3 0.6104166666666667 0.42592592592592604 0.5666666666666667 0.42592592592592604 0.5666666666666667 0.5037037037037039 0.6104166666666667 0.5037037037037039
3 0.440625 0.17685185185185195 0.396875 0.17685185185185195 0.396875 0.25462962962962976 0.440625 0.25462962962962976
12 0.37916666666666665 0.6138888888888889 0.3140625 0.6138888888888889 0.3140625 0.7277777777777777 0.37916666666666665 0.7277777777777777
13 0.715625 0.20648148148148163 0.6473958333333333 0.20648148148148163 0.6473958333333333 0.325925925925926 0.715625 0.325925925925926
7 0.334375 0.5592592592592592 0.28020833333333334 0.5592592592592592 0.28020833333333334 0.6537037037037037 0.334375 0.6537037037037037
6 0.39166666666666666 0.426851851851852 0.3385416666666667 0.426851851851852 0.3385416666666667 0.5212962962962963 0.39166666666666666 0.5212962962962963
8 0.4088541666666667 0.6962962962962963 0.36302083333333335 0.6962962962962963 0.36302083333333335 0.7759259259259259 0.4088541666666667 0.7759259259259259
6 0.7442708333333333 0.603703703703704 0.6880208333333333 0.603703703703704 0.6880208333333333 0.7009259259259262 0.7442708333333333 0.7009259259259262
10 0.6984375 0.09814814814814829 0.64375 0.09814814814814828 0.64375 0.19444444444444461 0.6984375 0.19444444444444461
0 0.5192708333333333 0.6175925925925927 0.46458333333333335 0.6175925925925926 0.46458333333333335 0.713888888888889 0.5192708333333333 0.7138888888888891
5 0.60625 0.28518518518518526 0.5494791666666666 0.28518518518518526 0.5494791666666666 0.3851851851851853 0.60625 0.3851851851851853
9 0.6213541666666667 0.09722222222222235 0.578125 0.09722222222222235 0.578125 0.17314814814814827 0.6213541666666667 0.1731481481481483
10 0.44427083333333334 0.6222222222222222 0.39114583333333336 0.6222222222222222 0.39114583333333336 0.7157407407407408 0.44427083333333334 0.7157407407407408
4 0.35208333333333336 0.3574074074074075 0.29791666666666666 0.3574074074074075 0.29791666666666666 0.4527777777777779 0.35208333333333336 0.4527777777777779
0 0.5973958333333333 0.15648148148148158 0.5401041666666667 0.15648148148148158 0.5401041666666667 0.25555555555555565 0.5973958333333333 0.25555555555555565
2 0.7546875 0.4203703703703705 0.7119791666666667 0.42037037037037045 0.7119791666666667 0.49537037037037057 0.7546875 0.49537037037037057
11 0.6 0.7370370370370373 0.5421875 0.7370370370370373 0.5421875 0.8388888888888891 0.6 0.8388888888888891
2 0.5755208333333334 0.49166666666666686 0.5291666666666667 0.49166666666666686 0.5291666666666667 0.5731481481481484 0.5755208333333334 0.5731481481481484