5 0.36614583333333334 0.7694444444444445 0.328125 0.7694444444444445 0.328125 0.8518518518518519 0.36614583333333334 0.8518518518518519
7 0.48645833333333344 0.9092592592592593 0.4463541666666668 0.9092592592592592 0.4463541666666668 0.9935185185185185 0.48645833333333344 0.9935185185185185
10 0.6729166666666667 0.4527777777777779 0.6322916666666667 0.4527777777777779 0.6322916666666667 0.5370370370370372 0.6729166666666667 0.5370370370370372
9 0.3380208333333333 0.5777777777777777 0.30520833333333336 0.5777777777777777 0.30520833333333336 0.6472222222222223 0.3380208333333333 0.6472222222222223
10 0.29322916666666665 0.5796296296296296 0.25260416666666674 0.5796296296296296 0.25260416666666674 0.6638888888888889 0.29322916666666665 0.6638888888888889
4 0.6661458333333333 0.7537037037037039 0.6255208333333333 0.7537037037037039 0.6255208333333333 0.8379629629629631 0.6661458333333333 0.8379629629629631
2 0.5692708333333333 0.7990740740740743 0.5375 0.7990740740740743 0.5375 0.8675925925925928 0.5692708333333333 0.8675925925925928
8 0.6395833333333333 0.565740740740741 0.603125 0.565740740740741 0.603125 0.6351851851851854 0.6395833333333333 0.6351851851851854
9 0.3463541666666667 0.675 0.3140625 0.675 0.3140625 0.7444444444444445 0.3463541666666667 0.7444444444444445
2 0.4223958333333334 0.8462962962962963 0.39010416666666664 0.8462962962962963 0.39010416666666675 0.912962962962963 0.42239583333333347 0.912962962962963
3 0.5322916666666667 0.49722222222222245 0.49947916666666664 0.49722222222222245 0.49947916666666664 0.5666666666666669 0.5322916666666667 0.5666666666666669
11 0.6286458333333333 0.46944444444444455 0.5880208333333333 0.46944444444444455 0.5880208333333333 0.5537037037037039 0.6286458333333333 0.5537037037037039
3 0.5203125000000001 0.8092592592592595 0.48802083333333335 0.8092592592592595 0.4880208333333334 0.877777777777778 0.5203125000000001 0.877777777777778
13 0.33125 0.46574074074074084 0.28229166666666666 0.46574074074074084 0.28229166666666666 0.5675925925925925 0.33125 0.5675925925925925
3 0.44375 0.6398148148148148 0.4114583333333333 0.6398148148148148 0.4114583333333333 0.7055555555555556 0.44375 0.7055555555555556
4 0.49375 0.612962962962963 0.45208333333333334 0.6129629629629629 0.45208333333333334 0.6981481481481483 0.49375 0.6981481481481484
1 0.70625 0.35185185185185197 0.6640625 0.35185185185185197 0.6640625 0.4351851851851853 0.70625 0.4351851851851853
2 0.3572916666666667 0.37037037037037046 0.32447916666666665 0.37037037037037046 0.32447916666666665 0.44166666666666676 0.3572916666666667 0.44166666666666676
11 0.5875 0.18796296296296308 0.5473958333333333 0.18796296296296308 0.5473958333333333 0.2712962962962964 0.5875 0.2712962962962964
0 0.6151041666666667 0.37314814814814823 0.5739583333333333 0.37314814814814823 0.5739583333333333 0.45555555555555566 0.6151041666666667 0.45555555555555566
6 0.42552083333333335 0.13333333333333344 0.3848958333333333 0.13333333333333344 0.3848958333333333 0.21944444444444455 0.42552083333333335 0.21944444444444455
3 0.46510416666666665 0.42777777777777787 0.4322916666666667 0.42777777777777787 0.4322916666666667 0.4962962962962963 0.46510416666666665 0.4962962962962963
1 0.375 0.45925925925925937 0.3338541666666667 0.45925925925925937 0.3338541666666667 0.5435185185185185 0.375 0.5435185185185185
6 0.6541666666666667 0.6592592592592594 0.6135416666666667 0.6592592592592594 0.6135416666666667 0.7407407407407409 0.6541666666666667 0.7407407407407409
12 0.7375 0.5203703703703706 0.6885416666666667 0.5203703703703706 0.6885416666666667 0.6212962962962965 0.7375 0.6212962962962965
2 0.34479166666666666 0.2787037037037038 0.3125 0.2787037037037038 0.3125 0.34814814814814826 0.34479166666666666 0.34814814814814826
3 0.45364583333333336 0.3351851851851853 0.42083333333333334 0.3351851851851853 0.42083333333333334 0.40185185185185196 0.45364583333333336 0.40185185185185196
8 0.7208333333333333 0.43981481481481494 0.6895833333333333 0.43981481481481494 0.6895833333333333 0.5074074074074076 0.7208333333333333 0.5074074074074076
7 0.7453125 0.6222222222222225 0.7041666666666667 0.6222222222222225 0.7041666666666667 0.7018518518518521 0.7453125 0.7018518518518521
2 0.5177083333333333 0.4148148148148149 0.48072916666666665 0.4148148148148149 0.48072916666666665 0.4842592592592594 0.5177083333333333 0.48425925925925944
0 0.4015625 0.6425925925925926 0.35885416666666664 0.6425925925925926 0.35885416666666664 0.725925925925926 0.4015625 0.725925925925926
5 0.4359375 0.5314814814814814 0.39166666666666666 0.5314814814814814 0.39166666666666666 0.6129629629629629 0.4359375 0.6129629629629629