5 0.753125 0.27407407407407425 0.7213541666666666 0.2740740740740742 0.7213541666666666 0.3296296296296298 0.753125 0.32962962962962983
0 0.6328125 0.6185185185185187 0.5984375 0.6185185185185187 0.5984375 0.6796296296296298 0.6328125 0.6796296296296298
13 0.5708333333333333 0.7509259259259261 0.5291666666666667 0.7509259259259261 0.5291666666666667 0.8268518518518521 0.5708333333333333 0.8268518518518521
12 0.5760416666666667 0.2027777777777779 0.5364583333333334 0.2027777777777779 0.5364583333333334 0.26944444444444454 0.5760416666666667 0.26944444444444454
0 0.5338541666666666 0.5750000000000002 0.49947916666666664 0.5750000000000002 0.49947916666666664 0.6361111111111113 0.5338541666666666 0.6361111111111113
5 0.7302083333333333 0.6351851851851854 0.6963541666666667 0.6351851851851854 0.6963541666666667 0.6953703703703705 0.7302083333333333 0.6953703703703705
7 0.5635416666666667 0.8379629629629631 0.5286458333333334 0.8379629629629631 0.5286458333333334 0.8981481481481484 0.5635416666666667 0.8981481481481484
4 0.75 0.3472222222222224 0.7182291666666667 0.3472222222222223 0.7182291666666667 0.40370370370370384 0.75 0.4037037037037039
7 0.4953125 0.488888888888889 0.46197916666666666 0.4888888888888889 0.46197916666666666 0.5490740740740742 0.4953125 0.5490740740740743
3 0.471875 0.6537037037037037 0.44427083333333334 0.6537037037037037 0.44427083333333334 0.7018518518518518 0.471875 0.7018518518518518
6 0.5927083333333333 0.5231481481481484 0.559375 0.5231481481481484 0.559375 0.5824074074074076 0.5927083333333333 0.5824074074074076
3 0.44947916666666665 0.4000000000000001 0.42291666666666666 0.4000000000000001 0.42291666666666666 0.44722222222222235 0.44947916666666665 0.44722222222222235
2 0.3854166666666667 0.5388888888888889 0.3578125 0.5388888888888889 0.3578125 0.587037037037037 0.3854166666666667 0.587037037037037
10 0.7203125 0.8055555555555558 0.6869791666666667 0.8055555555555558 0.6869791666666667 0.8657407407407409 0.7203125 0.8657407407407409
2 0.6822916666666666 0.551851851851852 0.65625 0.551851851851852 0.65625 0.6000000000000002 0.6822916666666666 0.6000000000000002
3 0.6354166666666666 0.4611111111111112 0.6098958333333333 0.4611111111111112 0.6098958333333333 0.5074074074074076 0.6354166666666666 0.5074074074074076
3 0.7885416666666667 0.4314814814814817 0.7635416666666667 0.4314814814814817 0.7635416666666667 0.4768518518518521 0.7885416666666667 0.4768518518518521
9 0.5744791666666667 0.6842592592592595 0.546875 0.6842592592592595 0.546875 0.7333333333333335 0.5744791666666667 0.7333333333333335
2 0.5447916666666667 0.43333333333333346 0.5177083333333333 0.43333333333333346 0.5177083333333333 0.47962962962962985 0.5447916666666667 0.47962962962962985
11 0.4192708333333333 0.7092592592592593 0.3848958333333333 0.7092592592592593 0.3848958333333333 0.7694444444444445 0.4192708333333333 0.7694444444444445
2 0.5916666666666667 0.44444444444444453 0.5651041666666666 0.44444444444444453 0.5651041666666666 0.4888888888888891 0.5916666666666667 0.4888888888888891
6 0.6760416666666667 0.702777777777778 0.6421875 0.702777777777778 0.6421875 0.7629629629629632 0.6760416666666667 0.7629629629629632
9 0.6177083333333333 0.7750000000000002 0.5901041666666667 0.7750000000000002 0.5901041666666667 0.8250000000000002 0.6177083333333333 0.8250000000000002
2 0.7692708333333333 0.6546296296296299 0.7427083333333333 0.6546296296296299 0.7427083333333333 0.7018518518518521 0.7692708333333333 0.7018518518518521
1 0.7083333333333334 0.26296296296296306 0.6765625 0.26296296296296306 0.6765625 0.31944444444444453 0.7083333333333334 0.31944444444444453
11 0.6989583333333333 0.39814814814814825 0.6661458333333333 0.39814814814814825 0.6661458333333333 0.45555555555555566 0.6989583333333333 0.45555555555555566
10 0.5567708333333333 0.3537037037037038 0.5229166666666667 0.3537037037037038 0.5229166666666667 0.4129629629629631 0.5567708333333333 0.4129629629629631
8 0.6583333333333333 0.3175925925925927 0.6333333333333333 0.3175925925925927 0.6333333333333333 0.36203703703703716 0.6583333333333333 0.36203703703703716
3 0.7307291666666667 0.564814814814815 0.7052083333333333 0.564814814814815 0.7052083333333333 0.6120370370370373 0.7307291666666667 0.6120370370370373
8 0.6578125 0.2537037037037038 0.6317708333333333 0.2537037037037038 0.6317708333333333 0.29907407407407416 0.6578125 0.29907407407407416
1 0.4197916666666667 0.23888888888888898 0.38697916666666665 0.23888888888888898 0.38697916666666665 0.2962962962962964 0.4197916666666667 0.2962962962962964
4 0.6515625 0.37962962962962976 0.61875 0.37962962962962976 0.61875 0.4361111111111112 0.6515625 0.4361111111111112