13 0.6588541666666666 0.15000000000000013 0.5947916666666667 0.1500000000000001 0.5947916666666667 0.2685185185185186 0.6588541666666666 0.2685185185185186
3 0.7192708333333333 0.5796296296296298 0.6770833333333334 0.5796296296296298 0.6770833333333334 0.6564814814814817 0.7192708333333333 0.6564814814814817
7 0.5057291666666667 0.024074074074074178 0.45260416666666664 0.02407407407407417 0.45260416666666664 0.12222222222222233 0.5057291666666667 0.12222222222222233
7 0.7291666666666666 0.44722222222222235 0.6786458333333333 0.44722222222222235 0.6786458333333333 0.5398148148148151 0.7291666666666666 0.5398148148148151
8 0.39895833333333336 0.7694444444444445 0.35572916666666665 0.7694444444444445 0.35572916666666665 0.850925925925926 0.39895833333333336 0.850925925925926
2 0.5536458333333333 0.6287037037037039 0.5104166666666666 0.6287037037037039 0.5104166666666666 0.7101851851851854 0.5536458333333333 0.7101851851851854
2 0.6223958333333334 0.7685185185185187 0.5796875 0.7685185185185187 0.5796875 0.8481481481481483 0.6223958333333334 0.8481481481481483
2 0.39479166666666665 0.34814814814814826 0.35052083333333334 0.34814814814814826 0.35052083333333334 0.4287037037037038 0.39479166666666665 0.4287037037037038
6 0.5609375 0.7675925925925928 0.5088541666666667 0.7675925925925928 0.5088541666666667 0.8638888888888892 0.5609375 0.8638888888888892
10 0.4854166666666668 0.8777777777777779 0.43177083333333344 0.8777777777777778 0.43177083333333344 0.95 0.4854166666666668 0.95
3 0.584375 0.2925925925925927 0.540625 0.2925925925925927 0.540625 0.37314814814814823 0.584375 0.37314814814814823
4 0.4468750000000001 0.8064814814814815 0.3932291666666667 0.8064814814814815 0.39322916666666674 0.9064814814814814 0.44687500000000013 0.9064814814814814
11 0.615625 1.283044308551139e-16 0.5630208333333333 1.2257807313687858e-16 0.5630208333333333 0.06944444444444457 0.615625 0.06944444444444457
3 0.5098958333333333 0.15370370370370381 0.4661458333333333 0.15370370370370381 0.4661458333333333 0.2351851851851853 0.5098958333333333 0.2351851851851853
2 0.3151041666666667 0.20000000000000004 0.271875 0.20000000000000004 0.271875 0.27962962962962973 0.3151041666666667 0.27962962962962973
3 0.43385416666666665 0.011111111111111202 0.38958333333333334 0.011111111111111197 0.38958333333333334 0.09259259259259268 0.43385416666666665 0.0925925925925927
2 0.4713541666666667 0.49722222222222223 0.4270833333333333 0.49722222222222223 0.4270833333333333 0.5787037037037037 0.4713541666666667 0.5787037037037037
12 0.4166666666666667 0.612037037037037 0.34791666666666665 0.612037037037037 0.34791666666666665 0.7398148148148148 0.4166666666666667 0.7398148148148148
3 0.6520833333333333 0.4462962962962964 0.6104166666666667 0.4462962962962964 0.6104166666666667 0.5222222222222225 0.6520833333333333 0.5222222222222225
11 0.7546875 0.2574074074074076 0.7046875 0.25740740740740753 0.7046875 0.34907407407407426 0.7546875 0.34907407407407426
8 0.325 0.6333333333333333 0.28072916666666664 0.6333333333333333 0.28072916666666664 0.7157407407407408 0.325 0.7157407407407408
10 0.2890625 0.537962962962963 0.23125000000000007 0.537962962962963 0.23125000000000007 0.6453703703703704 0.2890625 0.6453703703703704
4 0.24791666666666673 0.46018518518518525 0.1901041666666667 0.4601851851851852 0.1901041666666667 0.5675925925925925 0.24791666666666673 0.5675925925925925
0 0.2119791666666667 0.3888888888888889 0.15364583333333334 0.3888888888888889 0.15364583333333337 0.4981481481481482 0.21197916666666672 0.4981481481481482
9 0.7203125 0.20000000000000015 0.6802083333333333 0.20000000000000015 0.6802083333333333 0.2750000000000001 0.7203125 0.2750000000000001
9 0.6442708333333333 0.060185185185185314 0.6046875 0.060185185185185314 0.6046875 0.13518518518518535 0.6442708333333333 0.13518518518518535
5 0.5776041666666667 1.1985663580544003e-16 0.5234375 1.1396018825398982e-16 0.5234375 0.007407407407407527 0.5776041666666667 0.007407407407407533
1 0.8145833333333333 0.4000000000000002 0.7635416666666667 0.4000000000000002 0.7635416666666667 0.49351851851851875 0.8145833333333333 0.49351851851851875
5 0.784375 0.31944444444444464 0.7333333333333333 0.31944444444444464 0.7333333333333333 0.414814814814815 0.784375 0.414814814814815
6 0.3203125 0.3212962962962964 0.2625 0.3212962962962964 0.2625 0.4287037037037038 0.3203125 0.4287037037037038