0 0.4166666666666667 0.5796296296296296 0.3734375 0.5796296296296296 0.3734375 0.6592592592592592 0.4166666666666667 0.6592592592592592
6 0.3984375 0.5037037037037037 0.3541666666666667 0.5037037037037037 0.3541666666666667 0.5842592592592593 0.3984375 0.5842592592592593
11 0.5598958333333334 0.14722222222222234 0.5151041666666667 0.14722222222222234 0.5151041666666667 0.22962962962962974 0.5598958333333334 0.22962962962962974
5 0.5645833333333333 1.1781555780686112e-16 0.5177083333333333 1.1271286281041382e-16 0.5177083333333333 0.035185185185185305 0.5645833333333333 0.035185185185185305
12 0.3463541666666667 0.46759259259259267 0.2947916666666667 0.46759259259259267 0.2947916666666667 0.562037037037037 0.3463541666666667 0.562037037037037
7 0.603125 0.3074074074074075 0.5578125 0.3074074074074075 0.5578125 0.39074074074074083 0.603125 0.39074074074074083
3 0.5140625 0.2037037037037038 0.478125 0.2037037037037038 0.478125 0.2685185185185186 0.5140625 0.2685185185185186
0 0.2859375 0.24444444444444455 0.24375 0.24444444444444455 0.24375 0.32222222222222235 0.2859375 0.32222222222222235
4 0.3776041666666667 0.6185185185185185 0.33541666666666664 0.6185185185185185 0.33541666666666664 0.6972222222222222 0.3776041666666667 0.6972222222222222
5 0.665625 0.35277777777777786 0.6203125 0.35277777777777786 0.6203125 0.4351851851851853 0.665625 0.4351851851851853
4 0.3026041666666667 0.31944444444444453 0.2598958333333333 0.31944444444444453 0.2598958333333333 0.3962962962962964 0.3026041666666667 0.3962962962962964
6 0.34010416666666665 0.27685185185185196 0.29791666666666666 0.27685185185185196 0.29791666666666666 0.35462962962962974 0.34010416666666665 0.35462962962962974
8 0.31979166666666664 0.4037037037037038 0.28541666666666665 0.4037037037037038 0.28541666666666665 0.4685185185185186 0.31979166666666664 0.4685185185185186
11 0.584375 0.029629629629629756 0.5395833333333333 0.02962962962962975 0.5395833333333333 0.11203703703703716 0.584375 0.11203703703703717
1 0.58125 0.22962962962962974 0.5359375 0.22962962962962974 0.5359375 0.3111111111111112 0.58125 0.3111111111111112
2 0.4546875 0.5555555555555556 0.4197916666666667 0.5555555555555556 0.4197916666666667 0.6175925925925926 0.4546875 0.6175925925925926
13 0.6307291666666667 0.17314814814814827 0.5739583333333333 0.17314814814814825 0.5739583333333333 0.275925925925926 0.6307291666666667 0.275925925925926
1 0.540625 0.07777777777777788 0.4947916666666667 0.07777777777777788 0.4947916666666667 0.15925925925925938 0.540625 0.15925925925925938
10 0.37916666666666665 0.42962962962962975 0.33489583333333334 0.42962962962962975 0.33489583333333334 0.5111111111111111 0.37916666666666665 0.5111111111111111
7 0.5203125 1.0834722375789777e-16 0.475 1.0341461859466538e-16 0.475 0.07777777777777788 0.5203125 0.07777777777777788
10 0.3578125 0.3574074074074075 0.3145833333333333 0.3574074074074075 0.3145833333333333 0.43703703703703717 0.3578125 0.43703703703703717
3 0.5755208333333334 0.43703703703703717 0.5395833333333333 0.43703703703703717 0.5395833333333333 0.5018518518518521 0.5755208333333334 0.5018518518518521
9 0.6416666666666667 0.27314814814814825 0.6052083333333333 0.27314814814814825 0.6052083333333333 0.3398148148148149 0.6416666666666667 0.3398148148148149
3 0.5578125 0.3592592592592594 0.521875 0.3592592592592594 0.521875 0.4231481481481483 0.5578125 0.4231481481481483
2 0.4140625 0.3962962962962964 0.37864583333333335 0.3962962962962964 0.37864583333333335 0.4601851851851853 0.4140625 0.4601851851851853
3 0.5380208333333333 0.2750000000000001 0.5020833333333333 0.2750000000000001 0.5020833333333333 0.34074074074074084 0.5380208333333333 0.34074074074074084
9 0.5979166666666667 0.11481481481481495 0.5614583333333333 0.11481481481481495 0.5614583333333333 0.18240740740740752 0.5979166666666667 0.18240740740740752
3 0.49583333333333335 0.11574074074074085 0.459375 0.11574074074074085 0.459375 0.18240740740740752 0.49583333333333335 0.18240740740740752
2 0.3734375 0.24351851851851863 0.3385416666666667 0.24351851851851863 0.3385416666666667 0.3064814814814816 0.3734375 0.3064814814814816
2 0.38958333333333334 0.31944444444444453 0.35572916666666665 0.31944444444444453 0.35572916666666665 0.38240740740740753 0.38958333333333334 0.38240740740740753
8 0.35520833333333335 0.5546296296296296 0.3203125 0.5546296296296296 0.3203125 0.6185185185185185 0.35520833333333335 0.6185185185185185
2 0.4322916666666667 0.47962962962962963 0.39791666666666664 0.47962962962962963 0.39791666666666664 0.5416666666666666 0.4322916666666667 0.5416666666666666