1 0.24739583333333334 0.10462962962962968 0.2125 0.10462962962962968 0.2125 0.15740740740740747 0.24739583333333334 0.15740740740740747
4 0.6354166666666666 0.6203703703703706 0.5979166666666667 0.6203703703703706 0.5979166666666667 0.676851851851852 0.6354166666666666 0.676851851851852
3 0.35885416666666664 0.625 0.32916666666666666 0.625 0.32916666666666666 0.6703703703703704 0.35885416666666664 0.6703703703703704
13 0.28072916666666664 0.4157407407407408 0.2359375 0.41574074074074074 0.23593750000000002 0.4861111111111111 0.28072916666666664 0.4861111111111111
7 0.3375 0.17222222222222228 0.3026041666666667 0.17222222222222228 0.3026041666666667 0.2342592592592593 0.3375 0.2342592592592593
3 0.35885416666666664 0.43796296296296305 0.32916666666666666 0.43796296296296305 0.32916666666666666 0.48055555555555557 0.35885416666666664 0.48055555555555557
11 0.24270833333333333 0.2592592592592593 0.20833333333333334 0.25925925925925924 0.20833333333333334 0.31388888888888894 0.24270833333333333 0.313888888888889
2 0.5057291666666667 0.4462962962962964 0.47604166666666664 0.4462962962962964 0.47604166666666664 0.49074074074074087 0.5057291666666667 0.490740740740741
2 0.5078125 0.10462962962962974 0.4791666666666667 0.10462962962962974 0.4791666666666667 0.1462962962962964 0.5078125 0.1462962962962964
3 0.37083333333333335 0.10277777777777786 0.3421875 0.10277777777777786 0.3421875 0.1435185185185186 0.37083333333333335 0.14351851851851863
2 0.50625 0.2722222222222223 0.47604166666666664 0.2722222222222223 0.47604166666666664 0.31481481481481494 0.50625 0.31481481481481494
2 0.49791666666666673 0.8185185185185186 0.46770833333333334 0.8185185185185185 0.4677083333333334 0.8648148148148149 0.4979166666666668 0.864814814814815
3 0.36614583333333334 0.26944444444444454 0.33697916666666666 0.26944444444444454 0.33697916666666666 0.3111111111111112 0.36614583333333334 0.3111111111111112
0 0.6375 0.11018518518518532 0.6036458333333333 0.11018518518518532 0.6036458333333333 0.1629629629629631 0.6375 0.16296296296296311
2 0.4947916666666667 0.6333333333333334 0.4640625 0.6333333333333333 0.4640625 0.6777777777777779 0.4947916666666667 0.677777777777778
6 0.5541666666666667 0.17222222222222233 0.5192708333333333 0.17222222222222233 0.5192708333333333 0.22962962962962974 0.5541666666666667 0.22962962962962974
7 0.31354166666666666 0.7148148148148148 0.278125 0.7148148148148148 0.278125 0.7759259259259259 0.31354166666666666 0.7759259259259259
3 0.35833333333333334 0.8064814814814815 0.32864583333333336 0.8064814814814815 0.32864583333333336 0.850925925925926 0.35833333333333334 0.850925925925926
4 0.6390625 0.18888888888888905 0.6046875 0.18888888888888905 0.6046875 0.24351851851851863 0.6390625 0.24351851851851863
1 0.23437500000000006 0.7935185185185185 0.1979166666666667 0.7935185185185185 0.1979166666666667 0.8592592592592593 0.23437500000000006 0.8592592592592593
12 0.6 0.44166666666666676 0.5572916666666666 0.44166666666666676 0.5572916666666666 0.5203703703703706 0.6 0.5203703703703706
6 0.5489583333333333 0.7231481481481483 0.5114583333333333 0.7231481481481483 0.5114583333333333 0.7888888888888891 0.5489583333333333 0.7888888888888891
8 0.6421875 0.5453703703703706 0.6125 0.5453703703703706 0.6125 0.5888888888888891 0.6421875 0.5888888888888891
5 0.23072916666666674 0.6962962962962963 0.19635416666666672 0.6962962962962963 0.19635416666666672 0.7518518518518519 0.23072916666666674 0.7518518518518519
11 0.22864583333333338 0.6166666666666667 0.19322916666666673 0.6166666666666667 0.19322916666666673 0.6722222222222223 0.22864583333333338 0.6722222222222223
0 0.6421875 0.8000000000000002 0.6041666666666666 0.8000000000000002 0.6041666666666666 0.8638888888888892 0.6421875 0.8638888888888892
8 0.6385416666666667 0.37407407407407417 0.609375 0.37407407407407417 0.609375 0.42407407407407416 0.6385416666666667 0.42407407407407416
10 0.6421875 0.2777777777777779 0.60625 0.2777777777777779 0.60625 0.33055555555555566 0.6421875 0.33055555555555566
5 0.2546875 0.17500000000000004 0.215625 0.17500000000000004 0.215625 0.23240740740740745 0.2546875 0.23240740740740745
9 0.23645833333333333 0.3509259259259259 0.21145833333333333 0.3509259259259259 0.21145833333333333 0.3972222222222222 0.23645833333333333 0.3972222222222222
9 0.2291666666666667 0.5361111111111111 0.19947916666666674 0.5361111111111111 0.19947916666666674 0.5805555555555556 0.2291666666666667 0.5805555555555556
10 0.6348958333333333 0.7120370370370372 0.6005208333333333 0.7120370370370372 0.6005208333333333 0.7787037037037039 0.6348958333333333 0.7787037037037039