13 0.6723958333333333 0.42037037037037045 0.625 0.42037037037037045 0.625 0.49722222222222245 0.6723958333333333 0.49722222222222245
7 0.6171875 0.7185185185185188 0.5786458333333333 0.7185185185185188 0.5786458333333333 0.7851851851851854 0.6171875 0.7851851851851854
2 0.4109375 0.2314814814814816 0.3802083333333333 0.2314814814814816 0.3802083333333333 0.28333333333333344 0.4109375 0.28333333333333344
7 0.6072916666666667 0.12129629629629643 0.5697916666666667 0.1212962962962964 0.5697916666666667 0.1842592592592594 0.6072916666666667 0.18425925925925943
3 0.5609375 0.2324074074074075 0.5291666666666667 0.2324074074074075 0.5291666666666667 0.2814814814814816 0.5609375 0.2814814814814816
3 0.5526041666666667 0.04722222222222234 0.521875 0.04722222222222234 0.521875 0.09629629629629642 0.5526041666666667 0.09629629629629642
2 0.4114583333333333 0.6351851851851852 0.3796875 0.6351851851851852 0.3796875 0.6898148148148148 0.4114583333333333 0.6898148148148148
2 0.40625 0.03888888888888897 0.37604166666666666 0.038888888888888966 0.37604166666666666 0.08796296296296305 0.40625 0.08796296296296305
8 0.2536458333333334 0.525 0.2223958333333334 0.525 0.2223958333333334 0.5787037037037037 0.2536458333333334 0.5787037037037037
3 0.5734375 0.8342592592592595 0.5421875 0.8342592592592595 0.5421875 0.8861111111111113 0.5734375 0.8861111111111113
4 0.2677083333333333 0.23796296296296301 0.22864583333333333 0.23796296296296296 0.22864583333333333 0.3027777777777778 0.2677083333333333 0.30277777777777787
5 0.6989583333333333 0.14259259259259274 0.6625 0.14259259259259274 0.6625 0.20370370370370386 0.6989583333333333 0.20370370370370386
3 0.5713541666666667 0.6268518518518521 0.5385416666666667 0.6268518518518521 0.5385416666666667 0.6796296296296298 0.5713541666666667 0.6796296296296298
3 0.5682291666666667 0.43055555555555564 0.5369791666666667 0.43055555555555564 0.5369791666666667 0.4814814814814817 0.5682291666666667 0.4814814814814817
12 0.3140625 0.40462962962962973 0.2671875 0.40462962962962973 0.2671875 0.48518518518518516 0.3140625 0.48518518518518516
9 0.7104166666666667 0.5175925925925928 0.6796875 0.5175925925925928 0.6796875 0.5685185185185188 0.7104166666666667 0.5685185185185188
11 0.7078125 0.22222222222222238 0.6682291666666667 0.22222222222222238 0.6682291666666667 0.2861111111111112 0.7078125 0.2861111111111112
1 0.6880208333333333 0.04537037037037051 0.6515625 0.04537037037037051 0.6515625 0.10277777777777793 0.6880208333333333 0.10277777777777794
0 0.26197916666666665 0.043518518518518574 0.22447916666666667 0.043518518518518574 0.22447916666666667 0.10833333333333339 0.26197916666666665 0.10833333333333339
10 0.26614583333333336 0.13518518518518524 0.23072916666666668 0.13518518518518524 0.23072916666666668 0.20370370370370375 0.26614583333333336 0.20370370370370375
8 0.24791666666666667 0.3305555555555556 0.21927083333333333 0.33055555555555555 0.21927083333333333 0.38518518518518524 0.24791666666666667 0.3851851851851853
2 0.4046875 0.4250000000000001 0.3734375 0.4250000000000001 0.3734375 0.48518518518518516 0.4046875 0.48518518518518516
6 0.35989583333333336 0.11203703703703712 0.3223958333333333 0.11203703703703712 0.3223958333333333 0.1907407407407408 0.35989583333333336 0.1907407407407408
6 0.3645833333333333 0.7407407407407407 0.3260416666666667 0.7407407407407407 0.3260416666666667 0.8138888888888889 0.3645833333333333 0.8138888888888889
10 0.2598958333333334 0.6268518518518519 0.2192708333333334 0.6268518518518519 0.2192708333333334 0.7064814814814815 0.2598958333333334 0.7064814814814815
4 0.26041666666666674 0.7379629629629629 0.22083333333333338 0.7379629629629629 0.22083333333333338 0.8083333333333333 0.26041666666666674 0.8083333333333333
0 0.26406250000000003 0.8388888888888889 0.2223958333333334 0.8388888888888889 0.2223958333333334 0.9074074074074074 0.26406250000000003 0.9074074074074074
2 0.4151041666666667 0.8435185185185186 0.3802083333333333 0.8435185185185186 0.38020833333333337 0.8981481481481481 0.4151041666666668 0.8981481481481481
9 0.70625 0.313888888888889 0.6776041666666667 0.313888888888889 0.6776041666666667 0.3712962962962964 0.70625 0.3712962962962964
11 0.7171875 0.6120370370370373 0.6786458333333333 0.6120370370370373 0.6786458333333333 0.6787037037037039 0.7171875 0.6787037037037039
5 0.7166666666666667 0.7101851851851854 0.6791666666666667 0.7101851851851854 0.6791666666666667 0.777777777777778 0.7166666666666667 0.777777777777778
1 0.7239583333333334 0.8000000000000002 0.684375 0.8000000000000002 0.684375 0.8666666666666669 0.7239583333333334 0.8666666666666669