5 0.6130208333333333 0.3592592592592594 0.575 0.3592592592592594 0.575 0.43425925925925934 0.6130208333333333 0.43425925925925934
7 0.6833333333333333 0.6481481481481484 0.6447916666666667 0.6481481481481484 0.6447916666666667 0.7222222222222224 0.6833333333333333 0.7222222222222224
2 0.3541666666666667 0.29907407407407416 0.3255208333333333 0.29907407407407416 0.3255208333333333 0.3574074074074075 0.3541666666666667 0.3574074074074075
2 0.4083333333333333 0.3777777777777779 0.378125 0.3777777777777779 0.378125 0.438888888888889 0.4083333333333333 0.438888888888889
2 0.3807291666666667 0.6759259259259259 0.3515625 0.6759259259259259 0.3515625 0.7342592592592593 0.3807291666666667 0.7342592592592593
11 0.7546875 0.35740740740740756 0.7161458333333334 0.3574074074074075 0.7161458333333334 0.4324074074074076 0.7546875 0.43240740740740763
6 0.43125 0.6712962962962963 0.39375 0.6712962962962963 0.39375 0.7453703703703703 0.43125 0.7453703703703703
12 0.6697916666666667 0.450925925925926 0.6234375 0.450925925925926 0.6234375 0.540740740740741 0.6697916666666667 0.540740740740741
7 0.6505208333333333 0.26481481481481495 0.6119791666666666 0.26481481481481495 0.6119791666666666 0.3379629629629631 0.6505208333333333 0.3379629629629631
10 0.3729166666666667 0.4842592592592593 0.33645833333333336 0.4842592592592593 0.33645833333333336 0.5546296296296296 0.3729166666666667 0.5546296296296296
3 0.7229166666666667 0.6583333333333335 0.6927083333333334 0.6583333333333335 0.6927083333333334 0.714814814814815 0.7229166666666667 0.714814814814815
0 0.33541666666666664 0.5814814814814815 0.2989583333333333 0.5814814814814815 0.2989583333333333 0.6537037037037037 0.33541666666666664 0.6537037037037037
3 0.6979166666666666 0.2740740740740742 0.6682291666666667 0.2740740740740742 0.6682291666666667 0.33240740740740754 0.6979166666666666 0.33240740740740754
1 0.7598958333333333 0.4546296296296298 0.721875 0.4546296296296297 0.721875 0.5287037037037039 0.7598958333333333 0.5287037037037039
0 0.31875 0.38796296296296306 0.2833333333333333 0.38796296296296306 0.2833333333333333 0.4611111111111112 0.31875 0.4611111111111112
8 0.7177083333333333 0.5546296296296298 0.6880208333333333 0.5546296296296298 0.6880208333333333 0.6157407407407409 0.7177083333333333 0.6157407407407409
4 0.465625 0.3777777777777779 0.42864583333333334 0.3777777777777779 0.42864583333333334 0.4490740740740742 0.465625 0.4490740740740742
8 0.7052083333333333 0.3694444444444446 0.6744791666666666 0.3694444444444446 0.6744791666666666 0.426851851851852 0.7052083333333333 0.426851851851852
3 0.6515625 0.3675925925925927 0.621875 0.3675925925925927 0.621875 0.4287037037037038 0.6515625 0.4287037037037038
6 0.40729166666666666 0.2787037037037038 0.3697916666666667 0.2787037037037038 0.3697916666666667 0.3500000000000001 0.40729166666666666 0.3500000000000001
11 0.7645833333333333 0.5462962962962965 0.7260416666666667 0.5462962962962965 0.7260416666666667 0.6194444444444447 0.7645833333333333 0.6194444444444447
13 0.42135416666666664 0.4703703703703705 0.3765625 0.4703703703703705 0.3765625 0.5583333333333333 0.42135416666666664 0.5583333333333333
3 0.6125 0.47777777777777797 0.5822916666666667 0.47777777777777797 0.5822916666666667 0.5370370370370372 0.6125 0.5370370370370372
4 0.47708333333333336 0.5685185185185185 0.4395833333333333 0.5685185185185185 0.4395833333333333 0.6425925925925926 0.47708333333333336 0.6425925925925926
1 0.7119791666666667 0.4611111111111112 0.6739583333333333 0.4611111111111112 0.6739583333333333 0.5333333333333335 0.7119791666666667 0.5333333333333335
2 0.4239583333333333 0.5712962962962963 0.3958333333333333 0.5712962962962963 0.3958333333333333 0.6314814814814815 0.4239583333333333 0.6314814814814815
2 0.46458333333333335 0.47685185185185186 0.4348958333333333 0.47685185185185186 0.4348958333333333 0.5351851851851852 0.46458333333333335 0.5351851851851852
3 0.6697916666666667 0.5666666666666669 0.6364583333333333 0.5666666666666669 0.6364583333333333 0.6194444444444447 0.6697916666666667 0.6194444444444447
9 0.36614583333333334 0.388888888888889 0.33541666666666664 0.388888888888889 0.33541666666666664 0.44537037037037047 0.36614583333333334 0.44537037037037047
9 0.3807291666666667 0.5851851851851851 0.346875 0.5851851851851851 0.346875 0.6407407407407407 0.3807291666666667 0.6407407407407407
5 0.6265625 0.5620370370370372 0.5859375 0.5620370370370372 0.5859375 0.6333333333333335 0.6265625 0.6333333333333335
10 0.3265625 0.48148148148148145 0.2890625 0.48148148148148145 0.2890625 0.5481481481481482 0.3265625 0.5481481481481482