2 0.5713541666666667 0.45185185185185195 0.5453125 0.45185185185185195 0.5453125 0.49814814814814834 0.5713541666666667 0.49814814814814834
8 0.46927083333333336 0.7462962962962963 0.44375 0.7462962962962963 0.44375 0.7935185185185185 0.46927083333333336 0.7935185185185185
12 0.5286458333333334 0.7888888888888891 0.48802083333333335 0.7888888888888891 0.4880208333333334 0.8611111111111113 0.5286458333333335 0.8611111111111113
10 0.415625 0.7657407407407407 0.38229166666666664 0.7657407407407407 0.38229166666666664 0.825 0.415625 0.825
3 0.35572916666666665 0.7138888888888889 0.3307291666666667 0.7138888888888889 0.3307291666666667 0.7601851851851852 0.35572916666666665 0.7601851851851852
3 0.39375 0.6148148148148148 0.3671875 0.6148148148148148 0.3671875 0.6611111111111111 0.39375 0.6611111111111111
1 0.3432291666666668 0.8768518518518519 0.31093750000000014 0.8768518518518519 0.31093750000000014 0.9351851851851852 0.3432291666666668 0.9351851851851852
7 0.31666666666666665 0.3351851851851853 0.284375 0.3351851851851853 0.284375 0.39074074074074083 0.31666666666666665 0.39074074074074083
7 0.44583333333333336 0.2703703703703705 0.41354166666666664 0.2703703703703705 0.41354166666666664 0.325925925925926 0.44583333333333336 0.325925925925926
0 0.6510416666666666 0.6509259259259261 0.6177083333333333 0.6509259259259261 0.6177083333333333 0.7101851851851854 0.6510416666666666 0.7101851851851854
6 0.5609375 0.6944444444444446 0.5286458333333334 0.6944444444444446 0.5286458333333334 0.752777777777778 0.5609375 0.752777777777778
11 0.6703125 0.3972222222222223 0.6364583333333333 0.3972222222222223 0.6364583333333333 0.4546296296296297 0.6703125 0.4546296296296297
9 0.3828125 0.150925925925926 0.35625 0.150925925925926 0.35625 0.1972222222222223 0.3828125 0.19722222222222233
9 0.3854166666666667 0.225925925925926 0.359375 0.22592592592592597 0.359375 0.26944444444444454 0.3854166666666667 0.26944444444444454
3 0.5515625 0.3064814814814816 0.525 0.3064814814814816 0.525 0.35092592592592603 0.5515625 0.35092592592592603
0 0.7098958333333333 0.6953703703703705 0.6755208333333333 0.6953703703703705 0.6755208333333333 0.7546296296296299 0.7098958333333333 0.7546296296296299
10 0.6052083333333333 0.05370370370370383 0.5723958333333333 0.05370370370370382 0.5723958333333333 0.11018518518518532 0.6052083333333333 0.11018518518518532
3 0.43385416666666665 0.5101851851851852 0.40729166666666666 0.5101851851851852 0.40729166666666666 0.5564814814814815 0.43385416666666665 0.5564814814814815
3 0.5822916666666667 0.2037037037037038 0.55625 0.2037037037037038 0.55625 0.24907407407407417 0.5822916666666667 0.24907407407407417
2 0.5067708333333333 0.40833333333333344 0.48072916666666665 0.40833333333333344 0.48072916666666665 0.45370370370370383 0.5067708333333333 0.45370370370370383
4 0.4557291666666667 0.6685185185185185 0.42135416666666664 0.6685185185185185 0.42135416666666664 0.725925925925926 0.4557291666666667 0.725925925925926
2 0.36770833333333336 0.46944444444444455 0.34270833333333334 0.46944444444444455 0.34270833333333334 0.5148148148148148 0.36770833333333336 0.5148148148148148
4 0.5364583333333334 0.5425925925925928 0.5036458333333333 0.5425925925925928 0.5036458333333333 0.6018518518518521 0.5364583333333334 0.6018518518518521
2 0.6265625 0.5064814814814816 0.6005208333333333 0.5064814814814816 0.6005208333333333 0.552777777777778 0.6265625 0.552777777777778
11 0.2828125 0.5037037037037037 0.2510416666666667 0.5037037037037037 0.2510416666666667 0.5611111111111111 0.2828125 0.5611111111111111
6 0.5041666666666667 0.639814814814815 0.4708333333333333 0.6398148148148148 0.4708333333333333 0.6981481481481483 0.5041666666666667 0.6981481481481484
13 0.4703125 0.10555555555555567 0.4322916666666667 0.10555555555555567 0.4322916666666667 0.17314814814814825 0.4703125 0.17314814814814825
5 0.5182291666666666 0.08611111111111122 0.48489583333333336 0.08611111111111122 0.48489583333333336 0.1425925925925927 0.5182291666666666 0.1425925925925927
5 0.490625 0.2537037037037038 0.4578125 0.2537037037037038 0.4578125 0.3101851851851853 0.490625 0.3101851851851853
8 0.3572916666666667 0.313888888888889 0.33125 0.313888888888889 0.33125 0.3611111111111112 0.3572916666666667 0.3611111111111112
2 0.5369791666666667 0.23055555555555565 0.5114583333333333 0.23055555555555565 0.5114583333333333 0.27314814814814825 0.5369791666666667 0.27314814814814825
1 0.25416666666666665 0.22962962962962968 0.2234375 0.22962962962962968 0.2234375 0.28518518518518526 0.25416666666666665 0.28518518518518526