1 0.5755208333333334 0.8638888888888892 0.5359375 0.8638888888888892 0.5359375 0.9240740740740743 0.5755208333333334 0.9240740740740743
9 0.5145833333333333 0.18240740740740752 0.4822916666666667 0.18240740740740752 0.4822916666666667 0.22962962962962974 0.5145833333333333 0.22962962962962974
1 0.5744791666666667 0.25740740740740753 0.5348958333333333 0.25740740740740753 0.5348958333333333 0.31851851851851865 0.5744791666666667 0.31851851851851865
10 0.5239583333333333 0.7824074074074077 0.48854166666666665 0.7824074074074077 0.48854166666666665 0.8462962962962965 0.5239583333333333 0.8462962962962965
3 0.5223958333333333 0.5324074074074077 0.490625 0.5324074074074077 0.490625 0.5842592592592595 0.5223958333333333 0.5842592592592595
3 0.5734375 0.4324074074074075 0.5421875 0.4324074074074075 0.5421875 0.47962962962962985 0.5734375 0.47962962962962985
2 0.35625 0.26944444444444454 0.32447916666666665 0.26944444444444454 0.32447916666666665 0.31666666666666676 0.35625 0.31666666666666676
7 0.3078125 0.3500000000000001 0.26927083333333335 0.3500000000000001 0.26927083333333335 0.41018518518518526 0.3078125 0.41018518518518526
5 0.5223958333333333 0.3462962962962964 0.4864583333333333 0.3462962962962964 0.4864583333333333 0.4027777777777779 0.5223958333333333 0.4027777777777779
6 0.740625 0.4185185185185187 0.703125 0.4185185185185186 0.703125 0.48333333333333356 0.740625 0.48333333333333356
2 0.35208333333333336 0.5314814814814814 0.32135416666666666 0.5314814814814814 0.32135416666666666 0.5796296296296296 0.35208333333333336 0.5796296296296296
12 0.47500000000000014 0.8657407407407407 0.4291666666666668 0.8657407407407407 0.4291666666666668 0.937037037037037 0.47500000000000014 0.937037037037037
8 0.46875 0.7064814814814815 0.4395833333333333 0.7064814814814815 0.4395833333333333 0.7601851851851852 0.46875 0.7601851851851852
3 0.4661458333333333 0.35185185185185197 0.43385416666666665 0.35185185185185197 0.43385416666666665 0.3990740740740742 0.4661458333333333 0.3990740740740742
3 0.6270833333333333 0.43333333333333346 0.5953125 0.43333333333333346 0.5953125 0.4824074074074076 0.6270833333333333 0.4824074074074076
6 0.41458333333333336 0.7 0.37552083333333336 0.7 0.37552083333333336 0.7601851851851852 0.41458333333333336 0.7601851851851852
5 0.4078125 0.17314814814814825 0.3692708333333333 0.17314814814814825 0.3692708333333333 0.23333333333333345 0.4078125 0.23333333333333345
3 0.35625 0.44444444444444453 0.32447916666666665 0.44444444444444453 0.32447916666666665 0.49444444444444446 0.35625 0.49444444444444446
4 0.46770833333333334 0.42777777777777787 0.42916666666666664 0.42777777777777787 0.42916666666666664 0.4888888888888889 0.46770833333333334 0.4888888888888889
4 0.35885416666666664 0.6962962962962963 0.31979166666666664 0.6962962962962963 0.31979166666666664 0.7583333333333333 0.35885416666666664 0.7583333333333333
13 0.5760416666666667 0.16574074074074086 0.5322916666666667 0.16574074074074086 0.5322916666666667 0.23888888888888898 0.5760416666666667 0.23888888888888898
10 0.521875 0.09629629629629641 0.48489583333333336 0.09629629629629641 0.48489583333333336 0.15555555555555567 0.521875 0.15555555555555567
9 0.4625 0.1750000000000001 0.43125 0.1750000000000001 0.43125 0.22222222222222232 0.4625 0.22222222222222232
2 0.5734375 0.5250000000000002 0.5416666666666666 0.5250000000000002 0.5416666666666666 0.5740740740740743 0.5734375 0.5740740740740743
2 0.6786458333333333 0.25740740740740753 0.646875 0.25740740740740753 0.646875 0.30833333333333346 0.6786458333333333 0.30833333333333346
0 0.46927083333333336 0.25925925925925936 0.43020833333333336 0.25925925925925936 0.43020833333333336 0.31481481481481494 0.46927083333333336 0.31481481481481494
8 0.5229166666666668 0.8796296296296299 0.49114583333333345 0.8796296296296299 0.49114583333333345 0.9314814814814817 0.5229166666666668 0.9314814814814817
11 0.684375 0.6916666666666669 0.6458333333333334 0.6916666666666669 0.6458333333333334 0.7518518518518521 0.684375 0.7518518518518521
2 0.6213541666666667 0.25925925925925936 0.59375 0.25925925925925936 0.59375 0.30833333333333346 0.6213541666666667 0.30833333333333346
0 0.5776041666666667 0.689814814814815 0.5432291666666667 0.689814814814815 0.5432291666666667 0.7546296296296299 0.5776041666666667 0.7546296296296299
7 0.41614583333333344 0.8694444444444445 0.3822916666666668 0.8694444444444445 0.3822916666666668 0.9314814814814815 0.41614583333333344 0.9314814814814815
11 0.5213541666666667 0.6953703703703705 0.4869791666666667 0.6953703703703705 0.4869791666666667 0.7564814814814816 0.5213541666666667 0.7564814814814816