13 0.49114583333333334 0.7231481481481482 0.446875 0.7231481481481481 0.446875 0.7972222222222223 0.49114583333333334 0.7972222222222224
3 0.28125 0.562037037037037 0.2515625000000001 0.562037037037037 0.2515625000000001 0.6092592592592593 0.28125 0.6092592592592593
2 0.3854166666666667 0.3074074074074075 0.3567708333333333 0.3074074074074075 0.3567708333333333 0.35462962962962974 0.3854166666666667 0.35462962962962974
8 0.44375 0.07129629629629639 0.41458333333333336 0.07129629629629637 0.41458333333333336 0.11759259259259268 0.44375 0.11759259259259269
12 0.5 0.1351851851851853 0.45677083333333335 0.1351851851851853 0.45677083333333335 0.2064814814814816 0.5 0.2064814814814816
7 0.3338541666666667 0.625 0.29791666666666666 0.625 0.29791666666666666 0.6861111111111111 0.3338541666666667 0.6861111111111111
2 0.48541666666666666 0.30092592592592604 0.45729166666666665 0.30092592592592604 0.45729166666666665 0.3500000000000001 0.48541666666666666 0.3500000000000001
6 0.3302083333333333 0.22500000000000006 0.2953125 0.22500000000000006 0.2953125 0.28333333333333344 0.3302083333333333 0.28333333333333344
3 0.6947916666666667 0.5537037037037039 0.6651041666666667 0.5537037037037039 0.6651041666666667 0.6000000000000002 0.6947916666666667 0.6000000000000002
7 0.6552083333333333 0.6398148148148151 0.6182291666666667 0.6398148148148151 0.6182291666666667 0.7000000000000002 0.6552083333333333 0.7000000000000002
8 0.5364583333333334 0.06574074074074085 0.5083333333333333 0.06574074074074085 0.5083333333333333 0.11111111111111122 0.5364583333333334 0.11111111111111122
3 0.3854166666666667 0.562962962962963 0.35625 0.562962962962963 0.35625 0.6111111111111112 0.3854166666666667 0.6111111111111112
4 0.5864583333333333 0.08055555555555569 0.5505208333333333 0.08055555555555569 0.5505208333333333 0.13703703703703715 0.5864583333333333 0.13703703703703715
2 0.28229166666666666 0.30833333333333346 0.253125 0.30833333333333346 0.253125 0.35462962962962974 0.28229166666666666 0.35462962962962974
2 0.5911458333333334 0.3157407407407408 0.5619791666666667 0.3157407407407408 0.5619791666666667 0.36203703703703716 0.5911458333333334 0.36203703703703716
6 0.6484375 0.22407407407407423 0.6140625 0.22407407407407423 0.6140625 0.2824074074074075 0.6484375 0.2824074074074075
0 0.29583333333333334 0.0731481481481482 0.2598958333333333 0.0731481481481482 0.2598958333333333 0.13055555555555562 0.29583333333333334 0.13055555555555562
3 0.48541666666666666 0.5666666666666668 0.4557291666666667 0.5666666666666667 0.4557291666666667 0.6157407407407408 0.48541666666666666 0.6157407407407409
9 0.55 0.8166666666666669 0.5197916666666667 0.8166666666666669 0.5197916666666668 0.8657407407407409 0.55 0.8657407407407409
2 0.69375 0.31203703703703717 0.6645833333333333 0.31203703703703717 0.6645833333333333 0.35833333333333345 0.69375 0.35833333333333345
4 0.3416666666666667 0.06666666666666675 0.30572916666666666 0.06666666666666675 0.30572916666666666 0.1231481481481482 0.3416666666666667 0.1231481481481482
5 0.334375 0.7962962962962963 0.296875 0.7962962962962963 0.296875 0.8592592592592593 0.334375 0.8592592592592593
11 0.38541666666666674 0.8046296296296296 0.3484375 0.8046296296296296 0.34843750000000007 0.8666666666666667 0.3854166666666668 0.8666666666666667
3 0.5947916666666667 0.5583333333333336 0.5645833333333333 0.5583333333333336 0.5645833333333333 0.6055555555555557 0.5947916666666667 0.6055555555555557
1 0.2880208333333334 0.8092592592592592 0.25260416666666674 0.8092592592592592 0.25260416666666674 0.8685185185185185 0.28802083333333345 0.8685185185185185
10 0.390625 0.06388888888888897 0.3572916666666667 0.06388888888888897 0.3572916666666667 0.12685185185185194 0.390625 0.12685185185185197
10 0.6390625 0.07500000000000014 0.6026041666666667 0.07500000000000014 0.6026041666666667 0.13518518518518532 0.6390625 0.13518518518518535
0 0.6854166666666667 0.06388888888888904 0.6510416666666666 0.06388888888888902 0.6510416666666666 0.1305555555555557 0.6854166666666667 0.1305555555555557
9 0.43802083333333336 0.8064814814814815 0.409375 0.8064814814814815 0.409375 0.8574074074074074 0.43802083333333336 0.8574074074074074
11 0.6020833333333333 0.8083333333333336 0.5661458333333333 0.8083333333333336 0.5661458333333333 0.8703703703703706 0.6020833333333333 0.8703703703703706
5 0.6473958333333333 0.801851851851852 0.6109375 0.801851851851852 0.6109375 0.8611111111111113 0.6473958333333333 0.8611111111111113
1 0.703125 0.7898148148148151 0.66875 0.7898148148148151 0.66875 0.8481481481481483 0.703125 0.8481481481481483