11 0.315625 0.325925925925926 0.2755208333333333 0.325925925925926 0.2755208333333333 0.40185185185185196 0.315625 0.40185185185185196
12 0.640625 0.38240740740740753 0.5880208333333333 0.38240740740740753 0.5880208333333333 0.47962962962962985 0.640625 0.47962962962962985
4 0.6640625 0.5638888888888891 0.6203125 0.5638888888888891 0.6203125 0.6444444444444447 0.6640625 0.6444444444444447
13 0.3416666666666667 0.4824074074074074 0.29270833333333335 0.4824074074074074 0.29270833333333335 0.575 0.3416666666666667 0.575
4 0.6072916666666667 0.20370370370370383 0.5651041666666666 0.2037037037037038 0.5651041666666666 0.28333333333333344 0.6072916666666667 0.28333333333333344
7 0.39166666666666666 0.5638888888888889 0.35 0.5638888888888889 0.35 0.6416666666666667 0.39166666666666666 0.6416666666666667
11 0.36770833333333336 0.388888888888889 0.3265625 0.388888888888889 0.3265625 0.4666666666666668 0.36770833333333336 0.4666666666666668
1 0.3796875 0.4787037037037037 0.3385416666666667 0.4787037037037037 0.3385416666666667 0.5555555555555556 0.3796875 0.5555555555555556
10 0.5796875 0.3101851851851853 0.5364583333333334 0.3101851851851853 0.5364583333333334 0.39074074074074083 0.5796875 0.39074074074074083
7 0.34427083333333336 0.22500000000000006 0.30364583333333334 0.22500000000000006 0.30364583333333334 0.3000000000000001 0.34427083333333336 0.3000000000000001
6 0.5619791666666667 0.21944444444444455 0.5197916666666667 0.21944444444444455 0.5197916666666667 0.2981481481481483 0.5619791666666667 0.2981481481481483
2 0.5307291666666667 0.32870370370370383 0.4973958333333333 0.32870370370370383 0.4973958333333333 0.39074074074074083 0.5307291666666667 0.39074074074074083
2 0.5572916666666666 0.5157407407407409 0.5239583333333333 0.5157407407407409 0.5239583333333333 0.5768518518518521 0.5572916666666666 0.5768518518518521
6 0.6036458333333333 0.48796296296296315 0.5604166666666667 0.48796296296296315 0.5604166666666667 0.5685185185185188 0.6036458333333333 0.5685185185185188
10 0.5911458333333334 0.4000000000000001 0.5473958333333333 0.4000000000000001 0.5473958333333333 0.47962962962962985 0.5911458333333334 0.47962962962962985
3 0.440625 0.6453703703703704 0.4078125 0.6453703703703704 0.4078125 0.7064814814814815 0.440625 0.7064814814814815
2 0.5682291666666667 0.6074074074074076 0.534375 0.6074074074074076 0.534375 0.6694444444444446 0.5682291666666667 0.6694444444444446
8 0.646875 0.48425925925925944 0.6125 0.48425925925925944 0.6125 0.5481481481481484 0.646875 0.5481481481481484
9 0.32395833333333335 0.4129629629629631 0.2921875 0.4129629629629631 0.2921875 0.4759259259259259 0.32395833333333335 0.4759259259259259
3 0.4125 0.4712962962962964 0.3796875 0.4712962962962964 0.3796875 0.5305555555555556 0.4125 0.5305555555555556
2 0.5416666666666666 0.4212962962962964 0.5083333333333333 0.4212962962962964 0.5083333333333333 0.48425925925925944 0.5416666666666666 0.48425925925925944
2 0.515625 0.24444444444444455 0.4817708333333333 0.24444444444444455 0.4817708333333333 0.3074074074074075 0.515625 0.3074074074074075
3 0.4276041666666667 0.5601851851851852 0.39479166666666665 0.5601851851851852 0.39479166666666665 0.6203703703703703 0.4276041666666667 0.6203703703703703
3 0.3880208333333333 0.29537037037037045 0.35625 0.29537037037037045 0.35625 0.35648148148148157 0.3880208333333333 0.35648148148148157
3 0.40520833333333334 0.3870370370370371 0.3723958333333333 0.3870370370370371 0.3723958333333333 0.44814814814814824 0.40520833333333334 0.44814814814814824
0 0.6177083333333333 0.5740740740740743 0.5744791666666667 0.5740740740740743 0.5744791666666667 0.6555555555555558 0.6177083333333333 0.6555555555555558
5 0.30416666666666664 0.2425925925925927 0.2640625 0.2425925925925927 0.2640625 0.31851851851851865 0.30416666666666664 0.31851851851851865
8 0.6166666666666667 0.30925925925925934 0.5822916666666667 0.30925925925925934 0.5822916666666667 0.37037037037037046 0.6166666666666667 0.37037037037037046
0 0.5916666666666667 0.11944444444444455 0.55 0.11944444444444455 0.55 0.19722222222222233 0.5916666666666667 0.19722222222222233
1 0.3567708333333333 0.3111111111111112 0.3171875 0.3111111111111112 0.3171875 0.3870370370370371 0.3567708333333333 0.3870370370370371
9 0.34739583333333335 0.5842592592592593 0.3145833333333333 0.5842592592592593 0.3145833333333333 0.6462962962962963 0.34739583333333335 0.6462962962962963
5 0.36666666666666664 0.6666666666666666 0.3255208333333333 0.6666666666666666 0.3255208333333333 0.7444444444444445 0.36666666666666664 0.7444444444444445