4 0.3927083333333333 0.6148148148148148 0.35 0.6148148148148148 0.35 0.6861111111111111 0.3927083333333333 0.6861111111111111
11 0.6947916666666667 0.502777777777778 0.6546875 0.502777777777778 0.6546875 0.5731481481481484 0.6947916666666667 0.5731481481481484
10 0.42864583333333334 0.5055555555555555 0.3854166666666667 0.5055555555555555 0.3854166666666667 0.5796296296296296 0.42864583333333334 0.5796296296296296
12 0.38229166666666664 0.413888888888889 0.32916666666666666 0.413888888888889 0.32916666666666666 0.5046296296296297 0.38229166666666664 0.5046296296296297
10 0.4239583333333333 0.41574074074074086 0.3807291666666667 0.41574074074074086 0.3807291666666667 0.4888888888888889 0.4239583333333333 0.4888888888888889
13 0.6848958333333334 0.3314814814814816 0.6359375 0.3314814814814816 0.6359375 0.41574074074074086 0.6848958333333334 0.41574074074074086
7 0.6307291666666667 0.263888888888889 0.590625 0.263888888888889 0.590625 0.3333333333333334 0.6307291666666667 0.3333333333333334
4 0.3614583333333333 0.2527777777777779 0.31927083333333334 0.2527777777777779 0.31927083333333334 0.325925925925926 0.3614583333333333 0.325925925925926
7 0.6614583333333334 0.6055555555555557 0.6197916666666666 0.6055555555555557 0.6197916666666666 0.6759259259259262 0.6614583333333334 0.6759259259259262
6 0.4161458333333333 0.32870370370370383 0.37395833333333334 0.32870370370370383 0.37395833333333334 0.400925925925926 0.4161458333333333 0.400925925925926
6 0.4395833333333333 0.5981481481481481 0.3963541666666667 0.5981481481481481 0.3963541666666667 0.6703703703703704 0.4395833333333333 0.6703703703703704
9 0.68125 0.4287037037037038 0.6489583333333333 0.4287037037037038 0.6489583333333333 0.4851851851851854 0.68125 0.4851851851851854
1 0.6385416666666667 0.34814814814814826 0.5979166666666667 0.34814814814814826 0.5979166666666667 0.4185185185185186 0.6385416666666667 0.4185185185185186
3 0.5770833333333333 0.19907407407407418 0.5453125 0.19907407407407418 0.5453125 0.2537037037037038 0.5770833333333333 0.2537037037037038
11 0.6458333333333334 0.43703703703703717 0.6052083333333333 0.43703703703703717 0.6052083333333333 0.5074074074074076 0.6458333333333334 0.5074074074074076
5 0.703125 0.5888888888888891 0.6619791666666667 0.5888888888888891 0.6619791666666667 0.6592592592592594 0.703125 0.6592592592592594
3 0.6104166666666667 0.5453703703703706 0.5776041666666667 0.5453703703703706 0.5776041666666667 0.6009259259259261 0.6104166666666667 0.6009259259259261
3 0.5864583333333333 0.27962962962962973 0.5541666666666667 0.27962962962962973 0.5541666666666667 0.33425925925925937 0.5864583333333333 0.33425925925925937
2 0.46979166666666666 0.5064814814814815 0.4354166666666667 0.5064814814814815 0.4354166666666667 0.5638888888888889 0.46979166666666666 0.5638888888888889
9 0.6677083333333333 0.25925925925925936 0.6348958333333333 0.25925925925925936 0.6348958333333333 0.3157407407407408 0.6677083333333333 0.3157407407407408
8 0.3640625 0.34814814814814826 0.3302083333333333 0.34814814814814826 0.3302083333333333 0.40555555555555567 0.3640625 0.40555555555555567
1 0.6526041666666667 0.5157407407407409 0.6114583333333333 0.5157407407407409 0.6114583333333333 0.5861111111111114 0.6526041666666667 0.5861111111111114
3 0.5963541666666666 0.3675925925925927 0.5635416666666667 0.3675925925925927 0.5635416666666667 0.42407407407407416 0.5963541666666666 0.42407407407407416
2 0.4640625 0.41203703703703715 0.43072916666666666 0.41203703703703715 0.43072916666666666 0.4703703703703705 0.4640625 0.4703703703703705
3 0.5994791666666667 0.45185185185185195 0.5666666666666667 0.45185185185185195 0.5666666666666667 0.5083333333333335 0.5994791666666667 0.5083333333333335
2 0.4546875 0.31944444444444453 0.42083333333333334 0.31944444444444453 0.42083333333333334 0.37592592592592605 0.4546875 0.37592592592592605
2 0.45 0.2314814814814816 0.415625 0.2314814814814816 0.415625 0.2879629629629631 0.45 0.2879629629629631
5 0.6604166666666667 0.1657407407407409 0.6213541666666667 0.1657407407407409 0.6213541666666667 0.23425925925925942 0.6604166666666667 0.23425925925925942
0 0.40260416666666665 0.7027777777777777 0.35989583333333336 0.7027777777777777 0.35989583333333336 0.7759259259259259 0.40260416666666665 0.7759259259259259
2 0.48020833333333335 0.5916666666666667 0.44583333333333336 0.5916666666666667 0.44583333333333336 0.649074074074074 0.48020833333333335 0.649074074074074
0 0.4083333333333333 0.24444444444444455 0.365625 0.24444444444444455 0.365625 0.3157407407407408 0.4083333333333333 0.3157407407407408
8 0.38125 0.5231481481481481 0.34791666666666665 0.5231481481481481 0.34791666666666665 0.5796296296296296 0.38125 0.5796296296296296