13 0.34010416666666665 0.3648148148148149 0.2838541666666667 0.3648148148148149 0.2838541666666667 0.46574074074074084 0.34010416666666665 0.46574074074074084
2 0.6317708333333333 0.38055555555555565 0.5932291666666667 0.38055555555555565 0.5932291666666667 0.4500000000000001 0.6317708333333333 0.4500000000000001
12 0.571875 0.7509259259259261 0.5135416666666667 0.7509259259259261 0.5135416666666667 0.8564814814814817 0.571875 0.8564814814814817
3 0.3921875 0.4824074074074074 0.3546875 0.4824074074074074 0.3546875 0.55 0.3921875 0.55
2 0.4979166666666667 0.6574074074074076 0.459375 0.6574074074074074 0.459375 0.7259259259259261 0.4979166666666667 0.7259259259259261
5 0.40625 0.15000000000000008 0.35989583333333336 0.15000000000000005 0.35989583333333336 0.23240740740740748 0.40625 0.2324074074074075
7 0.46875 0.24444444444444455 0.42291666666666666 0.24444444444444455 0.42291666666666666 0.32685185185185195 0.46875 0.32685185185185195
2 0.5645833333333333 0.5157407407407409 0.5260416666666666 0.5157407407407409 0.5260416666666666 0.5842592592592595 0.5645833333333333 0.5842592592592595
9 0.3307291666666667 0.28518518518518526 0.2942708333333333 0.28518518518518526 0.2942708333333333 0.35092592592592603 0.3307291666666667 0.35092592592592603
3 0.45729166666666665 0.3574074074074075 0.4197916666666667 0.3574074074074075 0.4197916666666667 0.42592592592592604 0.45729166666666665 0.42592592592592604
3 0.2619791666666667 0.7583333333333333 0.23593750000000005 0.7583333333333333 0.23593750000000005 0.8 0.2619791666666667 0.8
9 0.2598958333333334 0.4157407407407408 0.22395833333333334 0.41574074074074074 0.22395833333333337 0.48148148148148145 0.2598958333333334 0.48148148148148145
2 0.42239583333333336 0.787962962962963 0.38333333333333336 0.787962962962963 0.38333333333333336 0.8564814814814815 0.42239583333333336 0.8564814814814815
3 0.3229166666666667 0.6305555555555555 0.2859375 0.6305555555555555 0.2859375 0.6981481481481482 0.3229166666666667 0.6981481481481482
1 0.17604166666666674 0.600925925925926 0.1354166666666667 0.600925925925926 0.1354166666666667 0.6722222222222223 0.17604166666666674 0.6722222222222223
3 0.5265625 0.22962962962962974 0.4890625 0.22962962962962974 0.4890625 0.29722222222222233 0.5265625 0.29722222222222233
7 0.2588541666666667 0.6361111111111111 0.2135416666666667 0.6361111111111111 0.2135416666666667 0.7175925925925926 0.2588541666666667 0.7175925925925926
4 0.7067708333333333 0.5944444444444447 0.659375 0.5944444444444447 0.659375 0.6796296296296298 0.7067708333333333 0.6796296296296298
4 0.5328125000000001 0.926851851851852 0.48489583333333347 0.926851851851852 0.48489583333333347 0.9935185185185185 0.5328125000000001 0.9935185185185185
8 0.6302083333333334 0.752777777777778 0.5932291666666667 0.752777777777778 0.5932291666666667 0.8185185185185188 0.6302083333333334 0.8185185185185188
5 0.20781250000000007 0.525 0.16093750000000007 0.525 0.16093750000000007 0.6101851851851852 0.20781250000000007 0.6101851851851852
11 0.23385416666666672 0.4666666666666667 0.18854166666666672 0.4666666666666667 0.18854166666666672 0.5462962962962963 0.23385416666666672 0.5462962962962963
11 0.3697916666666667 0.20925925925925934 0.3229166666666667 0.2092592592592593 0.3229166666666667 0.29074074074074086 0.3697916666666667 0.29074074074074086
1 0.43020833333333336 0.08703703703703713 0.38229166666666664 0.08703703703703712 0.38229166666666664 0.1740740740740742 0.43020833333333336 0.1740740740740742
6 0.4291666666666668 0.9101851851851852 0.3781250000000001 0.9101851851851852 0.3781250000000001 0.9953703703703703 0.4291666666666668 0.9953703703703703
6 0.6427083333333333 0.4787037037037039 0.5895833333333333 0.4787037037037039 0.5895833333333333 0.5740740740740743 0.6427083333333333 0.5740740740740743
10 0.6723958333333333 0.6666666666666669 0.6244791666666667 0.6666666666666669 0.6244791666666667 0.7518518518518521 0.6723958333333333 0.7518518518518521
0 0.7364583333333333 0.5287037037037039 0.6890625 0.5287037037037039 0.6890625 0.6129629629629632 0.7364583333333333 0.6129629629629632
8 0.5697916666666667 0.8870370370370373 0.5286458333333335 0.8870370370370373 0.5286458333333335 0.9583333333333334 0.5697916666666667 0.9583333333333334