12 0.3927083333333333 0.44722222222222235 0.34427083333333336 0.44722222222222235 0.34427083333333336 0.5416666666666666 0.3927083333333333 0.5416666666666666
7 0.36822916666666666 0.6509259259259259 0.32864583333333336 0.6509259259259259 0.32864583333333336 0.7212962962962963 0.36822916666666666 0.7212962962962963
2 0.6583333333333333 0.7314814814814817 0.6270833333333333 0.7314814814814817 0.6270833333333333 0.7925925925925928 0.6583333333333333 0.7925925925925928
7 0.41302083333333334 0.2620370370370371 0.3723958333333333 0.2620370370370371 0.3723958333333333 0.338888888888889 0.41302083333333334 0.338888888888889
11 0.2875 0.5222222222222223 0.2473958333333334 0.5222222222222223 0.2473958333333334 0.6 0.2875 0.6
6 0.6151041666666667 0.7166666666666669 0.5744791666666667 0.7166666666666669 0.5744791666666667 0.7944444444444446 0.6151041666666667 0.7944444444444446
2 0.6927083333333334 0.35833333333333345 0.6614583333333334 0.35833333333333345 0.6614583333333334 0.4185185185185186 0.6927083333333334 0.4185185185185186
4 0.5760416666666667 0.6018518518518521 0.534375 0.6018518518518521 0.534375 0.6805555555555558 0.5760416666666667 0.6805555555555558
3 0.3567708333333333 0.263888888888889 0.325 0.263888888888889 0.325 0.32870370370370383 0.3567708333333333 0.32870370370370383
0 0.7114583333333333 0.6453703703703706 0.6723958333333333 0.6453703703703706 0.6723958333333333 0.7222222222222224 0.7114583333333333 0.7222222222222224
11 0.30364583333333334 0.33425925925925937 0.2625 0.33425925925925937 0.2625 0.4166666666666668 0.30364583333333334 0.4166666666666668
10 0.6791666666666667 0.5388888888888891 0.6401041666666667 0.5388888888888891 0.6401041666666667 0.614814814814815 0.6791666666666667 0.614814814814815
5 0.4473958333333333 0.36574074074074087 0.40677083333333336 0.36574074074074087 0.40677083333333336 0.44537037037037047 0.4473958333333333 0.44537037037037047
3 0.31875 0.6425925925925926 0.2875 0.6425925925925926 0.2875 0.7064814814814815 0.31875 0.7064814814814815
0 0.7322916666666667 0.4537037037037039 0.6932291666666667 0.45370370370370383 0.6932291666666667 0.5296296296296299 0.7322916666666667 0.5296296296296299
1 0.296875 0.4324074074074075 0.25572916666666673 0.4324074074074075 0.25572916666666673 0.5120370370370371 0.296875 0.5120370370370371
4 0.5895833333333333 0.4148148148148149 0.5494791666666666 0.4148148148148149 0.5494791666666666 0.48981481481481504 0.5895833333333333 0.48981481481481504
6 0.65 0.32685185185185195 0.6098958333333333 0.32685185185185195 0.6098958333333333 0.4027777777777779 0.65 0.4027777777777779
8 0.34739583333333335 0.3592592592592594 0.3145833333333333 0.3592592592592594 0.3145833333333333 0.4212962962962964 0.34739583333333335 0.4212962962962964
1 0.3453125 0.4490740740740742 0.30416666666666664 0.4490740740740742 0.30416666666666664 0.5277777777777778 0.3453125 0.5277777777777778
13 0.6385416666666667 0.5148148148148151 0.5921875 0.5148148148148151 0.5921875 0.602777777777778 0.6385416666666667 0.602777777777778
8 0.32760416666666664 0.5444444444444444 0.2953125 0.5444444444444444 0.2953125 0.6092592592592593 0.32760416666666664 0.6092592592592593
2 0.6385416666666667 0.4250000000000001 0.6057291666666667 0.4250000000000001 0.6057291666666667 0.48981481481481504 0.6385416666666667 0.48981481481481504
3 0.37604166666666666 0.562962962962963 0.34322916666666664 0.562962962962963 0.34322916666666664 0.6277777777777778 0.37604166666666666 0.6277777777777778
3 0.39739583333333334 0.36851851851851863 0.3651041666666667 0.36851851851851863 0.3651041666666667 0.43055555555555564 0.39739583333333334 0.43055555555555564
9 0.6796875 0.44444444444444453 0.6484375 0.44444444444444453 0.6484375 0.5055555555555558 0.6796875 0.5055555555555558
2 0.5828125 0.5148148148148151 0.55 0.5148148148148151 0.55 0.5787037037037039 0.5828125 0.5787037037037039
10 0.7239583333333334 0.5425925925925928 0.684375 0.5425925925925928 0.684375 0.6185185185185187 0.7239583333333334 0.6185185185185187
9 0.665625 0.6435185185185187 0.6307291666666667 0.6435185185185187 0.6307291666666667 0.7000000000000002 0.665625 0.7000000000000002
5 0.428125 0.5703703703703704 0.384375 0.5703703703703704 0.384375 0.6444444444444445 0.428125 0.6444444444444445
3 0.4359375 0.4842592592592593 0.40260416666666665 0.4842592592592593 0.40260416666666665 0.549074074074074 0.4359375 0.549074074074074
2 0.6213541666666667 0.6203703703703706 0.5901041666666667 0.6203703703703706 0.5901041666666667 0.677777777777778 0.6213541666666667 0.677777777777778