1 0.6776041666666667 0.3870370370370371 0.6291666666666667 0.3870370370370371 0.6291666666666667 0.47407407407407426 0.6776041666666667 0.47407407407407426
7 0.6578125 0.6000000000000002 0.6109375 0.6000000000000002 0.6109375 0.6842592592592595 0.6578125 0.6842592592592595
2 0.4395833333333333 0.5083333333333333 0.4 0.5083333333333333 0.4 0.5787037037037037 0.4395833333333333 0.5787037037037037
11 0.7385416666666667 0.46018518518518536 0.6895833333333333 0.4601851851851853 0.6895833333333333 0.5481481481481484 0.7385416666666667 0.5481481481481484
3 0.5838541666666667 0.43333333333333346 0.5427083333333333 0.43333333333333346 0.5427083333333333 0.5064814814814816 0.5838541666666667 0.5064814814814816
7 0.6145833333333334 0.22962962962962977 0.565625 0.22962962962962974 0.565625 0.3175925925925927 0.6145833333333334 0.3175925925925927
3 0.6520833333333333 0.21481481481481499 0.6130208333333333 0.21481481481481499 0.6130208333333333 0.2842592592592594 0.6520833333333333 0.2842592592592594
11 0.7104166666666667 0.2842592592592594 0.6625 0.2842592592592594 0.6625 0.3712962962962964 0.7104166666666667 0.3712962962962964
5 0.6046875 0.5296296296296299 0.5572916666666666 0.5296296296296299 0.5572916666666666 0.614814814814815 0.6046875 0.614814814814815
3 0.7 0.5805555555555557 0.6614583333333334 0.5805555555555557 0.6614583333333334 0.6509259259259261 0.7 0.6509259259259261
3 0.6166666666666667 0.3240740740740742 0.578125 0.3240740740740742 0.578125 0.3935185185185186 0.6166666666666667 0.3935185185185186
4 0.43333333333333335 0.400925925925926 0.384375 0.400925925925926 0.384375 0.4888888888888889 0.43333333333333335 0.4888888888888889
2 0.36614583333333334 0.7333333333333333 0.3260416666666667 0.7333333333333333 0.3260416666666667 0.8046296296296296 0.36614583333333334 0.8046296296296296
9 0.33229166666666665 0.4462962962962964 0.29270833333333335 0.4462962962962964 0.29270833333333335 0.5166666666666667 0.33229166666666665 0.5166666666666667
10 0.34791666666666665 0.5361111111111111 0.29739583333333336 0.5361111111111111 0.29739583333333336 0.625 0.34791666666666665 0.625
5 0.5786458333333333 0.33425925925925937 0.5296875 0.33425925925925937 0.5296875 0.4231481481481483 0.5786458333333333 0.4231481481481483
6 0.3692708333333333 0.3250000000000001 0.3182291666666667 0.3250000000000001 0.3182291666666667 0.4148148148148149 0.3692708333333333 0.4148148148148149
0 0.2875 0.46018518518518525 0.23854166666666674 0.4601851851851852 0.23854166666666674 0.5472222222222223 0.2875 0.5472222222222223
8 0.6890625 0.48981481481481504 0.6505208333333333 0.48981481481481504 0.6505208333333333 0.5583333333333336 0.6890625 0.5583333333333336
2 0.31614583333333335 0.3601851851851853 0.2755208333333333 0.3601851851851853 0.2755208333333333 0.4324074074074075 0.31614583333333335 0.4324074074074075
8 0.665625 0.31203703703703717 0.6270833333333333 0.31203703703703717 0.6270833333333333 0.37962962962962976 0.665625 0.37962962962962976
2 0.3802083333333333 0.43796296296296305 0.34010416666666665 0.43796296296296305 0.34010416666666665 0.5064814814814815 0.3802083333333333 0.5064814814814815
6 0.42239583333333336 0.7083333333333334 0.3723958333333333 0.7083333333333334 0.3723958333333333 0.799074074074074 0.42239583333333336 0.799074074074074
13 0.40260416666666665 0.5046296296296297 0.3421875 0.5046296296296297 0.3421875 0.612037037037037 0.40260416666666665 0.612037037037037
3 0.6447916666666667 0.5092592592592595 0.6005208333333333 0.5092592592592595 0.6005208333333333 0.5861111111111114 0.6447916666666667 0.5861111111111114
1 0.7260416666666667 0.36759259259259275 0.6770833333333334 0.3675925925925927 0.6770833333333334 0.45277777777777795 0.7260416666666667 0.452777777777778
2 0.4046875 0.6324074074074074 0.3645833333333333 0.6324074074074074 0.3645833333333333 0.7 0.4046875 0.7
10 0.3020833333333333 0.562962962962963 0.25260416666666674 0.562962962962963 0.25260416666666674 0.6509259259259259 0.3020833333333333 0.6509259259259259
12 0.6416666666666667 0.400925925925926 0.5817708333333333 0.400925925925926 0.5817708333333333 0.5101851851851854 0.6416666666666667 0.5101851851851854
0 0.3125 0.6527777777777778 0.2598958333333334 0.6527777777777778 0.2598958333333334 0.7425925925925926 0.3125 0.7425925925925926
9 0.3609375 0.6407407407407407 0.31927083333333334 0.6407407407407407 0.31927083333333334 0.7138888888888889 0.3609375 0.7138888888888889
4 0.46145833333333336 0.5851851851851851 0.40729166666666666 0.5851851851851851 0.40729166666666666 0.6796296296296296 0.46145833333333336 0.6796296296296296