5 0.5338541666666666 0.8222222222222223 0.48125 0.8222222222222222 0.48125000000000007 0.9092592592592593 0.5338541666666666 0.9092592592592594
1 0.471875 0.08055555555555564 0.42291666666666666 0.08055555555555563 0.42291666666666666 0.16203703703703715 0.471875 0.16203703703703715
7 0.396875 0.7574074074074074 0.34322916666666664 0.7574074074074074 0.34322916666666664 0.8472222222222222 0.396875 0.8472222222222222
7 0.3375 0.2157407407407408 0.29010416666666666 0.2157407407407408 0.29010416666666666 0.29444444444444456 0.3375 0.29444444444444456
6 0.38697916666666665 0.3592592592592594 0.3333333333333333 0.3592592592592594 0.3333333333333333 0.44722222222222235 0.38697916666666665 0.44722222222222235
2 0.3807291666666667 0.5675925925925925 0.3385416666666667 0.5675925925925925 0.3385416666666667 0.6398148148148148 0.3807291666666667 0.6398148148148148
3 0.5276041666666667 0.6222222222222225 0.48385416666666664 0.6222222222222225 0.48385416666666664 0.6935185185185188 0.5276041666666667 0.6935185185185188
4 0.5119791666666667 0.539814814814815 0.45677083333333335 0.5398148148148149 0.45677083333333335 0.6314814814814815 0.5119791666666667 0.6314814814814816
9 0.6239583333333333 0.728703703703704 0.5802083333333333 0.728703703703704 0.5802083333333333 0.7990740740740743 0.6239583333333333 0.7990740740740743
2 0.46041666666666675 0.7962962962962963 0.41770833333333335 0.7962962962962963 0.4177083333333334 0.8657407407407407 0.4604166666666668 0.8657407407407407
12 0.39114583333333336 0.1537037037037038 0.32708333333333334 0.15370370370370376 0.32708333333333334 0.25925925925925936 0.39114583333333336 0.25925925925925936
3 0.6442708333333333 0.4037037037037038 0.6005208333333333 0.4037037037037038 0.6005208333333333 0.47592592592592614 0.6442708333333333 0.47592592592592614
3 0.409375 0.6398148148148148 0.36666666666666664 0.6398148148148148 0.36666666666666664 0.7111111111111111 0.409375 0.7111111111111111
11 0.48020833333333335 0.2620370370370371 0.425 0.2620370370370371 0.425 0.35462962962962974 0.48020833333333335 0.35462962962962974
3 0.6005208333333333 0.4527777777777779 0.5557291666666667 0.4527777777777779 0.5557291666666667 0.5259259259259261 0.6005208333333333 0.5259259259259261
8 0.43020833333333336 0.31296296296296305 0.3859375 0.31296296296296305 0.3859375 0.3851851851851853 0.43020833333333336 0.3851851851851853
13 0.6838541666666667 0.6620370370370372 0.6203125 0.6620370370370372 0.6203125 0.7685185185185187 0.6838541666666667 0.7685185185185187
0 0.5276041666666667 0.21296296296296308 0.4739583333333333 0.21296296296296308 0.4739583333333333 0.30092592592592604 0.5276041666666667 0.30092592592592604
3 0.5270833333333333 0.4111111111111112 0.4828125 0.4111111111111112 0.4828125 0.48333333333333345 0.5270833333333333 0.48333333333333356
11 0.6171875 0.11851851851851865 0.5625 0.11851851851851862 0.5625 0.2092592592592594 0.6171875 0.20925925925925942
9 0.5807291666666666 0.7805555555555558 0.5380208333333333 0.7805555555555558 0.5380208333333333 0.8518518518518521 0.5807291666666666 0.8518518518518521
8 0.42291666666666666 0.11759259259259267 0.3807291666666667 0.11759259259259267 0.3807291666666667 0.18796296296296308 0.42291666666666666 0.18796296296296308
1 0.6515625 0.5953703703703705 0.6005208333333333 0.5953703703703705 0.6005208333333333 0.6814814814814817 0.6515625 0.6814814814814817
6 0.7458333333333333 0.3055555555555557 0.6953125 0.30555555555555564 0.6953125 0.39166666666666683 0.7458333333333333 0.3916666666666669
5 0.5817708333333333 0.5629629629629632 0.5291666666666667 0.5629629629629632 0.5291666666666667 0.651851851851852 0.5817708333333333 0.651851851851852
4 0.34010416666666665 0.4092592592592594 0.2859375 0.4092592592592594 0.2859375 0.49907407407407406 0.34010416666666665 0.49907407407407406
10 0.4515625 0.1898148148148149 0.4036458333333333 0.1898148148148149 0.4036458333333333 0.2712962962962964 0.4515625 0.2712962962962964
2 0.7421875 0.5092592592592595 0.6989583333333333 0.5092592592592595 0.6989583333333333 0.5842592592592595 0.7421875 0.5842592592592595
10 0.65625 0.7888888888888891 0.60625 0.7888888888888891 0.60625 0.8750000000000002 0.65625 0.8750000000000002
2 0.5708333333333333 0.37222222222222234 0.528125 0.37222222222222234 0.528125 0.44444444444444453 0.5708333333333333 0.44444444444444453
2 0.6942708333333333 0.5537037037037039 0.65 0.5537037037037039 0.65 0.6296296296296299 0.6942708333333333 0.6296296296296299
0 0.5609375 0.6888888888888891 0.509375 0.6888888888888891 0.509375 0.777777777777778 0.5609375 0.777777777777778