0 0.6098958333333333 0.5824074074074076 0.5765625 0.5824074074074076 0.5765625 0.6435185185185187 0.6098958333333333 0.6435185185185187
2 0.5489583333333333 0.24722222222222232 0.5223958333333333 0.24722222222222232 0.5223958333333333 0.29444444444444456 0.5489583333333333 0.29444444444444456
12 0.6520833333333333 0.4064814814814816 0.6114583333333333 0.4064814814814816 0.6114583333333333 0.4805555555555558 0.6520833333333333 0.4805555555555558
13 0.3359375 0.4250000000000001 0.29635416666666664 0.4250000000000001 0.29635416666666664 0.49907407407407406 0.3359375 0.49907407407407406
7 0.3765625 0.17962962962962972 0.34479166666666666 0.1796296296296297 0.34479166666666666 0.2361111111111112 0.3765625 0.23611111111111122
4 0.6401041666666667 0.23796296296296307 0.6078125 0.23796296296296307 0.6078125 0.29537037037037045 0.6401041666666667 0.29537037037037045
6 0.6057291666666667 0.49537037037037057 0.5729166666666666 0.49537037037037057 0.5729166666666666 0.5564814814814817 0.6057291666666667 0.5564814814814817
0 0.634375 0.15925925925925938 0.6026041666666667 0.15925925925925938 0.6026041666666667 0.21481481481481496 0.634375 0.21481481481481499
11 0.33229166666666665 0.2666666666666668 0.30052083333333335 0.2666666666666668 0.30052083333333335 0.3250000000000001 0.33229166666666665 0.3250000000000001
11 0.378125 0.3416666666666668 0.3453125 0.3416666666666668 0.3453125 0.400925925925926 0.378125 0.400925925925926
8 0.6484375 0.5037037037037039 0.6229166666666667 0.5037037037037039 0.6229166666666667 0.551851851851852 0.6484375 0.551851851851852
7 0.37916666666666665 0.5166666666666667 0.3453125 0.5166666666666667 0.3453125 0.5787037037037037 0.37916666666666665 0.5787037037037037
5 0.3375 0.6157407407407407 0.30416666666666664 0.6157407407407407 0.30416666666666664 0.6768518518518518 0.3375 0.6768518518518518
6 0.5953125 0.23981481481481493 0.5635416666666667 0.23981481481481493 0.5635416666666667 0.2981481481481483 0.5953125 0.2981481481481483
1 0.3776041666666667 0.263888888888889 0.3458333333333333 0.263888888888889 0.3458333333333333 0.32314814814814824 0.3776041666666667 0.32314814814814824
1 0.37864583333333335 0.43055555555555564 0.3453125 0.43055555555555564 0.3453125 0.49074074074074076 0.37864583333333335 0.49074074074074076
10 0.6026041666666667 0.325925925925926 0.5697916666666667 0.325925925925926 0.5697916666666667 0.3851851851851853 0.6026041666666667 0.3851851851851853
9 0.33125 0.5277777777777778 0.3046875 0.5277777777777778 0.3046875 0.575925925925926 0.33125 0.575925925925926
2 0.5536458333333333 0.4185185185185186 0.5276041666666667 0.4185185185185186 0.5276041666666667 0.46574074074074084 0.5536458333333333 0.46574074074074084
3 0.4234375 0.6101851851851852 0.3963541666666667 0.6101851851851852 0.3963541666666667 0.6574074074074074 0.4234375 0.6574074074074074
4 0.6567708333333333 0.5824074074074076 0.6234375 0.5824074074074076 0.6234375 0.6416666666666668 0.6567708333333333 0.6416666666666668
9 0.33125 0.3537037037037038 0.30520833333333336 0.3537037037037038 0.30520833333333336 0.400925925925926 0.33125 0.400925925925926
3 0.4203125 0.5231481481481481 0.39375 0.5231481481481481 0.39375 0.5703703703703704 0.4203125 0.5703703703703704
10 0.6036458333333333 0.4111111111111112 0.5703125 0.4111111111111112 0.5703125 0.4712962962962964 0.6036458333333333 0.4712962962962964
2 0.559375 0.5101851851851854 0.5322916666666667 0.5101851851851854 0.5322916666666667 0.5592592592592595 0.559375 0.5592592592592595
5 0.3328125 0.18425925925925932 0.30052083333333335 0.18425925925925932 0.30052083333333335 0.2425925925925927 0.3328125 0.2425925925925927
3 0.4171875 0.4314814814814816 0.39010416666666664 0.4314814814814816 0.39010416666666664 0.48055555555555557 0.4171875 0.48055555555555557
3 0.4192708333333333 0.34814814814814826 0.39375 0.34814814814814826 0.39375 0.3962962962962964 0.4192708333333333 0.3962962962962964
8 0.6385416666666667 0.3351851851851853 0.6125 0.3351851851851853 0.6125 0.3814814814814816 0.6385416666666667 0.3814814814814816
2 0.5588541666666667 0.6009259259259261 0.5322916666666667 0.6009259259259261 0.5322916666666667 0.6490740740740742 0.5588541666666667 0.6490740740740742
2 0.5536458333333333 0.3277777777777779 0.528125 0.3277777777777779 0.528125 0.3750000000000001 0.5536458333333333 0.3750000000000001
3 0.41458333333333336 0.2583333333333334 0.38958333333333334 0.2583333333333334 0.38958333333333334 0.30462962962962975 0.41458333333333336 0.30462962962962975