11 0.6463541666666667 0.21481481481481496 0.5932291666666667 0.21481481481481493 0.5932291666666667 0.31296296296296305 0.6463541666666667 0.31296296296296305
2 0.575 0.450925925925926 0.5338541666666666 0.450925925925926 0.5338541666666666 0.5259259259259261 0.575 0.5259259259259261
1 0.6354166666666666 0.6962962962962965 0.5869791666666667 0.6962962962962965 0.5869791666666667 0.7833333333333335 0.6354166666666666 0.7833333333333335
3 0.5302083333333333 0.47314814814814826 0.4869791666666667 0.47314814814814826 0.4869791666666667 0.5537037037037039 0.5302083333333333 0.5537037037037039
1 0.503125 0.12314814814814826 0.4557291666666667 0.12314814814814826 0.4557291666666667 0.21203703703703713 0.503125 0.21203703703703713
7 0.37239583333333337 0.774074074074074 0.3223958333333333 0.774074074074074 0.3223958333333334 0.862037037037037 0.3723958333333334 0.862037037037037
9 0.5494791666666666 0.8555555555555557 0.5098958333333333 0.8555555555555557 0.5098958333333334 0.9240740740740743 0.5494791666666666 0.9240740740740743
9 0.5973958333333333 0.815740740740741 0.55625 0.815740740740741 0.55625 0.8861111111111113 0.5973958333333333 0.8861111111111113
2 0.6796875 0.6731481481481484 0.640625 0.6731481481481484 0.640625 0.7444444444444447 0.6796875 0.7444444444444447
7 0.359375 0.21018518518518522 0.3078125 0.21018518518518522 0.3078125 0.2981481481481483 0.359375 0.2981481481481483
2 0.3703125 0.5805555555555556 0.3302083333333333 0.5805555555555556 0.3302083333333333 0.6518518518518519 0.3703125 0.6518518518518519
6 0.3927083333333333 0.3750000000000001 0.34322916666666664 0.3750000000000001 0.34322916666666664 0.4648148148148149 0.3927083333333333 0.4648148148148149
3 0.6453125 0.5074074074074076 0.6057291666666667 0.5074074074074076 0.6057291666666667 0.5768518518518521 0.6453125 0.5768518518518521
10 0.4734375 0.22777777777777788 0.4239583333333333 0.22777777777777788 0.4239583333333333 0.3157407407407408 0.4734375 0.3157407407407408
3 0.39427083333333335 0.6611111111111111 0.353125 0.6611111111111111 0.353125 0.7333333333333333 0.39427083333333335 0.7333333333333333
3 0.5125 0.6842592592592593 0.4739583333333333 0.6842592592592592 0.4739583333333333 0.7537037037037038 0.5125 0.7537037037037039
4 0.5005208333333333 0.6000000000000001 0.4515625 0.6 0.4515625 0.688888888888889 0.5005208333333333 0.6888888888888891
8 0.4390625 0.3453703703703705 0.39791666666666664 0.3453703703703705 0.39791666666666664 0.4185185185185186 0.4390625 0.4185185185185186
2 0.4312500000000001 0.8314814814814815 0.3927083333333333 0.8314814814814815 0.3927083333333334 0.9009259259259259 0.43125000000000013 0.9009259259259259
2 0.7291666666666666 0.6435185185185187 0.6911458333333333 0.6435185185185187 0.6911458333333333 0.7111111111111114 0.7291666666666666 0.7111111111111114
6 0.7552083333333334 0.43888888888888905 0.7067708333333333 0.438888888888889 0.7067708333333333 0.527777777777778 0.7552083333333334 0.527777777777778
13 0.6583333333333333 0.7620370370370373 0.5979166666666667 0.7620370370370373 0.5979166666666667 0.8731481481481483 0.6583333333333333 0.8731481481481483
5 0.5026041666666667 0.8712962962962963 0.4510416666666668 0.8712962962962963 0.4510416666666668 0.9657407407407408 0.5026041666666667 0.9657407407407408
0 0.5401041666666667 0.7592592592592595 0.48802083333333335 0.7592592592592595 0.48802083333333335 0.8509259259259261 0.5401041666666667 0.8509259259259261
12 0.41302083333333334 0.16574074074074083 0.35104166666666664 0.1657407407407408 0.35104166666666664 0.27962962962962973 0.41302083333333334 0.27962962962962973
3 0.596875 0.540740740740741 0.5578125 0.540740740740741 0.5578125 0.6120370370370373 0.596875 0.6120370370370373
4 0.3421875 0.4074074074074075 0.2911458333333333 0.4074074074074075 0.2911458333333333 0.49722222222222223 0.3421875 0.49722222222222223
10 0.6255208333333333 0.8805555555555558 0.5734375 0.8805555555555558 0.5734375 0.9722222222222222 0.6255208333333333 0.9722222222222222
8 0.453125 0.14351851851851863 0.4109375 0.14351851851851863 0.4109375 0.21574074074074084 0.453125 0.21574074074074084
5 0.5692708333333333 0.6425925925925928 0.5192708333333333 0.6425925925925928 0.5192708333333333 0.7342592592592595 0.5692708333333333 0.7342592592592595
0 0.5463541666666667 0.27685185185185196 0.496875 0.27685185185185196 0.496875 0.36851851851851863 0.5463541666666667 0.36851851851851863
11 0.49166666666666664 0.30925925925925934 0.4421875 0.30925925925925934 0.4421875 0.4027777777777779 0.49166666666666664 0.4027777777777779