10 0.5145833333333333 0.26296296296296306 0.48541666666666666 0.26296296296296306 0.48541666666666666 0.31481481481481494 0.5145833333333333 0.31481481481481494
6 0.3859375 0.4712962962962964 0.3546875 0.4712962962962964 0.3546875 0.524074074074074 0.3859375 0.524074074074074
7 0.3776041666666667 0.6342592592592593 0.3453125 0.6342592592592593 0.3453125 0.6916666666666667 0.3776041666666667 0.6916666666666667
12 0.2161458333333334 0.5212962962962963 0.17916666666666672 0.5212962962962963 0.17916666666666672 0.5898148148148148 0.2161458333333334 0.5898148148148148
13 0.5125 0.488888888888889 0.4734375 0.4888888888888889 0.4734375 0.5555555555555557 0.5125 0.5555555555555558
3 0.46041666666666664 0.6555555555555556 0.4348958333333333 0.6555555555555556 0.4348958333333333 0.6990740740740741 0.46041666666666664 0.6990740740740741
11 0.30625 0.30833333333333346 0.2760416666666667 0.30833333333333346 0.2760416666666667 0.36203703703703716 0.30625 0.36203703703703716
3 0.32708333333333334 0.7175925925925926 0.3015625 0.7175925925925926 0.3015625 0.7638888888888888 0.32708333333333334 0.7638888888888888
3 0.3078125 0.16481481481481486 0.2838541666666667 0.16481481481481486 0.2838541666666667 0.2055555555555556 0.3078125 0.2055555555555556
9 0.5046875 0.4212962962962964 0.4796875 0.4212962962962964 0.4796875 0.463888888888889 0.5046875 0.463888888888889
10 0.29635416666666664 0.5453703703703704 0.26510416666666675 0.5453703703703704 0.26510416666666675 0.6018518518518519 0.29635416666666664 0.6018518518518519
2 0.3375 0.47962962962962963 0.31197916666666664 0.47962962962962963 0.31197916666666664 0.5222222222222223 0.3375 0.5222222222222223
1 0.24635416666666674 0.7870370370370371 0.21406250000000007 0.7870370370370371 0.21406250000000007 0.8453703703703703 0.24635416666666674 0.8453703703703703
2 0.3854166666666667 0.32685185185185195 0.3614583333333333 0.32685185185185195 0.3614583333333333 0.3694444444444446 0.3854166666666667 0.3694444444444446
3 0.3416666666666667 0.4027777777777779 0.3177083333333333 0.4027777777777779 0.3177083333333333 0.4462962962962964 0.3416666666666667 0.4462962962962964
2 0.4270833333333333 0.19166666666666676 0.403125 0.19166666666666676 0.403125 0.23333333333333345 0.4270833333333333 0.23333333333333345
8 0.22447916666666667 0.3824074074074074 0.20052083333333334 0.3824074074074074 0.20052083333333334 0.425 0.22447916666666667 0.425
0 0.43020833333333336 0.40185185185185196 0.39895833333333336 0.40185185185185196 0.39895833333333336 0.4564814814814816 0.43020833333333336 0.4564814814814816
4 0.30104166666666665 0.38611111111111124 0.2713541666666667 0.38611111111111124 0.2713541666666667 0.438888888888889 0.30104166666666665 0.438888888888889
7 0.5494791666666666 0.5000000000000002 0.5182291666666666 0.5000000000000002 0.5182291666666666 0.5537037037037039 0.5494791666666666 0.5537037037037039
5 0.234375 0.22592592592592597 0.20520833333333333 0.22592592592592597 0.20520833333333333 0.2759259259259259 0.234375 0.2759259259259259
2 0.33645833333333336 0.5592592592592592 0.31145833333333334 0.5592592592592592 0.31145833333333334 0.6027777777777777 0.33645833333333336 0.6027777777777777
9 0.46510416666666665 0.49444444444444446 0.4401041666666667 0.49444444444444446 0.4401041666666667 0.537962962962963 0.46510416666666665 0.537962962962963
0 0.42083333333333334 0.562962962962963 0.39010416666666664 0.562962962962963 0.39010416666666664 0.6175925925925926 0.42083333333333334 0.6175925925925926
4 0.2713541666666667 0.22777777777777783 0.24322916666666666 0.22777777777777783 0.24322916666666666 0.27962962962962973 0.2713541666666667 0.27962962962962973
6 0.46875 0.3333333333333334 0.4390625 0.3333333333333334 0.4390625 0.38611111111111124 0.46875 0.38611111111111124
3 0.38697916666666665 0.2537037037037038 0.36354166666666665 0.2537037037037038 0.36354166666666665 0.29537037037037045 0.38697916666666665 0.29537037037037045
2 0.41354166666666664 0.8138888888888889 0.3880208333333333 0.8138888888888889 0.3880208333333333 0.8592592592592593 0.41354166666666664 0.8592592592592593
5 0.4276041666666667 0.25185185185185194 0.39739583333333334 0.25185185185185194 0.39739583333333334 0.30462962962962975 0.4276041666666667 0.30462962962962975
8 0.2598958333333333 0.3805555555555556 0.234375 0.38055555555555554 0.234375 0.4222222222222223 0.2598958333333333 0.42222222222222233
11 0.5041666666666667 0.7333333333333334 0.4703125 0.7333333333333333 0.4703125 0.7925925925925927 0.5041666666666667 0.7925925925925928
1 0.23125 0.30277777777777776 0.20104166666666667 0.30277777777777776 0.20104166666666667 0.35555555555555557 0.23125 0.35555555555555557