10 0.5796875 0.43425925925925934 0.5354166666666667 0.43425925925925934 0.5354166666666667 0.5092592592592595 0.5796875 0.5092592592592595
6 0.6536458333333334 0.565740740740741 0.6098958333333333 0.565740740740741 0.6098958333333333 0.6416666666666668 0.6536458333333334 0.6416666666666668
3 0.5958333333333333 0.6175925925925928 0.5598958333333334 0.6175925925925928 0.5598958333333334 0.677777777777778 0.5958333333333333 0.677777777777778
9 0.7666666666666667 0.7240740740740743 0.7307291666666667 0.7240740740740743 0.7307291666666667 0.7851851851851854 0.7666666666666667 0.7851851851851854
11 0.5432291666666667 0.6731481481481484 0.4973958333333333 0.6731481481481484 0.4973958333333333 0.7509259259259261 0.5432291666666667 0.7509259259259261
3 0.753125 0.46296296296296313 0.7192708333333333 0.4629629629629631 0.7192708333333333 0.5203703703703706 0.753125 0.5203703703703706
13 0.7859375 0.6212962962962965 0.73125 0.6212962962962965 0.73125 0.7157407407407409 0.7859375 0.7157407407407409
12 0.496875 0.3870370370370371 0.44375 0.3870370370370371 0.44375 0.4787037037037038 0.496875 0.4787037037037039
2 0.6171875 0.4648148148148149 0.5817708333333333 0.4648148148148149 0.5817708333333333 0.5240740740740742 0.6171875 0.5240740740740742
10 0.7552083333333334 0.8861111111111113 0.7104166666666667 0.8861111111111113 0.7104166666666667 0.9648148148148148 0.7552083333333334 0.9648148148148148
7 0.675 0.40833333333333344 0.6302083333333334 0.40833333333333344 0.6302083333333334 0.4824074074074076 0.675 0.4824074074074076
3 0.5140625000000001 0.8509259259259261 0.4765625 0.850925925925926 0.47656250000000006 0.9157407407407409 0.5140625000000001 0.915740740740741
3 0.6348958333333333 0.31296296296296305 0.5994791666666667 0.31296296296296305 0.5994791666666667 0.37037037037037046 0.6348958333333333 0.37037037037037046
2 0.6296875 0.7333333333333335 0.5947916666666667 0.7333333333333335 0.5947916666666667 0.7944444444444446 0.6296875 0.7944444444444446
2 0.7255208333333333 0.2907407407407409 0.6911458333333333 0.29074074074074086 0.6911458333333333 0.34907407407407426 0.7255208333333333 0.34907407407407426
5 0.4453125 0.7129629629629629 0.4 0.7129629629629629 0.4 0.7898148148148149 0.4453125 0.7898148148148149
9 0.7369791666666666 0.6222222222222225 0.7015625 0.6222222222222225 0.7015625 0.6833333333333336 0.7369791666666666 0.6833333333333336
0 0.6895833333333333 0.6703703703703706 0.6447916666666667 0.6703703703703706 0.6447916666666667 0.7472222222222225 0.6895833333333333 0.7472222222222225
5 0.6625 0.8305555555555557 0.6166666666666667 0.8305555555555557 0.6166666666666667 0.9101851851851854 0.6625 0.9101851851851854
4 0.490625 0.738888888888889 0.44427083333333334 0.7388888888888889 0.44427083333333334 0.8185185185185186 0.490625 0.8185185185185188
3 0.6177083333333333 0.8166666666666669 0.58125 0.8166666666666669 0.58125 0.877777777777778 0.6177083333333333 0.877777777777778
1 0.5708333333333333 0.1898148148148149 0.5270833333333333 0.1898148148148149 0.5270833333333333 0.26296296296296306 0.5708333333333333 0.26296296296296306
8 0.4703125 0.5555555555555556 0.43385416666666665 0.5555555555555556 0.43385416666666665 0.6166666666666667 0.4703125 0.6166666666666667
2 0.6463541666666667 0.9185185185185187 0.609375 0.9185185185185187 0.609375 0.9824074074074074 0.6463541666666667 0.9824074074074074
2 0.6046875 0.540740740740741 0.5682291666666667 0.540740740740741 0.5682291666666667 0.6018518518518521 0.6046875 0.6018518518518521
7 0.8192708333333333 0.6620370370370372 0.7755208333333333 0.6620370370370372 0.7755208333333333 0.7379629629629632 0.8192708333333333 0.7379629629629632
6 0.7197916666666667 0.7740740740740742 0.6744791666666666 0.7740740740740742 0.6744791666666666 0.852777777777778 0.7197916666666667 0.852777777777778
1 0.46197916666666666 0.6240740740740741 0.4161458333333333 0.6240740740740741 0.4161458333333333 0.7027777777777777 0.46197916666666666 0.7027777777777777
0 0.7052083333333333 0.5018518518518521 0.6614583333333334 0.5018518518518521 0.6614583333333334 0.577777777777778 0.7052083333333333 0.577777777777778
8 0.5083333333333333 0.5842592592592594 0.47239583333333335 0.5842592592592593 0.47239583333333335 0.6462962962962964 0.5083333333333333 0.6462962962962965
11 0.8015625 0.40462962962962984 0.759375 0.40462962962962984 0.759375 0.47777777777777797 0.8015625 0.47777777777777797
4 0.5552083333333333 0.5916666666666669 0.509375 0.5916666666666669 0.509375 0.6685185185185187 0.5552083333333333 0.6685185185185187