4 0.3307291666666667 0.28055555555555567 0.2838541666666667 0.28055555555555567 0.2838541666666667 0.36203703703703716 0.3307291666666667 0.36203703703703716
7 0.5901041666666667 0.5546296296296298 0.5380208333333333 0.5546296296296298 0.5380208333333333 0.6444444444444447 0.5901041666666667 0.6444444444444447
12 0.42239583333333336 0.18055555555555566 0.3645833333333333 0.18055555555555566 0.3645833333333333 0.2814814814814816 0.42239583333333336 0.2814814814814816
0 0.5182291666666666 0.17222222222222233 0.46875 0.17222222222222233 0.46875 0.25740740740740753 0.5182291666666666 0.25740740740740753
0 0.2911458333333333 0.325925925925926 0.24427083333333333 0.325925925925926 0.24427083333333333 0.4064814814814816 0.2911458333333333 0.4064814814814816
8 0.3723958333333333 0.24444444444444455 0.3333333333333333 0.24444444444444455 0.3333333333333333 0.3111111111111112 0.3723958333333333 0.3111111111111112
6 0.35 0.3462962962962964 0.3020833333333333 0.3462962962962964 0.3020833333333333 0.4287037037037038 0.35 0.4287037037037038
4 0.49635416666666665 0.10833333333333343 0.4484375 0.10833333333333343 0.4484375 0.19074074074074085 0.49635416666666665 0.19074074074074085
3 0.4734375 0.575925925925926 0.4328125 0.575925925925926 0.4328125 0.6453703703703704 0.4734375 0.6453703703703704
5 0.4364583333333334 0.7981481481481482 0.38177083333333334 0.7981481481481482 0.3817708333333334 0.8925925925925926 0.43645833333333345 0.8925925925925926
3 0.5625 0.4925925925925928 0.521875 0.4925925925925928 0.521875 0.5629629629629632 0.5625 0.5629629629629632
7 0.4125 0.7268518518518519 0.36041666666666666 0.7268518518518519 0.36041666666666666 0.8157407407407408 0.4125 0.8157407407407408
9 0.5166666666666667 0.7212962962962964 0.4739583333333333 0.7212962962962963 0.4739583333333333 0.7944444444444445 0.5166666666666667 0.7944444444444446
3 0.5182291666666666 0.539814814814815 0.47760416666666666 0.5398148148148149 0.47760416666666666 0.6111111111111113 0.5182291666666666 0.6111111111111113
11 0.4979166666666667 0.6425925925925927 0.44635416666666666 0.6425925925925926 0.44635416666666666 0.7314814814814816 0.4979166666666667 0.7314814814814817
3 0.6052083333333333 0.44814814814814824 0.5651041666666666 0.44814814814814824 0.5651041666666666 0.5175925925925928 0.6052083333333333 0.5175925925925928
3 0.428125 0.6268518518518519 0.38645833333333335 0.6268518518518519 0.38645833333333335 0.6981481481481482 0.428125 0.6981481481481482
2 0.3640625 0.4212962962962964 0.3255208333333333 0.4212962962962964 0.3255208333333333 0.48703703703703705 0.3640625 0.48703703703703705
9 0.60625 0.6370370370370373 0.5645833333333333 0.6370370370370373 0.5645833333333333 0.7083333333333336 0.60625 0.7083333333333336
5 0.6583333333333333 0.5759259259259262 0.60625 0.5759259259259262 0.60625 0.665740740740741 0.6583333333333333 0.665740740740741
11 0.48020833333333335 0.7574074074074074 0.4265625 0.7574074074074074 0.4265625 0.8490740740740741 0.48020833333333335 0.8490740740740741
6 0.47604166666666664 0.21574074074074084 0.428125 0.21574074074074084 0.428125 0.29907407407407416 0.47604166666666664 0.29907407407407416
10 0.4348958333333333 0.25740740740740753 0.38645833333333335 0.25740740740740753 0.38645833333333335 0.3398148148148149 0.4348958333333333 0.3398148148148149
10 0.3927083333333333 0.2962962962962964 0.34427083333333336 0.2962962962962964 0.34427083333333336 0.3787037037037038 0.3927083333333333 0.3787037037037038
1 0.45677083333333335 0.6805555555555556 0.40520833333333334 0.6805555555555556 0.40520833333333334 0.7685185185185185 0.45677083333333335 0.7685185185185185
1 0.54375 0.5972222222222224 0.49270833333333336 0.5972222222222224 0.49270833333333336 0.6861111111111113 0.54375 0.6861111111111113
8 0.45208333333333334 0.15555555555555567 0.41302083333333334 0.15555555555555567 0.41302083333333334 0.22222222222222232 0.45208333333333334 0.22222222222222232
2 0.403125 0.37592592592592605 0.3651041666666667 0.37592592592592605 0.3651041666666667 0.4407407407407408 0.403125 0.4407407407407408
2 0.5380208333333333 0.2453703703703705 0.5 0.2453703703703705 0.5 0.3111111111111112 0.5380208333333333 0.3111111111111112
2 0.45 0.33425925925925937 0.4114583333333333 0.33425925925925937 0.4114583333333333 0.400925925925926 0.45 0.400925925925926
2 0.49375 0.2861111111111112 0.45625 0.2861111111111112 0.45625 0.35092592592592603 0.49375 0.35092592592592603
13 0.571875 0.6638888888888891 0.5078125 0.6638888888888891 0.5078125 0.7740740740740742 0.571875 0.7740740740740742