13 0.325 0.40462962962962973 0.2703125 0.40462962962962973 0.2703125 0.5064814814814815 0.325 0.5064814814814815
10 0.5067708333333334 0.7870370370370371 0.4635416666666667 0.7870370370370371 0.46354166666666674 0.8648148148148149 0.5067708333333335 0.864814814814815
9 0.28802083333333334 0.4935185185185185 0.2515625000000001 0.4935185185185185 0.2515625000000001 0.5583333333333333 0.28802083333333334 0.5583333333333333
6 0.4723958333333334 0.850925925925926 0.43072916666666666 0.850925925925926 0.4307291666666667 0.925 0.47239583333333346 0.925
11 0.26250000000000007 0.55 0.21822916666666672 0.55 0.21822916666666672 0.6305555555555555 0.26250000000000007 0.6305555555555555
3 0.3614583333333333 0.5944444444444444 0.3255208333333333 0.5944444444444444 0.3255208333333333 0.6583333333333333 0.3614583333333333 0.6583333333333333
3 0.3875 0.524074074074074 0.35208333333333336 0.524074074074074 0.35208333333333336 0.5879629629629629 0.3875 0.5879629629629629
7 0.2703125 0.6694444444444444 0.22760416666666672 0.6694444444444444 0.22760416666666672 0.7472222222222222 0.2703125 0.7472222222222222
4 0.5078125000000001 0.8962962962962964 0.46510416666666676 0.8962962962962963 0.46510416666666676 0.9712962962962963 0.5078125000000001 0.9712962962962963
0 0.4776041666666668 0.9555555555555556 0.43593750000000014 0.9555555555555556 0.43593750000000014 1 0.4776041666666668 1
5 0.2333333333333334 0.6166666666666667 0.1901041666666667 0.6166666666666667 0.1901041666666667 0.6953703703703704 0.2333333333333334 0.6953703703703704
6 0.565625 0.6574074074074077 0.521875 0.6574074074074077 0.521875 0.7361111111111113 0.565625 0.7361111111111113
0 0.5979166666666667 0.5935185185185188 0.553125 0.5935185185185188 0.553125 0.6731481481481484 0.5979166666666667 0.6731481481481484
7 0.3875 0.39814814814814825 0.34270833333333334 0.39814814814814825 0.34270833333333334 0.47962962962962963 0.3875 0.47962962962962963
3 0.32760416666666664 0.6611111111111111 0.2921875 0.6611111111111111 0.2921875 0.725 0.32760416666666664 0.725
2 0.5291666666666667 0.6129629629629632 0.49375 0.6129629629629632 0.49375 0.6750000000000002 0.5291666666666667 0.6750000000000002
11 0.32708333333333334 0.5416666666666666 0.2828125 0.5416666666666666 0.2828125 0.6185185185185185 0.32708333333333334 0.6185185185185185
1 0.30052083333333335 0.6018518518518519 0.25729166666666675 0.6018518518518519 0.25729166666666675 0.6805555555555556 0.30052083333333335 0.6805555555555556
12 0.5765625 0.7555555555555558 0.5244791666666667 0.7555555555555558 0.5244791666666667 0.8509259259259261 0.5765625 0.8509259259259261
8 0.5338541666666666 0.8351851851851854 0.5005208333333333 0.8351851851851854 0.5005208333333334 0.8953703703703706 0.5338541666666666 0.8953703703703706
9 0.346875 0.35277777777777786 0.3104166666666667 0.35277777777777786 0.3104166666666667 0.4185185185185186 0.346875 0.4185185185185186
1 0.35833333333333334 0.46759259259259267 0.31354166666666666 0.46759259259259267 0.31354166666666666 0.5481481481481482 0.35833333333333334 0.5481481481481482
10 0.5354166666666667 0.7203703703703705 0.4921875 0.7203703703703705 0.4921875 0.8000000000000002 0.5354166666666667 0.8000000000000002
4 0.6328125 0.6416666666666668 0.5890625 0.6416666666666668 0.5890625 0.7203703703703705 0.6328125 0.7203703703703705
8 0.5984375 0.7129629629629631 0.5640625 0.7129629629629631 0.5640625 0.7740740740740742 0.5984375 0.7740740740740742
3 0.4203125 0.4546296296296297 0.38333333333333336 0.4546296296296297 0.38333333333333336 0.5203703703703704 0.4203125 0.5203703703703704
3 0.4515625 0.388888888888889 0.41510416666666666 0.388888888888889 0.41510416666666666 0.4546296296296297 0.4515625 0.4546296296296297
2 0.46458333333333335 0.7546296296296297 0.4317708333333333 0.7546296296296297 0.4317708333333333 0.812962962962963 0.46458333333333335 0.812962962962963
2 0.4338541666666667 0.812962962962963 0.39947916666666666 0.812962962962963 0.3994791666666667 0.8731481481481481 0.43385416666666676 0.8731481481481481
2 0.4947916666666667 0.6824074074074075 0.46041666666666664 0.6824074074074075 0.46041666666666664 0.7435185185185186 0.4947916666666667 0.7435185185185187
2 0.559375 0.5435185185185187 0.5234375 0.5435185185185187 0.5234375 0.6055555555555557 0.559375 0.6055555555555557
5 0.3859375 0.2712962962962964 0.340625 0.2712962962962964 0.340625 0.3555555555555557 0.3859375 0.3555555555555557
5 0.3859375 0.2703703703703705 0.340625 0.2703703703703705 0.340625 0.35462962962962974 0.3859375 0.35462962962962974