13 0.5083333333333333 0.2000000000000001 0.46770833333333334 0.2000000000000001 0.46770833333333334 0.26574074074074083 0.5083333333333333 0.26574074074074083
3 0.5921875 0.36574074074074087 0.5645833333333333 0.36574074074074087 0.5645833333333333 0.4092592592592594 0.5921875 0.4092592592592594
6 0.6510416666666666 0.6805555555555558 0.6177083333333333 0.6805555555555558 0.6177083333333333 0.7388888888888892 0.6510416666666666 0.7388888888888892
5 0.6463541666666667 0.15555555555555572 0.6119791666666666 0.15555555555555572 0.6119791666666666 0.20925925925925942 0.6463541666666667 0.20925925925925942
3 0.5 0.3555555555555557 0.47239583333333335 0.3555555555555557 0.47239583333333335 0.3990740740740742 0.5 0.3990740740740742
2 0.4901041666666667 0.6027777777777779 0.46145833333333336 0.6027777777777777 0.46145833333333336 0.6490740740740741 0.4901041666666667 0.6490740740740742
7 0.6447916666666667 0.30277777777777787 0.6104166666666667 0.30277777777777787 0.6104166666666667 0.35833333333333345 0.6447916666666667 0.35833333333333345
2 0.5921875 0.603703703703704 0.5635416666666667 0.603703703703704 0.5635416666666667 0.6500000000000002 0.5921875 0.6500000000000002
7 0.3494791666666667 0.2722222222222223 0.31614583333333335 0.2722222222222223 0.31614583333333335 0.3250000000000001 0.3494791666666667 0.3250000000000001
4 0.6458333333333334 0.8416666666666669 0.6104166666666667 0.8416666666666669 0.6104166666666667 0.9009259259259261 0.6458333333333334 0.9009259259259261
2 0.2890625 0.5861111111111111 0.2619791666666667 0.5861111111111111 0.2619791666666667 0.6305555555555555 0.2890625 0.6305555555555555
2 0.69375 0.6111111111111113 0.6645833333333333 0.6111111111111113 0.6645833333333333 0.6555555555555558 0.69375 0.6555555555555558
12 0.4895833333333333 0.7462962962962963 0.44635416666666666 0.7462962962962963 0.44635416666666666 0.8185185185185186 0.4895833333333333 0.8185185185185188
3 0.6901041666666666 0.37222222222222234 0.6625 0.37222222222222234 0.6625 0.4148148148148149 0.6901041666666666 0.4148148148148149
1 0.6864583333333333 0.15000000000000016 0.653125 0.15000000000000016 0.653125 0.201851851851852 0.6864583333333333 0.201851851851852
2 0.390625 0.587037037037037 0.36302083333333335 0.587037037037037 0.36302083333333335 0.6333333333333333 0.390625 0.6333333333333333
3 0.3015625 0.3574074074074075 0.27395833333333336 0.3574074074074075 0.27395833333333336 0.3990740740740742 0.3015625 0.3990740740740742
3 0.396875 0.35833333333333345 0.3703125 0.35833333333333345 0.3703125 0.40185185185185196 0.396875 0.40185185185185196
9 0.44947916666666665 0.138888888888889 0.42083333333333334 0.138888888888889 0.42083333333333334 0.17962962962962972 0.44947916666666665 0.17962962962962972
9 0.5458333333333333 0.15185185185185196 0.5182291666666666 0.15185185185185196 0.5182291666666666 0.19444444444444456 0.5458333333333333 0.19444444444444456
0 0.2927083333333334 0.8231481481481482 0.25781250000000006 0.8231481481481482 0.25781250000000006 0.8824074074074074 0.29270833333333346 0.8824074074074074
6 0.3338541666666667 0.6657407407407407 0.2984375 0.6657407407407407 0.2984375 0.7231481481481481 0.3338541666666667 0.7231481481481481
1 0.31145833333333334 0.14259259259259263 0.2791666666666667 0.14259259259259263 0.2791666666666667 0.1944444444444445 0.31145833333333334 0.1944444444444445
8 0.5338541666666666 0.8444444444444447 0.50625 0.8444444444444447 0.5062500000000001 0.8925925925925928 0.5338541666666666 0.8925925925925928
0 0.69375 0.8416666666666669 0.6572916666666667 0.8416666666666669 0.6572916666666667 0.8990740740740742 0.69375 0.8990740740740742
11 0.4046875 0.12870370370370382 0.3734375 0.12870370370370382 0.3734375 0.188888888888889 0.4046875 0.188888888888889
5 0.3645833333333333 0.13240740740740747 0.3307291666666667 0.13240740740740747 0.3307291666666667 0.19259259259259268 0.3645833333333333 0.1925925925925927
11 0.5973958333333333 0.1462962962962964 0.5671875 0.1462962962962964 0.5671875 0.20555555555555566 0.5973958333333333 0.20555555555555566
10 0.34114583333333337 0.812037037037037 0.30625 0.812037037037037 0.3062500000000001 0.875 0.3411458333333334 0.875
4 0.3947916666666667 0.812962962962963 0.3572916666666667 0.812962962962963 0.35729166666666673 0.8796296296296297 0.39479166666666676 0.8796296296296297
10 0.5947916666666667 0.8370370370370372 0.5578125 0.8370370370370372 0.5578125 0.9037037037037039 0.5947916666666667 0.9037037037037039
8 0.43593750000000003 0.8435185185185186 0.40625 0.8435185185185186 0.40625000000000006 0.8972222222222223 0.43593750000000014 0.8972222222222223