2 0.44583333333333336 0.6574074074074074 0.4088541666666667 0.6574074074074074 0.4088541666666667 0.7268518518518519 0.44583333333333336 0.7268518518518519
2 0.3703125 0.30555555555555564 0.334375 0.30555555555555564 0.334375 0.37407407407407417 0.3703125 0.37407407407407417
2 0.4880208333333334 0.8305555555555557 0.4515625 0.8305555555555556 0.45156250000000003 0.900925925925926 0.48802083333333346 0.9009259259259261
4 0.3885416666666668 0.9768518518518519 0.34531250000000013 0.9768518518518519 0.34531250000000013 1 0.3885416666666668 1
2 0.4119791666666667 0.4777777777777778 0.37552083333333336 0.4777777777777778 0.37552083333333336 0.5481481481481482 0.4119791666666667 0.5481481481481482
8 0.34166666666666673 0.8064814814814815 0.3067708333333333 0.8064814814814815 0.3067708333333334 0.875 0.3416666666666668 0.875
3 0.6604166666666667 0.9203703703703706 0.6234375 0.9203703703703706 0.6234375 0.9898148148148148 0.6604166666666667 0.9898148148148148
13 0.6807291666666667 0.5000000000000002 0.6234375 0.5000000000000002 0.6234375 0.6083333333333335 0.6807291666666667 0.6083333333333335
7 0.5635416666666667 0.25555555555555565 0.5171875 0.25555555555555565 0.5171875 0.3453703703703705 0.5635416666666667 0.3453703703703705
6 0.4739583333333334 0.9416666666666667 0.4291666666666668 0.9416666666666667 0.4291666666666668 1 0.4739583333333334 1
12 0.37135416666666665 0.6805555555555556 0.3177083333333333 0.6805555555555556 0.3177083333333333 0.7851851851851852 0.37135416666666665 0.7851851851851852
6 0.35052083333333334 0.40462962962962973 0.30520833333333336 0.40462962962962973 0.30520833333333336 0.49074074074074076 0.35052083333333334 0.49074074074074076
7 0.68125 0.8000000000000002 0.634375 0.8000000000000002 0.634375 0.8888888888888891 0.68125 0.8888888888888891
3 0.5364583333333334 0.3916666666666668 0.49947916666666664 0.3916666666666668 0.49947916666666664 0.463888888888889 0.5364583333333334 0.463888888888889
4 0.3 0.5592592592592592 0.25572916666666673 0.5592592592592592 0.25572916666666673 0.6435185185185185 0.3 0.6435185185185185
3 0.6213541666666667 0.7462962962962965 0.5838541666666667 0.7462962962962965 0.5838541666666667 0.8175925925925928 0.6213541666666667 0.8175925925925928
3 0.4947916666666667 0.22500000000000012 0.4578125 0.22500000000000012 0.4578125 0.29444444444444456 0.4947916666666667 0.29444444444444456
5 0.6510416666666666 0.21851851851851867 0.6046875 0.21851851851851867 0.6046875 0.30555555555555564 0.6510416666666666 0.30555555555555564
0 0.25520833333333337 0.39351851851851855 0.2109375 0.39351851851851855 0.21093750000000003 0.4777777777777778 0.25520833333333337 0.4777777777777778
1 0.7942708333333334 0.8166666666666669 0.7479166666666667 0.8166666666666669 0.7479166666666667 0.9046296296296299 0.7942708333333334 0.9046296296296299
11 0.75625 0.651851851851852 0.7078125 0.651851851851852 0.7078125 0.7407407407407409 0.75625 0.7407407407407409
10 0.3697916666666668 0.8935185185185185 0.32395833333333346 0.8935185185185185 0.32395833333333346 0.9796296296296296 0.3697916666666668 0.9796296296296296
8 0.30104166666666665 0.6555555555555556 0.2682291666666667 0.6555555555555556 0.2682291666666667 0.7185185185185186 0.30104166666666665 0.7185185185185186
10 0.28125 0.475 0.2348958333333334 0.475 0.2348958333333334 0.5601851851851852 0.28125 0.5601851851851852
5 0.7723958333333333 0.739814814814815 0.7239583333333334 0.739814814814815 0.7239583333333334 0.8324074074074076 0.7723958333333333 0.8324074074074076
9 0.7260416666666667 0.565740740740741 0.6875 0.565740740740741 0.6875 0.6398148148148151 0.7260416666666667 0.6398148148148151
9 0.6885416666666667 0.3814814814814816 0.6494791666666667 0.3814814814814816 0.6494791666666667 0.4564814814814816 0.6885416666666667 0.4564814814814816
11 0.6729166666666667 0.288888888888889 0.6239583333333333 0.288888888888889 0.6239583333333333 0.38055555555555565 0.6729166666666667 0.38055555555555565
1 0.6239583333333333 0.12314814814814828 0.575 0.12314814814814826 0.575 0.21481481481481496 0.6239583333333333 0.21481481481481499
3 0.5833333333333334 0.5685185185185188 0.54375 0.5685185185185188 0.54375 0.6444444444444447 0.5833333333333334 0.6444444444444447