0 0.28593750000000007 0.8564814814814815 0.2505208333333334 0.8564814814814815 0.2505208333333334 0.912962962962963 0.2859375000000001 0.912962962962963
4 0.6390625 0.802777777777778 0.6026041666666667 0.802777777777778 0.6026041666666667 0.8592592592592595 0.6390625 0.8592592592592595
4 0.38854166666666673 0.8277777777777777 0.35208333333333336 0.8277777777777777 0.3520833333333334 0.8851851851851852 0.3885416666666668 0.8851851851851852
7 0.3067708333333333 0.2925925925925927 0.27239583333333334 0.2925925925925927 0.27239583333333334 0.3435185185185186 0.3067708333333333 0.3435185185185186
6 0.6328125 0.6379629629629632 0.5953125 0.6379629629629632 0.5953125 0.6925925925925928 0.6328125 0.6925925925925928
11 0.35625 0.1407407407407408 0.321875 0.1407407407407408 0.321875 0.19259259259259265 0.35625 0.19259259259259265
3 0.459375 0.34259259259259267 0.43125 0.34259259259259267 0.43125 0.3851851851851853 0.459375 0.3851851851851853
3 0.559375 0.3351851851851853 0.5302083333333333 0.3351851851851853 0.5302083333333333 0.37685185185185194 0.559375 0.37685185185185194
5 0.5973958333333333 0.1212962962962964 0.559375 0.1212962962962964 0.559375 0.17314814814814825 0.5973958333333333 0.17314814814814825
3 0.35885416666666664 0.36574074074074087 0.3296875 0.36574074074074087 0.3296875 0.40833333333333344 0.35885416666666664 0.40833333333333344
11 0.5484375 0.11944444444444455 0.5130208333333334 0.11944444444444455 0.5130208333333334 0.1712962962962964 0.5484375 0.1712962962962964
1 0.6380208333333334 0.10462962962962977 0.6020833333333333 0.10462962962962977 0.6020833333333333 0.1564814814814816 0.6380208333333334 0.15648148148148164
12 0.47552083333333334 0.7398148148148148 0.4328125 0.7398148148148148 0.4328125 0.8074074074074075 0.47552083333333334 0.8074074074074075
7 0.6067708333333334 0.2620370370370371 0.5703125 0.2620370370370371 0.5703125 0.313888888888889 0.6067708333333334 0.313888888888889
2 0.6744791666666666 0.5620370370370372 0.6432291666666666 0.5620370370370372 0.6432291666666666 0.6046296296296299 0.6744791666666666 0.6046296296296299
2 0.4703125 0.5916666666666667 0.43854166666666666 0.5916666666666667 0.43854166666666666 0.6342592592592593 0.4703125 0.6342592592592593
3 0.653125 0.32222222222222235 0.6234375 0.32222222222222235 0.6234375 0.3648148148148149 0.653125 0.3648148148148149
3 0.2682291666666667 0.38333333333333336 0.23958333333333334 0.38333333333333336 0.23958333333333334 0.4231481481481482 0.2682291666666667 0.4231481481481483
13 0.4635416666666667 0.19074074074074085 0.42291666666666666 0.19074074074074085 0.42291666666666666 0.2537037037037038 0.4635416666666667 0.2537037037037038
1 0.26458333333333334 0.16851851851851857 0.23072916666666668 0.16851851851851857 0.23072916666666668 0.2203703703703704 0.26458333333333334 0.2203703703703704
2 0.2703125 0.6148148148148148 0.24062500000000006 0.6148148148148148 0.24062500000000006 0.6574074074074074 0.2703125 0.6574074074074074
9 0.496875 0.12962962962962973 0.4671875 0.12962962962962973 0.4671875 0.16851851851851862 0.496875 0.16851851851851862
5 0.31197916666666664 0.15277777777777782 0.2786458333333333 0.15277777777777782 0.2786458333333333 0.20277777777777783 0.31197916666666664 0.20277777777777783
2 0.3651041666666667 0.5972222222222222 0.33489583333333334 0.5972222222222222 0.33489583333333334 0.6407407407407407 0.3651041666666667 0.6407407407407407
2 0.5713541666666667 0.5787037037037039 0.5416666666666666 0.5787037037037039 0.5416666666666666 0.6222222222222225 0.5713541666666667 0.6222222222222225
6 0.3182291666666667 0.6833333333333333 0.28125 0.6833333333333333 0.28125 0.7407407407407407 0.3182291666666667 0.7407407407407407
8 0.4302083333333334 0.850925925925926 0.4005208333333333 0.850925925925926 0.4005208333333334 0.8972222222222223 0.43020833333333347 0.8972222222222223
9 0.39427083333333335 0.1361111111111112 0.365625 0.1361111111111112 0.365625 0.17685185185185195 0.39427083333333335 0.17685185185185195
8 0.5265625 0.8305555555555557 0.4973958333333333 0.8305555555555557 0.49739583333333337 0.8759259259259261 0.5265625000000002 0.8759259259259261
10 0.33333333333333337 0.8351851851851851 0.29635416666666664 0.8351851851851851 0.29635416666666675 0.8944444444444445 0.3333333333333334 0.8944444444444445
0 0.6854166666666667 0.7916666666666669 0.6479166666666667 0.7916666666666669 0.6479166666666667 0.8481481481481483 0.6854166666666667 0.8481481481481483
10 0.5864583333333333 0.8129629629629632 0.55 0.8129629629629632 0.55 0.8694444444444447 0.5864583333333333 0.8694444444444447