9 0.5473958333333333 0.6824074074074076 0.5078125 0.6824074074074076 0.5078125 0.7481481481481483 0.5473958333333333 0.7481481481481483
2 0.39166666666666666 0.2981481481481483 0.3494791666666667 0.2981481481481483 0.3494791666666667 0.3675925925925927 0.39166666666666666 0.3675925925925927
4 0.33125 0.30092592592592604 0.28177083333333336 0.30092592592592604 0.28177083333333336 0.3833333333333334 0.33125 0.3833333333333334
11 0.36041666666666666 0.6824074074074075 0.30885416666666665 0.6824074074074075 0.30885416666666665 0.7666666666666667 0.36041666666666666 0.7666666666666667
8 0.5546875 0.6083333333333335 0.5130208333333334 0.6083333333333335 0.5130208333333334 0.677777777777778 0.5546875 0.677777777777778
7 0.6109375 0.8185185185185188 0.5614583333333333 0.8185185185185188 0.5614583333333333 0.9000000000000002 0.6109375 0.9000000000000002
2 0.4546875 0.5046296296296297 0.41354166666666664 0.5046296296296297 0.41354166666666664 0.5703703703703704 0.4546875 0.5703703703703704
8 0.4375 0.19537037037037047 0.396875 0.19537037037037047 0.396875 0.26296296296296306 0.4375 0.26296296296296306
7 0.625 0.22685185185185197 0.5744791666666667 0.22685185185185194 0.5744791666666667 0.3101851851851853 0.625 0.3101851851851853
4 0.6848958333333334 0.5185185185185187 0.6354166666666666 0.5185185185185187 0.6354166666666666 0.6000000000000002 0.6848958333333334 0.6000000000000002
12 0.6197916666666666 0.5796296296296298 0.5598958333333334 0.5796296296296298 0.5598958333333334 0.676851851851852 0.6197916666666666 0.676851851851852
3 0.4307291666666668 0.8805555555555555 0.38906250000000014 0.8805555555555555 0.38906250000000014 0.9472222222222222 0.4307291666666668 0.9472222222222222
10 0.4953125 0.6611111111111112 0.44583333333333336 0.6611111111111111 0.44583333333333336 0.7416666666666668 0.4953125 0.7416666666666669
2 0.6869791666666667 0.288888888888889 0.646875 0.288888888888889 0.646875 0.3537037037037038 0.6869791666666667 0.3537037037037038
2 0.7140625 0.7185185185185188 0.675 0.7185185185185188 0.675 0.7824074074074077 0.7140625 0.7824074074074077
1 0.48489583333333336 0.3250000000000001 0.43645833333333334 0.3250000000000001 0.43645833333333334 0.40462962962962973 0.48489583333333336 0.40462962962962973
6 0.5276041666666668 0.8157407407407409 0.478125 0.8157407407407408 0.4781250000000001 0.8972222222222224 0.5276041666666668 0.8972222222222225
6 0.4296875 0.41203703703703715 0.38125 0.41203703703703715 0.38125 0.49166666666666664 0.4296875 0.49166666666666664
1 0.35104166666666664 0.46759259259259267 0.30052083333333335 0.46759259259259267 0.30052083333333335 0.5518518518518518 0.35104166666666664 0.5518518518518518
3 0.5447916666666667 0.1777777777777779 0.5046875 0.1777777777777779 0.5046875 0.24351851851851863 0.5447916666666667 0.24351851851851863
5 0.61875 0.09629629629629642 0.5682291666666667 0.09629629629629642 0.5682291666666667 0.1805555555555557 0.61875 0.18055555555555572
3 0.5005208333333333 0.5731481481481483 0.459375 0.5731481481481482 0.459375 0.639814814814815 0.5005208333333333 0.6398148148148151
13 0.41875 0.575925925925926 0.3578125 0.575925925925926 0.3578125 0.6731481481481482 0.41875 0.6731481481481482
9 0.4630208333333333 0.762962962962963 0.4276041666666667 0.762962962962963 0.4276041666666667 0.8240740740740741 0.4630208333333333 0.8240740740740741
0 0.5520833333333334 0.2703703703703705 0.5026041666666666 0.2703703703703705 0.5026041666666666 0.35462962962962974 0.5520833333333334 0.35462962962962974
10 0.6541666666666667 0.6879629629629632 0.60625 0.6879629629629632 0.60625 0.7703703703703706 0.6541666666666667 0.7703703703703706
11 0.7567708333333333 0.5814814814814817 0.7088541666666667 0.5814814814814817 0.7088541666666667 0.6648148148148151 0.7567708333333333 0.6648148148148151
3 0.6489583333333333 0.3611111111111112 0.6088541666666667 0.3611111111111112 0.6088541666666667 0.43055555555555564 0.6489583333333333 0.43055555555555564
2 0.5244791666666667 0.4351851851851853 0.48385416666666664 0.4351851851851853 0.48385416666666664 0.5037037037037039 0.5244791666666667 0.5037037037037039
0 0.621875 0.44166666666666676 0.575 0.44166666666666676 0.575 0.5259259259259261 0.621875 0.5259259259259261
5 0.5921875 0.3555555555555557 0.5416666666666666 0.3555555555555557 0.5416666666666666 0.44351851851851865 0.5921875 0.44351851851851865
3 0.7213541666666666 0.42777777777777787 0.6828125 0.42777777777777787 0.6828125 0.490740740740741 0.7213541666666666 0.490740740740741