9 0.29322916666666665 0.4074074074074075 0.2671875 0.4074074074074075 0.2671875 0.4546296296296297 0.29322916666666665 0.4546296296296297
3 0.428125 0.388888888888889 0.4036458333333333 0.388888888888889 0.4036458333333333 0.43425925925925934 0.428125 0.43425925925925934
12 0.5182291666666666 0.15370370370370381 0.48072916666666665 0.15370370370370381 0.48072916666666665 0.22222222222222232 0.5182291666666666 0.22222222222222232
5 0.5791666666666667 0.4629629629629631 0.5489583333333333 0.4629629629629631 0.5489583333333333 0.5185185185185187 0.5791666666666667 0.5185185185185187
10 0.3098958333333333 0.6768518518518518 0.27708333333333335 0.6768518518518518 0.27708333333333335 0.7342592592592593 0.3098958333333333 0.7342592592592593
7 0.2192708333333334 0.45555555555555555 0.1864583333333334 0.45555555555555555 0.1864583333333334 0.5148148148148148 0.2192708333333334 0.5148148148148148
2 0.4114583333333333 0.5018518518518519 0.3854166666666667 0.5018518518518519 0.3854166666666667 0.5462962962962963 0.4114583333333333 0.5462962962962963
2 0.41458333333333336 0.31296296296296305 0.39010416666666664 0.31296296296296305 0.39010416666666664 0.35833333333333345 0.41458333333333336 0.35833333333333345
13 0.2588541666666667 0.4157407407407408 0.2203125 0.41574074074074074 0.22031250000000002 0.4898148148148148 0.2588541666666667 0.4898148148148148
9 0.2734375 0.5111111111111111 0.24687500000000007 0.5111111111111111 0.24687500000000007 0.5592592592592592 0.2734375 0.5592592592592592
3 0.25625 0.2444444444444445 0.23125 0.24444444444444444 0.23125 0.28981481481481486 0.25625 0.2898148148148149
3 0.43125 0.575 0.4046875 0.575 0.4046875 0.6212962962962963 0.43125 0.6212962962962963
0 0.321875 0.2814814814814816 0.28958333333333336 0.2814814814814816 0.28958333333333336 0.34074074074074084 0.321875 0.34074074074074084
3 0.3614583333333333 0.0861111111111112 0.33697916666666666 0.0861111111111112 0.33697916666666666 0.12962962962962968 0.3614583333333333 0.12962962962962968
3 0.5255208333333333 0.6009259259259261 0.5010416666666667 0.6009259259259261 0.5010416666666667 0.6462962962962965 0.5255208333333333 0.6462962962962965
2 0.39427083333333335 0.23611111111111122 0.3692708333333333 0.23611111111111122 0.3692708333333333 0.2824074074074075 0.39427083333333335 0.2824074074074075
2 0.4088541666666667 0.6851851851851852 0.3828125 0.6851851851851852 0.3828125 0.7314814814814815 0.4088541666666667 0.7314814814814815
10 0.43645833333333334 0.2074074074074075 0.40572916666666664 0.2074074074074075 0.40572916666666664 0.263888888888889 0.43645833333333334 0.263888888888889
11 0.4921875 0.43981481481481494 0.4609375 0.43981481481481494 0.4609375 0.49814814814814823 0.4921875 0.49814814814814834
7 0.34270833333333334 0.18611111111111117 0.3104166666666667 0.18611111111111117 0.3104166666666667 0.24351851851851863 0.34270833333333334 0.24351851851851863
6 0.3796875 0.3453703703703705 0.34739583333333335 0.3453703703703705 0.34739583333333335 0.4037037037037038 0.3796875 0.4037037037037038
2 0.26510416666666664 0.061111111111111165 0.24010416666666667 0.061111111111111165 0.24010416666666667 0.10740740740740747 0.26510416666666664 0.10740740740740747
8 0.5401041666666667 0.3157407407407408 0.5166666666666667 0.3157407407407408 0.5166666666666667 0.3601851851851853 0.5401041666666667 0.3601851851851853
0 0.3536458333333333 0.45185185185185195 0.32083333333333336 0.45185185185185195 0.32083333333333336 0.5111111111111111 0.3536458333333333 0.5111111111111111
8 0.5078125 0.34444444444444455 0.48333333333333334 0.34444444444444455 0.48333333333333334 0.39074074074074083 0.5078125 0.39074074074074083
11 0.2046875 0.18888888888888894 0.17291666666666666 0.18888888888888894 0.17291666666666666 0.24537037037037038 0.2046875 0.24537037037037038
1 0.559375 0.3851851851851853 0.5291666666666667 0.3851851851851853 0.5291666666666667 0.44166666666666676 0.559375 0.44166666666666676
4 0.4739583333333333 0.3592592592592594 0.4421875 0.3592592592592594 0.4421875 0.4175925925925927 0.4739583333333333 0.4175925925925927
4 0.5442708333333334 0.49444444444444463 0.5145833333333333 0.49444444444444463 0.5145833333333333 0.5472222222222224 0.5442708333333334 0.5472222222222224
5 0.3953125 0.6046296296296296 0.36354166666666665 0.6046296296296296 0.36354166666666665 0.6601851851851852 0.3953125 0.6601851851851852
6 0.33489583333333334 0.5564814814814815 0.3026041666666667 0.5564814814814815 0.3026041666666667 0.6148148148148148 0.33489583333333334 0.6148148148148148