1 0.37083333333333335 0.41018518518518526 0.3203125 0.41018518518518526 0.3203125 0.5 0.37083333333333335 0.5
6 0.58125 0.2722222222222223 0.5296875 0.2722222222222223 0.5296875 0.363888888888889 0.58125 0.363888888888889
5 0.3145833333333333 0.24814814814814826 0.26614583333333336 0.24814814814814826 0.26614583333333336 0.33425925925925937 0.3145833333333333 0.33425925925925937
0 0.6515625 0.614814814814815 0.6010416666666667 0.614814814814815 0.6010416666666667 0.7055555555555557 0.6515625 0.7055555555555557
5 0.35208333333333336 0.6703703703703704 0.303125 0.6703703703703704 0.303125 0.7583333333333333 0.35208333333333336 0.7583333333333333
7 0.39375 0.6657407407407407 0.3458333333333333 0.6657407407407407 0.3458333333333333 0.7509259259259259 0.39375 0.7509259259259259
13 0.33229166666666665 0.41574074074074086 0.27395833333333336 0.41574074074074086 0.27395833333333336 0.5203703703703704 0.33229166666666665 0.5203703703703704
12 0.6395833333333333 0.3314814814814816 0.5765625 0.3314814814814816 0.5765625 0.44444444444444453 0.6395833333333333 0.44444444444444453
6 0.6010416666666667 0.5398148148148151 0.5510416666666667 0.5398148148148151 0.5510416666666667 0.6296296296296299 0.6010416666666667 0.6296296296296299
8 0.6338541666666667 0.44351851851851865 0.5927083333333333 0.44351851851851865 0.5927083333333333 0.5166666666666668 0.6338541666666667 0.5166666666666668
3 0.42083333333333334 0.5861111111111111 0.38125 0.5861111111111111 0.38125 0.6564814814814814 0.42083333333333334 0.6564814814814814
4 0.646875 0.5296296296296299 0.5963541666666666 0.5296296296296299 0.5963541666666666 0.6194444444444447 0.646875 0.6194444444444447
3 0.39114583333333336 0.23703703703703713 0.35208333333333336 0.23703703703703713 0.35208333333333336 0.3074074074074075 0.39114583333333336 0.3074074074074075
10 0.5885416666666666 0.3592592592592594 0.5369791666666667 0.3592592592592594 0.5369791666666667 0.45185185185185195 0.5885416666666666 0.45185185185185195
2 0.5322916666666667 0.28703703703703715 0.49114583333333334 0.28703703703703715 0.49114583333333334 0.3601851851851853 0.5322916666666667 0.3601851851851853
2 0.5223958333333333 0.1962962962962964 0.48072916666666665 0.1962962962962964 0.48072916666666665 0.2712962962962964 0.5223958333333333 0.2712962962962964
2 0.5479166666666667 0.47407407407407426 0.5072916666666667 0.47407407407407426 0.5072916666666667 0.5472222222222224 0.5479166666666667 0.5472222222222224
11 0.34375 0.5888888888888889 0.29583333333333334 0.5888888888888889 0.29583333333333334 0.674074074074074 0.34375 0.674074074074074
7 0.3614583333333333 0.32685185185185195 0.3125 0.32685185185185195 0.3125 0.4148148148148149 0.3614583333333333 0.4148148148148149
11 0.378125 0.5009259259259259 0.32916666666666666 0.5009259259259259 0.32916666666666666 0.5879629629629629 0.378125 0.5879629629629629
3 0.39791666666666664 0.3212962962962964 0.3578125 0.3212962962962964 0.3578125 0.3925925925925927 0.39791666666666664 0.3925925925925927
0 0.5760416666666667 0.18333333333333343 0.5234375 0.18333333333333343 0.5234375 0.2777777777777779 0.5760416666666667 0.2777777777777779
8 0.6239583333333333 0.26574074074074083 0.5833333333333334 0.26574074074074083 0.5833333333333334 0.3379629629629631 0.6239583333333333 0.3379629629629631
2 0.5520833333333334 0.5583333333333336 0.5109375 0.5583333333333336 0.5109375 0.6314814814814816 0.5520833333333334 0.6314814814814816
4 0.6223958333333334 0.16759259259259274 0.5708333333333333 0.1675925925925927 0.5708333333333333 0.2601851851851853 0.6223958333333334 0.2601851851851853
2 0.5375 0.3814814814814816 0.496875 0.3814814814814816 0.496875 0.4546296296296297 0.5375 0.4546296296296297
9 0.3151041666666667 0.3472222222222223 0.27708333333333335 0.3472222222222223 0.27708333333333335 0.41574074074074086 0.3151041666666667 0.41574074074074086
1 0.38645833333333335 0.5768518518518518 0.3375 0.5768518518518518 0.3375 0.6648148148148149 0.38645833333333335 0.6648148148148149
3 0.40260416666666665 0.4129629629629631 0.3645833333333333 0.4129629629629631 0.3645833333333333 0.48148148148148145 0.40260416666666665 0.48148148148148145
3 0.415625 0.49444444444444446 0.37604166666666666 0.49444444444444446 0.37604166666666666 0.5648148148148148 0.415625 0.5648148148148148
9 0.3328125 0.5157407407407407 0.2942708333333333 0.5157407407407407 0.2942708333333333 0.5861111111111111 0.3328125 0.5861111111111111
10 0.5973958333333333 0.44814814814814824 0.546875 0.44814814814814824 0.546875 0.5388888888888891 0.5973958333333333 0.5388888888888891