4 0.6776041666666667 0.6740740740740743 0.63125 0.6740740740740743 0.63125 0.7601851851851854 0.6776041666666667 0.7601851851851854
2 0.3494791666666667 0.2342592592592593 0.3145833333333333 0.2342592592592593 0.3145833333333333 0.29907407407407416 0.3494791666666667 0.29907407407407416
6 0.7067708333333333 0.5009259259259261 0.6609375 0.5009259259259261 0.6609375 0.5842592592592595 0.7067708333333333 0.5842592592592595
7 0.4114583333333333 0.4500000000000001 0.3651041666666667 0.4500000000000001 0.3651041666666667 0.5351851851851852 0.4114583333333333 0.5351851851851852
3 0.6088541666666667 0.7657407407407409 0.5713541666666667 0.7657407407407409 0.5713541666666667 0.8351851851851854 0.6088541666666667 0.8351851851851854
9 0.3125 0.4185185185185186 0.27708333333333335 0.4185185185185186 0.27708333333333335 0.48333333333333334 0.3125 0.48333333333333334
11 0.27760416666666665 0.38333333333333336 0.23229166666666667 0.38333333333333336 0.2322916666666667 0.46759259259259267 0.27760416666666665 0.46759259259259267
7 0.33645833333333336 0.31203703703703717 0.2911458333333333 0.31203703703703717 0.2911458333333333 0.3953703703703705 0.33645833333333336 0.3953703703703705
2 0.3020833333333333 0.2083333333333334 0.2671875 0.2083333333333334 0.2671875 0.27314814814814825 0.3020833333333333 0.27314814814814825
5 0.2911458333333333 0.2981481481481483 0.24739583333333334 0.2981481481481483 0.24739583333333334 0.37962962962962976 0.2911458333333333 0.37962962962962976
2 0.23906250000000007 0.5851851851851851 0.20416666666666672 0.5851851851851851 0.20416666666666672 0.649074074074074 0.23906250000000007 0.649074074074074
2 0.2828125 0.5962962962962963 0.24791666666666673 0.5962962962962963 0.24791666666666673 0.6611111111111111 0.2828125 0.6611111111111111
0 0.6453125 0.5638888888888891 0.5994791666666667 0.5638888888888891 0.5994791666666667 0.6500000000000002 0.6453125 0.6500000000000002
5 0.3770833333333333 0.33703703703703713 0.3307291666666667 0.33703703703703713 0.3307291666666667 0.4212962962962964 0.3770833333333333 0.4212962962962964
8 0.5807291666666666 0.6462962962962965 0.5421875 0.6462962962962965 0.5421875 0.714814814814815 0.5807291666666666 0.714814814814815
3 0.6723958333333333 0.3787037037037038 0.6354166666666666 0.3787037037037038 0.6354166666666666 0.44814814814814824 0.6723958333333333 0.44814814814814824
3 0.634375 0.8694444444444447 0.5979166666666667 0.8694444444444447 0.5979166666666667 0.9351851851851853 0.634375 0.9351851851851853
2 0.22812500000000005 0.662962962962963 0.18958333333333338 0.662962962962963 0.18958333333333338 0.7305555555555555 0.22812500000000005 0.7305555555555555
6 0.553125 0.5250000000000002 0.5083333333333333 0.5250000000000002 0.5083333333333333 0.6074074074074076 0.553125 0.6074074074074076
13 0.31197916666666664 0.4842592592592593 0.25312500000000004 0.4842592592592593 0.25312500000000004 0.5888888888888889 0.31197916666666664 0.5888888888888889
0 0.6130208333333333 0.4527777777777779 0.5666666666666667 0.4527777777777779 0.5666666666666667 0.540740740740741 0.6130208333333333 0.540740740740741
1 0.346875 0.5157407407407407 0.30364583333333334 0.5157407407407407 0.30364583333333334 0.5962962962962963 0.346875 0.5962962962962963
1 0.26302083333333337 0.475 0.21666666666666673 0.475 0.21666666666666673 0.5564814814814815 0.26302083333333337 0.5564814814814815
3 0.7223958333333333 0.40462962962962973 0.6859375 0.40462962962962973 0.6859375 0.4712962962962964 0.7223958333333333 0.4712962962962964
11 0.3671875 0.42592592592592604 0.31875 0.42592592592592604 0.31875 0.5083333333333333 0.3671875 0.5083333333333333
4 0.5994791666666667 0.5435185185185187 0.5510416666666667 0.5435185185185187 0.5510416666666667 0.6305555555555558 0.5994791666666667 0.6305555555555558
12 0.6677083333333333 0.4611111111111112 0.6130208333333333 0.4611111111111112 0.6130208333333333 0.5592592592592595 0.6677083333333333 0.5592592592592595
3 0.6552083333333333 0.7879629629629632 0.6177083333333333 0.7879629629629632 0.6177083333333333 0.853703703703704 0.6552083333333333 0.853703703703704
10 0.69375 0.5907407407407409 0.6447916666666667 0.5907407407407409 0.6447916666666667 0.677777777777778 0.69375 0.677777777777778
10 0.6328125 0.6555555555555558 0.584375 0.6555555555555558 0.584375 0.7435185185185187 0.6328125 0.7435185185185187