5 0.6328125 0.8425925925925928 0.5901041666666667 0.8425925925925928 0.5901041666666667 0.9009259259259261 0.6328125 0.9009259259259261
0 0.6744791666666666 0.07777777777777792 0.6359375 0.0777777777777779 0.6359375 0.1342592592592594 0.6744791666666666 0.1342592592592594
4 0.6244791666666667 0.08333333333333347 0.5854166666666667 0.08333333333333347 0.5854166666666667 0.13703703703703718 0.6244791666666667 0.1370370370370372
1 0.6901041666666666 0.839814814814815 0.6473958333333333 0.839814814814815 0.6473958333333333 0.8990740740740742 0.6901041666666666 0.8990740740740742
7 0.47500000000000003 0.8388888888888889 0.43385416666666665 0.8388888888888889 0.4338541666666667 0.8981481481481481 0.47500000000000014 0.8981481481481481
2 0.6807291666666667 0.33055555555555566 0.6479166666666667 0.33055555555555566 0.6479166666666667 0.37592592592592605 0.6807291666666667 0.37592592592592605
5 0.41354166666666675 0.8462962962962963 0.3729166666666667 0.8462962962962963 0.37291666666666673 0.9055555555555556 0.4135416666666668 0.9055555555555556
1 0.36250000000000004 0.8388888888888889 0.32135416666666666 0.8388888888888889 0.3213541666666667 0.9 0.3625000000000001 0.9
10 0.7255208333333333 0.08425925925925942 0.6880208333333333 0.08425925925925942 0.6880208333333333 0.1407407407407409 0.7255208333333333 0.1407407407407409
10 0.3151041666666667 0.08703703703703711 0.2760416666666667 0.0870370370370371 0.2760416666666667 0.14351851851851857 0.3151041666666667 0.14351851851851857
13 0.5270833333333333 0.6712962962962964 0.4791666666666667 0.6712962962962963 0.4791666666666667 0.7435185185185186 0.5270833333333333 0.7435185185185187
7 0.5791666666666667 0.8500000000000002 0.5380208333333333 0.8500000000000002 0.5380208333333333 0.9083333333333335 0.5791666666666667 0.9083333333333335
2 0.36302083333333335 0.3351851851851853 0.3296875 0.3351851851851853 0.3296875 0.3787037037037038 0.36302083333333335 0.3787037037037038
12 0.5234375 0.23425925925925936 0.47604166666666664 0.23425925925925936 0.47604166666666664 0.30277777777777787 0.5234375 0.30277777777777787
2 0.7307291666666667 0.3287037037037039 0.6994791666666667 0.32870370370370383 0.6994791666666667 0.3731481481481483 0.7307291666666667 0.37314814814814834
3 0.7442708333333333 0.589814814814815 0.7109375 0.589814814814815 0.7109375 0.6333333333333335 0.7442708333333333 0.6333333333333335
4 0.4166666666666667 0.08055555555555563 0.3765625 0.08055555555555563 0.3765625 0.1351851851851853 0.4166666666666667 0.1351851851851853
6 0.5729166666666666 0.07962962962962974 0.5322916666666667 0.07962962962962973 0.5322916666666667 0.13333333333333344 0.5729166666666666 0.13333333333333344
11 0.7473958333333334 0.8333333333333336 0.7041666666666667 0.8333333333333336 0.7041666666666667 0.8935185185185187 0.7473958333333334 0.8935185185185187
6 0.4713541666666667 0.08148148148148159 0.43072916666666666 0.08148148148148159 0.43072916666666666 0.1351851851851853 0.4713541666666667 0.1351851851851853
3 0.3567708333333333 0.5879629629629629 0.3223958333333333 0.5879629629629629 0.3223958333333333 0.6324074074074074 0.3567708333333333 0.6324074074074074
3 0.6911458333333333 0.5851851851851854 0.6567708333333333 0.5851851851851854 0.6567708333333333 0.6296296296296299 0.6911458333333333 0.6296296296296299
3 0.4671875 0.49166666666666664 0.4348958333333333 0.49166666666666664 0.4348958333333333 0.5444444444444444 0.4671875 0.5444444444444444
2 0.30885416666666665 0.3296296296296297 0.2765625 0.3296296296296297 0.2765625 0.37314814814814823 0.30885416666666665 0.37314814814814823
8 0.571875 0.23981481481481493 0.5375 0.23981481481481493 0.5375 0.2935185185185186 0.571875 0.2935185185185186
3 0.3072916666666667 0.5888888888888889 0.27395833333333336 0.5888888888888889 0.27395833333333336 0.6351851851851852 0.3072916666666667 0.6351851851851852
2 0.5760416666666667 0.413888888888889 0.5432291666666667 0.413888888888889 0.5432291666666667 0.45925925925925937 0.5760416666666667 0.45925925925925937
0 0.36666666666666664 0.0861111111111112 0.32708333333333334 0.0861111111111112 0.32708333333333334 0.14074074074074083 0.36666666666666664 0.14074074074074083
9 0.5755208333333334 0.676851851851852 0.5416666666666666 0.676851851851852 0.5416666666666666 0.7240740740740743 0.5755208333333334 0.7240740740740743
8 0.4609375 0.24722222222222232 0.4276041666666667 0.24722222222222232 0.4276041666666667 0.2916666666666668 0.4609375 0.2916666666666668
11 0.31093750000000003 0.8324074074074074 0.27239583333333334 0.8324074074074074 0.2723958333333334 0.899074074074074 0.31093750000000014 0.899074074074074
9 0.465625 0.6842592592592592 0.4322916666666667 0.6842592592592592 0.4322916666666667 0.7351851851851852 0.465625 0.7351851851851852