7 0.3671875 0.22314814814814823 0.31927083333333334 0.2231481481481482 0.31927083333333334 0.3064814814814816 0.3671875 0.3064814814814816
8 0.39739583333333334 0.7324074074074074 0.35989583333333336 0.7324074074074074 0.35989583333333336 0.7953703703703704 0.39739583333333334 0.7953703703703704
0 0.30833333333333335 0.6583333333333333 0.26250000000000007 0.6583333333333333 0.26250000000000007 0.7361111111111112 0.30833333333333335 0.7361111111111112
12 0.45416666666666666 0.7509259259259259 0.3963541666666667 0.7509259259259259 0.3963541666666667 0.8490740740740741 0.45416666666666666 0.8490740740740741
5 0.3802083333333333 0.1435185185185186 0.3307291666666667 0.14351851851851857 0.3307291666666667 0.2296296296296297 0.3802083333333333 0.22962962962962974
7 0.5640625 0.35092592592592603 0.5135416666666667 0.35092592592592603 0.5135416666666667 0.43703703703703717 0.5640625 0.43703703703703717
0 0.5479166666666667 0.7490740740740743 0.49947916666666664 0.7490740740740743 0.49947916666666664 0.8324074074074076 0.5479166666666667 0.8324074074074076
8 0.4885416666666667 0.7972222222222223 0.44947916666666665 0.7972222222222223 0.4494791666666667 0.863888888888889 0.48854166666666676 0.8638888888888892
3 0.5958333333333333 0.46944444444444455 0.55625 0.46944444444444455 0.55625 0.5379629629629632 0.5958333333333333 0.5379629629629632
4 0.5369791666666667 0.8212962962962965 0.4901041666666667 0.8212962962962965 0.49010416666666673 0.901851851851852 0.5369791666666667 0.901851851851852
5 0.6291666666666667 0.31296296296296305 0.5791666666666667 0.31296296296296305 0.5791666666666667 0.4000000000000001 0.6291666666666667 0.4000000000000001
4 0.35208333333333336 0.6916666666666667 0.30520833333333336 0.6916666666666667 0.30520833333333336 0.7722222222222223 0.35208333333333336 0.7722222222222223
6 0.5020833333333333 0.7175925925925927 0.45416666666666666 0.7175925925925926 0.45416666666666666 0.7990740740740742 0.5020833333333333 0.7990740740740743
9 0.5713541666666667 0.2824074074074075 0.5317708333333333 0.2824074074074075 0.5317708333333333 0.3500000000000001 0.5713541666666667 0.3500000000000001
3 0.39791666666666664 0.3333333333333334 0.35885416666666664 0.3333333333333334 0.35885416666666664 0.4027777777777779 0.39791666666666664 0.4027777777777779
3 0.5484375 0.43425925925925934 0.5088541666666667 0.43425925925925934 0.5088541666666667 0.5037037037037039 0.5484375 0.5037037037037039
6 0.3614583333333333 0.6203703703703703 0.3140625 0.6203703703703703 0.3140625 0.7027777777777777 0.3614583333333333 0.7027777777777777
11 0.42864583333333334 0.17592592592592604 0.37916666666666665 0.17592592592592604 0.37916666666666665 0.26111111111111124 0.42864583333333334 0.26111111111111124
11 0.4630208333333333 0.2861111111111112 0.41302083333333334 0.2861111111111112 0.41302083333333334 0.37314814814814823 0.4630208333333333 0.37314814814814823
3 0.4979166666666667 0.3990740740740742 0.4578125 0.3990740740740742 0.4578125 0.4666666666666668 0.4979166666666667 0.4666666666666668
10 0.409375 0.6592592592592592 0.3619791666666667 0.6592592592592592 0.3619791666666667 0.7407407407407407 0.409375 0.7407407407407407
9 0.4708333333333333 0.21944444444444455 0.43125 0.21944444444444455 0.43125 0.28703703703703715 0.4708333333333333 0.28703703703703715
2 0.5598958333333334 0.6879629629629632 0.5208333333333334 0.6879629629629632 0.5208333333333334 0.7546296296296299 0.5598958333333334 0.7546296296296299
13 0.5307291666666667 0.2287037037037038 0.4703125 0.2287037037037038 0.4703125 0.33425925925925937 0.5307291666666667 0.33425925925925937
3 0.44947916666666665 0.37407407407407417 0.41041666666666665 0.37407407407407417 0.41041666666666665 0.44166666666666676 0.44947916666666665 0.44166666666666676
10 0.4557291666666667 0.687037037037037 0.4088541666666667 0.687037037037037 0.4088541666666667 0.7685185185185185 0.4557291666666667 0.7685185185185185
1 0.5135416666666667 0.31944444444444453 0.4640625 0.31944444444444453 0.4640625 0.40555555555555567 0.5135416666666667 0.40555555555555567
1 0.4171875 0.25740740740740753 0.36822916666666666 0.25740740740740753 0.36822916666666666 0.34259259259259267 0.4171875 0.34259259259259267
2 0.4609375 0.6212962962962963 0.42239583333333336 0.6212962962962963 0.42239583333333336 0.687962962962963 0.4609375 0.687962962962963
2 0.3651041666666667 0.5583333333333333 0.32708333333333334 0.5583333333333333 0.32708333333333334 0.6231481481481481 0.3651041666666667 0.6231481481481481
2 0.40989583333333335 0.5944444444444444 0.371875 0.5944444444444444 0.371875 0.6583333333333333 0.40989583333333335 0.6583333333333333
2 0.5104166666666666 0.6601851851851853 0.47291666666666665 0.6601851851851852 0.47291666666666665 0.7250000000000001 0.5104166666666666 0.7250000000000002