4 0.5093750000000001 0.9796296296296296 0.4609375000000001 0.9796296296296296 0.4609375000000001 1 0.5093750000000001 1
2 0.7348958333333333 0.4657407407407409 0.6989583333333333 0.46574074074074084 0.6989583333333333 0.5314814814814817 0.7348958333333333 0.5314814814814817
13 0.4625 0.2787037037037038 0.4036458333333333 0.2787037037037038 0.4036458333333333 0.3851851851851853 0.4625 0.3851851851851853
7 0.6177083333333333 0.2240740740740742 0.5713541666666667 0.22407407407407418 0.5713541666666667 0.3074074074074075 0.6177083333333333 0.3074074074074075
3 0.32708333333333334 0.612037037037037 0.2875 0.612037037037037 0.2875 0.6842592592592592 0.32708333333333334 0.6842592592592592
2 0.653125 0.5481481481481484 0.6151041666666667 0.5481481481481484 0.6151041666666667 0.6166666666666669 0.653125 0.6166666666666669
7 0.3578125 0.5046296296296297 0.3098958333333333 0.5046296296296297 0.3098958333333333 0.5907407407407408 0.3578125 0.5907407407407408
1 0.6171875 0.06944444444444457 0.571875 0.06944444444444457 0.571875 0.151851851851852 0.6171875 0.15185185185185202
2 0.39322916666666674 0.8324074074074074 0.353125 0.8324074074074074 0.3531250000000001 0.9046296296296297 0.3932291666666668 0.9046296296296297
3 0.5005208333333333 0.42962962962962975 0.4625 0.42962962962962975 0.4625 0.49907407407407417 0.5005208333333333 0.4990740740740743
3 0.5890625 0.34444444444444455 0.5494791666666666 0.34444444444444455 0.5494791666666666 0.4166666666666668 0.5890625 0.4166666666666668
2 0.4828125 0.7407407407407407 0.44427083333333334 0.7407407407407407 0.44427083333333334 0.8111111111111111 0.4828125 0.8111111111111111
8 0.6755208333333333 0.8064814814814817 0.6385416666666667 0.8064814814814817 0.6385416666666667 0.8731481481481483 0.6755208333333333 0.8731481481481483
6 0.7265625 0.5620370370370372 0.6776041666666667 0.5620370370370372 0.6776041666666667 0.6481481481481484 0.7265625 0.6481481481481484
5 0.5697916666666667 0.10833333333333345 0.5229166666666667 0.10833333333333343 0.5229166666666667 0.19166666666666676 0.5697916666666667 0.19166666666666676
2 0.5739583333333333 0.6537037037037039 0.5354166666666667 0.6537037037037039 0.5354166666666667 0.7231481481481483 0.5739583333333333 0.7231481481481483
12 0.6302083333333334 0.7611111111111113 0.571875 0.7611111111111113 0.571875 0.864814814814815 0.6302083333333334 0.864814814814815
3 0.41510416666666666 0.5222222222222223 0.3765625 0.5222222222222223 0.3765625 0.5916666666666667 0.41510416666666666 0.5916666666666667
3 0.6729166666666667 0.26574074074074083 0.6286458333333333 0.26574074074074083 0.6286458333333333 0.34444444444444455 0.6729166666666667 0.34444444444444455
4 0.7140625 0.7425925925925928 0.6640625 0.7425925925925928 0.6640625 0.8324074074074076 0.7140625 0.8324074074074076
6 0.4630208333333334 0.8462962962962963 0.40989583333333335 0.8462962962962963 0.4098958333333334 0.9407407407407408 0.46302083333333344 0.9407407407407408
0 0.7973958333333333 0.6592592592592594 0.7463541666666667 0.6592592592592594 0.7463541666666667 0.7481481481481483 0.7973958333333333 0.7481481481481483
9 0.4869791666666667 0.1787037037037038 0.44895833333333335 0.1787037037037038 0.44895833333333335 0.24814814814814826 0.4869791666666667 0.24814814814814826
11 0.5307291666666667 0.138888888888889 0.484375 0.138888888888889 0.484375 0.22222222222222232 0.5307291666666667 0.22222222222222232
5 0.3109375 0.35833333333333345 0.2609375 0.35833333333333345 0.26093750000000004 0.44722222222222235 0.3109375 0.44722222222222235
8 0.5958333333333333 0.8925925925925928 0.5583333333333333 0.8925925925925928 0.5583333333333333 0.9601851851851851 0.5958333333333333 0.9601851851851851
10 0.7541666666666667 0.6990740740740743 0.7083333333333334 0.6990740740740743 0.7083333333333334 0.7814814814814817 0.7541666666666667 0.7814814814814817
9 0.39739583333333334 0.27314814814814825 0.35833333333333334 0.27314814814814825 0.35833333333333334 0.34444444444444455 0.39739583333333334 0.34444444444444455
1 0.26927083333333335 0.3861111111111112 0.21875 0.3861111111111111 0.21875000000000003 0.4777777777777778 0.26927083333333335 0.4777777777777778
11 0.3546875 0.30833333333333346 0.30520833333333336 0.30833333333333346 0.30520833333333336 0.3972222222222223 0.3546875 0.3972222222222223
10 0.5572916666666666 0.9305555555555558 0.5041666666666668 0.9305555555555558 0.5041666666666668 1 0.5572916666666666 1