5 0.35572916666666665 0.22222222222222227 0.31197916666666664 0.22222222222222227 0.31197916666666664 0.3111111111111112 0.35572916666666665 0.3111111111111112
7 0.4739583333333333 0.10092592592592603 0.4322916666666667 0.10092592592592603 0.4322916666666667 0.18425925925925937 0.4739583333333333 0.18425925925925937
9 0.3223958333333333 0.42777777777777787 0.28854166666666664 0.42777777777777787 0.28854166666666664 0.4962962962962963 0.3223958333333333 0.4962962962962963
10 0.6588541666666666 0.5805555555555557 0.6171875 0.5805555555555557 0.6171875 0.6638888888888891 0.6588541666666666 0.6638888888888891
4 0.6536458333333334 0.28055555555555567 0.6114583333333333 0.28055555555555567 0.6114583333333333 0.363888888888889 0.6536458333333334 0.363888888888889
2 0.5572916666666666 0.23796296296296307 0.5244791666666667 0.23796296296296307 0.5244791666666667 0.3064814814814816 0.5572916666666666 0.3064814814814816
8 0.6213541666666667 0.4824074074074076 0.5880208333333333 0.4824074074074076 0.5880208333333333 0.5500000000000002 0.6213541666666667 0.5500000000000002
10 0.2796875 0.40370370370370373 0.2375 0.40370370370370373 0.23750000000000002 0.48703703703703705 0.2796875 0.48703703703703705
9 0.33177083333333335 0.3333333333333334 0.29791666666666666 0.3333333333333334 0.29791666666666666 0.4000000000000001 0.33177083333333335 0.4000000000000001
3 0.5161458333333333 0.5324074074074076 0.4828125 0.5324074074074074 0.4828125 0.6009259259259261 0.5161458333333333 0.6009259259259261
1 0.6885416666666667 0.6925925925925928 0.6453125 0.6925925925925928 0.6453125 0.7722222222222225 0.6885416666666667 0.7722222222222225
3 0.5083333333333333 0.2212962962962964 0.4744791666666667 0.2212962962962964 0.4744791666666667 0.288888888888889 0.5083333333333333 0.288888888888889
11 0.6104166666666667 0.5601851851851853 0.5682291666666667 0.5601851851851853 0.5682291666666667 0.6425925925925928 0.6104166666666667 0.6425925925925928
3 0.43125 0.3851851851851853 0.3963541666666667 0.3851851851851853 0.3963541666666667 0.45185185185185195 0.43125 0.45185185185185195
2 0.33958333333333335 0.637962962962963 0.30572916666666666 0.637962962962963 0.30572916666666666 0.7074074074074074 0.33958333333333335 0.7074074074074074
13 0.31614583333333335 0.5055555555555555 0.26041666666666674 0.5055555555555555 0.26041666666666674 0.6083333333333333 0.31614583333333335 0.6083333333333333
2 0.4109375 0.17314814814814825 0.3776041666666667 0.17314814814814825 0.3776041666666667 0.23888888888888898 0.4109375 0.23888888888888898
4 0.4796875 0.3962962962962964 0.43645833333333334 0.3962962962962964 0.43645833333333334 0.4824074074074074 0.4796875 0.4824074074074074
6 0.40468750000000014 0.8666666666666667 0.3619791666666668 0.8666666666666667 0.3619791666666668 0.9527777777777777 0.40468750000000014 0.9527777777777777
0 0.596875 0.6564814814814817 0.5541666666666667 0.6564814814814817 0.5541666666666667 0.7379629629629632 0.596875 0.7379629629629632
3 0.4479166666666667 0.5953703703703703 0.41458333333333336 0.5953703703703703 0.41458333333333336 0.662962962962963 0.4479166666666667 0.662962962962963
6 0.6401041666666667 0.37962962962962976 0.5979166666666667 0.37962962962962976 0.5979166666666667 0.45925925925925937 0.6401041666666667 0.45925925925925937
2 0.3229166666666667 0.7296296296296296 0.28958333333333336 0.7296296296296296 0.28958333333333336 0.7972222222222223 0.3229166666666667 0.7972222222222223
11 0.5671875 0.8388888888888891 0.5255208333333333 0.8388888888888891 0.5255208333333334 0.9194444444444446 0.5671875 0.9194444444444446
3 0.4359375 0.6842592592592592 0.40208333333333335 0.6842592592592592 0.40208333333333335 0.7518518518518519 0.4359375 0.7518518518518519
8 0.7026041666666667 0.6194444444444447 0.6703125 0.6194444444444447 0.6703125 0.6861111111111113 0.7026041666666667 0.6861111111111113
12 0.7239583333333334 0.5111111111111113 0.671875 0.5111111111111113 0.671875 0.6083333333333335 0.7239583333333334 0.6083333333333335
0 0.3848958333333333 0.35277777777777786 0.3416666666666667 0.35277777777777786 0.3416666666666667 0.43703703703703717 0.3848958333333333 0.43703703703703717
2 0.5005208333333333 0.6185185185185186 0.4630208333333333 0.6185185185185185 0.4630208333333333 0.6851851851851853 0.5005208333333333 0.6851851851851853
7 0.7333333333333333 0.4277777777777779 0.6885416666666667 0.42777777777777787 0.6885416666666667 0.5101851851851854 0.7333333333333333 0.5101851851851854
5 0.42135416666666664 0.475 0.375 0.475 0.375 0.5574074074074075 0.42135416666666664 0.5574074074074075
1 0.3614583333333333 0.5351851851851852 0.3177083333333333 0.5351851851851852 0.3177083333333333 0.6185185185185185 0.3614583333333333 0.6185185185185185