6 0.7369791666666666 0.5962962962962965 0.6838541666666667 0.5962962962962965 0.6838541666666667 0.689814814814815 0.7369791666666666 0.689814814814815
7 0.3333333333333333 0.2537037037037038 0.28177083333333336 0.2537037037037038 0.28177083333333336 0.3472222222222223 0.3333333333333333 0.3472222222222223
4 0.6369791666666667 0.8203703703703705 0.5838541666666667 0.8203703703703705 0.5838541666666667 0.9138888888888891 0.6369791666666667 0.9138888888888891
7 0.3885416666666667 0.11203703703703712 0.33697916666666666 0.11203703703703712 0.33697916666666666 0.20462962962962972 0.3885416666666667 0.20462962962962974
13 0.4359375 0.2740740740740742 0.3697916666666667 0.2740740740740742 0.3697916666666667 0.38981481481481495 0.4359375 0.38981481481481495
4 0.7703125 0.5138888888888891 0.7166666666666667 0.5138888888888891 0.7166666666666667 0.6101851851851854 0.7703125 0.6101851851851854
2 0.5786458333333333 0.37592592592592605 0.5348958333333333 0.37592592592592605 0.5348958333333333 0.4546296296296297 0.5786458333333333 0.4546296296296297
5 0.42239583333333336 0.04722222222222231 0.37083333333333335 0.047222222222222304 0.37083333333333335 0.13981481481481492 0.42239583333333336 0.13981481481481492
0 0.8015625 0.44444444444444464 0.7484375 0.44444444444444464 0.7484375 0.5388888888888891 0.8015625 0.5388888888888891
5 0.2989583333333333 0.33055555555555566 0.24479166666666666 0.33055555555555566 0.24479166666666666 0.426851851851852 0.2989583333333333 0.426851851851852
12 0.6317708333333333 0.5500000000000002 0.5671875 0.5500000000000002 0.5671875 0.665740740740741 0.6317708333333333 0.665740740740741
1 0.2713541666666667 0.4083333333333334 0.21927083333333333 0.4083333333333333 0.21927083333333336 0.5009259259259259 0.2713541666666667 0.5009259259259259
0 0.6020833333333333 0.8842592592592595 0.5494791666666666 0.8842592592592595 0.5494791666666666 0.9657407407407408 0.6020833333333333 0.9657407407407408
2 0.68125 0.2814814814814816 0.6380208333333334 0.2814814814814816 0.6380208333333334 0.3592592592592594 0.68125 0.3592592592592594
3 0.47552083333333334 0.4777777777777778 0.43333333333333335 0.4777777777777778 0.43333333333333335 0.5546296296296296 0.47552083333333334 0.5546296296296296
9 0.38958333333333334 0.36574074074074087 0.34739583333333335 0.36574074074074087 0.34739583333333335 0.4425925925925927 0.38958333333333334 0.4425925925925927
2 0.45312500000000006 0.8064814814814815 0.4109375 0.8064814814814815 0.41093750000000007 0.8842592592592593 0.4531250000000001 0.8842592592592593
2 0.48385416666666664 0.7287037037037039 0.440625 0.7287037037037037 0.440625 0.8074074074074075 0.48385416666666664 0.8074074074074076
3 0.5932291666666667 0.0453703703703705 0.5505208333333333 0.04537037037037049 0.5505208333333333 0.12314814814814826 0.5932291666666667 0.12314814814814826
10 0.8317708333333333 0.3638888888888891 0.778125 0.3638888888888891 0.778125 0.45833333333333354 0.8317708333333333 0.45833333333333354
3 0.5640625 0.11481481481481494 0.521875 0.11481481481481493 0.521875 0.19074074074074085 0.5640625 0.19074074074074085
9 0.4583333333333333 0.21574074074074084 0.41510416666666666 0.21574074074074084 0.41510416666666666 0.29444444444444456 0.4583333333333333 0.29444444444444456
2 0.7125 0.21296296296296313 0.6697916666666667 0.21296296296296313 0.6697916666666667 0.29074074074074086 0.7125 0.29074074074074086
8 0.5875 0.6444444444444447 0.54375 0.6444444444444447 0.54375 0.7250000000000002 0.5875 0.7250000000000002
11 0.24322916666666672 0.4759259259259259 0.19166666666666674 0.4759259259259259 0.19166666666666674 0.5703703703703704 0.24322916666666672 0.5703703703703704
8 0.6526041666666667 0.48981481481481504 0.609375 0.48981481481481504 0.609375 0.5675925925925928 0.6526041666666667 0.5675925925925928
1 0.45677083333333335 9.37194981014155e-17 0.4041666666666667 8.79931403831802e-17 0.4041666666666667 0.06666666666666676 0.45677083333333335 0.06666666666666678
3 0.3692708333333333 0.5777777777777777 0.32760416666666664 0.5777777777777777 0.32760416666666664 0.6537037037037037 0.3692708333333333 0.6537037037037037
6 0.6713541666666667 0.7407407407407409 0.615625 0.7407407407407409 0.615625 0.8388888888888891 0.6713541666666667 0.8388888888888891
3 0.33958333333333335 0.6416666666666667 0.29739583333333336 0.6416666666666667 0.29739583333333336 0.7175925925925926 0.33958333333333335 0.7175925925925926