5 0.4244791666666667 0.44814814814814824 0.3703125 0.44814814814814824 0.3703125 0.5453703703703704 0.4244791666666667 0.5453703703703704
7 0.5265625 0.21574074074074084 0.47239583333333335 0.21574074074074084 0.47239583333333335 0.31296296296296305 0.5265625 0.31296296296296305
2 0.5276041666666668 0.8796296296296299 0.48593750000000013 0.8796296296296299 0.48593750000000013 0.9537037037037037 0.5276041666666668 0.9537037037037037
2 0.5375 0.7611111111111113 0.49375 0.7611111111111113 0.49375 0.839814814814815 0.5375 0.839814814814815
2 0.6984375 0.677777777777778 0.6567708333333333 0.677777777777778 0.6567708333333333 0.7518518518518521 0.6984375 0.7518518518518521
11 0.34375 0.2305555555555556 0.2890625 0.2305555555555556 0.2890625 0.3296296296296297 0.34375 0.3296296296296297
6 0.6802083333333333 0.5935185185185188 0.6265625 0.5935185185185188 0.6265625 0.689814814814815 0.6802083333333333 0.689814814814815
12 0.4484375 0.31481481481481494 0.38385416666666666 0.31481481481481494 0.38385416666666666 0.4314814814814816 0.4484375 0.4314814814814816
7 0.35572916666666665 0.4314814814814816 0.3020833333333333 0.4314814814814816 0.3020833333333333 0.5287037037037037 0.35572916666666665 0.5287037037037037
10 0.6182291666666667 0.7657407407407409 0.5666666666666667 0.7657407407407409 0.5666666666666667 0.8583333333333335 0.6182291666666667 0.8583333333333335
3 0.496875 0.15925925925925938 0.4552083333333333 0.15925925925925938 0.4552083333333333 0.23425925925925936 0.496875 0.23425925925925936
0 0.6885416666666667 0.7805555555555558 0.6364583333333333 0.7805555555555558 0.6364583333333333 0.8750000000000002 0.6885416666666667 0.8750000000000002
3 0.32135416666666666 0.36203703703703716 0.2791666666666667 0.36203703703703716 0.2791666666666667 0.43796296296296305 0.32135416666666666 0.43796296296296305
1 0.3875 0.18148148148148155 0.3338541666666667 0.18148148148148152 0.3338541666666667 0.2787037037037038 0.3875 0.2787037037037038
0 0.6015625 0.8888888888888891 0.55 0.8888888888888891 0.55 0.9805555555555555 0.6015625 0.9805555555555555
8 0.4505208333333333 0.20925925925925937 0.40677083333333336 0.20925925925925937 0.40677083333333336 0.28703703703703715 0.4505208333333333 0.28703703703703715
4 0.5140625 0.6685185185185186 0.4625 0.6685185185185185 0.4625 0.7620370370370372 0.5140625 0.7620370370370373
8 0.3645833333333333 0.3101851851851853 0.3223958333333333 0.3101851851851853 0.3223958333333333 0.3870370370370371 0.3645833333333333 0.3870370370370371
3 0.3953125 0.3925925925925927 0.35208333333333336 0.3925925925925927 0.35208333333333336 0.4685185185185186 0.3953125 0.4685185185185186
6 0.49843750000000003 0.800925925925926 0.44583333333333336 0.8009259259259259 0.4458333333333334 0.8953703703703705 0.49843750000000014 0.8953703703703706
11 0.43020833333333336 0.1351851851851853 0.3765625 0.1351851851851853 0.3765625 0.2324074074074075 0.43020833333333336 0.2324074074074075
13 0.596875 0.6888888888888891 0.5338541666666666 0.6888888888888891 0.5338541666666666 0.802777777777778 0.596875 0.802777777777778
3 0.4713541666666667 0.40462962962962973 0.428125 0.40462962962962973 0.428125 0.4824074074074074 0.4713541666666667 0.4824074074074074
4 0.603125 0.5675925925925928 0.55 0.5675925925925928 0.55 0.6638888888888891 0.603125 0.6638888888888891
1 0.4171875 0.2527777777777779 0.3640625 0.2527777777777779 0.3640625 0.3490740740740742 0.4171875 0.3490740740740742
2 0.6229166666666667 0.6546296296296299 0.5807291666666666 0.6546296296296299 0.5807291666666666 0.728703703703704 0.6229166666666667 0.728703703703704
2 0.5536458333333333 0.6342592592592595 0.5114583333333333 0.6342592592592595 0.5114583333333333 0.7092592592592595 0.5536458333333333 0.7092592592592595
3 0.48125 0.2824074074074075 0.4395833333333333 0.2824074074074075 0.4395833333333333 0.3601851851851853 0.48125 0.3601851851851853
9 0.565625 0.8250000000000002 0.5234375 0.8250000000000002 0.5234375000000001 0.9009259259259261 0.565625 0.9009259259259261
9 0.6552083333333333 0.7166666666666669 0.6119791666666666 0.7166666666666669 0.6119791666666666 0.7981481481481484 0.6552083333333333 0.7981481481481484
5 0.5161458333333333 0.3416666666666668 0.46197916666666666 0.3416666666666668 0.46197916666666666 0.44166666666666676 0.5161458333333333 0.44166666666666676
10 0.6411458333333333 0.839814814814815 0.5916666666666667 0.839814814814815 0.5916666666666667 0.9324074074074076 0.6411458333333333 0.9324074074074076