7 0.4739583333333333 0.6268518518518519 0.425 0.6268518518518519 0.425 0.712037037037037 0.4739583333333333 0.712037037037037
0 0.6786458333333333 0.4583333333333334 0.6276041666666666 0.4583333333333334 0.6276041666666666 0.5462962962962965 0.6786458333333333 0.5462962962962965
6 0.6473958333333333 0.38796296296296306 0.5958333333333333 0.38796296296296306 0.5958333333333333 0.4768518518518521 0.6473958333333333 0.4768518518518521
4 0.5864583333333333 0.11944444444444455 0.5359375 0.11944444444444455 0.5359375 0.2074074074074075 0.5864583333333333 0.2074074074074075
4 0.7166666666666667 0.41018518518518526 0.6661458333333333 0.41018518518518526 0.6661458333333333 0.49814814814814834 0.7166666666666667 0.49814814814814834
11 0.3494791666666667 0.4666666666666668 0.3020833333333333 0.4666666666666668 0.3020833333333333 0.549074074074074 0.3494791666666667 0.549074074074074
10 0.5859375 0.24166666666666678 0.5348958333333333 0.24166666666666678 0.5348958333333333 0.33055555555555566 0.5859375 0.33055555555555566
13 0.4125 0.5944444444444444 0.35520833333333335 0.5944444444444444 0.35520833333333335 0.6935185185185185 0.4125 0.6935185185185185
11 0.4114583333333333 0.48518518518518516 0.36354166666666665 0.48518518518518516 0.36354166666666665 0.5675925925925925 0.4114583333333333 0.5675925925925925
12 0.6604166666666667 0.2620370370370371 0.5973958333333333 0.2620370370370371 0.5973958333333333 0.3712962962962964 0.6604166666666667 0.3712962962962964
6 0.55 0.1712962962962964 0.49895833333333334 0.1712962962962964 0.49895833333333334 0.2583333333333334 0.55 0.2583333333333334
10 0.6166666666666667 0.3157407407407408 0.5645833333333333 0.3157407407407408 0.5645833333333333 0.4064814814814816 0.6166666666666667 0.4064814814814816
3 0.5338541666666666 0.6611111111111113 0.4953125 0.6611111111111113 0.4953125 0.727777777777778 0.5338541666666666 0.727777777777778
1 0.44375 0.5574074074074075 0.39479166666666665 0.5574074074074075 0.39479166666666665 0.6416666666666667 0.44375 0.6416666666666667
7 0.35208333333333336 0.34814814814814826 0.30364583333333334 0.34814814814814826 0.30364583333333334 0.43333333333333346 0.35208333333333336 0.43333333333333346
9 0.4354166666666667 0.6777777777777778 0.3963541666666667 0.6777777777777778 0.3963541666666667 0.7462962962962963 0.4354166666666667 0.7462962962962963
3 0.46927083333333336 0.5231481481481481 0.43072916666666666 0.5231481481481481 0.43072916666666666 0.5907407407407408 0.46927083333333336 0.5907407407407408
1 0.38385416666666666 0.41944444444444456 0.33645833333333336 0.41944444444444456 0.33645833333333336 0.5027777777777778 0.38385416666666666 0.5027777777777778
2 0.5421875 0.29537037037037045 0.5020833333333333 0.29537037037037045 0.5020833333333333 0.3648148148148149 0.5421875 0.3648148148148149
3 0.5026041666666666 0.5935185185185187 0.4635416666666667 0.5935185185185186 0.4635416666666667 0.6620370370370371 0.5026041666666666 0.6620370370370372
2 0.509375 0.22962962962962974 0.46979166666666666 0.22962962962962974 0.46979166666666666 0.2981481481481483 0.509375 0.2981481481481483
9 0.37552083333333336 0.5388888888888889 0.33645833333333336 0.5388888888888889 0.33645833333333336 0.6074074074074074 0.37552083333333336 0.6074074074074074
3 0.44166666666666665 0.450925925925926 0.403125 0.450925925925926 0.403125 0.5175925925925926 0.44166666666666665 0.5175925925925926
5 0.31979166666666664 0.3972222222222223 0.271875 0.3972222222222223 0.271875 0.48055555555555557 0.31979166666666664 0.48055555555555557
3 0.40677083333333336 0.3777777777777779 0.36770833333333336 0.3777777777777779 0.36770833333333336 0.4462962962962964 0.40677083333333336 0.4462962962962964
8 0.68125 0.3490740740740742 0.6411458333333333 0.3490740740740742 0.6411458333333333 0.4185185185185186 0.68125 0.4185185185185186
2 0.6390625 0.5240740740740742 0.5984375 0.5240740740740742 0.5984375 0.5935185185185188 0.6390625 0.5935185185185188
2 0.5739583333333333 0.3750000000000001 0.534375 0.3750000000000001 0.534375 0.44444444444444453 0.5739583333333333 0.44444444444444453
8 0.6145833333333334 0.2101851851851853 0.575 0.21018518518518528 0.575 0.2777777777777779 0.6145833333333334 0.2777777777777779
2 0.609375 0.44814814814814824 0.5682291666666667 0.44814814814814824 0.5682291666666667 0.5194444444444447 0.609375 0.5194444444444447
0 0.5526041666666667 0.05092592592592604 0.503125 0.050925925925926034 0.503125 0.13796296296296306 0.5526041666666667 0.13796296296296306
5 0.4739583333333333 0.7416666666666667 0.4265625 0.7416666666666667 0.4265625 0.8240740740740741 0.4739583333333333 0.8240740740740741