6 0.38333333333333336 0.6046296296296296 0.34010416666666665 0.6046296296296296 0.34010416666666665 0.6787037037037037 0.38333333333333336 0.6787037037037037
10 0.30833333333333346 0.9314814814814815 0.26406250000000003 0.9314814814814815 0.26406250000000003 1 0.30833333333333346 1
3 0.4348958333333333 0.6481481481481481 0.4005208333333333 0.6481481481481481 0.4005208333333333 0.7083333333333334 0.4348958333333333 0.7083333333333334
13 0.2645833333333334 0.6731481481481482 0.21250000000000005 0.6731481481481482 0.21250000000000005 0.762962962962963 0.2645833333333334 0.762962962962963
12 0.5395833333333333 0.4027777777777779 0.4864583333333333 0.4027777777777779 0.4864583333333333 0.49351851851851875 0.5395833333333333 0.49351851851851875
2 0.4125 0.7601851851851852 0.3770833333333333 0.7601851851851852 0.3770833333333333 0.8212962962962963 0.4125 0.8212962962962963
2 0.4010416666666667 0.49722222222222223 0.365625 0.49722222222222223 0.365625 0.5564814814814815 0.4010416666666667 0.5564814814814815
3 0.43229166666666674 0.8425925925925926 0.3958333333333333 0.8425925925925926 0.39583333333333337 0.9046296296296297 0.4322916666666668 0.9046296296296297
3 0.5385416666666667 0.8712962962962965 0.5015625000000001 0.8712962962962965 0.5015625000000001 0.9342592592592595 0.5385416666666667 0.9342592592592595
3 0.3734375 0.35185185185185197 0.3390625 0.35185185185185197 0.3390625 0.40833333333333344 0.3734375 0.40833333333333344
3 0.26510416666666675 0.5074074074074074 0.23125000000000007 0.5074074074074074 0.23125000000000007 0.5657407407407408 0.26510416666666675 0.5657407407407408
9 0.2734375 0.7712962962962963 0.2395833333333334 0.7712962962962963 0.2395833333333334 0.8305555555555556 0.2734375 0.8305555555555556
7 0.3546875 0.44722222222222235 0.31145833333333334 0.44722222222222235 0.31145833333333334 0.5212962962962963 0.3546875 0.5212962962962963
2 0.28229166666666666 0.3379629629629631 0.24947916666666667 0.3379629629629631 0.24947916666666667 0.3935185185185186 0.28229166666666666 0.3935185185185186
6 0.33593750000000006 0.8148148148148148 0.2911458333333333 0.8148148148148148 0.2911458333333334 0.8935185185185185 0.3359375000000001 0.8935185185185185
8 0.5604166666666667 0.5694444444444446 0.525 0.5694444444444446 0.525 0.6296296296296299 0.5604166666666667 0.6296296296296299
2 0.4093750000000001 0.9518518518518518 0.37343750000000014 0.9518518518518518 0.37343750000000014 1 0.4093750000000001 1
7 0.22291666666666674 0.7157407407407408 0.17968750000000006 0.7157407407407408 0.17968750000000006 0.7898148148148149 0.22291666666666674 0.7898148148148149
9 0.29739583333333336 0.6675925925925926 0.2614583333333334 0.6675925925925926 0.2614583333333334 0.7277777777777777 0.29739583333333336 0.7277777777777777
11 0.5036458333333333 0.6981481481481483 0.4583333333333333 0.6981481481481482 0.4583333333333333 0.7768518518518519 0.5036458333333333 0.776851851851852
10 0.4484375 0.4629629629629631 0.40520833333333334 0.4629629629629631 0.40520833333333334 0.5361111111111111 0.4484375 0.5361111111111111
0 0.35833333333333334 0.7083333333333334 0.31354166666666666 0.7083333333333334 0.31354166666666666 0.7861111111111111 0.35833333333333334 0.7861111111111111
2 0.4234375 0.5722222222222222 0.3880208333333333 0.5722222222222222 0.3880208333333333 0.6324074074074074 0.4234375 0.6324074074074074
5 0.6067708333333334 0.7268518518518521 0.5614583333333333 0.7268518518518521 0.5614583333333333 0.802777777777778 0.6067708333333334 0.802777777777778
0 0.3296875 0.5444444444444444 0.2864583333333333 0.5444444444444444 0.2864583333333333 0.6194444444444445 0.3296875 0.6194444444444445
4 0.5645833333333333 0.7555555555555558 0.5192708333333333 0.7555555555555558 0.5192708333333333 0.8333333333333336 0.5645833333333333 0.8333333333333336
11 0.2213541666666667 0.45740740740740743 0.1802083333333334 0.45740740740740743 0.1802083333333334 0.5296296296296297 0.2213541666666667 0.5296296296296297
8 0.5244791666666667 0.6009259259259261 0.4901041666666667 0.6009259259259261 0.4901041666666667 0.6620370370370372 0.5244791666666667 0.6620370370370372
5 0.3994791666666668 0.8648148148148148 0.35312500000000013 0.8648148148148148 0.35312500000000013 0.9453703703703704 0.3994791666666668 0.9453703703703704
1 0.4390625 0.22222222222222232 0.396875 0.22222222222222232 0.396875 0.2935185185185186 0.4390625 0.2935185185185186
4 0.4859375 0.6166666666666668 0.4421875 0.6166666666666667 0.4421875 0.6907407407407409 0.4859375 0.690740740740741
1 0.5828125 0.6416666666666668 0.5380208333333333 0.6416666666666668 0.5380208333333333 0.7175925925925928 0.5828125 0.7175925925925928