4 0.7296875 0.8268518518518521 0.6828125 0.8268518518518521 0.6828125 0.9009259259259261 0.7296875 0.9009259259259261
0 0.7166666666666667 0.9083333333333335 0.6692708333333334 0.9083333333333335 0.6692708333333334 0.9833333333333333 0.7166666666666667 0.9833333333333333
13 0.40989583333333335 0.37685185185185194 0.3536458333333333 0.37685185185185194 0.3536458333333333 0.46574074074074084 0.40989583333333335 0.46574074074074084
2 0.665625 0.17777777777777792 0.628125 0.17777777777777792 0.628125 0.23148148148148165 0.665625 0.23148148148148165
2 0.6427083333333333 0.3361111111111112 0.6041666666666666 0.3361111111111112 0.6041666666666666 0.3925925925925927 0.6427083333333333 0.3925925925925927
2 0.6307291666666667 0.5074074074074076 0.5921875 0.5074074074074076 0.5921875 0.565740740740741 0.6307291666666667 0.565740740740741
6 0.6421875 0.790740740740741 0.5947916666666667 0.790740740740741 0.5947916666666667 0.8638888888888892 0.6421875 0.8638888888888892
3 0.4895833333333333 0.43333333333333346 0.44947916666666665 0.43333333333333346 0.44947916666666665 0.49074074074074087 0.4895833333333333 0.490740740740741
7 0.48854166666666665 0.15092592592592602 0.4421875 0.15092592592592602 0.4421875 0.22037037037037047 0.48854166666666665 0.22037037037037047
4 0.7713541666666667 0.4129629629629632 0.7260416666666667 0.4129629629629632 0.7260416666666667 0.48333333333333356 0.7713541666666667 0.48333333333333356
6 0.7036458333333333 0.26574074074074083 0.659375 0.26574074074074083 0.659375 0.33425925925925937 0.7036458333333333 0.33425925925925937
7 0.42239583333333336 0.6583333333333333 0.37447916666666664 0.6583333333333333 0.37447916666666664 0.7314814814814815 0.42239583333333336 0.7314814814814815
1 0.42604166666666665 0.03518518518518527 0.3802083333333333 0.035185185185185264 0.3802083333333333 0.10555555555555565 0.42604166666666665 0.10555555555555567
2 0.6072916666666667 0.6805555555555558 0.56875 0.6805555555555558 0.56875 0.7388888888888892 0.6072916666666667 0.7388888888888892
3 0.540625 0.113888888888889 0.5026041666666666 0.113888888888889 0.5026041666666666 0.16851851851851862 0.540625 0.16851851851851862
3 0.515625 0.26574074074074083 0.478125 0.26574074074074083 0.478125 0.32037037037037047 0.515625 0.32037037037037047
3 0.4432291666666667 0.774074074074074 0.4041666666666667 0.774074074074074 0.4041666666666667 0.8342592592592593 0.4432291666666667 0.8342592592592593
12 0.7239583333333334 0.5250000000000002 0.6666666666666666 0.5250000000000002 0.6666666666666666 0.614814814814815 0.7239583333333334 0.614814814814815
3 0.46822916666666664 0.5953703703703703 0.42916666666666664 0.5953703703703703 0.42916666666666664 0.6592592592592592 0.46822916666666664 0.6592592592592592
8 0.76875 0.49166666666666686 0.7307291666666667 0.49166666666666686 0.7307291666666667 0.552777777777778 0.76875 0.552777777777778
1 0.3177083333333333 0.6796296296296296 0.2677083333333333 0.6796296296296296 0.2677083333333333 0.7574074074074074 0.3177083333333333 0.7574074074074074
0 0.7953125 0.25740740740740764 0.75 0.25740740740740764 0.75 0.32685185185185206 0.7953125 0.32685185185185206
8 0.7479166666666667 0.6555555555555558 0.7109375 0.6555555555555558 0.7109375 0.7129629629629631 0.7479166666666667 0.7129629629629631
2 0.584375 0.8546296296296299 0.5447916666666667 0.8546296296296299 0.5447916666666667 0.9148148148148151 0.584375 0.9148148148148151
5 0.4046875 0.11851851851851859 0.35833333333333334 0.11851851851851856 0.35833333333333334 0.18888888888888897 0.4046875 0.188888888888889
10 0.7395833333333334 0.7416666666666669 0.6932291666666667 0.7416666666666669 0.6932291666666667 0.8138888888888891 0.7395833333333334 0.8138888888888891
5 0.3359375 0.6092592592592593 0.28854166666666664 0.6092592592592593 0.28854166666666664 0.6824074074074075 0.3359375 0.6824074074074075
10 0.7833333333333333 0.3222222222222224 0.7333333333333333 0.3222222222222224 0.7333333333333333 0.40092592592592613 0.7833333333333333 0.40092592592592613
11 0.39010416666666664 0.1824074074074075 0.34427083333333336 0.18240740740740746 0.34427083333333336 0.2620370370370371 0.39010416666666664 0.2620370370370371
9 0.3765625 0.26296296296296306 0.3385416666666667 0.26296296296296306 0.3385416666666667 0.3250000000000001 0.3765625 0.3250000000000001
9 0.35208333333333336 0.43981481481481494 0.315625 0.43981481481481494 0.315625 0.5037037037037037 0.35208333333333336 0.5037037037037037
11 0.34270833333333334 0.5185185185185185 0.29583333333333334 0.5185185185185185 0.29583333333333334 0.5935185185185186 0.34270833333333334 0.5935185185185186