2 0.7453125 0.17962962962962978 0.7140625 0.17962962962962978 0.7140625 0.23703703703703718 0.7453125 0.23703703703703724
7 0.5885416666666666 0.43981481481481494 0.5463541666666667 0.43981481481481494 0.5463541666666667 0.5166666666666668 0.5885416666666666 0.5166666666666668
2 0.7375 0.26851851851851866 0.7057291666666666 0.2685185185185186 0.7057291666666666 0.326851851851852 0.7375 0.32685185185185206
0 0.346875 0.3990740740740742 0.30520833333333336 0.3990740740740742 0.30520833333333336 0.4759259259259259 0.346875 0.4759259259259259
2 0.6583333333333333 0.6462962962962965 0.6260416666666667 0.6462962962962965 0.6260416666666667 0.7092592592592595 0.6583333333333333 0.7092592592592595
7 0.6744791666666666 0.551851851851852 0.6333333333333333 0.551851851851852 0.6333333333333333 0.6268518518518521 0.6744791666666666 0.6268518518518521
4 0.30364583333333334 0.301851851851852 0.2609375 0.301851851851852 0.2609375 0.38055555555555565 0.30364583333333334 0.38055555555555565
3 0.321875 0.11851851851851856 0.28958333333333336 0.11851851851851856 0.28958333333333336 0.1796296296296297 0.321875 0.1796296296296297
9 0.68125 0.45185185185185195 0.6494791666666667 0.45185185185185195 0.6494791666666667 0.5111111111111113 0.68125 0.5111111111111113
2 0.69375 0.2675925925925927 0.6619791666666667 0.2675925925925927 0.6619791666666667 0.325925925925926 0.69375 0.325925925925926
3 0.35885416666666664 0.21018518518518522 0.3255208333333333 0.21018518518518522 0.3255208333333333 0.2740740740740742 0.35885416666666664 0.2740740740740742
3 0.2755208333333333 0.5962962962962963 0.24218750000000006 0.5962962962962963 0.24218750000000006 0.6601851851851852 0.2755208333333333 0.6601851851851852
4 0.39375 0.4037037037037038 0.35052083333333334 0.4037037037037038 0.35052083333333334 0.4824074074074074 0.39375 0.4824074074074074
8 0.39479166666666665 0.3175925925925927 0.36041666666666666 0.3175925925925927 0.36041666666666666 0.3777777777777779 0.39479166666666665 0.3777777777777779
5 0.7192708333333333 0.5444444444444446 0.6776041666666667 0.5444444444444446 0.6776041666666667 0.6203703703703706 0.7192708333333333 0.6203703703703706
6 0.2890625 0.48333333333333334 0.2473958333333334 0.48333333333333334 0.2473958333333334 0.5601851851851852 0.2890625 0.5601851851851852
2 0.7067708333333333 0.6583333333333335 0.675 0.6583333333333335 0.675 0.7175925925925928 0.7067708333333333 0.7175925925925928
1 0.7364583333333333 0.35925925925925944 0.69375 0.3592592592592594 0.69375 0.4379629629629631 0.7364583333333333 0.43796296296296316
6 0.4432291666666667 0.4074074074074075 0.40208333333333335 0.4074074074074075 0.40208333333333335 0.4842592592592593 0.4432291666666667 0.4842592592592593
11 0.728125 0.4546296296296298 0.6822916666666666 0.4546296296296297 0.6822916666666666 0.5296296296296299 0.728125 0.5296296296296299
1 0.6453125 0.34814814814814826 0.6015625 0.34814814814814826 0.6015625 0.4231481481481483 0.6453125 0.4231481481481483
5 0.6333333333333333 0.5314814814814817 0.5880208333333333 0.5314814814814817 0.5880208333333333 0.6092592592592595 0.6333333333333333 0.6092592592592595
13 0.6979166666666666 0.3453703703703705 0.6442708333333333 0.3453703703703705 0.6442708333333333 0.43425925925925934 0.6979166666666666 0.43425925925925934
10 0.3515625 0.30555555555555564 0.30885416666666665 0.30555555555555564 0.30885416666666665 0.3787037037037038 0.3515625 0.3787037037037038
11 0.6375 0.43981481481481494 0.59375 0.43981481481481494 0.59375 0.5194444444444447 0.6375 0.5194444444444447
3 0.3255208333333333 0.6027777777777777 0.28958333333333336 0.6027777777777777 0.28958333333333336 0.6703703703703704 0.3255208333333333 0.6703703703703704
3 0.30833333333333335 0.1981481481481482 0.2755208333333333 0.1981481481481482 0.2755208333333333 0.263888888888889 0.30833333333333335 0.263888888888889
0 0.3890625 0.49722222222222223 0.340625 0.49722222222222223 0.340625 0.575 0.3890625 0.575
10 0.29635416666666664 0.3925925925925927 0.2526041666666667 0.3925925925925927 0.2526041666666667 0.4666666666666668 0.29635416666666664 0.4666666666666668
12 0.34427083333333336 0.4888888888888889 0.29010416666666666 0.4888888888888889 0.29010416666666666 0.587037037037037 0.34427083333333336 0.587037037037037