2 0.68125 0.30833333333333346 0.6442708333333333 0.30833333333333346 0.6442708333333333 0.37592592592592605 0.68125 0.37592592592592605
2 0.2984375 0.5694444444444444 0.26354166666666673 0.5694444444444444 0.26354166666666673 0.6342592592592593 0.2984375 0.6342592592592593
3 0.5328125 0.14166666666666677 0.49635416666666665 0.14166666666666677 0.49635416666666665 0.20833333333333343 0.5328125 0.20833333333333343
3 0.43385416666666665 0.20462962962962974 0.39791666666666664 0.20462962962962974 0.39791666666666664 0.2703703703703705 0.43385416666666665 0.2703703703703705
7 0.29322916666666665 0.23981481481481493 0.24947916666666667 0.23981481481481493 0.24947916666666667 0.31851851851851865 0.29322916666666665 0.31851851851851865
4 0.6213541666666667 0.5879629629629631 0.575 0.5879629629629631 0.575 0.6740740740740743 0.6213541666666667 0.6740740740740743
3 0.6328125 0.07592592592592606 0.5911458333333334 0.07592592592592606 0.5911458333333334 0.14814814814814828 0.6328125 0.1481481481481483
7 0.5776041666666667 0.01851851851851864 0.5302083333333333 0.018518518518518635 0.5302083333333333 0.10462962962962975 0.5776041666666667 0.10462962962962977
3 0.2578125 0.33888888888888896 0.21927083333333333 0.3388888888888889 0.21927083333333333 0.4083333333333334 0.2578125 0.40833333333333344
2 0.390625 0.5027777777777778 0.35208333333333336 0.5027777777777778 0.35208333333333336 0.5722222222222222 0.390625 0.5722222222222222
3 0.34375 0.2722222222222223 0.30572916666666666 0.2722222222222223 0.30572916666666666 0.3398148148148149 0.34375 0.3398148148148149
13 0.4125 0.04722222222222231 0.3546875 0.047222222222222304 0.3546875 0.15000000000000008 0.4125 0.1500000000000001
12 0.5270833333333333 0.5712962962962964 0.4708333333333333 0.5712962962962963 0.4708333333333333 0.6722222222222223 0.5270833333333333 0.6722222222222224
4 0.390625 0.7472222222222222 0.3463541666666667 0.7472222222222222 0.3463541666666667 0.8296296296296296 0.390625 0.8296296296296296
2 0.4828125 0.4490740740740742 0.446875 0.4490740740740742 0.446875 0.5157407407407407 0.4828125 0.5157407407407407
2 0.5807291666666666 0.36851851851851863 0.540625 0.36851851851851863 0.540625 0.43981481481481494 0.5807291666666666 0.43981481481481494
6 0.3567708333333333 0.6037037037037037 0.3109375 0.6037037037037037 0.3109375 0.687962962962963 0.3567708333333333 0.687962962962963
6 0.6583333333333333 0.4064814814814816 0.6067708333333334 0.4064814814814816 0.6067708333333334 0.4990740740740743 0.6583333333333333 0.4990740740740743
0 0.3494791666666667 0.7685185185185185 0.303125 0.7685185185185185 0.303125 0.8518518518518519 0.3494791666666667 0.8518518518518519
0 0.725 0.5444444444444446 0.6786458333333333 0.5444444444444446 0.6786458333333333 0.6296296296296299 0.725 0.6296296296296299
8 0.484375 0.6935185185185186 0.4479166666666667 0.6935185185185185 0.4479166666666667 0.7629629629629631 0.484375 0.7629629629629632
10 0.44166666666666665 0.7166666666666667 0.39114583333333336 0.7166666666666667 0.39114583333333336 0.8046296296296296 0.44166666666666665 0.8046296296296296
10 0.6765625 0.5583333333333336 0.6260416666666667 0.5583333333333336 0.6260416666666667 0.6462962962962965 0.6765625 0.6462962962962965
8 0.5802083333333333 0.6462962962962965 0.5411458333333333 0.6462962962962965 0.5411458333333333 0.7138888888888891 0.5802083333333333 0.7138888888888891