2 0.7276041666666667 0.7342592592592595 0.6838541666666667 0.7342592592592595 0.6838541666666667 0.8055555555555558 0.7276041666666667 0.8055555555555558
7 0.39739583333333334 0.40462962962962973 0.34270833333333334 0.40462962962962973 0.34270833333333334 0.49537037037037035 0.39739583333333334 0.49537037037037035
0 0.61875 0.9185185185185187 0.5651041666666666 0.9185185185185187 0.5651041666666666 1 0.61875 1
7 0.5859375 0.25092592592592605 0.5291666666666667 0.25092592592592605 0.5291666666666667 0.3435185185185186 0.5859375 0.3435185185185186
12 0.49583333333333335 0.3175925925925927 0.43125 0.3175925925925927 0.43125 0.426851851851852 0.49583333333333335 0.426851851851852
2 0.55 0.8944444444444447 0.5052083333333335 0.8944444444444447 0.5052083333333335 0.9666666666666667 0.55 0.9666666666666667
5 0.5677083333333334 0.3601851851851853 0.5104166666666666 0.3601851851851853 0.5104166666666666 0.4546296296296297 0.5677083333333334 0.4546296296296297
4 0.634375 0.6074074074074076 0.58125 0.6074074074074076 0.58125 0.6953703703703705 0.634375 0.6953703703703705
9 0.5875 0.8518518518518521 0.5421875 0.8518518518518521 0.5421875 0.9259259259259262 0.5875 0.9259259259259262
2 0.6630208333333333 0.6935185185185188 0.6208333333333333 0.6935185185185188 0.6208333333333333 0.7657407407407409 0.6630208333333333 0.7657407407407409
1 0.4640625 0.25462962962962976 0.4078125 0.25462962962962976 0.4078125 0.3472222222222223 0.4640625 0.3472222222222223
4 0.5489583333333333 0.6842592592592595 0.49270833333333336 0.6842592592592595 0.49270833333333336 0.777777777777778 0.5489583333333333 0.777777777777778
3 0.3640625 0.338888888888889 0.3182291666666667 0.338888888888889 0.3182291666666667 0.413888888888889 0.3640625 0.413888888888889
10 0.6421875 0.8074074074074076 0.5869791666666667 0.8074074074074076 0.5869791666666667 0.8990740740740742 0.6421875 0.8990740740740742
11 0.484375 0.12870370370370382 0.42916666666666664 0.12870370370370382 0.42916666666666664 0.22222222222222232 0.484375 0.22222222222222232
3 0.5494791666666666 0.1787037037037038 0.5067708333333333 0.1787037037037038 0.5067708333333333 0.25092592592592605 0.5494791666666666 0.25092592592592605
1 0.4390625 0.17314814814814825 0.38229166666666664 0.17314814814814825 0.38229166666666664 0.2666666666666668 0.4390625 0.2666666666666668
0 0.7114583333333333 0.8425925925925928 0.6567708333333333 0.8425925925925928 0.6567708333333333 0.9324074074074076 0.7114583333333333 0.9324074074074076
10 0.6666666666666666 0.877777777777778 0.6119791666666666 0.877777777777778 0.6119791666666666 0.9666666666666667 0.6666666666666666 0.9666666666666667
8 0.5057291666666667 0.21574074074074084 0.45989583333333334 0.21574074074074084 0.45989583333333334 0.29074074074074086 0.5057291666666667 0.29074074074074086
13 0.625 0.7175925925925928 0.5567708333333333 0.7175925925925928 0.5567708333333333 0.8324074074074076 0.625 0.8324074074074076
2 0.5895833333333333 0.6564814814814817 0.54375 0.6564814814814817 0.54375 0.7314814814814817 0.5895833333333333 0.7314814814814817
3 0.5328125 0.30092592592592604 0.4921875 0.30092592592592604 0.4921875 0.37037037037037046 0.5328125 0.37037037037037046
11 0.39427083333333335 0.21296296296296305 0.34322916666666664 0.21296296296296302 0.34322916666666664 0.30092592592592604 0.39427083333333335 0.30092592592592604
8 0.41354166666666664 0.2981481481481483 0.3703125 0.2981481481481483 0.3703125 0.3712962962962964 0.41354166666666664 0.3712962962962964
9 0.6833333333333333 0.7685185185185187 0.6390625 0.7685185185185187 0.6390625 0.8407407407407409 0.6833333333333333 0.8407407407407409
6 0.7104166666666667 0.6435185185185187 0.6552083333333333 0.6435185185185187 0.6552083333333333 0.7361111111111113 0.7104166666666667 0.7361111111111113
3 0.43645833333333334 0.37592592592592605 0.3932291666666667 0.37592592592592605 0.3932291666666667 0.45370370370370383 0.43645833333333334 0.45370370370370383
2 0.5708333333333333 0.7759259259259261 0.528125 0.7759259259259261 0.528125 0.8472222222222224 0.5708333333333333 0.8472222222222224
6 0.5265625 0.8083333333333335 0.47239583333333335 0.8083333333333333 0.4723958333333334 0.9046296296296298 0.5265625000000002 0.9046296296296299
3 0.5078125 0.42037037037037045 0.46458333333333335 0.42037037037037045 0.46458333333333335 0.49537037037037046 0.5078125 0.49537037037037057
5 0.4671875 0.43981481481481494 0.4114583333333333 0.43981481481481494 0.4114583333333333 0.537962962962963 0.4671875 0.537962962962963