4 0.5723958333333333 0.3361111111111112 0.5213541666666667 0.3361111111111112 0.5213541666666667 0.42962962962962975 0.5723958333333333 0.42962962962962975
4 0.48541666666666666 0.7601851851851853 0.4348958333333333 0.7601851851851852 0.4348958333333333 0.8509259259259261 0.48541666666666666 0.8509259259259261
11 0.6286458333333333 0.5148148148148151 0.5770833333333333 0.5148148148148151 0.5770833333333333 0.6064814814814817 0.6286458333333333 0.6064814814814817
12 0.39427083333333335 0.6259259259259259 0.3333333333333333 0.6259259259259259 0.3333333333333333 0.7361111111111112 0.39427083333333335 0.7361111111111112
8 0.3098958333333333 0.6027777777777777 0.26927083333333335 0.6027777777777777 0.26927083333333335 0.675 0.3098958333333333 0.675
6 0.5979166666666667 0.42222222222222233 0.5473958333333333 0.42222222222222233 0.5473958333333333 0.5157407407407409 0.5979166666666667 0.5157407407407409
2 0.5239583333333333 0.7388888888888892 0.4859375 0.7388888888888892 0.4859375 0.8083333333333336 0.5239583333333333 0.8083333333333336
2 0.3536458333333333 0.22777777777777783 0.3140625 0.22777777777777783 0.3140625 0.2981481481481483 0.3536458333333333 0.2981481481481483
3 0.6572916666666667 0.6268518518518521 0.6171875 0.6268518518518521 0.6171875 0.7000000000000002 0.6572916666666667 0.7000000000000002
2 0.37552083333333336 0.30925925925925934 0.33541666666666664 0.30925925925925934 0.33541666666666664 0.38055555555555565 0.37552083333333336 0.38055555555555565
8 0.37447916666666664 0.7824074074074074 0.33541666666666664 0.7824074074074074 0.33541666666666664 0.8564814814814815 0.37447916666666664 0.8564814814814815
5 0.78125 0.47222222222222243 0.7333333333333333 0.47222222222222243 0.7333333333333333 0.5574074074074076 0.78125 0.5574074074074076
13 0.7286458333333333 0.28796296296296314 0.6671875 0.2879629629629631 0.6671875 0.4009259259259261 0.7286458333333333 0.40092592592592613
3 0.6817708333333333 0.689814814814815 0.6411458333333333 0.689814814814815 0.6411458333333333 0.7611111111111113 0.6817708333333333 0.7611111111111113
2 0.4744791666666667 0.562037037037037 0.43385416666666665 0.562037037037037 0.43385416666666665 0.6342592592592593 0.4744791666666667 0.6342592592592593
10 0.4098958333333334 0.8481481481481481 0.35989583333333336 0.8481481481481481 0.3598958333333334 0.9416666666666667 0.40989583333333346 0.9416666666666667
0 0.6822916666666666 0.34814814814814826 0.6354166666666666 0.34814814814814826 0.6354166666666666 0.43055555555555564 0.6822916666666666 0.43055555555555564