4 0.39427083333333335 0.13888888888888898 0.346875 0.13888888888888895 0.346875 0.2222222222222223 0.39427083333333335 0.22222222222222232
2 0.4635416666666667 0.4064814814814816 0.4239583333333333 0.4064814814814816 0.4239583333333333 0.4759259259259259 0.4635416666666667 0.4759259259259259
7 0.5604166666666667 0.7990740740740743 0.5104166666666666 0.7990740740740743 0.5104166666666667 0.8851851851851854 0.5604166666666667 0.8851851851851854
1 0.6135416666666667 0.9481481481481482 0.5640625 0.9481481481481482 0.5640625 0.9861111111111112 0.6135416666666667 0.9861111111111112
13 0.6708333333333333 0.5925925925925928 0.6098958333333333 0.5925925925925928 0.6098958333333333 0.6981481481481484 0.6708333333333333 0.6981481481481484
10 0.42291666666666666 0.07037037037037044 0.37552083333333336 0.07037037037037044 0.37552083333333336 0.15370370370370381 0.42291666666666666 0.15370370370370381
6 0.4984375 0.13055555555555567 0.44947916666666665 0.13055555555555567 0.44947916666666665 0.21574074074074084 0.4984375 0.21574074074074084
2 0.3692708333333333 0.7055555555555556 0.3296875 0.7055555555555556 0.3296875 0.774074074074074 0.3692708333333333 0.774074074074074
8 0.32864583333333336 0.36574074074074087 0.290625 0.36574074074074087 0.290625 0.4324074074074075 0.32864583333333336 0.4324074074074075
2 0.4166666666666667 0.5509259259259259 0.3765625 0.5509259259259259 0.3765625 0.6222222222222222 0.4166666666666667 0.6222222222222222
3 0.5364583333333334 0.6870370370370372 0.496875 0.6870370370370372 0.496875 0.7564814814814816 0.5364583333333334 0.7564814814814816
3 0.49010416666666673 0.8314814814814816 0.44947916666666665 0.8314814814814815 0.4494791666666667 0.9027777777777779 0.4901041666666668 0.902777777777778
7 0.7036458333333333 0.32222222222222235 0.6536458333333334 0.32222222222222235 0.6536458333333334 0.4092592592592594 0.7036458333333333 0.4092592592592594
6 0.36302083333333335 0.5731481481481482 0.31614583333333335 0.5731481481481482 0.31614583333333335 0.6555555555555556 0.36302083333333335 0.6555555555555556
2 0.5072916666666667 0.24814814814814826 0.465625 0.24814814814814826 0.465625 0.32222222222222235 0.5072916666666667 0.32222222222222235
12 0.390625 0.3111111111111112 0.3333333333333333 0.3111111111111112 0.3333333333333333 0.41018518518518526 0.390625 0.41018518518518526
3 0.6755208333333333 0.2194444444444446 0.634375 0.2194444444444446 0.634375 0.2916666666666668 0.6755208333333333 0.2916666666666668
3 0.63125 0.3694444444444446 0.590625 0.3694444444444446 0.590625 0.43981481481481494 0.63125 0.43981481481481494
3 0.5880208333333333 0.5259259259259261 0.546875 0.5259259259259261 0.546875 0.5981481481481483 0.5880208333333333 0.5981481481481483
2 0.553125 0.11574074074074085 0.5140625 0.11574074074074085 0.5140625 0.18333333333333343 0.553125 0.18333333333333343
11 0.6385416666666667 0.8796296296296299 0.5869791666666667 0.8796296296296299 0.5869791666666667 0.9685185185185186 0.6385416666666667 0.9685185185185186
8 0.36666666666666664 0.23333333333333342 0.3296875 0.2333333333333334 0.3296875 0.2981481481481483 0.36666666666666664 0.2981481481481483
4 0.309375 0.4351851851851853 0.2619791666666667 0.4351851851851853 0.2619791666666667 0.5194444444444445 0.309375 0.5194444444444445
1 0.8026041666666667 0.34074074074074095 0.7510416666666667 0.34074074074074095 0.7510416666666667 0.42962962962962986 0.8026041666666667 0.42962962962962986
9 0.6869791666666667 0.7296296296296299 0.6458333333333334 0.7296296296296299 0.6458333333333334 0.802777777777778 0.6869791666666667 0.802777777777778
5 0.7786458333333334 0.42037037037037056 0.7276041666666667 0.42037037037037056 0.7276041666666667 0.5092592592592595 0.7786458333333334 0.5092592592592595
5 0.6578125 0.8000000000000002 0.6072916666666667 0.8000000000000002 0.6072916666666667 0.8879629629629632 0.6578125 0.8879629629629632
10 0.2916666666666667 0.5018518518518519 0.24427083333333338 0.5018518518518519 0.24427083333333338 0.5833333333333334 0.2916666666666667 0.5833333333333334
0 0.4421875 9.099806076997693e-17 0.39375 8.572527594031472e-17 0.39375 0.07129629629629639 0.4421875 0.0712962962962964
11 0.7604166666666666 0.49444444444444463 0.70625 0.49444444444444463 0.70625 0.5851851851851854 0.7604166666666666 0.5851851851851854
9 0.7302083333333333 0.5814814814814817 0.6875 0.5814814814814817 0.6875 0.652777777777778 0.7302083333333333 0.652777777777778
0 0.2708333333333333 0.5861111111111111 0.21979166666666672 0.5861111111111111 0.21979166666666672 0.6722222222222223 0.2708333333333333 0.6722222222222223