10 0.34375 0.7361111111111112 0.3109375 0.7361111111111112 0.3109375 0.7935185185185185 0.34375 0.7935185185185185
0 0.5833333333333334 0.7240740740740743 0.55 0.7240740740740743 0.55 0.7824074074074077 0.5833333333333334 0.7824074074074077
12 0.446875 0.7157407407407408 0.40677083333333336 0.7157407407407408 0.40677083333333336 0.7870370370370371 0.446875 0.7870370370370371
13 0.4432291666666667 0.20833333333333343 0.40625 0.20833333333333343 0.40625 0.2712962962962964 0.4432291666666667 0.2712962962962964
7 0.30885416666666665 0.2925925925925927 0.27760416666666665 0.2925925925925927 0.27760416666666665 0.3462962962962964 0.30885416666666665 0.3462962962962964
7 0.4375 0.2842592592592594 0.40625 0.2842592592592594 0.40625 0.3361111111111112 0.4375 0.3361111111111112
1 0.26614583333333336 0.17407407407407413 0.23645833333333333 0.17407407407407413 0.23645833333333333 0.22500000000000006 0.26614583333333336 0.22500000000000006
3 0.5302083333333333 0.35648148148148157 0.5052083333333334 0.35648148148148157 0.5052083333333334 0.400925925925926 0.5302083333333333 0.400925925925926
6 0.4921875 0.7240740740740742 0.4588541666666667 0.7240740740740741 0.4588541666666667 0.7842592592592593 0.4921875 0.7842592592592594
11 0.39895833333333336 0.35277777777777786 0.3671875 0.35277777777777786 0.3671875 0.4064814814814816 0.39895833333333336 0.4064814814814816
5 0.48020833333333335 0.28518518518518526 0.44895833333333335 0.28518518518518526 0.44895833333333335 0.338888888888889 0.48020833333333335 0.338888888888889
6 0.440625 0.6481481481481481 0.4083333333333333 0.6481481481481481 0.4083333333333333 0.7074074074074074 0.440625 0.7074074074074074
4 0.4859375 0.5694444444444445 0.45416666666666666 0.5694444444444444 0.45416666666666666 0.6277777777777779 0.4859375 0.627777777777778
11 0.4421875 0.35277777777777786 0.40989583333333335 0.35277777777777786 0.40989583333333335 0.40833333333333344 0.4421875 0.40833333333333344
4 0.390625 0.6555555555555556 0.3567708333333333 0.6555555555555556 0.3567708333333333 0.7157407407407408 0.390625 0.7157407407407408