3 0.43645833333333334 0.49074074074074076 0.39739583333333334 0.49074074074074076 0.39739583333333334 0.5601851851851852 0.43645833333333334 0.5601851851851852
4 0.6229166666666667 0.652777777777778 0.5760416666666667 0.652777777777778 0.5760416666666667 0.7361111111111113 0.6229166666666667 0.7361111111111113
11 0.4786458333333333 0.08240740740740751 0.4296875 0.08240740740740751 0.4296875 0.16944444444444454 0.4786458333333333 0.16944444444444454
10 0.6708333333333333 0.38981481481481495 0.6223958333333334 0.38981481481481495 0.6223958333333334 0.4750000000000002 0.6708333333333333 0.4750000000000002
4 0.7276041666666667 0.3472222222222224 0.6807291666666667 0.3472222222222223 0.6807291666666667 0.43148148148148163 0.7276041666666667 0.4314814814814817
12 0.6786458333333333 0.49814814814814834 0.6213541666666667 0.49814814814814834 0.6213541666666667 0.6000000000000002 0.6786458333333333 0.6000000000000002
7 0.4322916666666667 0.36296296296296304 0.38177083333333334 0.36296296296296304 0.38177083333333334 0.450925925925926 0.4322916666666667 0.450925925925926
0 0.7520833333333333 0.2712962962962965 0.70625 0.2712962962962964 0.70625 0.35370370370370385 0.7520833333333333 0.3537037037037039
8 0.6442708333333333 0.5870370370370372 0.60625 0.5870370370370372 0.60625 0.6564814814814817 0.6442708333333333 0.6564814814814817
11 0.490625 0.19907407407407418 0.44114583333333335 0.19907407407407418 0.44114583333333335 0.2861111111111112 0.490625 0.2861111111111112
13 0.428125 0.2314814814814816 0.36666666666666664 0.2314814814814816 0.36666666666666664 0.338888888888889 0.428125 0.338888888888889
5 0.5072916666666667 0.000925925925926031 0.45729166666666665 0.0009259259259260254 0.45729166666666665 0.08981481481481492 0.5072916666666667 0.08981481481481492
7 0.5463541666666667 0.0425925925925927 0.49635416666666665 0.042592592592592696 0.49635416666666665 0.12962962962962973 0.5463541666666667 0.12962962962962973
9 0.3880208333333333 0.33240740740740754 0.34791666666666665 0.33240740740740754 0.34791666666666665 0.4027777777777779 0.3880208333333333 0.4027777777777779
10 0.6421875 0.4648148148148149 0.5932291666666667 0.4648148148148149 0.5932291666666667 0.551851851851852 0.6421875 0.551851851851852
3 0.5494791666666666 0.16296296296296306 0.5098958333333333 0.16296296296296306 0.5098958333333333 0.23333333333333345 0.5494791666666666 0.23333333333333345
8 0.6942708333333333 0.4351851851851853 0.6567708333333333 0.4351851851851853 0.6567708333333333 0.5037037037037039 0.6942708333333333 0.5037037037037039
3 0.49114583333333334 0.325925925925926 0.4515625 0.325925925925926 0.4515625 0.3962962962962964 0.49114583333333334 0.3962962962962964
1 0.5182291666666666 0.1250000000000001 0.46770833333333334 0.1250000000000001 0.46770833333333334 0.213888888888889 0.5182291666666666 0.213888888888889
0 0.5895833333333333 0.6166666666666669 0.540625 0.6166666666666669 0.540625 0.7037037037037039 0.5895833333333333 0.7037037037037039
9 0.44635416666666666 0.17222222222222233 0.4078125 0.17222222222222233 0.4078125 0.23981481481481493 0.44635416666666666 0.23981481481481493
6 0.6958333333333333 0.30833333333333346 0.6484375 0.30833333333333346 0.6484375 0.3925925925925927 0.6958333333333333 0.3925925925925927
3 0.5223958333333333 0.25185185185185194 0.4828125 0.25185185185185194 0.4828125 0.32037037037037047 0.5223958333333333 0.32037037037037047
1 0.4609375 0.2824074074074075 0.4114583333333333 0.2824074074074075 0.4114583333333333 0.37037037037037046 0.4609375 0.37037037037037046
3 0.4635416666666667 0.4111111111111112 0.4239583333333333 0.4111111111111112 0.4239583333333333 0.48148148148148145 0.4635416666666667 0.48148148148148145
6 0.615625 0.540740740740741 0.5671875 0.540740740740741 0.5671875 0.6268518518518521 0.615625 0.6268518518518521
5 0.3651041666666667 0.4129629629629631 0.3151041666666667 0.4129629629629631 0.3151041666666667 0.5009259259259259 0.3651041666666667 0.5009259259259259
2 0.5447916666666667 0.5990740740740743 0.5067708333333333 0.5990740740740743 0.5067708333333333 0.6648148148148151 0.5447916666666667 0.6648148148148151
2 0.6578125 0.27962962962962973 0.6192708333333333 0.27962962962962973 0.6192708333333333 0.34814814814814826 0.6578125 0.34814814814814826
2 0.6328125 0.35833333333333345 0.5958333333333333 0.35833333333333345 0.5958333333333333 0.4231481481481483 0.6328125 0.4231481481481483
2 0.6026041666666667 0.4361111111111112 0.5640625 0.4361111111111112 0.5640625 0.5046296296296299 0.6026041666666667 0.5046296296296299
2 0.5744791666666667 0.5212962962962965 0.5369791666666667 0.5212962962962965 0.5369791666666667 0.5888888888888891 0.5744791666666667 0.5888888888888891