11 0.38333333333333336 0.10740740740740749 0.3328125 0.10740740740740749 0.3328125 0.20648148148148157 0.38333333333333336 0.2064814814814816
7 0.4973958333333333 0.11296296296296307 0.4479166666666667 0.11296296296296307 0.4479166666666667 0.20925925925925937 0.4973958333333333 0.20925925925925937
7 0.37135416666666665 0.438888888888889 0.31979166666666664 0.438888888888889 0.31979166666666664 0.5370370370370371 0.37135416666666665 0.5370370370370371
12 0.4375 0.2675925925925927 0.3770833333333333 0.2675925925925927 0.3770833333333333 0.3851851851851853 0.4375 0.3851851851851853
4 0.565625 0.540740740740741 0.5145833333333333 0.540740740740741 0.5145833333333333 0.6398148148148151 0.565625 0.6398148148148151
2 0.6109375 0.727777777777778 0.571875 0.727777777777778 0.571875 0.8037037037037039 0.6109375 0.8037037037037039
3 0.4473958333333333 0.08148148148148157 0.4088541666666667 0.08148148148148156 0.4088541666666667 0.15648148148148158 0.4473958333333333 0.15648148148148158
6 0.6947916666666667 0.34074074074074084 0.6447916666666667 0.34074074074074084 0.6447916666666667 0.43796296296296305 0.6947916666666667 0.43796296296296305
2 0.5921875 0.4722222222222223 0.5510416666666667 0.4722222222222223 0.5510416666666667 0.552777777777778 0.5921875 0.552777777777778
6 0.5744791666666667 0.676851851851852 0.5239583333333333 0.676851851851852 0.5239583333333333 0.7740740740740742 0.5744791666666667 0.7740740740740742
3 0.3223958333333333 0.41203703703703715 0.28177083333333336 0.41203703703703715 0.28177083333333336 0.49074074074074076 0.3223958333333333 0.49074074074074076
13 0.6421875 0.502777777777778 0.5807291666666666 0.502777777777778 0.5807291666666666 0.6194444444444447 0.6421875 0.6194444444444447
5 0.5041666666666667 0.23425925925925936 0.45260416666666664 0.23425925925925936 0.45260416666666664 0.33425925925925937 0.5041666666666667 0.33425925925925937
4 0.6234375 0.37962962962962976 0.571875 0.37962962962962976 0.571875 0.47962962962962985 0.6234375 0.47962962962962985
3 0.46822916666666664 0.34074074074074084 0.42604166666666665 0.34074074074074084 0.42604166666666665 0.42407407407407416 0.46822916666666664 0.42407407407407416
0 0.7401041666666667 0.5175925925925928 0.690625 0.5175925925925928 0.690625 0.614814814814815 0.7401041666666667 0.614814814814815
2 0.6630208333333333 0.43055555555555564 0.6223958333333334 0.43055555555555564 0.6223958333333334 0.5101851851851854 0.6630208333333333 0.5101851851851854
8 0.41822916666666665 0.1611111111111112 0.378125 0.1611111111111112 0.378125 0.23888888888888898 0.41822916666666665 0.23888888888888898
1 0.3932291666666667 0.23981481481481493 0.34322916666666664 0.23981481481481493 0.34322916666666664 0.33703703703703713 0.3932291666666667 0.33703703703703713
10 0.6739583333333333 0.5574074074074076 0.6229166666666667 0.5574074074074076 0.6229166666666667 0.6574074074074077 0.6739583333333333 0.6574074074074077
2 0.7291666666666666 0.4009259259259261 0.6890625 0.400925925925926 0.6890625 0.4787037037037039 0.7291666666666666 0.4787037037037039
0 0.6770833333333334 0.6805555555555558 0.628125 0.6805555555555558 0.628125 0.7759259259259261 0.6770833333333334 0.7759259259259261
3 0.46041666666666664 0.2027777777777779 0.4192708333333333 0.2027777777777779 0.4192708333333333 0.2842592592592594 0.46041666666666664 0.2842592592592594
11 0.325 0.2712962962962964 0.27447916666666666 0.2712962962962964 0.27447916666666666 0.37037037037037046 0.325 0.37037037037037046
9 0.6958333333333333 0.4768518518518521 0.6557291666666667 0.4768518518518521 0.6557291666666667 0.5555555555555558 0.6958333333333333 0.5555555555555558
9 0.6328125 0.6490740740740742 0.5927083333333333 0.6490740740740742 0.5927083333333333 0.727777777777778 0.6328125 0.727777777777778
10 0.7109375 0.5953703703703705 0.6614583333333334 0.5953703703703705 0.6614583333333334 0.6925925925925928 0.7109375 0.6925925925925928
1 0.3515625 0.1944444444444445 0.30052083333333335 0.1944444444444445 0.30052083333333335 0.2935185185185186 0.3515625 0.2935185185185186
8 0.35520833333333335 0.32314814814814824 0.3145833333333333 0.32314814814814824 0.3145833333333333 0.40185185185185196 0.35520833333333335 0.40185185185185196
3 0.3963541666666667 0.37407407407407417 0.3541666666666667 0.37407407407407417 0.3541666666666667 0.45185185185185195 0.3963541666666667 0.45185185185185195
5 0.440625 0.40462962962962973 0.38645833333333335 0.40462962962962973 0.38645833333333335 0.5046296296296297 0.440625 0.5046296296296297
2 0.6 0.6000000000000002 0.5635416666666667 0.6000000000000002 0.5635416666666667 0.6703703703703706 0.6 0.6703703703703706