7 0.4114583333333333 0.6472222222222223 0.3619791666666667 0.6472222222222223 0.3619791666666667 0.7333333333333333 0.4114583333333333 0.7333333333333333
2 0.3848958333333334 0.8453703703703703 0.3463541666666667 0.8453703703703703 0.34635416666666674 0.9120370370370371 0.38489583333333344 0.9120370370370371
10 0.6739583333333333 0.3675925925925927 0.6223958333333334 0.3675925925925927 0.6223958333333334 0.4564814814814816 0.6739583333333333 0.4564814814814816
0 0.5359375 0.450925925925926 0.48541666666666666 0.450925925925926 0.48541666666666666 0.5398148148148151 0.5359375 0.5398148148148151
7 0.61875 0.6500000000000002 0.5682291666666667 0.6500000000000002 0.5682291666666667 0.739814814814815 0.61875 0.739814814814815
3 0.4786458333333333 0.7407407407407407 0.43854166666666666 0.7407407407407407 0.43854166666666666 0.8101851851851852 0.4786458333333333 0.8101851851851852
13 0.584375 0.6046296296296299 0.5223958333333333 0.6046296296296299 0.5223958333333333 0.7120370370370372 0.584375 0.7120370370370372
6 0.46927083333333336 0.48518518518518516 0.41875 0.48518518518518516 0.41875 0.5731481481481482 0.46927083333333336 0.5731481481481482
3 0.34270833333333334 0.687037037037037 0.3046875 0.687037037037037 0.3046875 0.7546296296296297 0.34270833333333334 0.7546296296296297
10 0.3671875 0.49444444444444446 0.3182291666666667 0.49444444444444446 0.3182291666666667 0.5796296296296296 0.3671875 0.5796296296296296
12 0.30520833333333336 0.3990740740740742 0.246875 0.3990740740740742 0.24687500000000004 0.5009259259259259 0.30520833333333336 0.5009259259259259
3 0.5026041666666666 0.10925925925925936 0.4635416666666667 0.10925925925925936 0.4635416666666667 0.1777777777777779 0.5026041666666666 0.1777777777777779
2 0.39739583333333334 0.5425925925925926 0.35833333333333334 0.5425925925925926 0.35833333333333334 0.6111111111111112 0.39739583333333334 0.6111111111111112
0 0.47239583333333335 0.6111111111111112 0.42291666666666666 0.6111111111111112 0.42291666666666666 0.6972222222222222 0.47239583333333335 0.6972222222222222
3 0.45260416666666664 0.39074074074074083 0.4140625 0.39074074074074083 0.4140625 0.45925925925925937 0.45260416666666664 0.45925925925925937
2 0.5177083333333333 0.34444444444444455 0.4786458333333333 0.34444444444444455 0.4786458333333333 0.4129629629629631 0.5177083333333333 0.4129629629629631
8 0.38333333333333336 0.3037037037037038 0.34479166666666666 0.3037037037037038 0.34479166666666666 0.3712962962962964 0.38333333333333336 0.3712962962962964
4 0.44895833333333335 0.14074074074074083 0.4 0.14074074074074083 0.4 0.22592592592592603 0.44895833333333335 0.22592592592592603
2 0.4234375 0.4629629629629631 0.38385416666666666 0.4629629629629631 0.38385416666666666 0.5314814814814814 0.4234375 0.5314814814814814
9 0.5401041666666667 0.5787037037037039 0.49947916666666664 0.5787037037037039 0.49947916666666664 0.6490740740740742 0.5401041666666667 0.6490740740740742
9 0.60625 0.5379629629629632 0.5661458333333333 0.5379629629629632 0.5661458333333333 0.6092592592592595 0.60625 0.6092592592592595
3 0.5458333333333333 0.2620370370370371 0.5057291666666667 0.2620370370370371 0.5057291666666667 0.33240740740740754 0.5458333333333333 0.33240740740740754
2 0.6114583333333333 0.2240740740740742 0.5723958333333333 0.22407407407407418 0.5723958333333333 0.2925925925925927 0.6114583333333333 0.2925925925925927
4 0.42239583333333336 0.33425925925925937 0.37395833333333334 0.33425925925925937 0.37395833333333334 0.4185185185185186 0.42239583333333336 0.4185185185185186
1 0.2541666666666667 0.6796296296296296 0.20625000000000007 0.6796296296296296 0.20625000000000007 0.762962962962963 0.2541666666666667 0.762962962962963
11 0.4505208333333333 0.2564814814814816 0.4010416666666667 0.2564814814814816 0.4010416666666667 0.34259259259259267 0.4505208333333333 0.34259259259259267
5 0.4109375 0.11018518518518526 0.3640625 0.11018518518518526 0.3640625 0.1925925925925927 0.4109375 0.1925925925925927
5 0.5895833333333333 0.288888888888889 0.5385416666666667 0.288888888888889 0.5385416666666667 0.37685185185185194 0.5895833333333333 0.37685185185185194
11 0.49166666666666675 0.8435185185185187 0.44166666666666665 0.8435185185185186 0.4416666666666667 0.9296296296296297 0.4916666666666668 0.9296296296296298
1 0.3854166666666667 0.18981481481481488 0.3380208333333333 0.18981481481481488 0.3380208333333333 0.27314814814814825 0.3854166666666667 0.27314814814814825
8 0.35260416666666666 0.2787037037037038 0.3151041666666667 0.2787037037037038 0.3151041666666667 0.3435185185185186 0.35260416666666666 0.3435185185185186
6 0.6015625 0.4064814814814816 0.5479166666666667 0.4064814814814816 0.5479166666666667 0.4990740740740743 0.6015625 0.4990740740740743