0 0.2911458333333333 0.7888888888888889 0.25468750000000007 0.7888888888888889 0.25468750000000007 0.8472222222222222 0.2911458333333333 0.8472222222222222
4 0.28958333333333336 0.7027777777777777 0.2541666666666667 0.7027777777777777 0.2541666666666667 0.7583333333333333 0.28958333333333336 0.7583333333333333
7 0.60625 0.6972222222222224 0.5697916666666667 0.6972222222222224 0.5697916666666667 0.7611111111111113 0.60625 0.7611111111111113
2 0.43072916666666666 0.263888888888889 0.4 0.263888888888889 0.4 0.3064814814814816 0.43072916666666666 0.3064814814814816
7 0.6088541666666667 0.16574074074074088 0.5734375 0.16574074074074086 0.5734375 0.2203703703703705 0.6088541666666667 0.22037037037037052
6 0.3859375 0.16574074074074083 0.3515625 0.1657407407407408 0.3515625 0.22314814814814823 0.3859375 0.22314814814814826
2 0.43072916666666666 0.10000000000000009 0.40208333333333335 0.10000000000000007 0.40208333333333335 0.13981481481481492 0.43072916666666666 0.13981481481481492
3 0.5625 0.2685185185185186 0.5333333333333333 0.2685185185185186 0.5333333333333333 0.3101851851851853 0.5625 0.3101851851851853
3 0.559375 0.1027777777777779 0.5302083333333333 0.10277777777777788 0.5302083333333333 0.14444444444444454 0.559375 0.14444444444444454
13 0.6614583333333334 0.43796296296296305 0.6182291666666667 0.43796296296296305 0.6182291666666667 0.5055555555555558 0.6614583333333334 0.5055555555555558
2 0.4203125 0.6222222222222222 0.39114583333333336 0.6222222222222222 0.39114583333333336 0.6657407407407407 0.4203125 0.6657407407407407
1 0.6864583333333333 0.09537037037037052 0.65 0.09537037037037051 0.65 0.1472222222222224 0.6864583333333333 0.1472222222222224
2 0.4197916666666667 0.8055555555555556 0.3890625 0.8055555555555556 0.3890625 0.850925925925926 0.4197916666666667 0.850925925925926
2 0.42135416666666664 0.4407407407407408 0.39114583333333336 0.4407407407407408 0.39114583333333336 0.4842592592592593 0.42135416666666664 0.4842592592592593
3 0.565625 0.44537037037037047 0.5364583333333334 0.44537037037037047 0.5364583333333334 0.48796296296296315 0.565625 0.48796296296296315
12 0.34322916666666664 0.4148148148148149 0.30104166666666665 0.4148148148148149 0.30104166666666665 0.4842592592592593 0.34322916666666664 0.4842592592592593
3 0.5635416666666667 0.6129629629629632 0.5348958333333333 0.6129629629629632 0.5348958333333333 0.6648148148148151 0.5635416666666667 0.6648148148148151
8 0.290625 0.35092592592592603 0.2598958333333333 0.35092592592592603 0.2598958333333333 0.3962962962962964 0.290625 0.3962962962962964
4 0.30520833333333336 0.2740740740740742 0.2671875 0.2740740740740742 0.2671875 0.3296296296296297 0.30520833333333336 0.3296296296296297
6 0.3828125 0.7074074074074074 0.34322916666666664 0.7074074074074074 0.34322916666666664 0.775 0.3828125 0.775
3 0.5640625 0.7990740740740743 0.5338541666666666 0.7990740740740743 0.5338541666666666 0.8481481481481483 0.5640625 0.8481481481481483
8 0.28854166666666664 0.5185185185185185 0.26041666666666674 0.5185185185185185 0.26041666666666674 0.562037037037037 0.28854166666666664 0.562037037037037
0 0.3015625 0.10555555555555561 0.2671875 0.10555555555555561 0.2671875 0.15925925925925932 0.3015625 0.15925925925925932
11 0.7 0.6074074074074076 0.6630208333333333 0.6074074074074076 0.6630208333333333 0.6722222222222224 0.7 0.6722222222222224
5 0.696875 0.7037037037037039 0.6598958333333333 0.7037037037037039 0.6598958333333333 0.7601851851851854 0.696875 0.7601851851851854
5 0.6921875 0.18888888888888905 0.6567708333333333 0.18888888888888905 0.6567708333333333 0.24444444444444455 0.6921875 0.24444444444444455
1 0.7052083333333333 0.7814814814814817 0.6661458333333333 0.7814814814814817 0.6661458333333333 0.8435185185185188 0.7052083333333333 0.8435185185185188
11 0.6973958333333333 0.26111111111111124 0.6614583333333334 0.26111111111111124 0.6614583333333334 0.3157407407407408 0.6973958333333333 0.3157407407407408
10 0.3072916666666667 0.18425925925925932 0.26875 0.18425925925925932 0.26875 0.2462962962962964 0.3072916666666667 0.2462962962962964
10 0.28958333333333336 0.6055555555555555 0.25468750000000007 0.6055555555555555 0.25468750000000007 0.6694444444444444 0.28958333333333336 0.6694444444444444
9 0.6963541666666667 0.33703703703703713 0.6651041666666667 0.33703703703703713 0.6651041666666667 0.3953703703703705 0.6963541666666667 0.3953703703703705
9 0.6942708333333333 0.5240740740740742 0.6645833333333333 0.5240740740740742 0.6645833333333333 0.5731481481481484 0.6942708333333333 0.5731481481481484