11 0.8286458333333333 0.43333333333333357 0.7755208333333333 0.43333333333333357 0.7755208333333333 0.5250000000000002 0.8286458333333333 0.5250000000000002
6 0.41354166666666664 0.11018518518518526 0.36041666666666666 0.11018518518518526 0.36041666666666666 0.20277777777777786 0.41354166666666664 0.2027777777777779
7 0.6489583333333333 0.7685185185185187 0.5958333333333333 0.7685185185185187 0.5958333333333333 0.8583333333333335 0.6489583333333333 0.8583333333333335
4 0.3 0.3212962962962964 0.24635416666666668 0.3212962962962964 0.24635416666666668 0.413888888888889 0.3 0.413888888888889
7 0.721875 0.6481481481481484 0.6692708333333334 0.6481481481481484 0.6692708333333334 0.7388888888888892 0.721875 0.7388888888888892
13 0.6270833333333333 0.5935185185185188 0.5619791666666667 0.5935185185185188 0.5619791666666667 0.7083333333333336 0.6270833333333333 0.7083333333333336
4 0.4557291666666667 0.03888888888888899 0.4015625 0.03888888888888898 0.4015625 0.13333333333333344 0.4557291666666667 0.13333333333333344
2 0.5536458333333333 0.3537037037037038 0.5088541666666667 0.3537037037037038 0.5088541666666667 0.42962962962962975 0.5536458333333333 0.42962962962962975
5 0.7541666666666667 0.5796296296296298 0.7015625 0.5796296296296298 0.7015625 0.6694444444444446 0.7541666666666667 0.6694444444444446
0 0.49114583333333334 1.0109005754072826e-16 0.4375 9.525030660034968e-17 0.4375 0.06574074074074085 0.49114583333333334 0.06574074074074085
5 0.6104166666666667 0.8407407407407409 0.5557291666666667 0.8407407407407409 0.5557291666666667 0.9361111111111113 0.6104166666666667 0.9361111111111113
12 0.4515625 0.2898148148148149 0.38645833333333335 0.2898148148148149 0.38645833333333335 0.4037037037037038 0.4515625 0.4037037037037038
10 0.23229166666666673 0.45740740740740743 0.17656250000000007 0.45740740740740743 0.17656250000000007 0.5537037037037037 0.23229166666666673 0.5537037037037037
1 0.5697916666666667 0.9009259259259261 0.5171875000000001 0.9009259259259261 0.5171875000000001 0.9666666666666667 0.5697916666666667 0.9666666666666667
0 0.2677083333333333 0.3907407407407408 0.2140625 0.3907407407407407 0.21406250000000002 0.4842592592592593 0.2677083333333333 0.4842592592592593
2 0.5942708333333333 0.15833333333333344 0.55 0.15833333333333344 0.55 0.23425925925925936 0.5942708333333333 0.23425925925925936
3 0.5078125 0.5518518518518519 0.46458333333333335 0.5518518518518518 0.46458333333333335 0.6250000000000001 0.5078125 0.6250000000000002
9 0.5802083333333333 0.6851851851851853 0.5364583333333334 0.6851851851851853 0.5364583333333334 0.7583333333333335 0.5802083333333333 0.7583333333333335
2 0.32708333333333334 0.6407407407407407 0.2828125 0.6407407407407407 0.2828125 0.7157407407407408 0.32708333333333334 0.7157407407407408
2 0.3671875 0.575925925925926 0.3223958333333333 0.575925925925926 0.3223958333333333 0.6509259259259259 0.3671875 0.6509259259259259
3 0.7354166666666667 0.276851851851852 0.6911458333333333 0.27685185185185196 0.6911458333333333 0.351851851851852 0.7354166666666667 0.3518518518518521
10 0.5328125 1.1021821192326179e-16 0.4796875 1.0443515759395485e-16 0.4796875 0.0009259259259260361 0.5328125 0.0009259259259260419
3 0.7 0.338888888888889 0.6567708333333333 0.338888888888889 0.6567708333333333 0.4129629629629631 0.7 0.4129629629629631
9 0.6557291666666667 0.540740740740741 0.6114583333333333 0.540740740740741 0.6114583333333333 0.6166666666666669 0.6557291666666667 0.6166666666666669
2 0.6291666666666667 0.09259259259259273 0.5848958333333333 0.09259259259259273 0.5848958333333333 0.16759259259259274 0.6291666666666667 0.16759259259259274
8 0.40260416666666665 0.37962962962962976 0.3567708333333333 0.37962962962962976 0.3567708333333333 0.4564814814814816 0.40260416666666665 0.4564814814814816
8 0.4817708333333333 0.24166666666666678 0.4375 0.24166666666666678 0.4375 0.31666666666666676 0.4817708333333333 0.31666666666666676
1 0.7916666666666666 0.5074074074074076 0.7385416666666667 0.5074074074074076 0.7385416666666667 0.5990740740740743 0.7916666666666666 0.5990740740740743
3 0.4640625 0.7527777777777778 0.42083333333333334 0.7527777777777778 0.42083333333333334 0.8268518518518518 0.4640625 0.8268518518518518
6 0.34010416666666665 0.24907407407407417 0.28489583333333335 0.24907407407407417 0.28489583333333335 0.3453703703703705 0.34010416666666665 0.3453703703703705
3 0.4312500000000001 0.8157407407407408 0.3885416666666667 0.8157407407407408 0.38854166666666673 0.8898148148148148 0.43125000000000013 0.8898148148148148