13 0.40260416666666665 0.6935185185185185 0.353125 0.6935185185185185 0.353125 0.7777777777777778 0.40260416666666665 0.7777777777777778
2 0.61875 0.30462962962962975 0.5848958333333333 0.30462962962962975 0.5848958333333333 0.36203703703703716 0.61875 0.36203703703703716
2 0.209375 0.30648148148148147 0.17708333333333334 0.30648148148148147 0.17708333333333334 0.3638888888888889 0.209375 0.3638888888888889
12 0.4317708333333333 0.1212962962962964 0.3807291666666667 0.1212962962962964 0.3807291666666667 0.21018518518518528 0.4317708333333333 0.21018518518518528
3 0.403125 0.5574074074074075 0.3697916666666667 0.5574074074074075 0.3697916666666667 0.6138888888888889 0.403125 0.6138888888888889
2 0.4161458333333333 0.29722222222222233 0.3828125 0.29722222222222233 0.3828125 0.3555555555555557 0.4161458333333333 0.3555555555555557
5 0.5338541666666666 0.7564814814814816 0.49322916666666666 0.7564814814814816 0.49322916666666666 0.8268518518518521 0.5338541666666666 0.8268518518518521
7 0.5453125 0.6092592592592595 0.5052083333333334 0.6092592592592595 0.5052083333333334 0.677777777777778 0.5453125 0.677777777777778
0 0.23802083333333332 0.04351851851851857 0.196875 0.04351851851851856 0.196875 0.11666666666666672 0.23802083333333332 0.11666666666666672
2 0.51875 0.30277777777777787 0.48489583333333336 0.30277777777777787 0.48489583333333336 0.3611111111111112 0.51875 0.3611111111111112
9 0.43072916666666666 0.7731481481481481 0.39739583333333334 0.7731481481481481 0.39739583333333334 0.8277777777777777 0.43072916666666666 0.8277777777777777
3 0.4973958333333333 0.5537037037037038 0.4640625 0.5537037037037037 0.4640625 0.6111111111111113 0.4973958333333333 0.6111111111111113
3 0.20416666666666672 0.5462962962962963 0.17031250000000006 0.5462962962962963 0.17031250000000006 0.6018518518518519 0.20416666666666672 0.6018518518518519
9 0.32916666666666666 0.7805555555555556 0.296875 0.7805555555555556 0.296875 0.8342592592592593 0.32916666666666666 0.8342592592592593
2 0.31145833333333334 0.3101851851851853 0.278125 0.3101851851851853 0.278125 0.3694444444444446 0.31145833333333334 0.3694444444444446
3 0.29635416666666664 0.549074074074074 0.26406250000000003 0.549074074074074 0.26406250000000003 0.6064814814814815 0.29635416666666664 0.6064814814814815
1 0.1958333333333334 0.7611111111111111 0.15625000000000006 0.7611111111111111 0.15625000000000006 0.8287037037037037 0.1958333333333334 0.8287037037037037
3 0.5963541666666666 0.5481481481481484 0.5630208333333333 0.5481481481481484 0.5630208333333333 0.603703703703704 0.5963541666666666 0.603703703703704
7 0.24427083333333338 0.6259259259259259 0.20520833333333338 0.6259259259259259 0.20520833333333338 0.6953703703703704 0.24427083333333338 0.6953703703703704
4 0.5932291666666667 0.05370370370370383 0.5515625 0.05370370370370382 0.5515625 0.1250000000000001 0.5932291666666667 0.1250000000000001
4 0.34010416666666665 0.06111111111111118 0.2989583333333333 0.061111111111111165 0.2989583333333333 0.13518518518518524 0.34010416666666665 0.13518518518518524
8 0.48020833333333335 0.05648148148148158 0.4484375 0.05648148148148158 0.4484375 0.11296296296296307 0.48020833333333335 0.11296296296296307
5 0.24687500000000007 0.7685185185185185 0.2057291666666667 0.7685185185185185 0.2057291666666667 0.8398148148148148 0.24687500000000007 0.8398148148148148
11 0.2875 0.7731481481481481 0.2505208333333334 0.7731481481481481 0.2505208333333334 0.8453703703703703 0.2875 0.8453703703703703
11 0.48385416666666664 0.763888888888889 0.4453125 0.7638888888888888 0.4453125 0.8370370370370371 0.48385416666666664 0.8370370370370372
1 0.5739583333333333 0.7638888888888891 0.5328125 0.7638888888888891 0.5328125 0.8388888888888891 0.5739583333333333 0.8388888888888891
6 0.2671875 0.21018518518518522 0.2265625 0.21018518518518522 0.2265625 0.28981481481481486 0.2671875 0.2898148148148149
6 0.5864583333333333 0.21296296296296308 0.5401041666666667 0.21296296296296308 0.5401041666666667 0.2935185185185186 0.5864583333333333 0.2935185185185186
10 0.2869791666666667 0.05370370370370376 0.24791666666666667 0.05370370370370375 0.24791666666666667 0.1333333333333334 0.2869791666666667 0.1333333333333334
10 0.5401041666666667 0.05092592592592604 0.5 0.050925925925926034 0.5 0.12407407407407418 0.5401041666666667 0.12407407407407418
0 0.6385416666666667 0.05833333333333347 0.5989583333333334 0.058333333333333466 0.5989583333333334 0.13055555555555567 0.6385416666666667 0.1305555555555557
8 0.38385416666666666 0.043518518518518595 0.35052083333333334 0.043518518518518595 0.35052083333333334 0.10925925925925933 0.38385416666666666 0.10925925925925933