4 0.5546875 0.7925925925925928 0.5083333333333333 0.7925925925925928 0.5083333333333334 0.8731481481481483 0.5546875 0.8731481481481483
13 0.490625 0.14814814814814825 0.43072916666666666 0.14814814814814825 0.43072916666666666 0.2564814814814816 0.490625 0.2564814814814816
7 0.6380208333333334 0.08611111111111125 0.5880208333333333 0.08611111111111125 0.5880208333333333 0.17685185185185198 0.6380208333333334 0.176851851851852
2 0.5765625 0.5166666666666668 0.5390625 0.5166666666666668 0.5390625 0.5824074074074076 0.5765625 0.5824074074074076
7 0.35989583333333336 0.35833333333333345 0.3104166666666667 0.35833333333333345 0.3104166666666667 0.44537037037037047 0.35989583333333336 0.44537037037037047
3 0.3390625 0.48518518518518516 0.30104166666666665 0.48518518518518516 0.30104166666666665 0.5518518518518518 0.3390625 0.5518518518518518
3 0.6963541666666667 0.13240740740740756 0.6578125 0.13240740740740756 0.6578125 0.20000000000000015 0.6963541666666667 0.20000000000000015
6 0.7265625 0.4546296296296298 0.6807291666666667 0.4546296296296297 0.6807291666666667 0.5351851851851854 0.7265625 0.5351851851851854
3 0.4239583333333333 0.3990740740740742 0.384375 0.3990740740740742 0.384375 0.46759259259259267 0.4239583333333333 0.46759259259259267
2 0.6651041666666667 0.43425925925925934 0.628125 0.43425925925925934 0.628125 0.49722222222222245 0.6651041666666667 0.49722222222222245
6 0.4666666666666667 0.7055555555555556 0.42083333333333334 0.7055555555555556 0.42083333333333334 0.7870370370370371 0.4666666666666667 0.7870370370370371
2 0.40520833333333334 0.6824074074074075 0.3671875 0.6824074074074075 0.3671875 0.7472222222222222 0.40520833333333334 0.7472222222222222
2 0.490625 0.6074074074074075 0.45260416666666664 0.6074074074074074 0.45260416666666664 0.6750000000000002 0.490625 0.6750000000000002
8 0.6734375 0.6675925925925928 0.6369791666666667 0.6675925925925928 0.6369791666666667 0.7314814814814817 0.6734375 0.7314814814814817
12 0.6302083333333334 0.6370370370370373 0.575 0.6370370370370373 0.575 0.7342592592592595 0.6302083333333334 0.7342592592592595
8 0.5973958333333333 0.752777777777778 0.5609375 0.752777777777778 0.5609375 0.8166666666666669 0.5973958333333333 0.8166666666666669
2 0.753125 0.3509259259259261 0.715625 0.35092592592592603 0.715625 0.41481481481481497 0.753125 0.414814814814815
1 0.284375 0.25833333333333336 0.23489583333333333 0.25833333333333336 0.23489583333333333 0.3462962962962963 0.284375 0.3462962962962964
3 0.5145833333333333 0.30092592592592604 0.475 0.30092592592592604 0.475 0.3694444444444446 0.5145833333333333 0.3694444444444446
11 0.6010416666666667 1.2541290369046045e-16 0.5510416666666667 1.199700290275833e-16 0.5510416666666667 0.038888888888889014 0.6010416666666667 0.03888888888888902
3 0.6088541666666667 0.21851851851851864 0.571875 0.2185185185185186 0.571875 0.2824074074074075 0.6088541666666667 0.2824074074074075
10 0.5098958333333334 0.8259259259259261 0.4635416666666667 0.825925925925926 0.46354166666666674 0.9064814814814816 0.5098958333333334 0.9064814814814817
5 0.3307291666666667 0.21296296296296302 0.28177083333333336 0.21296296296296302 0.28177083333333336 0.30092592592592604 0.3307291666666667 0.30092592592592604
0 0.46770833333333345 0.8759259259259259 0.4218750000000001 0.8759259259259259 0.4218750000000001 0.950925925925926 0.46770833333333345 0.950925925925926
5 0.5546875 0.0027777777777778932 0.5067708333333333 0.002777777777777888 0.5067708333333333 0.08981481481481493 0.5546875 0.08981481481481494
10 0.7625 0.5768518518518521 0.7166666666666667 0.5768518518518521 0.7166666666666667 0.6574074074074077 0.7625 0.6574074074074077
9 0.5 0.042592592592592696 0.45989583333333334 0.042592592592592696 0.45989583333333334 0.11296296296296307 0.5 0.11296296296296307
4 0.725 0.6157407407407409 0.6796875 0.6157407407407409 0.6796875 0.7000000000000002 0.725 0.7000000000000002
9 0.4125 0.13425925925925936 0.3729166666666667 0.13425925925925936 0.3729166666666667 0.2027777777777779 0.4125 0.2027777777777779
0 0.809375 0.5222222222222225 0.7625 0.5222222222222225 0.7625 0.6083333333333335 0.809375 0.6083333333333335
11 0.3697916666666667 0.17037037037037045 0.321875 0.17037037037037042 0.321875 0.2583333333333334 0.3697916666666667 0.2583333333333334