5 0.5859375 1.215008375265175e-16 0.5302083333333333 1.1543430014185238e-16 0.5302083333333333 0.08240740740740753 0.5859375 0.08240740740740754
0 0.26979166666666665 0.5370370370370371 0.21875000000000006 0.5370370370370371 0.21875000000000006 0.6296296296296297 0.26979166666666665 0.6296296296296297
4 0.309375 0.5898148148148148 0.25781250000000006 0.5898148148148148 0.25781250000000006 0.6814814814814815 0.309375 0.6814814814814815
1 0.5411458333333333 1.1186241364433925e-16 0.4864583333333333 1.0590926948181739e-16 0.4864583333333333 0.020370370370370483 0.5411458333333333 0.02037037037037049
7 0.7036458333333333 0.16018518518518535 0.6489583333333333 0.16018518518518535 0.6489583333333333 0.2583333333333334 0.7036458333333333 0.2583333333333334
2 0.3494791666666667 0.34074074074074084 0.3067708333333333 0.34074074074074084 0.3067708333333333 0.4185185185185186 0.3494791666666667 0.4185185185185186
5 0.7526041666666666 0.22222222222222238 0.6984375 0.22222222222222238 0.6984375 0.3203703703703705 0.7526041666666666 0.3203703703703706
1 0.7890625 0.2842592592592595 0.734375 0.2842592592592595 0.734375 0.3833333333333335 0.7890625 0.3833333333333335
10 0.23281250000000006 0.475 0.18177083333333338 0.475 0.18177083333333338 0.5666666666666667 0.23281250000000006 0.5666666666666667
13 0.6130208333333333 0.2231481481481483 0.5479166666666667 0.22314814814814826 0.5479166666666667 0.34074074074074084 0.6130208333333333 0.34074074074074084
7 0.6286458333333333 0.03611111111111124 0.5734375 0.03611111111111123 0.5734375 0.13425925925925938 0.6286458333333333 0.1342592592592594
2 0.5916666666666667 0.6916666666666669 0.5489583333333333 0.6916666666666669 0.5489583333333333 0.7685185185185187 0.5916666666666667 0.7685185185185187
12 0.45260416666666664 0.5722222222222222 0.38958333333333334 0.5722222222222222 0.38958333333333334 0.6861111111111111 0.45260416666666664 0.6861111111111111
2 0.30885416666666665 0.2879629629629631 0.2677083333333333 0.2879629629629631 0.2677083333333333 0.36203703703703716 0.30885416666666665 0.36203703703703716
3 0.3963541666666667 0.06944444444444452 0.353125 0.06944444444444452 0.353125 0.14537037037037046 0.3963541666666667 0.14537037037037048
4 0.46666666666666673 0.8222222222222222 0.41458333333333336 0.8222222222222222 0.4145833333333334 0.9157407407407407 0.4666666666666668 0.9157407407407407
6 0.3484375 0.65 0.2953125 0.65 0.2953125 0.7444444444444445 0.3484375 0.7444444444444445
6 0.42552083333333335 0.7611111111111111 0.3734375 0.7611111111111111 0.3734375 0.8555555555555555 0.42552083333333335 0.8555555555555555
3 0.6901041666666666 0.5000000000000002 0.6463541666666667 0.5000000000000002 0.6463541666666667 0.5787037037037039 0.6901041666666666 0.5787037037037039
3 0.4359375 0.13055555555555567 0.3921875 0.13055555555555567 0.3921875 0.20925925925925937 0.4359375 0.20925925925925937
3 0.5729166666666666 0.4462962962962964 0.5270833333333333 0.4462962962962964 0.5270833333333333 0.5296296296296299 0.5729166666666666 0.5296296296296299
2 0.6296875 0.7574074074074076 0.5875 0.7574074074074076 0.5875 0.8314814814814817 0.6296875 0.8314814814814817
8 0.403125 0.5259259259259259 0.35572916666666665 0.5259259259259259 0.35572916666666665 0.6111111111111112 0.403125 0.6111111111111112
3 0.728125 0.552777777777778 0.6838541666666667 0.552777777777778 0.6838541666666667 0.6324074074074076 0.728125 0.6324074074074076
2 0.459375 0.3925925925925927 0.4161458333333333 0.3925925925925927 0.4161458333333333 0.46944444444444455 0.459375 0.46944444444444455
0 0.5062500000000001 0.8731481481481482 0.4541666666666668 0.8731481481481481 0.4541666666666668 0.9537037037037037 0.5062500000000001 0.9537037037037037
9 0.5578125 0.18518518518518529 0.5135416666666667 0.18518518518518529 0.5135416666666667 0.26481481481481495 0.5578125 0.26481481481481495
8 0.48489583333333336 0.6518518518518519 0.4421875 0.6518518518518519 0.4421875 0.7287037037037039 0.48489583333333336 0.728703703703704
11 0.8265625 0.3416666666666669 0.7703125 0.3416666666666669 0.7703125 0.44351851851851876 0.8265625 0.44351851851851876
9 0.6447916666666667 0.29907407407407416 0.5989583333333334 0.29907407407407416 0.5989583333333334 0.3814814814814816 0.6447916666666667 0.3814814814814816