2 0.44114583333333335 0.48518518518518516 0.4005208333333333 0.48518518518518516 0.4005208333333333 0.549074074074074 0.44114583333333335 0.549074074074074
1 0.49635416666666665 0.22500000000000012 0.4479166666666667 0.22500000000000012 0.4479166666666667 0.30277777777777787 0.49635416666666665 0.30277777777777787
7 0.7307291666666667 0.43703703703703717 0.6807291666666667 0.43703703703703717 0.6807291666666667 0.5166666666666668 0.7307291666666667 0.5166666666666668
6 0.30885416666666665 0.30092592592592604 0.25885416666666666 0.30092592592592604 0.25885416666666666 0.37962962962962976 0.30885416666666665 0.37962962962962976
9 0.5583333333333333 0.17685185185185195 0.5203125 0.17685185185185195 0.5203125 0.2425925925925927 0.5583333333333333 0.2425925925925927
2 0.6489583333333333 0.5935185185185188 0.6083333333333333 0.5935185185185188 0.6083333333333333 0.6564814814814817 0.6489583333333333 0.6564814814814817
3 0.4895833333333333 0.513888888888889 0.4484375 0.5138888888888888 0.4484375 0.5777777777777778 0.4895833333333333 0.577777777777778
1 0.3869791666666667 0.8092592592592592 0.33645833333333336 0.8092592592592592 0.3364583333333334 0.887962962962963 0.38697916666666676 0.887962962962963
4 0.6182291666666667 0.7490740740740743 0.56875 0.7490740740740743 0.56875 0.8287037037037039 0.6182291666666667 0.8287037037037039
10 0.44635416666666666 0.7574074074074074 0.39739583333333334 0.7574074074074074 0.39739583333333334 0.837037037037037 0.44635416666666666 0.837037037037037
3 0.4078125 0.3694444444444446 0.3671875 0.3694444444444446 0.3671875 0.43333333333333346 0.4078125 0.43333333333333346
13 0.515625 0.1351851851851853 0.459375 0.1351851851851853 0.459375 0.2287037037037038 0.515625 0.2287037037037038
2 0.69375 0.3398148148148149 0.6541666666666667 0.3398148148148149 0.6541666666666667 0.40185185185185196 0.69375 0.40185185185185196
8 0.5078125 0.7083333333333335 0.4671875 0.7083333333333334 0.4671875 0.7722222222222224 0.5078125 0.7722222222222225
8 0.4260416666666667 0.850925925925926 0.38333333333333336 0.850925925925926 0.3833333333333334 0.9185185185185185 0.42604166666666676 0.9185185185185185
2 0.3885416666666667 0.17500000000000007 0.35 0.17500000000000004 0.35 0.23703703703703713 0.3885416666666667 0.23703703703703713
4 0.5666666666666667 0.43796296296296305 0.5177083333333333 0.43796296296296305 0.5177083333333333 0.5157407407407409 0.5666666666666667 0.5157407407407409
7 0.5338541666666666 0.8879629629629631 0.48281250000000014 0.887962962962963 0.48281250000000014 0.9685185185185186 0.5338541666666666 0.9685185185185186
5 0.6697916666666667 0.22037037037037052 0.6182291666666667 0.22037037037037052 0.6182291666666667 0.3000000000000001 0.6697916666666667 0.3000000000000001
12 0.48750000000000004 0.8574074074074075 0.4276041666666667 0.8574074074074074 0.42760416666666673 0.9527777777777777 0.4875000000000001 0.9527777777777777
3 0.6614583333333334 0.5101851851851854 0.6208333333333333 0.5101851851851854 0.6208333333333333 0.5731481481481484 0.6614583333333334 0.5731481481481484
3 0.5760416666666667 0.3694444444444446 0.5354166666666667 0.3694444444444446 0.5354166666666667 0.43333333333333346 0.5760416666666667 0.43333333333333346
11 0.46510416666666665 0.6712962962962963 0.4161458333333333 0.6712962962962963 0.4161458333333333 0.75 0.46510416666666665 0.75
11 0.31197916666666664 0.5888888888888889 0.26302083333333337 0.5888888888888889 0.26302083333333337 0.6694444444444444 0.31197916666666664 0.6694444444444444
2 0.4401041666666667 0.2064814814814816 0.4010416666666667 0.2064814814814816 0.4010416666666667 0.2685185185185186 0.4401041666666667 0.2685185185185186
6 0.5661458333333333 0.7231481481481483 0.5161458333333333 0.7231481481481483 0.5161458333333333 0.802777777777778 0.5661458333333333 0.802777777777778
5 0.528125 0.3314814814814816 0.47760416666666666 0.3314814814814816 0.47760416666666666 0.413888888888889 0.528125 0.413888888888889
0 0.4119791666666667 0.6407407407407407 0.3614583333333333 0.6407407407407407 0.3614583333333333 0.7212962962962963 0.4119791666666667 0.7212962962962963
0 0.5953125 0.2740740740740742 0.5489583333333333 0.2740740740740742 0.5489583333333333 0.3537037037037038 0.5953125 0.3537037037037038
10 0.5729166666666666 0.09259259259259271 0.528125 0.0925925925925927 0.528125 0.1675925925925927 0.5729166666666666 0.1675925925925927
3 0.4552083333333333 0.39444444444444454 0.41822916666666665 0.39444444444444454 0.41822916666666665 0.45555555555555566 0.4552083333333333 0.45555555555555566
9 0.609375 0.19814814814814827 0.5703125 0.19814814814814824 0.5703125 0.26296296296296306 0.609375 0.26296296296296306