4 0.7411458333333333 0.7407407407407409 0.6927083333333334 0.7407407407407409 0.6927083333333334 0.8296296296296298 0.7411458333333333 0.8296296296296298
7 0.47604166666666664 0.45555555555555566 0.4265625 0.45555555555555566 0.4265625 0.5472222222222223 0.47604166666666664 0.5472222222222223
3 0.6760416666666667 0.815740740740741 0.6354166666666666 0.815740740740741 0.6354166666666666 0.8870370370370373 0.6760416666666667 0.8870370370370373
7 0.3927083333333333 0.3000000000000001 0.34427083333333336 0.3000000000000001 0.34427083333333336 0.38796296296296306 0.3927083333333333 0.38796296296296306
9 0.37083333333333335 0.4037037037037038 0.3307291666666667 0.4037037037037038 0.3307291666666667 0.4759259259259259 0.37083333333333335 0.4759259259259259
0 0.7104166666666667 0.6222222222222225 0.6614583333333334 0.6222222222222225 0.6614583333333334 0.7129629629629631 0.7104166666666667 0.7129629629629631
2 0.409375 0.22037037037037047 0.3692708333333333 0.22037037037037047 0.3692708333333333 0.2916666666666668 0.409375 0.2916666666666668
5 0.3453125 0.2777777777777779 0.29739583333333336 0.2777777777777779 0.29739583333333336 0.3648148148148149 0.3453125 0.3648148148148149
13 0.3723958333333333 0.46944444444444455 0.30833333333333335 0.46944444444444455 0.30833333333333335 0.5851851851851851 0.3723958333333333 0.5851851851851851
3 0.7338541666666667 0.45648148148148165 0.69375 0.4564814814814816 0.69375 0.526851851851852 0.7338541666666667 0.526851851851852
6 0.6213541666666667 0.5703703703703705 0.5729166666666666 0.5703703703703705 0.5729166666666666 0.6574074074074077 0.6213541666666667 0.6574074074074077
3 0.703125 0.9222222222222224 0.6630208333333333 0.9222222222222224 0.6630208333333333 0.9944444444444445 0.703125 0.9944444444444445
10 0.696875 0.7166666666666669 0.6489583333333333 0.7166666666666669 0.6489583333333333 0.802777777777778 0.696875 0.802777777777778
11 0.33541666666666664 0.35833333333333345 0.284375 0.35833333333333345 0.284375 0.45185185185185195 0.33541666666666664 0.45185185185185195
10 0.7546875 0.6611111111111113 0.70625 0.6611111111111113 0.70625 0.7490740740740743 0.7546875 0.7490740740740743
12 0.73125 0.5259259259259261 0.6708333333333333 0.5259259259259261 0.6708333333333333 0.6342592592592595 0.73125 0.6342592592592595
6 0.765625 0.5787037037037039 0.7182291666666667 0.5787037037037039 0.7182291666666667 0.665740740740741 0.765625 0.665740740740741
4 0.6645833333333333 0.5972222222222224 0.6145833333333334 0.5972222222222224 0.6145833333333334 0.6861111111111113 0.6645833333333333 0.6861111111111113
3 0.78125 0.4925925925925928 0.7416666666666667 0.4925925925925928 0.7416666666666667 0.564814814814815 0.78125 0.564814814814815
8 0.6494791666666667 0.6925925925925928 0.6088541666666667 0.6925925925925928 0.6088541666666667 0.7685185185185187 0.6494791666666667 0.7685185185185187
5 0.4401041666666667 0.3351851851851853 0.38697916666666665 0.3351851851851853 0.38697916666666665 0.4314814814814816 0.4401041666666667 0.4314814814814816
11 0.428125 0.4231481481481483 0.37447916666666664 0.4231481481481483 0.37447916666666664 0.5194444444444445 0.428125 0.5194444444444445
1 0.41458333333333336 0.5120370370370371 0.36041666666666666 0.5120370370370371 0.36041666666666666 0.6101851851851852 0.41458333333333336 0.6101851851851852
1 0.32395833333333335 0.4490740740740742 0.26927083333333335 0.4490740740740742 0.26927083333333335 0.5462962962962963 0.32395833333333335 0.5462962962962963
3 0.7223958333333333 0.8453703703703705 0.6807291666666667 0.8453703703703705 0.6807291666666667 0.9194444444444446 0.7223958333333333 0.9194444444444446
2 0.3609375 0.18425925925925932 0.3182291666666667 0.18425925925925932 0.3182291666666667 0.25555555555555565 0.3609375 0.25555555555555565
2 0.3458333333333333 0.5814814814814815 0.30364583333333334 0.5814814814814815 0.30364583333333334 0.6546296296296297 0.3458333333333333 0.6546296296296297
0 0.6791666666666667 0.5092592592592595 0.6286458333333333 0.5092592592592595 0.6286458333333333 0.603703703703704 0.6791666666666667 0.603703703703704
2 0.28489583333333335 0.637962962962963 0.24218750000000006 0.637962962962963 0.24218750000000006 0.7148148148148148 0.28489583333333335 0.7148148148148148
2 0.30052083333333335 0.5509259259259259 0.25520833333333337 0.5509259259259259 0.25520833333333337 0.6314814814814815 0.30052083333333335 0.6314814814814815