11 0.5567708333333333 0.8638888888888892 0.5187500000000002 0.8638888888888892 0.5187500000000002 0.9231481481481484 0.5567708333333333 0.9231481481481484
7 0.6125 0.7018518518518521 0.5765625 0.7018518518518521 0.5765625 0.7601851851851854 0.6125 0.7601851851851854
0 0.5604166666666667 0.09722222222222233 0.5203125 0.09722222222222232 0.5203125 0.15648148148148158 0.5604166666666667 0.15648148148148158
7 0.39427083333333335 0.6962962962962963 0.35625 0.6962962962962963 0.35625 0.7583333333333333 0.39427083333333335 0.7583333333333333
9 0.44635416666666666 0.19166666666666676 0.41302083333333334 0.19166666666666676 0.41302083333333334 0.23796296296296307 0.44635416666666666 0.23796296296296307
4 0.45208333333333334 0.3574074074074075 0.4119791666666667 0.3574074074074075 0.4119791666666667 0.4185185185185186 0.45208333333333334 0.4185185185185186
0 0.45416666666666666 0.09722222222222232 0.41458333333333336 0.09722222222222231 0.41458333333333336 0.15462962962962973 0.45416666666666666 0.15462962962962973
11 0.45520833333333344 0.8712962962962963 0.4114583333333334 0.8712962962962963 0.4114583333333334 0.9351851851851852 0.45520833333333344 0.9351851851851852
6 0.6130208333333333 0.2564814814814816 0.5734375 0.2564814814814816 0.5734375 0.3175925925925927 0.6130208333333333 0.3175925925925927
3 0.3953125 0.7953703703703704 0.36614583333333334 0.7953703703703704 0.36614583333333334 0.8416666666666667 0.3953125 0.8416666666666667
10 0.50625 0.1750000000000001 0.46458333333333335 0.1750000000000001 0.46458333333333335 0.23703703703703713 0.50625 0.23703703703703713
2 0.39427083333333335 0.1861111111111112 0.3625 0.18611111111111117 0.3625 0.23240740740740748 0.39427083333333335 0.2324074074074075
5 0.4484375 0.6138888888888889 0.40729166666666666 0.6138888888888889 0.40729166666666666 0.674074074074074 0.4484375 0.674074074074074
2 0.6057291666666667 0.17962962962962975 0.5734375 0.17962962962962972 0.5734375 0.22592592592592606 0.6057291666666667 0.22592592592592609
8 0.45 0.7962962962962963 0.4171875 0.7962962962962963 0.4171875 0.8435185185185186 0.45 0.8435185185185186
12 0.5083333333333333 0.6916666666666668 0.4630208333333333 0.6916666666666667 0.4630208333333333 0.7685185185185186 0.5083333333333333 0.7685185185185187
1 0.5078125000000001 0.8694444444444446 0.47031250000000013 0.8694444444444445 0.47031250000000013 0.9305555555555557 0.5078125000000001 0.9305555555555558
3 0.6151041666666667 0.790740740740741 0.58125 0.790740740740741 0.58125 0.8370370370370372 0.6151041666666667 0.8370370370370372
6 0.3953125 0.2666666666666668 0.3567708333333333 0.2666666666666668 0.3567708333333333 0.325925925925926 0.3953125 0.325925925925926
10 0.5005208333333333 0.09814814814814825 0.46145833333333336 0.09814814814814825 0.46145833333333336 0.15555555555555567 0.5005208333333333 0.15555555555555567
4 0.55625 0.3490740740740742 0.5161458333333333 0.3490740740740742 0.5161458333333333 0.40833333333333344 0.55625 0.40833333333333344
1 0.5098958333333333 0.7814814814814816 0.46770833333333334 0.7814814814814814 0.46770833333333334 0.8398148148148149 0.5098958333333333 0.839814814814815
13 0.5088541666666667 0.2527777777777779 0.4588541666666667 0.2527777777777779 0.4588541666666667 0.3277777777777779 0.5088541666666667 0.3277777777777779
9 0.55625 0.18796296296296308 0.5260416666666666 0.18796296296296308 0.5260416666666666 0.23425925925925936 0.55625 0.23425925925925936
2 0.5020833333333333 0.35185185185185197 0.46822916666666664 0.35185185185185197 0.46822916666666664 0.400925925925926 0.5020833333333333 0.400925925925926
2 0.43802083333333336 0.2685185185185186 0.40989583333333335 0.2685185185185186 0.40989583333333335 0.31851851851851865 0.43802083333333336 0.31851851851851865
3 0.50625 0.612962962962963 0.4744791666666667 0.6129629629629629 0.4744791666666667 0.6657407407407409 0.50625 0.665740740740741
3 0.44583333333333336 0.7018518518518518 0.4171875 0.7018518518518518 0.4171875 0.7555555555555555 0.44583333333333336 0.7555555555555555
5 0.5614583333333333 0.6138888888888892 0.5213541666666667 0.6138888888888892 0.5213541666666667 0.6787037037037039 0.5614583333333333 0.6787037037037039
3 0.5546875 0.7009259259259262 0.5265625 0.7009259259259262 0.5265625 0.7537037037037039 0.5546875 0.7537037037037039
2 0.5494791666666666 0.263888888888889 0.5213541666666667 0.263888888888889 0.5213541666666667 0.313888888888889 0.5494791666666666 0.313888888888889
8 0.5557291666666667 0.7925925925925928 0.525 0.7925925925925928 0.525 0.8379629629629631 0.5557291666666667 0.8379629629629631