0 0.6182291666666667 0.5935185185185188 0.5713541666666667 0.5935185185185188 0.5713541666666667 0.6740740740740743 0.6182291666666667 0.6740740740740743
10 0.48385416666666664 0.6314814814814815 0.4359375 0.6314814814814815 0.4359375 0.7148148148148149 0.48385416666666664 0.714814814814815
5 0.6494791666666667 0.19444444444444461 0.6046875 0.19444444444444461 0.6046875 0.2712962962962964 0.6494791666666667 0.2712962962962964
10 0.7682291666666666 0.49444444444444463 0.7223958333333333 0.49444444444444463 0.7223958333333333 0.5731481481481484 0.7682291666666666 0.5731481481481484
3 0.5578125 0.26481481481481495 0.5223958333333333 0.26481481481481495 0.5223958333333333 0.325925925925926 0.5578125 0.325925925925926
3 0.8213541666666667 0.651851851851852 0.7854166666666667 0.651851851851852 0.7854166666666667 0.714814814814815 0.8213541666666667 0.714814814814815
2 0.7432291666666667 0.5694444444444446 0.7067708333333333 0.5694444444444446 0.7067708333333333 0.6314814814814816 0.7432291666666667 0.6314814814814816
7 0.7635416666666667 0.6685185185185187 0.7177083333333333 0.6685185185185187 0.7177083333333333 0.7481481481481483 0.7635416666666667 0.7481481481481483
13 0.6213541666666667 0.7657407407407409 0.5635416666666667 0.7657407407407409 0.5635416666666667 0.8666666666666669 0.6213541666666667 0.8666666666666669
3 0.6645833333333333 0.47407407407407426 0.628125 0.47407407407407426 0.628125 0.5361111111111113 0.6645833333333333 0.5361111111111113
2 0.8171875 0.8287037037037039 0.7807291666666667 0.8287037037037039 0.7807291666666667 0.8925925925925928 0.8171875 0.8925925925925928
0 0.7057291666666666 0.6861111111111113 0.659375 0.6861111111111113 0.659375 0.7675925925925928 0.7057291666666666 0.7675925925925928
3 0.7166666666666667 0.8111111111111113 0.678125 0.8111111111111113 0.678125 0.8768518518518521 0.7166666666666667 0.8768518518518521
12 0.8088541666666667 0.3564814814814817 0.75625 0.3564814814814817 0.75625 0.44814814814814835 0.8088541666666667 0.44814814814814835
1 0.6864583333333333 0.23888888888888898 0.6421875 0.23888888888888898 0.6421875 0.3157407407407408 0.6864583333333333 0.3157407407407408
6 0.6817708333333333 0.5703703703703705 0.6359375 0.5703703703703705 0.6359375 0.6509259259259261 0.6817708333333333 0.6509259259259261
2 0.5979166666666667 0.4861111111111113 0.5614583333333333 0.4861111111111113 0.5614583333333333 0.5481481481481484 0.5979166666666667 0.5481481481481484
9 0.5671875 0.7333333333333335 0.5286458333333334 0.7333333333333335 0.5286458333333334 0.7990740740740743 0.5671875 0.7990740740740743
2 0.7026041666666667 0.5157407407407409 0.6666666666666666 0.5157407407407409 0.6666666666666666 0.5768518518518521 0.7026041666666667 0.5768518518518521
9 0.63125 0.7185185185185188 0.5927083333333333 0.7185185185185188 0.5927083333333333 0.7842592592592594 0.63125 0.7842592592592594
5 0.5395833333333333 0.4925925925925928 0.49270833333333336 0.4925925925925928 0.49270833333333336 0.5750000000000002 0.5395833333333333 0.5750000000000002
1 0.8994791666666667 0.5694444444444446 0.8557291666666667 0.5694444444444446 0.8557291666666667 0.6444444444444447 0.8994791666666667 0.6444444444444447
8 0.7 0.34259259259259267 0.6645833333333333 0.34259259259259267 0.6645833333333333 0.4037037037037038 0.7 0.4037037037037038
3 0.5614583333333333 0.43796296296296305 0.5239583333333333 0.43796296296296305 0.5239583333333333 0.5018518518518521 0.5614583333333333 0.5018518518518521
6 0.5526041666666667 0.6074074074074076 0.5057291666666667 0.6074074074074076 0.5057291666666667 0.6888888888888891 0.5526041666666667 0.6888888888888891
11 0.6458333333333334 0.35092592592592603 0.6 0.35092592592592603 0.6 0.43055555555555564 0.6458333333333334 0.43055555555555564
7 0.5895833333333333 0.8407407407407409 0.5421875 0.8407407407407409 0.5421875 0.9231481481481484 0.5895833333333333 0.9231481481481484
4 0.6885416666666667 0.3962962962962964 0.64375 0.3962962962962964 0.64375 0.47407407407407426 0.6885416666666667 0.47407407407407426
11 0.7380208333333333 0.915740740740741 0.6911458333333333 0.915740740740741 0.6911458333333333 0.9907407407407407 0.7380208333333333 0.9907407407407407
8 0.7223958333333333 0.29537037037037045 0.6880208333333333 0.29537037037037045 0.6880208333333333 0.3555555555555557 0.7223958333333333 0.3555555555555557
2 0.4953125 0.4527777777777779 0.4588541666666667 0.4527777777777779 0.4588541666666667 0.5157407407407408 0.4953125 0.5157407407407409
4 0.6265625 0.2462962962962964 0.5807291666666666 0.2462962962962964 0.5807291666666666 0.3250000000000001 0.6265625 0.3250000000000001