7 0.359375 0.37314814814814823 0.3140625 0.37314814814814823 0.3140625 0.450925925925926 0.359375 0.450925925925926
4 0.5244791666666668 0.8870370370370372 0.4760416666666668 0.8870370370370371 0.4760416666666668 0.9685185185185186 0.5244791666666668 0.9685185185185186
7 0.634375 0.20740740740740754 0.5880208333333333 0.2074074074074075 0.5880208333333333 0.2842592592592594 0.634375 0.2842592592592594
1 0.6338541666666667 0.05740740740740754 0.5880208333333333 0.05740740740740754 0.5880208333333333 0.13425925925925938 0.6338541666666667 0.1342592592592594
4 0.7151041666666667 0.7750000000000002 0.6677083333333333 0.7750000000000002 0.6677083333333333 0.8564814814814817 0.7151041666666667 0.8564814814814817
13 0.4864583333333333 0.22407407407407418 0.43020833333333336 0.22407407407407418 0.43020833333333336 0.31666666666666676 0.4864583333333333 0.31666666666666676
3 0.6885416666666667 0.2685185185185186 0.6505208333333333 0.2685185185185186 0.6505208333333333 0.3296296296296297 0.6885416666666667 0.3296296296296297
2 0.4739583333333333 0.662962962962963 0.434375 0.662962962962963 0.434375 0.7277777777777777 0.4739583333333333 0.7277777777777777
1 0.28854166666666664 0.2666666666666668 0.24322916666666666 0.2666666666666668 0.24322916666666666 0.34259259259259267 0.28854166666666664 0.34259259259259267
2 0.6583333333333333 0.5472222222222224 0.6182291666666667 0.5472222222222224 0.6182291666666667 0.6111111111111113 0.6583333333333333 0.6111111111111113
11 0.55 0.10000000000000012 0.5041666666666667 0.1000000000000001 0.5041666666666667 0.17685185185185195 0.55 0.17685185185185195
3 0.509375 0.3675925925925927 0.471875 0.3675925925925927 0.471875 0.42962962962962975 0.509375 0.42962962962962975
2 0.3776041666666667 0.725 0.34010416666666665 0.725 0.34010416666666665 0.7888888888888889 0.3776041666666667 0.7888888888888889
3 0.41510416666666666 0.4287037037037038 0.3770833333333333 0.4287037037037038 0.3770833333333333 0.49074074074074076 0.41510416666666666 0.49074074074074076
9 0.49947916666666664 0.13703703703703715 0.4630208333333333 0.13703703703703715 0.4630208333333333 0.1962962962962964 0.49947916666666664 0.1962962962962964
2 0.5614583333333333 0.6046296296296299 0.5229166666666667 0.6046296296296299 0.5229166666666667 0.6675925925925928 0.5614583333333333 0.6675925925925928
3 0.6026041666666667 0.3157407407407408 0.5640625 0.3157407407407408 0.5640625 0.3787037037037038 0.6026041666666667 0.3787037037037038
5 0.590625 0.08055555555555569 0.5463541666666667 0.08055555555555569 0.5463541666666667 0.15648148148148158 0.590625 0.15648148148148158
6 0.7234375 0.5851851851851854 0.6765625 0.5851851851851854 0.6765625 0.6648148148148151 0.7234375 0.6648148148148151
2 0.7395833333333334 0.48703703703703727 0.7026041666666667 0.48703703703703727 0.7026041666666667 0.5509259259259262 0.7395833333333334 0.5509259259259262
12 0.6083333333333333 0.7453703703703706 0.5515625 0.7453703703703706 0.5515625 0.8435185185185188 0.6083333333333333 0.8435185185185188
6 0.45208333333333334 0.7574074074074074 0.40520833333333334 0.7574074074074074 0.40520833333333334 0.8361111111111111 0.45208333333333334 0.8361111111111111
3 0.3302083333333333 0.49074074074074076 0.2911458333333333 0.49074074074074076 0.2911458333333333 0.5537037037037037 0.3302083333333333 0.5537037037037037
0 0.8098958333333334 0.7120370370370372 0.7614583333333333 0.7120370370370372 0.7614583333333333 0.7953703703703706 0.8098958333333334 0.7953703703703706
11 0.33125 0.23981481481481493 0.2838541666666667 0.23981481481481493 0.2838541666666667 0.3175925925925927 0.33125 0.3175925925925927
9 0.41458333333333336 0.18333333333333343 0.378125 0.18333333333333343 0.378125 0.2425925925925927 0.41458333333333336 0.2425925925925927
5 0.37552083333333336 0.22037037037037044 0.3302083333333333 0.2203703703703704 0.3302083333333333 0.29722222222222233 0.37552083333333336 0.29722222222222233
8 0.5697916666666667 0.8601851851851854 0.5307291666666668 0.8601851851851854 0.5307291666666668 0.926851851851852 0.5697916666666667 0.926851851851852
8 0.6578125 0.8129629629629632 0.61875 0.8129629629629632 0.61875 0.8796296296296299 0.6578125 0.8796296296296299
10 0.7557291666666667 0.7324074074074076 0.7078125 0.7324074074074076 0.7078125 0.815740740740741 0.7557291666666667 0.815740740740741
0 0.4270833333333334 0.9314814814814815 0.3807291666666668 0.9314814814814815 0.3807291666666668 1 0.4270833333333334 1
10 0.48072916666666676 0.9074074074074074 0.4354166666666668 0.9074074074074074 0.4354166666666668 0.9907407407407407 0.48072916666666676 0.9907407407407407