6 0.4536458333333334 0.8055555555555556 0.4078125 0.8055555555555556 0.4078125000000001 0.8796296296296297 0.45364583333333347 0.8796296296296297
4 0.5546875 0.8268518518518521 0.5078125 0.8268518518518521 0.5078125000000001 0.901851851851852 0.5546875 0.901851851851852
11 0.5494791666666666 0.04814814814814826 0.5046875 0.04814814814814825 0.5046875 0.12037037037037047 0.5494791666666666 0.12037037037037047
3 0.3927083333333333 0.7157407407407408 0.3546875 0.7157407407407408 0.3546875 0.775 0.3927083333333333 0.775
0 0.4630208333333333 0.6361111111111111 0.41822916666666665 0.6361111111111111 0.41822916666666665 0.7092592592592593 0.4630208333333333 0.7092592592592593
2 0.7046875 0.08703703703703719 0.6708333333333333 0.08703703703703719 0.6708333333333333 0.14166666666666683 0.7046875 0.14166666666666683
2 0.43072916666666666 0.11759259259259268 0.39427083333333335 0.11759259259259267 0.39427083333333335 0.1740740740740742 0.43072916666666666 0.1740740740740742
9 0.5453125 0.12962962962962973 0.5088541666666667 0.12962962962962973 0.5088541666666667 0.18518518518518529 0.5453125 0.18518518518518529
3 0.3869791666666667 0.8046296296296296 0.35052083333333334 0.8046296296296296 0.3505208333333334 0.8629629629629629 0.38697916666666676 0.8629629629629629
1 0.5927083333333333 0.2212962962962964 0.5484375 0.2212962962962964 0.5484375 0.29074074074074086 0.5927083333333333 0.29074074074074086
7 0.5348958333333333 0.29907407407407416 0.4890625 0.29907407407407416 0.4890625 0.37222222222222234 0.5348958333333333 0.37222222222222234
3 0.615625 0.7555555555555558 0.578125 0.7555555555555558 0.578125 0.8138888888888891 0.615625 0.8138888888888891
7 0.48802083333333335 0.11481481481481493 0.44427083333333334 0.11481481481481493 0.44427083333333334 0.18518518518518529 0.48802083333333335 0.18518518518518529
0 0.5072916666666667 0.7277777777777779 0.46145833333333336 0.7277777777777777 0.46145833333333336 0.8018518518518519 0.5072916666666667 0.801851851851852
2 0.4359375 0.03333333333333342 0.4005208333333333 0.03333333333333342 0.4005208333333333 0.08888888888888898 0.4359375 0.08888888888888899
8 0.5651041666666666 0.6620370370370372 0.5276041666666667 0.6620370370370372 0.5276041666666667 0.7231481481481483 0.5651041666666666 0.7231481481481483
2 0.6479166666666667 0.15370370370370387 0.6135416666666667 0.15370370370370387 0.6135416666666667 0.21111111111111128 0.6479166666666667 0.21111111111111128
5 0.4864583333333333 0.1925925925925927 0.4395833333333333 0.1925925925925927 0.4395833333333333 0.2685185185185186 0.4864583333333333 0.2685185185185186
2 0.6546875 0.07685185185185198 0.6197916666666666 0.07685185185185198 0.6197916666666666 0.1333333333333335 0.6546875 0.1333333333333335
1 0.6036458333333333 0.05462962962962976 0.5578125 0.05462962962962975 0.5578125 0.13333333333333344 0.6036458333333333 0.13333333333333344
4 0.5145833333333333 0.6435185185185186 0.46927083333333336 0.6435185185185185 0.46927083333333336 0.7194444444444446 0.5145833333333333 0.7194444444444447
3 0.6588541666666666 0.8435185185185188 0.621875 0.8435185185185188 0.621875 0.9009259259259261 0.6588541666666666 0.9009259259259261
6 0.5192708333333333 0.5620370370370371 0.4739583333333333 0.562037037037037 0.4739583333333333 0.6361111111111112 0.5192708333333333 0.6361111111111113
13 0.6036458333333333 0.12685185185185197 0.5479166666666667 0.12685185185185197 0.5479166666666667 0.22037037037037047 0.6036458333333333 0.22037037037037047
5 0.5010416666666667 0.03518518518518529 0.4578125 0.03518518518518529 0.4578125 0.10925925925925936 0.5010416666666667 0.10925925925925936
10 0.5604166666666667 0.7407407407407409 0.5171875 0.7407407407407409 0.5171875 0.8185185185185188 0.5604166666666667 0.8185185185185188
11 0.5380208333333333 0.2074074074074075 0.4942708333333333 0.2074074074074075 0.4942708333333333 0.2842592592592594 0.5380208333333333 0.2842592592592594
10 0.5057291666666667 0.8175925925925926 0.4583333333333333 0.8175925925925925 0.45833333333333337 0.8962962962962964 0.5057291666666668 0.8962962962962965
12 0.45625 0.7055555555555556 0.403125 0.7055555555555556 0.403125 0.8018518518518518 0.45625 0.8018518518518518
3 0.6083333333333333 0.8453703703703705 0.5744791666666667 0.8453703703703705 0.5744791666666667 0.901851851851852 0.6083333333333333 0.901851851851852