7 0.4041666666666667 0.2777777777777779 0.3578125 0.2777777777777779 0.3578125 0.35092592592592603 0.4041666666666667 0.35092592592592603
11 0.43385416666666665 0.08518518518518528 0.3880208333333333 0.08518518518518527 0.3880208333333333 0.1601851851851853 0.43385416666666665 0.1601851851851853
6 0.6833333333333333 0.5907407407407409 0.6359375 0.5907407407407409 0.6359375 0.6694444444444446 0.6833333333333333 0.6694444444444446
3 0.5244791666666667 0.3037037037037038 0.48333333333333334 0.3037037037037038 0.48333333333333334 0.37222222222222234 0.5244791666666667 0.37222222222222234
2 0.5583333333333333 0.5620370370370372 0.5192708333333333 0.5620370370370372 0.5192708333333333 0.6259259259259261 0.5583333333333333 0.6259259259259261
7 0.6098958333333333 0.1666666666666668 0.5635416666666667 0.16666666666666677 0.5635416666666667 0.24351851851851863 0.6098958333333333 0.24351851851851863
6 0.46875 0.6925925925925925 0.421875 0.6925925925925925 0.421875 0.7685185185185185 0.46875 0.7685185185185185
3 0.6015625 0.09074074074074087 0.5604166666666667 0.09074074074074087 0.5604166666666667 0.15740740740740752 0.6015625 0.15740740740740752
3 0.39114583333333336 0.1935185185185186 0.3515625 0.19351851851851856 0.3515625 0.2583333333333334 0.39114583333333336 0.2583333333333334
2 0.4817708333333333 0.7851851851851852 0.4432291666666667 0.7851851851851852 0.4432291666666667 0.8472222222222222 0.4817708333333333 0.8472222222222222
4 0.6135416666666667 0.5250000000000002 0.5661458333333333 0.5250000000000002 0.5661458333333333 0.6018518518518521 0.6135416666666667 0.6018518518518521
11 0.5322916666666667 0.0425925925925927 0.4859375 0.042592592592592696 0.4859375 0.11666666666666677 0.5322916666666667 0.11666666666666677
8 0.5416666666666666 0.11851851851851862 0.5046875 0.11851851851851862 0.5046875 0.17962962962962972 0.5416666666666666 0.17962962962962972
1 0.49947916666666664 0.14074074074074083 0.453125 0.14074074074074083 0.453125 0.2175925925925927 0.49947916666666664 0.2175925925925927
5 0.465625 0.32314814814814824 0.4203125 0.32314814814814824 0.4203125 0.39814814814814825 0.465625 0.39814814814814825
8 0.4401041666666667 0.1712962962962964 0.4036458333333333 0.1712962962962964 0.4036458333333333 0.2314814814814816 0.4401041666666667 0.2314814814814816
9 0.5307291666666667 0.7490740740740743 0.49270833333333336 0.7490740740740743 0.49270833333333336 0.8111111111111113 0.5307291666666667 0.8111111111111113
3 0.5583333333333333 0.2000000000000001 0.5203125 0.2000000000000001 0.5203125 0.2666666666666668 0.5583333333333333 0.2666666666666668
10 0.5994791666666667 0.8083333333333336 0.5520833333333334 0.8083333333333336 0.5520833333333334 0.8842592592592595 0.5994791666666667 0.8842592592592595
13 0.5828125 0.6324074074074076 0.5244791666666667 0.6324074074074076 0.5244791666666667 0.7296296296296299 0.5828125 0.7296296296296299
9 0.6401041666666667 0.6981481481481484 0.6020833333333333 0.6981481481481484 0.6020833333333333 0.7601851851851854 0.6401041666666667 0.7601851851851854
2 0.6197916666666666 0.6222222222222225 0.5817708333333333 0.6222222222222225 0.5817708333333333 0.6851851851851853 0.6197916666666666 0.6851851851851853
5 0.575 0.2666666666666668 0.5291666666666667 0.2666666666666668 0.5291666666666667 0.3490740740740742 0.575 0.3490740740740742
1 0.4875 0.059259259259259366 0.440625 0.059259259259259366 0.440625 0.13703703703703715 0.4875 0.13703703703703715
3 0.453125 0.25092592592592605 0.4119791666666667 0.25092592592592605 0.4119791666666667 0.31666666666666676 0.453125 0.31666666666666676
4 0.5114583333333333 0.5685185185185186 0.46458333333333335 0.5685185185185185 0.46458333333333335 0.6500000000000001 0.5114583333333333 0.6500000000000002
2 0.6885416666666667 0.6814814814814817 0.6505208333333333 0.6814814814814817 0.6505208333333333 0.7444444444444447 0.6885416666666667 0.7444444444444447
2 0.5140625 0.6768518518518519 0.47604166666666664 0.6768518518518518 0.47604166666666664 0.7407407407407408 0.5140625 0.7407407407407409
0 0.5541666666666667 0.827777777777778 0.5057291666666667 0.827777777777778 0.5057291666666667 0.9175925925925928 0.5541666666666667 0.9175925925925928
0 0.65625 0.7750000000000002 0.6114583333333333 0.7750000000000002 0.6114583333333333 0.853703703703704 0.65625 0.853703703703704
12 0.5135416666666667 0.20833333333333343 0.4588541666666667 0.20833333333333343 0.4588541666666667 0.30462962962962975 0.5135416666666667 0.30462962962962975
10 0.5921875 0.7222222222222224 0.5458333333333333 0.7222222222222224 0.5458333333333333 0.8000000000000002 0.5921875 0.8000000000000002