6 0.4588541666666667 0.6305555555555555 0.4140625 0.6305555555555555 0.4140625 0.7083333333333334 0.4588541666666667 0.7083333333333334
7 0.63125 0.400925925925926 0.584375 0.400925925925926 0.584375 0.47962962962962985 0.63125 0.47962962962962985
5 0.7901041666666667 0.6398148148148151 0.7458333333333333 0.6398148148148151 0.7458333333333333 0.7175925925925928 0.7901041666666667 0.7175925925925928
9 0.7244791666666667 0.5101851851851854 0.6885416666666667 0.5101851851851854 0.6885416666666667 0.5731481481481484 0.7244791666666667 0.5731481481481484
0 0.4265625 0.5638888888888889 0.3807291666666667 0.5638888888888889 0.3807291666666667 0.6407407407407407 0.4265625 0.6407407407407407
0 0.5526041666666667 0.9379629629629632 0.5098958333333334 0.9379629629629632 0.5098958333333334 1 0.5526041666666667 1
1 0.721875 0.6166666666666669 0.6776041666666667 0.6166666666666669 0.6776041666666667 0.6925925925925928 0.721875 0.6925925925925928
3 0.6890625 0.6703703703703706 0.6520833333333333 0.6703703703703706 0.6520833333333333 0.7324074074074076 0.6890625 0.7324074074074076
7 0.7541666666666667 0.6861111111111113 0.709375 0.6861111111111113 0.709375 0.7629629629629632 0.7541666666666667 0.7629629629629632
13 0.70625 0.4185185185185186 0.6489583333333333 0.4185185185185186 0.6489583333333333 0.5166666666666668 0.70625 0.5166666666666668
3 0.590625 0.4527777777777779 0.5541666666666667 0.4527777777777779 0.5541666666666667 0.5138888888888891 0.590625 0.5138888888888891
9 0.6630208333333333 0.3611111111111112 0.6255208333333333 0.3611111111111112 0.6255208333333333 0.4250000000000001 0.6630208333333333 0.4250000000000001
10 0.490625 0.6981481481481483 0.4453125 0.6981481481481482 0.4453125 0.7750000000000001 0.490625 0.7750000000000002
11 0.6953125 0.5509259259259262 0.65 0.5509259259259262 0.65 0.627777777777778 0.6953125 0.627777777777778
4 0.3927083333333333 0.6064814814814815 0.34791666666666665 0.6064814814814815 0.34791666666666665 0.6824074074074075 0.3927083333333333 0.6824074074074075
3 0.625 0.5259259259259261 0.5880208333333333 0.5259259259259261 0.5880208333333333 0.5879629629629631 0.625 0.5879629629629631
2 0.48489583333333336 0.5925925925925927 0.44895833333333335 0.5925925925925926 0.44895833333333335 0.6527777777777779 0.48489583333333336 0.652777777777778
4 0.5213541666666668 0.875925925925926 0.47864583333333344 0.8759259259259259 0.47864583333333344 0.9462962962962964 0.5213541666666668 0.9462962962962965
6 0.5552083333333333 0.8351851851851854 0.5119791666666667 0.8351851851851854 0.5119791666666668 0.9074074074074077 0.5552083333333333 0.9074074074074077
2 0.5838541666666667 0.801851851851852 0.5484375 0.801851851851852 0.5484375 0.8611111111111113 0.5838541666666667 0.8611111111111113
3 0.5583333333333333 0.38240740740740753 0.5208333333333334 0.38240740740740753 0.5208333333333334 0.44537037037037047 0.5583333333333333 0.44537037037037047
2 0.5208333333333334 0.6638888888888891 0.484375 0.6638888888888891 0.484375 0.7250000000000002 0.5208333333333334 0.7250000000000002
12 0.45989583333333334 0.7277777777777777 0.40625 0.7277777777777777 0.40625 0.8194444444444444 0.45989583333333334 0.8194444444444444
5 0.6317708333333333 0.275925925925926 0.5838541666666667 0.275925925925926 0.5838541666666667 0.3574074074074075 0.6317708333333333 0.3574074074074075
3 0.6526041666666667 0.5981481481481483 0.615625 0.5981481481481483 0.615625 0.6601851851851854 0.6526041666666667 0.6601851851851854
8 0.41875 0.6814814814814815 0.38333333333333336 0.6814814814814815 0.38333333333333336 0.7398148148148148 0.41875 0.7398148148148148
2 0.5515625 0.7407407407407409 0.5166666666666667 0.7407407407407409 0.5166666666666667 0.7981481481481484 0.5515625 0.7981481481481484
1 0.6625 0.47407407407407426 0.6166666666666667 0.47407407407407426 0.6166666666666667 0.552777777777778 0.6625 0.552777777777778
11 0.7609375 0.5694444444444446 0.7151041666666667 0.5694444444444446 0.7151041666666667 0.6490740740740742 0.7609375 0.6490740740740742
10 0.5203125 0.7685185185185186 0.47604166666666664 0.7685185185185185 0.47604166666666664 0.8425925925925927 0.5203125 0.8425925925925928
2 0.45416666666666666 0.5194444444444445 0.41822916666666665 0.5194444444444445 0.41822916666666665 0.5796296296296296 0.45416666666666666 0.5796296296296296
8 0.4833333333333334 0.8111111111111111 0.45 0.8111111111111111 0.45000000000000007 0.8675925925925926 0.48333333333333345 0.8675925925925926