4 0.3380208333333333 0.6546296296296297 0.28125 0.6546296296296297 0.28125 0.7490740740740741 0.3380208333333333 0.7490740740740741
5 0.540625 0.03796296296296307 0.48385416666666664 0.037962962962963066 0.48385416666666664 0.12407407407407418 0.540625 0.12407407407407418
7 0.590625 0.08240740740740753 0.5348958333333333 0.08240740740740751 0.5348958333333333 0.17592592592592604 0.590625 0.17592592592592604
0 0.29635416666666664 0.6083333333333333 0.2369791666666667 0.6083333333333333 0.2369791666666667 0.7074074074074074 0.29635416666666664 0.7074074074074074
5 0.734375 0.2481481481481483 0.675 0.24814814814814826 0.675 0.3481481481481483 0.734375 0.3481481481481484
2 0.30416666666666664 0.35833333333333345 0.26197916666666665 0.35833333333333345 0.26197916666666665 0.4287037037037038 0.30416666666666664 0.4287037037037038
2 0.6307291666666667 0.7342592592592595 0.5864583333333333 0.7342592592592595 0.5864583333333333 0.8074074074074076 0.6307291666666667 0.8074074074074076
3 0.4125 0.18703703703703714 0.3645833333333333 0.18703703703703714 0.3645833333333333 0.2666666666666668 0.4125 0.2666666666666668
2 0.346875 0.4064814814814816 0.303125 0.4064814814814816 0.303125 0.4787037037037037 0.346875 0.4787037037037037
1 0.4890625 0.03425925925925936 0.4354166666666667 0.03425925925925935 0.4354166666666667 0.06851851851851862 0.4890625 0.06851851851851862
4 0.5234375000000001 0.8787037037037038 0.46927083333333347 0.8787037037037037 0.46927083333333347 0.9685185185185186 0.5234375000000001 0.9685185185185186
12 0.478125 0.6277777777777778 0.4125 0.6277777777777778 0.4125 0.737037037037037 0.478125 0.737037037037037
10 0.2515625000000001 0.5453703703703704 0.19322916666666673 0.5453703703703704 0.19322916666666673 0.6444444444444445 0.2515625000000001 0.6444444444444445
10 0.6109375 0.9787037037037037 0.5583333333333333 0.9787037037037037 0.5583333333333333 1 0.6109375 1
13 0.5979166666666667 0.263888888888889 0.5291666666666667 0.263888888888889 0.5291666666666667 0.37962962962962976 0.5979166666666667 0.37962962962962976
8 0.42291666666666666 0.5898148148148148 0.3776041666666667 0.5898148148148148 0.3776041666666667 0.6666666666666666 0.42291666666666666 0.6666666666666666
9 0.5354166666666667 0.2287037037037038 0.4895833333333333 0.2287037037037038 0.4895833333333333 0.3037037037037038 0.5354166666666667 0.3037037037037038
0 0.5661458333333333 0.9287037037037039 0.5130208333333335 0.9287037037037039 0.5130208333333335 1 0.5661458333333333 1
2 0.6729166666666667 0.7953703703703706 0.6322916666666667 0.7953703703703706 0.6322916666666667 0.864814814814815 0.6729166666666667 0.864814814814815
1 0.7776041666666667 0.31018518518518534 0.7208333333333333 0.3101851851851853 0.7208333333333333 0.4046296296296298 0.7776041666666667 0.40462962962962984
3 0.36302083333333335 0.1296296296296297 0.31614583333333335 0.12962962962962968 0.31614583333333335 0.20925925925925934 0.36302083333333335 0.20925925925925937
3 0.7510416666666667 0.5759259259259262 0.7020833333333333 0.5759259259259262 0.7020833333333333 0.6583333333333335 0.7510416666666667 0.6583333333333335
2 0.4630208333333333 0.4462962962962964 0.4171875 0.4462962962962964 0.4171875 0.5231481481481481 0.4630208333333333 0.5231481481481481
7 0.6765625 0.19537037037037053 0.6208333333333333 0.19537037037037053 0.6208333333333333 0.2879629629629631 0.6765625 0.2879629629629631
6 0.47395833333333337 0.8185185185185185 0.4197916666666667 0.8185185185185185 0.41979166666666673 0.9083333333333333 0.4739583333333334 0.9083333333333333
6 0.38385416666666666 0.7157407407407408 0.32916666666666666 0.7157407407407408 0.32916666666666666 0.8064814814814815 0.38385416666666666 0.8064814814814815
11 0.8213541666666667 0.3675925925925928 0.765625 0.3675925925925928 0.765625 0.4611111111111113 0.8213541666666667 0.4611111111111113
8 0.5177083333333333 0.7055555555555557 0.4744791666666667 0.7055555555555556 0.4744791666666667 0.7768518518518519 0.5177083333333333 0.776851851851852
3 0.7057291666666666 0.5305555555555558 0.6578125 0.5305555555555558 0.6578125 0.6120370370370373 0.7057291666666666 0.6120370370370373
9 0.6364583333333333 0.3361111111111112 0.590625 0.3361111111111112 0.590625 0.41574074074074086 0.6364583333333333 0.41574074074074086
3 0.5802083333333333 0.49166666666666686 0.5359375 0.49166666666666686 0.5359375 0.564814814814815 0.5802083333333333 0.564814814814815