12 0.7338541666666667 0.752777777777778 0.6697916666666667 0.752777777777778 0.6697916666666667 0.8620370370370373 0.7338541666666667 0.8620370370370373
4 0.5140625 0.5314814814814816 0.4583333333333333 0.5314814814814814 0.4583333333333333 0.6277777777777779 0.5140625 0.627777777777778
4 0.590625 0.8351851851851854 0.5375 0.8351851851851854 0.5375 0.9287037037037039 0.590625 0.9287037037037039
10 0.7109375 0.6425925925925928 0.6604166666666667 0.6425925925925928 0.6604166666666667 0.728703703703704 0.7109375 0.728703703703704
6 0.6182291666666667 0.752777777777778 0.5645833333333333 0.752777777777778 0.5645833333333333 0.8462962962962965 0.6182291666666667 0.8462962962962965
8 0.6416666666666667 0.6805555555555558 0.5973958333333333 0.6805555555555558 0.5973958333333333 0.7564814814814816 0.6416666666666667 0.7564814814814816
3 0.5859375 0.2981481481481483 0.5432291666666667 0.2981481481481483 0.5432291666666667 0.37222222222222234 0.5859375 0.37222222222222234
0 0.6953125 0.5092592592592595 0.6427083333333333 0.5092592592592595 0.6427083333333333 0.6009259259259261 0.6953125 0.6009259259259261
7 0.39427083333333335 0.7231481481481481 0.3359375 0.7231481481481481 0.3359375 0.8222222222222222 0.39427083333333335 0.8222222222222222
2 0.5010416666666667 0.7583333333333334 0.45625 0.7583333333333333 0.45625 0.8342592592592594 0.5010416666666667 0.8342592592592595
3 0.5598958333333334 0.3750000000000001 0.5171875 0.3750000000000001 0.5171875 0.44814814814814824 0.5598958333333334 0.44814814814814824
5 0.5026041666666666 0.3990740740740742 0.44427083333333334 0.3990740740740742 0.44427083333333334 0.49907407407407417 0.5026041666666666 0.4990740740740743
11 0.74375 0.3481481481481483 0.690625 0.34814814814814826 0.690625 0.4416666666666668 0.74375 0.4416666666666669
2 0.37083333333333335 0.6148148148148148 0.328125 0.6148148148148148 0.328125 0.6861111111111111 0.37083333333333335 0.6861111111111111
3 0.4666666666666667 0.49722222222222223 0.42291666666666666 0.49722222222222223 0.42291666666666666 0.5703703703703704 0.4666666666666667 0.5703703703703704
8 0.7510416666666667 0.6935185185185188 0.709375 0.6935185185185188 0.709375 0.7638888888888891 0.7510416666666667 0.7638888888888891
1 0.7713541666666667 0.6092592592592595 0.7197916666666667 0.6092592592592595 0.7197916666666667 0.6981481481481484 0.7713541666666667 0.6981481481481484
6 0.6427083333333333 0.1166666666666668 0.584375 0.1166666666666668 0.584375 0.2129629629629631 0.6427083333333333 0.21296296296296313
7 0.6994791666666667 0.8425925925925928 0.6489583333333333 0.8425925925925928 0.6489583333333333 0.9287037037037039 0.6994791666666667 0.9287037037037039
0 0.42864583333333334 0.4351851851851853 0.3723958333333333 0.4351851851851853 0.3723958333333333 0.5305555555555556 0.42864583333333334 0.5305555555555556
3 0.459375 0.7092592592592593 0.415625 0.7092592592592593 0.415625 0.7796296296296297 0.459375 0.7796296296296297
5 0.35520833333333335 0.47685185185185186 0.29791666666666666 0.47685185185185186 0.29791666666666666 0.5722222222222222 0.35520833333333335 0.5722222222222222
9 0.37604166666666666 0.4027777777777779 0.3333333333333333 0.4027777777777779 0.3333333333333333 0.475 0.37604166666666666 0.475
10 0.3703125 0.2675925925925927 0.31875 0.2675925925925927 0.31875 0.35462962962962974 0.3703125 0.35462962962962974
2 0.5234375 0.12314814814814826 0.48072916666666665 0.12314814814814826 0.48072916666666665 0.1962962962962964 0.5234375 0.1962962962962964
9 0.40572916666666664 0.3277777777777779 0.36302083333333335 0.3277777777777779 0.36302083333333335 0.4000000000000001 0.40572916666666664 0.4000000000000001
2 0.49947916666666664 0.20833333333333343 0.45677083333333335 0.20833333333333343 0.45677083333333335 0.2814814814814816 0.49947916666666664 0.2814814814814816
1 0.48072916666666665 0.28055555555555567 0.4265625 0.28055555555555567 0.4265625 0.37037037037037046 0.48072916666666665 0.37037037037037046
13 0.440625 0.2212962962962964 0.3765625 0.2212962962962964 0.3765625 0.3314814814814816 0.440625 0.3314814814814816
11 0.6703125 0.5962962962962965 0.615625 0.5962962962962965 0.615625 0.6861111111111113 0.6703125 0.6861111111111113
2 0.6072916666666667 0.4287037037037038 0.5619791666666667 0.4287037037037038 0.5619791666666667 0.5046296296296299 0.6072916666666667 0.5046296296296299
3 0.5854166666666667 0.5074074074074076 0.5401041666666667 0.5074074074074076 0.5401041666666667 0.5833333333333336 0.5854166666666667 0.5833333333333336