4 0.6973958333333333 0.5148148148148151 0.6552083333333333 0.5148148148148151 0.6552083333333333 0.5888888888888891 0.6973958333333333 0.5888888888888891
12 0.6848958333333334 0.325925925925926 0.6338541666666667 0.325925925925926 0.6338541666666667 0.413888888888889 0.6848958333333334 0.413888888888889
7 0.4328125 0.687037037037037 0.38958333333333334 0.687037037037037 0.38958333333333334 0.7592592592592593 0.4328125 0.7592592592592593
5 0.3614583333333333 0.26481481481481495 0.32135416666666666 0.26481481481481495 0.32135416666666666 0.3333333333333334 0.3614583333333333 0.3333333333333334
1 0.4265625 0.5916666666666667 0.3854166666666667 0.5916666666666667 0.3854166666666667 0.6638888888888889 0.4265625 0.6638888888888889
10 0.6473958333333333 0.43703703703703717 0.6052083333333333 0.43703703703703717 0.6052083333333333 0.5111111111111113 0.6473958333333333 0.5111111111111113
7 0.4083333333333333 0.33703703703703713 0.3671875 0.33703703703703713 0.3671875 0.40833333333333344 0.4083333333333333 0.40833333333333344
13 0.3723958333333333 0.4287037037037038 0.321875 0.4287037037037038 0.321875 0.5166666666666667 0.3723958333333333 0.5166666666666667
10 0.6375 0.3537037037037038 0.5953125 0.3537037037037038 0.5953125 0.426851851851852 0.6375 0.426851851851852
5 0.3848958333333333 0.7 0.34270833333333334 0.7 0.34270833333333334 0.774074074074074 0.3848958333333333 0.774074074074074
1 0.41510416666666666 0.42037037037037045 0.3734375 0.42037037037037045 0.3734375 0.4935185185185185 0.41510416666666666 0.4935185185185185
0 0.6229166666666667 0.1953703703703705 0.58125 0.19537037037037047 0.58125 0.2666666666666668 0.6229166666666667 0.2666666666666668
0 0.7041666666666667 0.602777777777778 0.6614583333333334 0.602777777777778 0.6614583333333334 0.676851851851852 0.7041666666666667 0.676851851851852
6 0.6291666666666667 0.2750000000000001 0.5880208333333333 0.2750000000000001 0.5880208333333333 0.3453703703703705 0.6291666666666667 0.3453703703703705
2 0.571875 0.20925925925925937 0.5395833333333333 0.20925925925925937 0.5395833333333333 0.263888888888889 0.571875 0.263888888888889
3 0.446875 0.32870370370370383 0.41458333333333336 0.32870370370370383 0.41458333333333336 0.38425925925925936 0.446875 0.38425925925925936
8 0.6817708333333333 0.42962962962962975 0.65 0.42962962962962975 0.65 0.48703703703703727 0.6817708333333333 0.48703703703703727
3 0.465625 0.5935185185185186 0.43125 0.5935185185185186 0.43125 0.6518518518518519 0.465625 0.6518518518518519
4 0.6661458333333333 0.18055555555555572 0.625 0.18055555555555572 0.625 0.25092592592592605 0.6661458333333333 0.25092592592592605
11 0.42083333333333334 0.5101851851851852 0.37864583333333335 0.5101851851851852 0.37864583333333335 0.5833333333333334 0.42083333333333334 0.5833333333333334
11 0.37864583333333335 0.6083333333333333 0.33645833333333336 0.6083333333333333 0.33645833333333336 0.6814814814814815 0.37864583333333335 0.6814814814814815
2 0.58125 0.2898148148148149 0.5489583333333333 0.2898148148148149 0.5489583333333333 0.3453703703703705 0.58125 0.3453703703703705
6 0.6520833333333333 0.5296296296296299 0.6104166666666667 0.5296296296296299 0.6104166666666667 0.603703703703704 0.6520833333333333 0.603703703703704
9 0.37083333333333335 0.5296296296296297 0.3390625 0.5296296296296297 0.3390625 0.587037037037037 0.37083333333333335 0.587037037037037
2 0.6041666666666666 0.5509259259259262 0.5697916666666667 0.5509259259259262 0.5697916666666667 0.6101851851851854 0.6041666666666666 0.6101851851851854
9 0.36041666666666666 0.3592592592592594 0.328125 0.3592592592592594 0.328125 0.41574074074074086 0.36041666666666666 0.41574074074074086
3 0.46145833333333336 0.4981481481481482 0.42864583333333334 0.4981481481481482 0.42864583333333334 0.5555555555555556 0.46145833333333336 0.5555555555555556
2 0.5880208333333333 0.3777777777777779 0.5552083333333333 0.3777777777777779 0.5552083333333333 0.43333333333333346 0.5880208333333333 0.43333333333333346
3 0.44375 0.24907407407407417 0.4109375 0.24907407407407417 0.4109375 0.3037037037037038 0.44375 0.3037037037037038
3 0.45208333333333334 0.41574074074074086 0.41822916666666665 0.41574074074074086 0.41822916666666665 0.4740740740740741 0.45208333333333334 0.4740740740740741
2 0.5984375 0.4666666666666668 0.565625 0.4666666666666668 0.565625 0.5240740740740742 0.5984375 0.5240740740740742
8 0.6692708333333334 0.26574074074074083 0.6375 0.26574074074074083 0.6375 0.32222222222222235 0.6692708333333334 0.32222222222222235