2 0.5411458333333333 0.2750000000000001 0.515625 0.2750000000000001 0.515625 0.32222222222222235 0.5411458333333333 0.32222222222222235
0 0.6276041666666666 0.1842592592592594 0.5953125 0.18425925925925937 0.5953125 0.24166666666666678 0.6276041666666666 0.24166666666666678
2 0.5510416666666667 0.540740740740741 0.5239583333333333 0.540740740740741 0.5239583333333333 0.589814814814815 0.5510416666666667 0.589814814814815
2 0.5463541666666667 0.4490740740740742 0.5203125 0.4490740740740742 0.5203125 0.49537037037037057 0.5463541666666667 0.49537037037037057
5 0.3234375 0.21296296296296302 0.2921875 0.21296296296296302 0.2921875 0.2712962962962964 0.3234375 0.2712962962962964
13 0.32864583333333336 0.45370370370370383 0.2875 0.45370370370370383 0.2875 0.5287037037037037 0.32864583333333336 0.5287037037037037
3 0.4114583333333333 0.5537037037037037 0.384375 0.5537037037037037 0.384375 0.6018518518518519 0.4114583333333333 0.6018518518518519
2 0.5463541666666667 0.3574074074074075 0.5203125 0.3574074074074075 0.5203125 0.40462962962962973 0.5463541666666667 0.40462962962962973
11 0.3697916666666667 0.3712962962962964 0.33697916666666666 0.3712962962962964 0.33697916666666666 0.42962962962962975 0.3697916666666667 0.42962962962962975
11 0.32395833333333335 0.2962962962962964 0.2921875 0.2962962962962964 0.2921875 0.3537037037037038 0.32395833333333335 0.3537037037037038
7 0.37083333333333335 0.5472222222222223 0.3375 0.5472222222222223 0.3375 0.6083333333333333 0.37083333333333335 0.6083333333333333
10 0.5963541666666666 0.4407407407407408 0.5625 0.4407407407407408 0.5625 0.5018518518518521 0.5963541666666666 0.5018518518518521
12 0.6447916666666667 0.4361111111111112 0.6046875 0.4361111111111112 0.6046875 0.5111111111111113 0.6447916666666667 0.5111111111111113
6 0.5979166666666667 0.526851851851852 0.5651041666666666 0.526851851851852 0.5651041666666666 0.5879629629629631 0.5979166666666667 0.5879629629629631
9 0.3229166666666667 0.5574074074074075 0.29635416666666664 0.5574074074074075 0.29635416666666664 0.6055555555555555 0.3229166666666667 0.6055555555555555
8 0.6416666666666667 0.5333333333333335 0.615625 0.5333333333333335 0.615625 0.5824074074074076 0.6416666666666667 0.5824074074074076
7 0.36875 0.20833333333333343 0.3359375 0.2083333333333334 0.3359375 0.26574074074074083 0.36875 0.26574074074074083
4 0.6328125 0.26481481481481495 0.5994791666666667 0.26481481481481495 0.5994791666666667 0.32314814814814824 0.6328125 0.32314814814814824
9 0.3234375 0.3833333333333334 0.296875 0.3833333333333334 0.296875 0.4314814814814816 0.3234375 0.4314814814814816
5 0.32916666666666666 0.6462962962962963 0.2953125 0.6462962962962963 0.2953125 0.7064814814814815 0.32916666666666666 0.7064814814814815
4 0.6484375 0.6129629629629632 0.615625 0.6129629629629632 0.615625 0.6740740740740743 0.6484375 0.6740740740740743
0 0.6020833333333333 0.6138888888888892 0.56875 0.6138888888888892 0.56875 0.6740740740740743 0.6020833333333333 0.6740740740740743
1 0.3703125 0.4601851851851853 0.33697916666666666 0.4601851851851853 0.33697916666666666 0.5212962962962963 0.3703125 0.5212962962962963
3 0.4083333333333333 0.46203703703703713 0.38229166666666664 0.46203703703703713 0.38229166666666664 0.5101851851851852 0.4083333333333333 0.5101851851851852
2 0.5505208333333333 0.6324074074074076 0.5239583333333333 0.6324074074074076 0.5239583333333333 0.6805555555555558 0.5505208333333333 0.6805555555555558
3 0.40677083333333336 0.2879629629629631 0.38125 0.2879629629629631 0.38125 0.33425925925925937 0.40677083333333336 0.33425925925925937
10 0.5947916666666667 0.3537037037037038 0.5619791666666667 0.3537037037037038 0.5619791666666667 0.4148148148148149 0.5947916666666667 0.4148148148148149
1 0.3697916666666667 0.2935185185185186 0.3375 0.2935185185185186 0.3375 0.35185185185185197 0.3697916666666667 0.35185185185185197
3 0.4109375 0.3787037037037038 0.3848958333333333 0.3787037037037038 0.3848958333333333 0.42592592592592604 0.4109375 0.42592592592592604
3 0.4140625 0.6398148148148148 0.3875 0.6398148148148148 0.3875 0.6888888888888889 0.4140625 0.6888888888888889
6 0.5885416666666666 0.2666666666666668 0.5557291666666667 0.2666666666666668 0.5557291666666667 0.325925925925926 0.5885416666666666 0.325925925925926
8 0.6317708333333333 0.36203703703703716 0.6057291666666667 0.36203703703703716 0.6057291666666667 0.4092592592592594 0.6317708333333333 0.4092592592592594