7 0.5088541666666667 0.2925925925925927 0.46927083333333336 0.2925925925925927 0.46927083333333336 0.35277777777777786 0.5088541666666667 0.35277777777777786
9 0.49895833333333334 0.12407407407407418 0.46875 0.12407407407407418 0.46875 0.17037037037037048 0.49895833333333334 0.17037037037037048
13 0.45729166666666665 0.1212962962962964 0.41041666666666665 0.1212962962962964 0.41041666666666665 0.1925925925925927 0.45729166666666665 0.1925925925925927
2 0.6104166666666667 0.13611111111111124 0.5796875 0.1361111111111112 0.5796875 0.1814814814814816 0.6104166666666667 0.18148148148148163
2 0.34270833333333334 0.050925925925926 0.31354166666666666 0.05092592592592599 0.31354166666666666 0.09629629629629638 0.34270833333333334 0.09629629629629638
4 0.4536458333333334 0.8148148148148148 0.41510416666666666 0.8148148148148148 0.4151041666666667 0.875 0.45364583333333347 0.875
7 0.5614583333333333 0.12222222222222233 0.5234375 0.12222222222222233 0.5234375 0.18240740740740752 0.5614583333333333 0.18240740740740752
3 0.39166666666666666 0.7287037037037037 0.36041666666666666 0.7287037037037037 0.36041666666666666 0.7777777777777778 0.39166666666666666 0.7777777777777778
3 0.6145833333333334 0.8231481481481484 0.584375 0.8231481481481484 0.584375 0.8712962962962965 0.6145833333333334 0.8712962962962965
0 0.5083333333333333 0.7259259259259261 0.46875 0.725925925925926 0.46875 0.7879629629629631 0.5083333333333333 0.7879629629629632
6 0.559375 0.8129629629629632 0.5203125 0.8129629629629632 0.5203125000000001 0.8731481481481483 0.559375 0.8731481481481483
1 0.4546875 0.0462962962962964 0.4171875 0.04629629629629639 0.4171875 0.10555555555555565 0.4546875 0.10555555555555567
3 0.34322916666666664 0.8083333333333333 0.31302083333333336 0.8083333333333333 0.31302083333333336 0.8574074074074074 0.34322916666666664 0.8574074074074074
8 0.4473958333333333 0.6481481481481481 0.415625 0.6481481481481481 0.415625 0.6981481481481482 0.4473958333333333 0.6981481481481482
1 0.4557291666666667 0.2037037037037038 0.4171875 0.2037037037037038 0.4171875 0.26296296296296306 0.4557291666666667 0.26296296296296306
3 0.6151041666666667 0.7333333333333335 0.5838541666666667 0.7333333333333335 0.5838541666666667 0.7833333333333335 0.6151041666666667 0.7833333333333335
5 0.5578125 0.04259259259259271 0.5197916666666667 0.04259259259259271 0.5197916666666667 0.1027777777777779 0.5578125 0.10277777777777791
2 0.3963541666666667 0.12962962962962973 0.36614583333333334 0.12962962962962973 0.36614583333333334 0.17592592592592604 0.3963541666666667 0.17592592592592604
6 0.5036458333333333 0.5564814814814816 0.46510416666666665 0.5564814814814815 0.46510416666666665 0.6185185185185186 0.5036458333333333 0.6185185185185187
2 0.6109375 0.046296296296296426 0.5807291666666666 0.046296296296296426 0.5807291666666666 0.0990740740740742 0.6109375 0.0990740740740742
11 0.5088541666666667 0.20833333333333343 0.4703125 0.20833333333333343 0.4703125 0.26944444444444454 0.5088541666666667 0.26944444444444454
2 0.39114583333333336 0.05000000000000008 0.3614583333333333 0.05000000000000008 0.3614583333333333 0.09629629629629638 0.39114583333333336 0.09629629629629638
11 0.5067708333333333 0.04351851851851862 0.46875 0.04351851851851862 0.46875 0.10370370370370381 0.5067708333333333 0.10370370370370381
0 0.559375 0.6388888888888891 0.5161458333333333 0.6388888888888891 0.5161458333333333 0.7037037037037039 0.559375 0.7037037037037039
10 0.5046875000000001 0.8157407407407409 0.4666666666666667 0.8157407407407408 0.46666666666666673 0.8824074074074075 0.5046875000000001 0.8824074074074076
4 0.503125 0.6351851851851853 0.46510416666666665 0.6351851851851852 0.46510416666666665 0.7046296296296297 0.503125 0.7046296296296298
10 0.4510416666666667 0.725925925925926 0.41510416666666666 0.725925925925926 0.41510416666666666 0.7962962962962963 0.4510416666666667 0.7962962962962963
3 0.3921875000000001 0.8175925925925925 0.3609375 0.8175925925925925 0.3609375000000001 0.8694444444444445 0.39218750000000013 0.8694444444444445
5 0.5572916666666666 0.19722222222222233 0.51875 0.19722222222222233 0.51875 0.2675925925925927 0.5572916666666666 0.2675925925925927
12 0.5661458333333333 0.7157407407407409 0.5208333333333334 0.7157407407407409 0.5208333333333334 0.7935185185185187 0.5661458333333333 0.7935185185185187