7 0.38125 0.2583333333333334 0.3453125 0.2583333333333334 0.3453125 0.31296296296296305 0.38125 0.31296296296296305
4 0.43281250000000004 0.8222222222222222 0.3932291666666667 0.8222222222222222 0.39322916666666674 0.8796296296296297 0.4328125000000001 0.8796296296296297
7 0.6796875 0.24722222222222232 0.6427083333333333 0.24722222222222232 0.6427083333333333 0.30092592592592604 0.6796875 0.30092592592592604
1 0.7109375 0.10740740740740756 0.6739583333333333 0.10740740740740756 0.6739583333333333 0.16018518518518535 0.7109375 0.16018518518518535
4 0.6380208333333334 0.8175925925925928 0.6005208333333333 0.8175925925925928 0.6005208333333333 0.8759259259259261 0.6380208333333334 0.8759259259259261
13 0.5317708333333333 0.18518518518518529 0.4869791666666667 0.18518518518518529 0.4869791666666667 0.24907407407407417 0.5317708333333333 0.24907407407407417
3 0.7213541666666666 0.3333333333333334 0.690625 0.3333333333333334 0.690625 0.37592592592592605 0.7213541666666666 0.37592592592592605
2 0.4328125 0.5879629629629629 0.4010416666666667 0.5879629629629629 0.4010416666666667 0.6324074074074074 0.4328125 0.6324074074074074
1 0.3359375 0.1231481481481482 0.2994791666666667 0.1231481481481482 0.2994791666666667 0.17500000000000004 0.3359375 0.17500000000000004
2 0.6338541666666667 0.5768518518518521 0.6010416666666667 0.5768518518518521 0.6010416666666667 0.6194444444444447 0.6338541666666667 0.6194444444444447
11 0.6208333333333333 0.10277777777777791 0.584375 0.10277777777777791 0.584375 0.1564814814814816 0.6208333333333333 0.15648148148148164
3 0.5291666666666667 0.3314814814814816 0.49895833333333334 0.3314814814814816 0.49895833333333334 0.3750000000000001 0.5291666666666667 0.3750000000000001
2 0.32760416666666664 0.5962962962962963 0.29791666666666666 0.5962962962962963 0.29791666666666666 0.6407407407407407 0.32760416666666664 0.6407407407407407
3 0.42552083333333335 0.3398148148148149 0.39479166666666665 0.3398148148148149 0.39479166666666665 0.38240740740740753 0.42552083333333335 0.38240740740740753
9 0.5682291666666667 0.11296296296296308 0.5380208333333333 0.11296296296296307 0.5380208333333333 0.15277777777777787 0.5682291666666667 0.15277777777777787
2 0.5286458333333334 0.5796296296296298 0.4979166666666667 0.5796296296296298 0.4979166666666667 0.6231481481481483 0.5286458333333334 0.6231481481481483
3 0.6291666666666667 0.3333333333333334 0.5979166666666667 0.3333333333333334 0.5979166666666667 0.37592592592592605 0.6291666666666667 0.37592592592592605
5 0.6645833333333333 0.10740740740740753 0.6291666666666667 0.10740740740740753 0.6291666666666667 0.16018518518518535 0.6645833333333333 0.16018518518518535
6 0.6859375 0.6453703703703706 0.6489583333333333 0.6453703703703706 0.6489583333333333 0.7009259259259262 0.6859375 0.7009259259259262
2 0.7244791666666667 0.5638888888888891 0.6947916666666667 0.5638888888888891 0.6947916666666667 0.6074074074074076 0.7244791666666667 0.6074074074074076
12 0.5390625 0.7342592592592595 0.4947916666666667 0.7342592592592595 0.4947916666666667 0.802777777777778 0.5390625 0.802777777777778
6 0.390625 0.6648148148148149 0.353125 0.6648148148148149 0.353125 0.7185185185185186 0.390625 0.7185185185185186
3 0.33125 0.35277777777777786 0.2994791666666667 0.35277777777777786 0.2994791666666667 0.3953703703703705 0.33125 0.3953703703703705
0 0.7416666666666667 0.8092592592592595 0.7036458333333333 0.8092592592592595 0.7036458333333333 0.8666666666666669 0.7416666666666667 0.8666666666666669
11 0.38229166666666664 0.11851851851851859 0.34479166666666666 0.11851851851851856 0.34479166666666666 0.17407407407407416 0.38229166666666664 0.1740740740740742
9 0.4765625 0.11111111111111122 0.4479166666666667 0.11111111111111122 0.4479166666666667 0.15185185185185196 0.4765625 0.15185185185185196
5 0.42864583333333334 0.12407407407407418 0.3927083333333333 0.12407407407407418 0.3927083333333333 0.1787037037037038 0.42864583333333334 0.1787037037037038
8 0.48281250000000003 0.8222222222222222 0.45260416666666664 0.8222222222222222 0.45260416666666675 0.8694444444444445 0.48281250000000014 0.8694444444444445
8 0.5776041666666667 0.8240740740740743 0.546875 0.8240740740740743 0.546875 0.8712962962962965 0.5776041666666667 0.8712962962962965
10 0.6854166666666667 0.7990740740740743 0.6484375 0.7990740740740743 0.6484375 0.8592592592592595 0.6854166666666667 0.8592592592592595
0 0.32812500000000006 0.812037037037037 0.29322916666666665 0.812037037037037 0.2932291666666667 0.8759259259259259 0.3281250000000001 0.8759259259259259
10 0.3848958333333334 0.8185185185185185 0.35052083333333334 0.8185185185185185 0.3505208333333334 0.8796296296296297 0.38489583333333344 0.8796296296296297