11 0.5515625 0.7879629629629632 0.5026041666666666 0.7879629629629632 0.5026041666666667 0.8824074074074076 0.5515625 0.8824074074074076
12 0.43072916666666666 0.37592592592592605 0.37083333333333335 0.37592592592592605 0.37083333333333335 0.4925925925925926 0.43072916666666666 0.4925925925925926
3 0.63125 0.17685185185185198 0.5927083333333333 0.17685185185185195 0.5927083333333333 0.25185185185185194 0.63125 0.25185185185185194
6 0.6130208333333333 0.5018518518518521 0.5671875 0.5018518518518521 0.5671875 0.5916666666666669 0.6130208333333333 0.5916666666666669
0 0.4786458333333333 0.2712962962962964 0.4296875 0.2712962962962964 0.4296875 0.3675925925925927 0.4786458333333333 0.3675925925925927
2 0.49375 0.07407407407407418 0.4552083333333333 0.07407407407407418 0.4552083333333333 0.1500000000000001 0.49375 0.1500000000000001
2 0.6796875 0.46759259259259267 0.6411458333333333 0.46759259259259267 0.6411458333333333 0.5388888888888891 0.6796875 0.5388888888888891
7 0.33125 0.5666666666666667 0.2828125 0.5666666666666667 0.2828125 0.6601851851851852 0.33125 0.6601851851851852
7 0.5640625 0.11203703703703716 0.5151041666666667 0.11203703703703714 0.5151041666666667 0.20462962962962974 0.5640625 0.20462962962962974
1 0.6145833333333334 0.36666666666666675 0.5661458333333333 0.36666666666666675 0.5661458333333333 0.45925925925925937 0.6145833333333334 0.45925925925925937
10 0.47291666666666665 0.5972222222222222 0.4239583333333333 0.5972222222222222 0.4239583333333333 0.6944444444444444 0.47291666666666665 0.6944444444444444
4 0.7244791666666667 0.5444444444444446 0.675 0.5444444444444446 0.675 0.6398148148148151 0.7244791666666667 0.6398148148148151
3 0.41979166666666673 0.8444444444444444 0.38177083333333334 0.8444444444444444 0.3817708333333334 0.9203703703703704 0.4197916666666668 0.9203703703703704
9 0.42552083333333335 0.5425925925925926 0.38645833333333335 0.5425925925925926 0.38645833333333335 0.6203703703703703 0.42552083333333335 0.6203703703703703
2 0.30052083333333335 0.35185185185185197 0.2625 0.35185185185185197 0.2625 0.426851851851852 0.30052083333333335 0.426851851851852
0 0.5932291666666667 0.23888888888888898 0.5427083333333333 0.23888888888888898 0.5427083333333333 0.3351851851851853 0.5932291666666667 0.3351851851851853
3 0.5020833333333333 0.5250000000000001 0.4625 0.525 0.4625 0.6027777777777779 0.5020833333333333 0.602777777777778
6 0.3875 0.6722222222222223 0.34010416666666665 0.6722222222222223 0.34010416666666665 0.7620370370370371 0.3875 0.7620370370370371
2 0.5390625 0.3962962962962964 0.49895833333333334 0.3962962962962964 0.49895833333333334 0.47314814814814826 0.5390625 0.47314814814814826
3 0.48802083333333335 0.1787037037037038 0.4505208333333333 0.1787037037037038 0.4505208333333333 0.2527777777777779 0.48802083333333335 0.2527777777777779
2 0.55625 0.5333333333333335 0.5166666666666667 0.5333333333333335 0.5166666666666667 0.6111111111111113 0.55625 0.6111111111111113
4 0.4083333333333333 0.24907407407407417 0.359375 0.24907407407407417 0.359375 0.34444444444444455 0.4083333333333333 0.34444444444444455
1 0.6421875 0.6444444444444447 0.59375 0.6444444444444447 0.59375 0.7370370370370373 0.6421875 0.7370370370370373
5 0.6223958333333334 0.027777777777777908 0.5755208333333334 0.0277777777777779 0.5755208333333334 0.11944444444444458 0.6223958333333334 0.1194444444444446
8 0.6932291666666667 0.33055555555555566 0.6546875 0.33055555555555566 0.6546875 0.4027777777777779 0.6932291666666667 0.4027777777777779
9 0.4473958333333333 0.7092592592592593 0.40729166666666666 0.7092592592592593 0.40729166666666666 0.7824074074074074 0.4473958333333333 0.7824074074074074
3 0.41770833333333335 0.12962962962962973 0.37864583333333335 0.12962962962962973 0.37864583333333335 0.20185185185185195 0.41770833333333335 0.20185185185185195
10 0.3578125 0.4129629629629631 0.309375 0.4129629629629631 0.309375 0.5037037037037037 0.3578125 0.5037037037037037
8 0.4515625 0.48148148148148145 0.4125 0.48148148148148145 0.4125 0.5564814814814815 0.4515625 0.5564814814814815
11 0.3375 0.19907407407407413 0.2869791666666667 0.19907407407407413 0.2869791666666667 0.2925925925925927 0.3375 0.2925925925925927
5 0.53125 0.25185185185185194 0.4828125 0.25185185185185194 0.4828125 0.34074074074074084 0.53125 0.34074074074074084
13 0.5614583333333333 0.6398148148148151 0.5046875 0.6398148148148151 0.5046875 0.7462962962962965 0.5614583333333333 0.7462962962962965