6 0.628125 0.21574074074074087 0.5869791666666667 0.21574074074074084 0.5869791666666667 0.2750000000000001 0.628125 0.2750000000000001
4 0.5770833333333333 0.4814814814814817 0.5348958333333333 0.4814814814814817 0.5348958333333333 0.5425925925925928 0.5770833333333333 0.5425925925925928
12 0.5760416666666667 0.04166666666666679 0.5260416666666666 0.04166666666666678 0.5260416666666666 0.11481481481481494 0.5760416666666667 0.11481481481481495
10 0.5197916666666667 0.1314814814814816 0.4817708333333333 0.1314814814814816 0.4817708333333333 0.19074074074074085 0.5197916666666667 0.19074074074074085
3 0.41041666666666665 0.48518518518518516 0.37864583333333335 0.48518518518518516 0.37864583333333335 0.5425925925925926 0.41041666666666665 0.5425925925925926
8 0.56875 0.2185185185185186 0.534375 0.2185185185185186 0.534375 0.2666666666666668 0.56875 0.2666666666666668
4 0.6833333333333333 0.2166666666666668 0.6411458333333333 0.2166666666666668 0.6411458333333333 0.275925925925926 0.6833333333333333 0.275925925925926
5 0.5192708333333333 0.563888888888889 0.48072916666666665 0.5638888888888889 0.48072916666666665 0.6305555555555556 0.5192708333333333 0.6305555555555558
1 0.46822916666666664 0.6537037037037037 0.42864583333333334 0.6537037037037037 0.42864583333333334 0.7129629629629629 0.46822916666666664 0.7129629629629629
11 0.5213541666666667 0.2175925925925927 0.48125 0.2175925925925927 0.48125 0.2787037037037038 0.5213541666666667 0.2787037037037038
3 0.4635416666666667 0.4898148148148148 0.42864583333333334 0.4898148148148148 0.42864583333333334 0.5407407407407407 0.4635416666666667 0.5407407407407407
13 0.47291666666666665 0.7379629629629629 0.425 0.7379629629629629 0.425 0.8148148148148148 0.47291666666666665 0.8148148148148148
8 0.5125 0.047222222222222325 0.48333333333333334 0.047222222222222325 0.48333333333333334 0.09814814814814825 0.5125 0.09814814814814825
0 0.5734375 0.6509259259259261 0.5375 0.6509259259259261 0.5375 0.7120370370370372 0.5734375 0.7120370370370372
3 0.5135416666666667 0.38796296296296306 0.4822916666666667 0.38796296296296306 0.4822916666666667 0.43703703703703717 0.5135416666666667 0.43703703703703717
0 0.4635416666666667 0.2185185185185186 0.4265625 0.2185185185185186 0.4265625 0.275925925925926 0.4635416666666667 0.275925925925926
7 0.7354166666666667 0.5620370370370372 0.6973958333333333 0.5620370370370372 0.6973958333333333 0.6240740740740743 0.7354166666666667 0.6240740740740743
5 0.6385416666666667 0.7379629629629632 0.5973958333333333 0.7379629629629632 0.5973958333333333 0.8083333333333336 0.6385416666666667 0.8083333333333336
11 0.3609375 0.22592592592592597 0.3223958333333333 0.22592592592592597 0.3223958333333333 0.2861111111111112 0.3609375 0.2861111111111112
6 0.30364583333333334 0.4898148148148148 0.26510416666666675 0.4898148148148148 0.26510416666666675 0.5555555555555556 0.30364583333333334 0.5555555555555556
2 0.35625 0.6638888888888889 0.32447916666666665 0.6638888888888889 0.32447916666666665 0.7157407407407408 0.35625 0.7157407407407408
1 0.46927083333333336 0.05555555555555566 0.4322916666666667 0.05555555555555565 0.4322916666666667 0.11944444444444455 0.46927083333333336 0.11944444444444455
9 0.5729166666666666 0.7472222222222225 0.54375 0.7472222222222225 0.54375 0.801851851851852 0.5729166666666666 0.801851851851852
9 0.5244791666666667 0.7416666666666669 0.4890625 0.7416666666666669 0.4890625 0.7935185185185187 0.5244791666666667 0.7935185185185187
2 0.40989583333333335 0.6601851851851852 0.38177083333333334 0.6601851851851852 0.38177083333333334 0.7129629629629629 0.40989583333333335 0.7129629629629629
7 0.6234375 0.04722222222222235 0.5854166666666667 0.04722222222222235 0.5854166666666667 0.11018518518518532 0.6234375 0.11018518518518532
10 0.5223958333333334 0.8203703703703705 0.48385416666666664 0.8203703703703705 0.48385416666666675 0.8851851851851854 0.5223958333333335 0.8851851851851854
3 0.6791666666666667 0.47592592592592614 0.6494791666666667 0.47592592592592614 0.6494791666666667 0.5222222222222225 0.6791666666666667 0.5222222222222225
2 0.6807291666666667 0.6574074074074077 0.6526041666666667 0.6574074074074077 0.6526041666666667 0.7037037037037039 0.6807291666666667 0.7037037037037039
2 0.6807291666666667 0.3851851851851853 0.653125 0.3851851851851853 0.653125 0.43796296296296305 0.6807291666666667 0.43796296296296305
3 0.5723958333333333 0.565740740740741 0.5416666666666666 0.565740740740741 0.5416666666666666 0.6175925925925928 0.5723958333333333 0.6175925925925928
2 0.4588541666666667 0.3972222222222223 0.43020833333333336 0.3972222222222223 0.43020833333333336 0.44722222222222235 0.4588541666666667 0.44722222222222235