4 0.7026041666666667 0.7157407407407409 0.6604166666666667 0.7157407407407409 0.6604166666666667 0.7814814814814817 0.7026041666666667 0.7814814814814817
9 0.5515625 0.26944444444444454 0.5171875 0.26944444444444454 0.5171875 0.32037037037037047 0.5515625 0.32037037037037047
8 0.5739583333333333 0.7787037037037039 0.5390625 0.7787037037037039 0.5390625 0.8305555555555557 0.5739583333333333 0.8305555555555557
2 0.6135416666666667 0.47592592592592614 0.5776041666666667 0.47592592592592614 0.5776041666666667 0.526851851851852 0.6135416666666667 0.526851851851852
0 0.48489583333333336 0.6407407407407408 0.4421875 0.6407407407407407 0.4421875 0.7055555555555557 0.48489583333333336 0.7055555555555557
11 0.7453125 0.3425925925925927 0.7005208333333334 0.34259259259259267 0.7005208333333334 0.40925925925925943 0.7453125 0.4092592592592595
6 0.6286458333333333 0.5675925925925928 0.5864583333333333 0.5675925925925928 0.5864583333333333 0.6333333333333335 0.6286458333333333 0.6333333333333335
8 0.5338541666666666 0.3361111111111112 0.4979166666666667 0.3361111111111112 0.4979166666666667 0.38796296296296306 0.5338541666666666 0.38796296296296306
6 0.6046875 0.13888888888888903 0.5625 0.138888888888889 0.5625 0.20277777777777792 0.6046875 0.20277777777777795
4 0.4 0.34814814814814826 0.3578125 0.34814814814814826 0.3578125 0.413888888888889 0.4 0.413888888888889
2 0.6359375 0.702777777777778 0.6010416666666667 0.702777777777778 0.6010416666666667 0.7555555555555558 0.6359375 0.7555555555555558
7 0.5265625 0.09537037037037048 0.48385416666666664 0.09537037037037048 0.48385416666666664 0.15925925925925938 0.5265625 0.15925925925925938
10 0.609375 0.30277777777777787 0.5666666666666667 0.30277777777777787 0.5666666666666667 0.36666666666666675 0.609375 0.36666666666666675
3 0.5802083333333333 0.39444444444444454 0.5442708333333334 0.39444444444444454 0.5442708333333334 0.44537037037037047 0.5802083333333333 0.44537037037037047
7 0.40520833333333334 0.65 0.36354166666666665 0.65 0.36354166666666665 0.7166666666666667 0.40520833333333334 0.7166666666666667
5 0.39010416666666664 0.7759259259259259 0.34739583333333335 0.7759259259259259 0.34739583333333335 0.8407407407407408 0.39010416666666664 0.8407407407407408
3 0.703125 0.13796296296296312 0.6671875 0.13796296296296312 0.6671875 0.1879629629629631 0.703125 0.1879629629629631
1 0.5588541666666667 0.6194444444444447 0.5171875 0.6194444444444447 0.5171875 0.6851851851851853 0.5588541666666667 0.6851851851851853
0 0.446875 0.4490740740740742 0.4046875 0.4490740740740742 0.4046875 0.5148148148148148 0.446875 0.5148148148148148
12 0.48333333333333334 0.3101851851851853 0.4328125 0.3101851851851853 0.4328125 0.388888888888889 0.48333333333333334 0.388888888888889
3 0.39739583333333334 0.5222222222222223 0.3640625 0.5222222222222223 0.3640625 0.575925925925926 0.39739583333333334 0.575925925925926
2 0.346875 0.5722222222222222 0.31197916666666664 0.5722222222222222 0.31197916666666664 0.6231481481481481 0.346875 0.6231481481481481
13 0.6796875 0.41203703703703715 0.6270833333333333 0.41203703703703715 0.6270833333333333 0.4851851851851854 0.6796875 0.4851851851851854
1 0.7161458333333334 0.5481481481481484 0.6729166666666667 0.5481481481481484 0.6729166666666667 0.6129629629629632 0.7161458333333334 0.6129629629629632
9 0.6479166666666667 0.23240740740740756 0.6125 0.23240740740740756 0.6125 0.2842592592592594 0.6479166666666667 0.2842592592592594
2 0.5307291666666667 0.5064814814814816 0.4973958333333333 0.5064814814814816 0.4973958333333333 0.5629629629629632 0.5307291666666667 0.5629629629629632
2 0.39427083333333335 0.1546296296296297 0.3614583333333333 0.15462962962962967 0.3614583333333333 0.21018518518518525 0.39427083333333335 0.21018518518518528
3 0.3359375 0.4287037037037038 0.30364583333333334 0.4287037037037038 0.30364583333333334 0.4842592592592593 0.3359375 0.4842592592592593
11 0.3390625 0.2527777777777779 0.3 0.2527777777777779 0.3 0.3212962962962964 0.3390625 0.3212962962962964
3 0.46458333333333335 0.7462962962962963 0.43125 0.7462962962962963 0.43125 0.7981481481481482 0.46458333333333335 0.7981481481481482
10 0.4557291666666667 0.2000000000000001 0.41822916666666665 0.2000000000000001 0.41822916666666665 0.26574074074074083 0.4557291666666667 0.26574074074074083
5 0.459375 0.537962962962963 0.41770833333333335 0.537962962962963 0.41770833333333335 0.6101851851851852 0.459375 0.6101851851851852