10 0.36041666666666666 0.725925925925926 0.3223958333333333 0.725925925925926 0.3223958333333333 0.7861111111111111 0.36041666666666666 0.7861111111111111
1 0.303125 0.6796296296296296 0.2661458333333334 0.6796296296296296 0.2661458333333334 0.7398148148148148 0.303125 0.7398148148148148
5 0.4671875 0.774074074074074 0.42916666666666664 0.774074074074074 0.42916666666666664 0.8305555555555556 0.4671875 0.8305555555555556
12 0.5880208333333333 0.35648148148148157 0.5401041666666667 0.35648148148148157 0.5401041666666667 0.4314814814814816 0.5880208333333333 0.4314814814814816
7 0.6552083333333333 0.665740740740741 0.6161458333333333 0.665740740740741 0.6161458333333333 0.7259259259259261 0.6552083333333333 0.7259259259259261
7 0.54375 0.12777777777777788 0.5041666666666667 0.12777777777777788 0.5041666666666667 0.188888888888889 0.54375 0.188888888888889
4 0.6677083333333333 0.4324074074074075 0.628125 0.4324074074074075 0.628125 0.49444444444444463 0.6677083333333333 0.49444444444444463
3 0.334375 0.5388888888888889 0.3026041666666667 0.5388888888888889 0.3026041666666667 0.5861111111111111 0.334375 0.5861111111111111
6 0.4609375 0.16574074074074086 0.42239583333333336 0.16574074074074086 0.42239583333333336 0.22592592592592603 0.4609375 0.22592592592592603
0 0.5375 0.47314814814814826 0.4973958333333333 0.47314814814814826 0.4973958333333333 0.5361111111111113 0.5375 0.5361111111111113
10 0.6072916666666667 0.2425925925925927 0.56875 0.2425925925925927 0.56875 0.30462962962962975 0.6072916666666667 0.30462962962962975
5 0.5208333333333334 0.6379629629629631 0.48020833333333335 0.637962962962963 0.48020833333333335 0.7000000000000001 0.5208333333333334 0.7000000000000002
4 0.7166666666666667 0.6120370370370373 0.6770833333333334 0.6120370370370373 0.6770833333333334 0.6731481481481484 0.7166666666666667 0.6731481481481484
8 0.5166666666666667 0.8555555555555557 0.4864583333333333 0.8555555555555557 0.4864583333333334 0.9009259259259261 0.5166666666666668 0.9009259259259261
6 0.39375 0.6111111111111112 0.3536458333333333 0.6111111111111112 0.3536458333333333 0.674074074074074 0.39375 0.674074074074074
9 0.5026041666666666 0.30277777777777787 0.4708333333333333 0.30277777777777787 0.4708333333333333 0.35092592592592603 0.5026041666666666 0.35092592592592603
2 0.3864583333333334 0.8277777777777777 0.35572916666666665 0.8277777777777777 0.3557291666666667 0.8740740740740741 0.38645833333333346 0.8740740740740741
8 0.6932291666666667 0.7842592592592594 0.6619791666666667 0.7842592592592594 0.6619791666666667 0.8305555555555557 0.6932291666666667 0.8305555555555557
2 0.6708333333333333 0.22592592592592609 0.6401041666666667 0.22592592592592609 0.6401041666666667 0.2740740740740742 0.6708333333333333 0.2740740740740742
2 0.6369791666666667 0.8685185185185187 0.6046875 0.8685185185185187 0.6046875 0.9138888888888891 0.6369791666666667 0.9138888888888891
11 0.315625 0.363888888888889 0.27760416666666665 0.363888888888889 0.27760416666666665 0.4250000000000001 0.315625 0.4250000000000001
3 0.4765625 0.42962962962962975 0.44583333333333336 0.42962962962962975 0.44583333333333336 0.47962962962962963 0.4765625 0.47962962962962963
3 0.6130208333333333 0.5111111111111113 0.5828125 0.5111111111111113 0.5828125 0.5601851851851853 0.6130208333333333 0.5601851851851853
11 0.7223958333333333 0.35185185185185197 0.684375 0.35185185185185197 0.684375 0.42037037037037045 0.7223958333333333 0.42037037037037045
2 0.453125 0.6990740740740741 0.4239583333333333 0.6990740740740741 0.4239583333333333 0.7435185185185185 0.453125 0.7435185185185185
3 0.3536458333333333 0.15000000000000005 0.325 0.15000000000000005 0.325 0.1981481481481482 0.3536458333333333 0.1981481481481482
9 0.40729166666666666 0.25740740740740753 0.3802083333333333 0.25740740740740753 0.3802083333333333 0.30277777777777787 0.40729166666666666 0.30277777777777787
3 0.4671875 0.5555555555555556 0.4390625 0.5555555555555556 0.4390625 0.6055555555555555 0.4671875 0.6055555555555555
0 0.5796875 0.6018518518518521 0.5432291666666667 0.6018518518518521 0.5432291666666667 0.6638888888888891 0.5796875 0.6638888888888891
2 0.6078125 0.7342592592592595 0.5802083333333333 0.7342592592592595 0.5802083333333333 0.7824074074074077 0.6078125 0.7824074074074077
13 0.41510416666666666 0.40555555555555567 0.371875 0.40555555555555567 0.371875 0.48148148148148145 0.41510416666666666 0.48148148148148145
1 0.5598958333333334 0.7657407407407409 0.5223958333333333 0.7657407407407409 0.5223958333333333 0.8268518518518521 0.5598958333333334 0.8268518518518521