1 0.378125 0.7425925925925926 0.32708333333333334 0.7425925925925926 0.32708333333333334 0.8268518518518518 0.378125 0.8268518518518518
7 0.7338541666666667 0.3842592592592594 0.6833333333333333 0.38425925925925936 0.6833333333333333 0.4657407407407409 0.7338541666666667 0.46574074074074095
9 0.5713541666666667 0.11851851851851862 0.5260416666666666 0.11851851851851862 0.5260416666666666 0.19166666666666676 0.5713541666666667 0.19166666666666676
10 0.4401041666666667 0.6916666666666667 0.39010416666666664 0.6916666666666667 0.39010416666666664 0.774074074074074 0.4401041666666667 0.774074074074074
1 0.5046875 0.1601851851851853 0.453125 0.1601851851851853 0.453125 0.24351851851851863 0.5046875 0.24351851851851863
3 0.5796875 0.3101851851851853 0.5390625 0.3101851851851853 0.5390625 0.37592592592592605 0.5796875 0.37592592592592605
7 0.5229166666666667 0.8277777777777778 0.46979166666666666 0.8277777777777777 0.4697916666666667 0.9129629629629631 0.5229166666666668 0.9129629629629632
4 0.5692708333333333 0.3787037037037038 0.51875 0.3787037037037038 0.51875 0.4629629629629631 0.5692708333333333 0.4629629629629631
2 0.6463541666666667 0.5416666666666669 0.6052083333333333 0.5416666666666669 0.6052083333333333 0.6055555555555557 0.6463541666666667 0.6055555555555557
5 0.6776041666666667 0.16851851851851868 0.6270833333333333 0.16851851851851868 0.6270833333333333 0.2500000000000001 0.6776041666666667 0.2500000000000001
8 0.4140625 0.7870370370370371 0.37135416666666665 0.7870370370370371 0.37135416666666665 0.8546296296296296 0.4140625 0.8546296296296296
6 0.5598958333333334 0.6666666666666669 0.5104166666666666 0.6666666666666669 0.5104166666666666 0.7481481481481483 0.5598958333333334 0.7481481481481483
0 0.6020833333333333 0.213888888888889 0.5526041666666667 0.213888888888889 0.5526041666666667 0.2962962962962964 0.6020833333333333 0.2962962962962964
3 0.6609375 0.4546296296296297 0.6203125 0.4546296296296297 0.6203125 0.5194444444444447 0.6609375 0.5194444444444447
3 0.4630208333333333 0.325925925925926 0.42083333333333334 0.325925925925926 0.42083333333333334 0.3953703703703705 0.4630208333333333 0.3953703703703705
0 0.4078125 0.5740740740740741 0.35833333333333334 0.5740740740740741 0.35833333333333334 0.6546296296296297 0.4078125 0.6546296296296297
8 0.5020833333333333 0.6472222222222224 0.46041666666666664 0.6472222222222223 0.46041666666666664 0.7148148148148149 0.5020833333333333 0.714814814814815
3 0.41302083333333334 0.29907407407407416 0.37083333333333335 0.29907407407407416 0.37083333333333335 0.3712962962962964 0.41302083333333334 0.3712962962962964
2 0.6984375 0.2842592592592594 0.6583333333333333 0.2842592592592594 0.6583333333333333 0.3500000000000001 0.6984375 0.3500000000000001
2 0.4427083333333333 0.41574074074074086 0.4 0.41574074074074086 0.4 0.487962962962963 0.4427083333333333 0.487962962962963
6 0.315625 0.22407407407407412 0.2635416666666667 0.22407407407407412 0.2635416666666667 0.3074074074074075 0.315625 0.3074074074074075
3 0.48854166666666665 0.45555555555555566 0.44635416666666666 0.45555555555555566 0.44635416666666666 0.5222222222222224 0.48854166666666665 0.5222222222222225
2 0.4510416666666667 0.138888888888889 0.4119791666666667 0.138888888888889 0.4119791666666667 0.20092592592592604 0.4510416666666667 0.20092592592592604
11 0.30885416666666665 0.5157407407407407 0.2583333333333334 0.5157407407407407 0.2583333333333334 0.6 0.30885416666666665 0.6
12 0.47916666666666674 0.7898148148148149 0.415625 0.7898148148148149 0.4156250000000001 0.8972222222222223 0.4791666666666668 0.8972222222222223
5 0.5328125 0.2712962962962964 0.4822916666666667 0.2712962962962964 0.4822916666666667 0.3537037037037038 0.5328125 0.3537037037037038
2 0.39947916666666666 0.11018518518518526 0.36041666666666666 0.11018518518518526 0.36041666666666666 0.17407407407407416 0.39947916666666666 0.1740740740740742
4 0.6119791666666666 0.6972222222222224 0.5614583333333333 0.6972222222222224 0.5614583333333333 0.7787037037037039 0.6119791666666666 0.7787037037037039
10 0.5869791666666667 0.03055555555555568 0.5369791666666667 0.030555555555555673 0.5369791666666667 0.11574074074074085 0.5869791666666667 0.11574074074074087
11 0.459375 0.6037037037037037 0.4109375 0.6037037037037037 0.4109375 0.6898148148148148 0.459375 0.6898148148148148
9 0.6182291666666667 0.13981481481481495 0.5776041666666667 0.13981481481481492 0.5776041666666667 0.20462962962962977 0.6182291666666667 0.2046296296296298
13 0.5270833333333333 0.06851851851851862 0.4661458333333333 0.06851851851851862 0.4661458333333333 0.1712962962962964 0.5270833333333333 0.1712962962962964