12 0.4015625 0.7324074074074074 0.359375 0.7324074074074074 0.359375 0.8092592592592592 0.4015625 0.8092592592592592
4 0.5057291666666667 0.7601851851851853 0.471875 0.7601851851851852 0.471875 0.8222222222222223 0.5057291666666667 0.8222222222222224
11 0.4796875 0.275925925925926 0.4453125 0.275925925925926 0.4453125 0.3361111111111112 0.4796875 0.3361111111111112
11 0.5302083333333333 0.2064814814814816 0.496875 0.2064814814814816 0.496875 0.26481481481481495 0.5302083333333333 0.26481481481481495
6 0.5104166666666666 0.675925925925926 0.47708333333333336 0.6759259259259259 0.47708333333333336 0.737962962962963 0.5104166666666666 0.7379629629629632
13 0.43802083333333336 0.18518518518518529 0.3984375 0.18518518518518529 0.3984375 0.2564814814814816 0.43802083333333336 0.2564814814814816
4 0.3026041666666667 0.725925925925926 0.26927083333333335 0.725925925925926 0.26927083333333335 0.7870370370370371 0.3026041666666667 0.7870370370370371
6 0.3567708333333333 0.65 0.3234375 0.65 0.3234375 0.7111111111111111 0.3567708333333333 0.7111111111111111
3 0.5223958333333333 0.3611111111111112 0.49583333333333335 0.3611111111111112 0.49583333333333335 0.4092592592592594 0.5223958333333333 0.4092592592592594
10 0.45677083333333335 0.6712962962962963 0.421875 0.6712962962962963 0.421875 0.7333333333333333 0.45677083333333335 0.7333333333333333
7 0.5770833333333333 0.2898148148148149 0.54375 0.2898148148148149 0.54375 0.3490740740740742 0.5770833333333333 0.3490740740740742
7 0.3802083333333333 0.2620370370370371 0.346875 0.2620370370370371 0.346875 0.31944444444444453 0.3802083333333333 0.31944444444444453
8 0.3463541666666667 0.7425925925925926 0.3203125 0.7425925925925926 0.3203125 0.7898148148148149 0.3463541666666667 0.7898148148148149
8 0.44635416666666666 0.7537037037037037 0.4203125 0.7537037037037037 0.4203125 0.8027777777777778 0.44635416666666666 0.8027777777777778
3 0.42083333333333334 0.34444444444444455 0.39479166666666665 0.34444444444444455 0.39479166666666665 0.3916666666666668 0.42083333333333334 0.3916666666666668
5 0.5802083333333333 0.21203703703703713 0.546875 0.21203703703703713 0.546875 0.2712962962962964 0.5802083333333333 0.2712962962962964
10 0.40625 0.6574074074074074 0.371875 0.6574074074074074 0.371875 0.7203703703703703 0.40625 0.7203703703703703
3 0.3703125 0.34074074074074084 0.34427083333333336 0.34074074074074084 0.34427083333333336 0.3870370370370371 0.3703125 0.3870370370370371
2 0.4088541666666667 0.5842592592592593 0.38177083333333334 0.5842592592592593 0.38177083333333334 0.6333333333333333 0.4088541666666667 0.6333333333333333
2 0.35572916666666665 0.5787037037037037 0.32916666666666666 0.5787037037037037 0.32916666666666666 0.6259259259259259 0.35572916666666665 0.6259259259259259
3 0.46875 0.3592592592592594 0.4421875 0.3592592592592594 0.4421875 0.4064814814814816 0.46875 0.4064814814814816
2 0.5109375 0.6000000000000002 0.484375 0.6000000000000002 0.484375 0.6500000000000002 0.5109375 0.6500000000000002
3 0.3234375 0.33703703703703713 0.296875 0.33703703703703713 0.296875 0.3833333333333334 0.3234375 0.3833333333333334
2 0.46145833333333336 0.5981481481481481 0.434375 0.5981481481481481 0.434375 0.6472222222222223 0.46145833333333336 0.6472222222222223
1 0.428125 0.26944444444444454 0.3953125 0.26944444444444454 0.3953125 0.3277777777777779 0.428125 0.3277777777777779
1 0.5244791666666667 0.2842592592592594 0.49114583333333334 0.2842592592592594 0.49114583333333334 0.3435185185185186 0.5244791666666667 0.3435185185185186
0 0.30885416666666665 0.6435185185185185 0.275 0.6435185185185185 0.275 0.7046296296296296 0.30885416666666665 0.7046296296296296
9 0.4796875 0.20833333333333343 0.45260416666666664 0.20833333333333343 0.45260416666666664 0.25462962962962976 0.4796875 0.25462962962962976
5 0.33489583333333334 0.18611111111111117 0.3026041666666667 0.18611111111111117 0.3026041666666667 0.2425925925925927 0.33489583333333334 0.2425925925925927
2 0.30625 0.5657407407407408 0.28072916666666664 0.5657407407407408 0.28072916666666664 0.6148148148148148 0.30625 0.6148148148148148
0 0.5583333333333333 0.7648148148148151 0.5239583333333333 0.7648148148148151 0.5239583333333333 0.8259259259259262 0.5583333333333333 0.8259259259259262
9 0.3828125 0.1935185185185186 0.35625 0.19351851851851856 0.35625 0.23981481481481493 0.3828125 0.23981481481481493