1 0.6953125 0.7101851851851854 0.6458333333333334 0.7101851851851854 0.6458333333333334 0.802777777777778 0.6953125 0.802777777777778
5 0.40572916666666664 0.1222222222222223 0.35572916666666665 0.12222222222222227 0.35572916666666665 0.21759259259259267 0.40572916666666664 0.2175925925925927
4 0.6953125 0.3000000000000001 0.6473958333333333 0.3000000000000001 0.6473958333333333 0.3916666666666668 0.6953125 0.3916666666666668
6 0.6755208333333333 0.38240740740740753 0.6255208333333333 0.38240740740740753 0.6255208333333333 0.47592592592592614 0.6755208333333333 0.47592592592592614
11 0.5640625 0.8064814814814817 0.5140625 0.8064814814814817 0.5140625000000001 0.9000000000000002 0.5640625 0.9000000000000002
7 0.5354166666666667 0.04814814814814826 0.4864583333333333 0.04814814814814825 0.4864583333333333 0.14074074074074083 0.5354166666666667 0.14074074074074083
4 0.515625 0.34074074074074084 0.46510416666666665 0.34074074074074084 0.46510416666666665 0.43703703703703717 0.515625 0.43703703703703717
7 0.7614583333333333 0.4722222222222224 0.7114583333333333 0.4722222222222223 0.7114583333333333 0.5675925925925928 0.7614583333333333 0.5675925925925928
2 0.6046875 0.2240740740740742 0.5645833333333333 0.22407407407407418 0.5645833333333333 0.3000000000000001 0.6046875 0.3000000000000001
3 0.5390625 0.490740740740741 0.4984375 0.490740740740741 0.4984375 0.5675925925925928 0.5390625 0.5675925925925928
9 0.3572916666666667 0.3111111111111112 0.31666666666666665 0.3111111111111112 0.31666666666666665 0.388888888888889 0.3572916666666667 0.388888888888889
13 0.34479166666666666 0.3787037037037038 0.28072916666666664 0.3787037037037038 0.28072916666666664 0.49722222222222223 0.34479166666666666 0.49722222222222223
6 0.40156250000000004 0.7703703703703704 0.35052083333333334 0.7703703703703704 0.3505208333333334 0.8685185185185185 0.4015625000000001 0.8685185185185185
3 0.44635416666666666 0.6092592592592593 0.40677083333333336 0.6092592592592593 0.40677083333333336 0.6842592592592592 0.44635416666666666 0.6842592592592592
3 0.5588541666666667 0.188888888888889 0.51875 0.188888888888889 0.51875 0.263888888888889 0.5588541666666667 0.263888888888889
2 0.4666666666666667 0.09907407407407418 0.4270833333333333 0.09907407407407418 0.4270833333333333 0.1740740740740742 0.4666666666666667 0.1740740740740742
3 0.46510416666666665 0.5222222222222223 0.425 0.5222222222222223 0.425 0.5981481481481481 0.46510416666666665 0.5981481481481481
8 0.6479166666666667 0.4861111111111113 0.6072916666666667 0.4861111111111113 0.6072916666666667 0.5620370370370372 0.6479166666666667 0.5620370370370372
0 0.4265625 0.25925925925925936 0.375 0.25925925925925936 0.375 0.35648148148148157 0.4265625 0.35648148148148157
1 0.38333333333333336 0.42777777777777787 0.3328125 0.42777777777777787 0.3328125 0.524074074074074 0.38333333333333336 0.524074074074074
12 0.746875 0.5444444444444446 0.684375 0.5444444444444446 0.684375 0.6592592592592594 0.746875 0.6592592592592594
8 0.715625 0.652777777777778 0.6770833333333334 0.652777777777778 0.6770833333333334 0.7268518518518521 0.715625 0.7268518518518521
10 0.6755208333333333 0.5962962962962965 0.6255208333333333 0.5962962962962965 0.6255208333333333 0.690740740740741 0.6755208333333333 0.690740740740741
2 0.3572916666666667 0.5212962962962963 0.31614583333333335 0.5212962962962963 0.31614583333333335 0.6 0.3572916666666667 0.6
3 0.46822916666666664 0.3111111111111112 0.4276041666666667 0.3111111111111112 0.4276041666666667 0.3870370370370371 0.46822916666666664 0.3870370370370371
11 0.6302083333333334 0.551851851851852 0.5802083333333333 0.551851851851852 0.5802083333333333 0.6472222222222225 0.6302083333333334 0.6472222222222225
0 0.6083333333333333 0.6416666666666668 0.5588541666666667 0.6416666666666668 0.5588541666666667 0.7351851851851854 0.6083333333333333 0.7351851851851854
2 0.3338541666666667 0.6074074074074074 0.2942708333333333 0.6074074074074074 0.2942708333333333 0.6833333333333333 0.3338541666666667 0.6833333333333333
5 0.45 0.388888888888889 0.39895833333333336 0.388888888888889 0.39895833333333336 0.48518518518518516 0.45 0.48518518518518516
9 0.3770833333333333 0.22314814814814823 0.33645833333333336 0.2231481481481482 0.33645833333333336 0.30092592592592604 0.3770833333333333 0.30092592592592604
10 0.31666666666666665 0.2666666666666668 0.26510416666666664 0.2666666666666668 0.26510416666666664 0.3601851851851853 0.31666666666666665 0.3601851851851853
2 0.5145833333333333 0.5685185185185186 0.475 0.5685185185185185 0.475 0.6416666666666667 0.5145833333333333 0.6416666666666668