10 0.20312500000000006 0.4444444444444444 0.16041666666666674 0.4444444444444444 0.16041666666666674 0.5231481481481481 0.20312500000000006 0.5231481481481481
7 0.4505208333333333 0.301851851851852 0.4036458333333333 0.301851851851852 0.4036458333333333 0.388888888888889 0.4505208333333333 0.388888888888889
13 0.296875 0.2537037037037038 0.24270833333333333 0.2537037037037038 0.24270833333333333 0.3537037037037038 0.296875 0.3537037037037038
3 0.3338541666666667 0.7675925925925926 0.2989583333333333 0.7675925925925926 0.2989583333333333 0.8305555555555556 0.3338541666666667 0.8305555555555556
6 0.3848958333333333 0.426851851851852 0.34010416666666665 0.426851851851852 0.34010416666666665 0.5083333333333333 0.3848958333333333 0.5083333333333333
2 0.44895833333333335 0.4231481481481483 0.41302083333333334 0.4231481481481483 0.41302083333333334 0.4888888888888889 0.44895833333333335 0.4888888888888889
3 0.5140625 0.301851851851852 0.47760416666666666 0.301851851851852 0.47760416666666666 0.3694444444444446 0.5140625 0.3694444444444446
3 0.3796875 0.19629629629629639 0.34270833333333334 0.19629629629629636 0.34270833333333334 0.263888888888889 0.3796875 0.263888888888889
12 0.5541666666666667 0.5740740740740743 0.5 0.5740740740740743 0.5 0.6740740740740743 0.5541666666666667 0.6740740740740743
1 0.6130208333333333 0.33425925925925937 0.5666666666666667 0.33425925925925937 0.5666666666666667 0.41944444444444456 0.6130208333333333 0.41944444444444456
2 0.4203125 0.4842592592592593 0.3848958333333333 0.4842592592592593 0.3848958333333333 0.549074074074074 0.4203125 0.549074074074074
11 0.3953125 0.6462962962962963 0.3515625 0.6462962962962963 0.3515625 0.725925925925926 0.3953125 0.725925925925926
2 0.3255208333333333 0.55 0.29010416666666666 0.55 0.29010416666666666 0.6148148148148148 0.3255208333333333 0.6148148148148148
3 0.3890625 0.5398148148148149 0.3536458333333333 0.5398148148148149 0.3536458333333333 0.6046296296296296 0.3890625 0.6046296296296296
3 0.3 0.6074074074074074 0.26562500000000006 0.6074074074074074 0.26562500000000006 0.6703703703703704 0.3 0.6703703703703704
0 0.32395833333333335 0.42777777777777787 0.2796875 0.42777777777777787 0.2796875 0.5092592592592593 0.32395833333333335 0.5092592592592593
6 0.26666666666666666 0.437962962962963 0.22291666666666674 0.43796296296296294 0.22291666666666674 0.5166666666666667 0.26666666666666666 0.5166666666666667
2 0.2427083333333334 0.612037037037037 0.20781250000000007 0.612037037037037 0.20781250000000007 0.6759259259259259 0.2427083333333334 0.6759259259259259
0 0.38958333333333334 0.30833333333333346 0.34375 0.30833333333333346 0.34375 0.3925925925925927 0.38958333333333334 0.3925925925925927
9 0.2598958333333333 0.3342592592592593 0.22447916666666667 0.33425925925925926 0.22447916666666667 0.39907407407407414 0.2598958333333333 0.3990740740740742
7 0.259375 0.2157407407407408 0.21458333333333332 0.2157407407407408 0.21458333333333332 0.2990740740740741 0.259375 0.29907407407407416
10 0.48333333333333334 0.4666666666666668 0.43802083333333336 0.4666666666666668 0.43802083333333336 0.549074074074074 0.48333333333333334 0.549074074074074
5 0.42447916666666674 0.7962962962962963 0.3828125 0.7962962962962963 0.38281250000000006 0.8722222222222222 0.4244791666666668 0.8722222222222222
1 0.4546875 0.7388888888888889 0.4109375 0.7388888888888889 0.4109375 0.8175925925925925 0.4546875 0.8175925925925925
11 0.3848958333333333 0.07314814814814823 0.3385416666666667 0.07314814814814823 0.3385416666666667 0.1583333333333334 0.3848958333333333 0.15833333333333344
2 0.47552083333333334 0.12592592592592602 0.43802083333333336 0.12592592592592602 0.43802083333333336 0.19537037037037047 0.47552083333333334 0.19537037037037047
8 0.4786458333333333 0.6907407407407408 0.44375 0.6907407407407408 0.44375 0.7537037037037037 0.4786458333333333 0.7537037037037037
4 0.4239583333333333 0.5898148148148148 0.3796875 0.5898148148148148 0.3796875 0.6703703703703704 0.4239583333333333 0.6703703703703704
9 0.3177083333333333 0.3250000000000001 0.28125 0.3250000000000001 0.28125 0.3916666666666668 0.3177083333333333 0.3916666666666668
4 0.39375 0.7527777777777778 0.35104166666666664 0.7527777777777778 0.35104166666666664 0.8314814814814815 0.39375 0.8314814814814815
8 0.44947916666666665 0.6518518518518519 0.41510416666666666 0.6518518518518519 0.41510416666666666 0.7148148148148148 0.44947916666666665 0.7148148148148148
5 0.27447916666666666 0.5518518518518518 0.22812500000000005 0.5518518518518518 0.22812500000000005 0.6351851851851852 0.27447916666666666 0.6351851851851852