11 0.734375 0.6953703703703705 0.6864583333333333 0.6953703703703705 0.6864583333333333 0.7787037037037039 0.734375 0.7787037037037039
2 0.6036458333333333 0.5500000000000002 0.5666666666666667 0.5500000000000002 0.5666666666666667 0.6138888888888892 0.6036458333333333 0.6138888888888892
1 0.5802083333333333 0.2787037037037038 0.5364583333333334 0.2787037037037038 0.5364583333333334 0.35185185185185197 0.5802083333333333 0.35185185185185197
3 0.5567708333333333 0.5574074074074076 0.5182291666666666 0.5574074074074076 0.5182291666666666 0.6259259259259261 0.5567708333333333 0.6259259259259261
1 0.6380208333333334 0.8842592592592595 0.5958333333333333 0.8842592592592595 0.5958333333333333 0.9601851851851851 0.6380208333333334 0.9601851851851851
7 0.32708333333333334 0.39444444444444454 0.28229166666666666 0.39444444444444454 0.28229166666666666 0.4685185185185186 0.32708333333333334 0.4685185185185186
9 0.459375 0.21018518518518528 0.4239583333333333 0.21018518518518528 0.4239583333333333 0.2675925925925927 0.459375 0.2675925925925927
9 0.5130208333333334 0.21111111111111122 0.47604166666666664 0.21111111111111122 0.47604166666666664 0.26944444444444454 0.5130208333333334 0.26944444444444454
2 0.6276041666666666 0.2777777777777779 0.5927083333333333 0.2777777777777779 0.5927083333333333 0.3398148148148149 0.6276041666666666 0.3398148148148149
7 0.4875000000000001 0.9111111111111112 0.4406250000000001 0.9111111111111111 0.4406250000000001 0.9851851851851852 0.4875000000000001 0.9851851851851852
2 0.38697916666666665 0.5814814814814815 0.35052083333333334 0.5814814814814815 0.35052083333333334 0.6407407407407407 0.38697916666666665 0.6407407407407407
6 0.465625 0.737037037037037 0.42135416666666664 0.737037037037037 0.42135416666666664 0.812962962962963 0.465625 0.812962962962963
3 0.6484375 0.45370370370370383 0.6125 0.45370370370370383 0.6125 0.5129629629629632 0.6484375 0.5129629629629632
10 0.58125 0.8138888888888891 0.5364583333333334 0.8138888888888891 0.5364583333333334 0.8879629629629632 0.58125 0.8879629629629632
3 0.3828125 0.4925925925925926 0.3453125 0.4925925925925926 0.3453125 0.5518518518518518 0.3828125 0.5518518518518518
3 0.4786458333333333 0.388888888888889 0.44427083333333334 0.388888888888889 0.44427083333333334 0.44722222222222235 0.4786458333333333 0.44722222222222235
4 0.49166666666666664 0.4583333333333334 0.4473958333333333 0.4583333333333334 0.4473958333333333 0.5342592592592593 0.49166666666666664 0.5342592592592594
8 0.5177083333333333 0.7435185185185186 0.48020833333333335 0.7435185185185185 0.48020833333333335 0.8037037037037038 0.5177083333333333 0.8037037037037039
2 0.36354166666666665 0.313888888888889 0.32864583333333336 0.313888888888889 0.32864583333333336 0.37222222222222234 0.36354166666666665 0.37222222222222234
2 0.6802083333333333 0.27314814814814825 0.6458333333333334 0.27314814814814825 0.6458333333333334 0.3296296296296297 0.6802083333333333 0.3296296296296297
6 0.7619791666666667 0.4240740740740742 0.7182291666666667 0.42407407407407416 0.7182291666666667 0.49814814814814834 0.7619791666666667 0.49814814814814834
13 0.5760416666666667 0.18611111111111123 0.521875 0.18611111111111123 0.521875 0.2814814814814816 0.5760416666666667 0.2814814814814816
5 0.40989583333333335 0.21018518518518528 0.3640625 0.21018518518518528 0.3640625 0.29074074074074086 0.40989583333333335 0.29074074074074086
0 0.47708333333333336 0.28703703703703715 0.43020833333333336 0.28703703703703715 0.43020833333333336 0.363888888888889 0.47708333333333336 0.363888888888889
12 0.54375 0.8925925925925928 0.48802083333333346 0.8925925925925928 0.48802083333333346 0.9898148148148148 0.54375 0.9898148148148148
3 0.5958333333333333 0.45555555555555566 0.5604166666666667 0.45555555555555566 0.5604166666666667 0.5166666666666668 0.5958333333333333 0.5166666666666668
4 0.4119791666666667 0.7444444444444445 0.36614583333333334 0.7444444444444445 0.36614583333333334 0.8194444444444444 0.4119791666666667 0.8194444444444444
10 0.5145833333333333 0.11759259259259269 0.4671875 0.11759259259259269 0.4671875 0.19537037037037047 0.5145833333333333 0.19537037037037047
8 0.5916666666666667 0.9148148148148151 0.553125 0.9148148148148151 0.553125 0.975 0.5916666666666667 0.975
5 0.5380208333333333 0.3694444444444446 0.49270833333333336 0.3694444444444446 0.49270833333333336 0.4490740740740742 0.5380208333333333 0.4490740740740742
0 0.6286458333333333 0.7138888888888891 0.5848958333333333 0.7138888888888891 0.5848958333333333 0.7925925925925928 0.6286458333333333 0.7925925925925928
11 0.5708333333333333 0.7212962962962965 0.5276041666666667 0.7212962962962965 0.5276041666666667 0.802777777777778 0.5708333333333333 0.802777777777778