6 0.5000000000000001 0.8722222222222223 0.4562500000000001 0.8722222222222222 0.4562500000000001 0.950925925925926 0.5000000000000001 0.950925925925926
4 0.39635416666666673 0.7962962962962963 0.35208333333333336 0.7962962962962963 0.3520833333333334 0.8768518518518519 0.3963541666666668 0.8768518518518519
2 0.45260416666666664 0.2583333333333334 0.41770833333333335 0.2583333333333334 0.41770833333333335 0.3212962962962964 0.45260416666666664 0.3212962962962964
11 0.7234375 0.3935185185185186 0.6838541666666667 0.3935185185185186 0.6838541666666667 0.46759259259259267 0.7234375 0.46759259259259267
4 0.3380208333333333 0.3453703703703705 0.29322916666666665 0.3453703703703705 0.29322916666666665 0.426851851851852 0.3380208333333333 0.426851851851852
10 0.3494791666666667 0.4407407407407408 0.30520833333333336 0.4407407407407408 0.30520833333333336 0.5222222222222223 0.3494791666666667 0.5222222222222223
2 0.5208333333333334 0.7842592592592594 0.48541666666666666 0.7842592592592594 0.48541666666666666 0.8472222222222224 0.5208333333333334 0.8472222222222224
7 0.7036458333333333 0.8287037037037039 0.6630208333333333 0.8287037037037039 0.6630208333333333 0.9037037037037039 0.7036458333333333 0.9037037037037039
2 0.4973958333333333 0.6027777777777779 0.46197916666666666 0.6027777777777777 0.46197916666666666 0.6666666666666667 0.4973958333333333 0.6666666666666669
2 0.475 0.42962962962962975 0.4401041666666667 0.42962962962962975 0.4401041666666667 0.49166666666666664 0.475 0.49166666666666664
10 0.41250000000000014 0.8898148148148148 0.3682291666666668 0.8898148148148148 0.3682291666666668 0.9703703703703703 0.41250000000000014 0.9703703703703703
3 0.6723958333333333 0.927777777777778 0.6385416666666667 0.927777777777778 0.6385416666666667 0.9888888888888889 0.6723958333333333 0.9888888888888889
3 0.5791666666666667 0.2462962962962964 0.5463541666666667 0.2462962962962964 0.5463541666666667 0.3064814814814816 0.5791666666666667 0.3064814814814816
7 0.6286458333333333 0.325925925925926 0.5864583333333333 0.325925925925926 0.5864583333333333 0.4027777777777779 0.6286458333333333 0.4027777777777779
0 0.3333333333333333 0.26481481481481495 0.28802083333333334 0.26481481481481495 0.28802083333333334 0.3453703703703705 0.3333333333333333 0.3453703703703705
13 0.7145833333333333 0.5574074074074076 0.665625 0.5574074074074076 0.665625 0.6481481481481484 0.7145833333333333 0.6481481481481484
3 0.6453125 0.752777777777778 0.6114583333333333 0.752777777777778 0.6114583333333333 0.8138888888888891 0.6453125 0.8138888888888891
6 0.4244791666666667 0.33703703703703713 0.3802083333333333 0.33703703703703713 0.3802083333333333 0.41574074074074086 0.4244791666666667 0.41574074074074086
0 0.4322916666666668 0.975 0.3875000000000001 0.975 0.3875000000000001 1 0.4322916666666668 1
9 0.7338541666666667 0.4805555555555558 0.7010416666666667 0.4805555555555558 0.7010416666666667 0.5416666666666669 0.7338541666666667 0.5416666666666669
3 0.6244791666666667 0.5833333333333336 0.5911458333333334 0.5833333333333336 0.5911458333333334 0.6444444444444447 0.6244791666666667 0.6444444444444447
3 0.6020833333333333 0.40833333333333344 0.56875 0.40833333333333344 0.56875 0.4685185185185186 0.6020833333333333 0.4685185185185186
5 0.7119791666666667 0.313888888888889 0.671875 0.313888888888889 0.671875 0.38796296296296306 0.7119791666666667 0.38796296296296306
1 0.7020833333333333 0.23981481481481493 0.6619791666666667 0.23981481481481493 0.6619791666666667 0.31296296296296305 0.7020833333333333 0.31296296296296305
2 0.5479166666666667 0.9472222222222224 0.5130208333333335 0.9472222222222224 0.5130208333333335 1 0.5479166666666667 1
1 0.784375 0.8805555555555558 0.7442708333333333 0.8805555555555558 0.7442708333333333 0.9518518518518518 0.784375 0.9518518518518518
9 0.7520833333333333 0.6425925925925928 0.7203125 0.6425925925925928 0.7203125 0.7018518518518521 0.7520833333333333 0.7018518518518521
5 0.778125 0.8064814814814817 0.7380208333333333 0.8064814814814817 0.7380208333333333 0.8796296296296299 0.778125 0.8796296296296299
11 0.7708333333333334 0.7240740740740743 0.7286458333333333 0.7240740740740743 0.7286458333333333 0.7990740740740743 0.7708333333333334 0.7990740740740743
12 0.4239583333333333 0.6157407407407407 0.3692708333333333 0.6157407407407407 0.3692708333333333 0.7148148148148148 0.4239583333333333 0.7148148148148148
8 0.3578125 0.5305555555555556 0.3223958333333333 0.5305555555555556 0.3223958333333333 0.5935185185185186 0.3578125 0.5935185185185186
8 0.38385416666666666 0.7157407407407408 0.3484375 0.7157407407407408 0.3484375 0.7796296296296297 0.38385416666666666 0.7796296296296297