13 0.4973958333333333 0.18333333333333343 0.45416666666666666 0.18333333333333343 0.45416666666666666 0.2527777777777779 0.4973958333333333 0.2527777777777779
6 0.2760416666666667 0.6148148148148148 0.23854166666666674 0.6148148148148148 0.23854166666666674 0.675 0.2760416666666667 0.675
7 0.625 0.3296296296296297 0.5901041666666667 0.3296296296296297 0.5901041666666667 0.3851851851851853 0.625 0.3851851851851853
12 0.42916666666666664 0.7462962962962963 0.3848958333333333 0.7462962962962963 0.3848958333333333 0.8222222222222222 0.42916666666666664 0.8222222222222222
3 0.4703125 0.34444444444444455 0.44166666666666665 0.34444444444444455 0.44166666666666665 0.39074074074074083 0.4703125 0.39074074074074083
3 0.56875 0.37962962962962976 0.5390625 0.37962962962962976 0.5390625 0.4250000000000001 0.56875 0.4250000000000001
7 0.3223958333333333 0.21111111111111117 0.2869791666666667 0.21111111111111117 0.2869791666666667 0.2666666666666668 0.3223958333333333 0.2666666666666668
5 0.6375 0.1814814814814816 0.6026041666666667 0.18148148148148158 0.6026041666666667 0.23703703703703713 0.6375 0.23703703703703713
3 0.2682291666666667 0.2842592592592593 0.23802083333333332 0.28425925925925927 0.23802083333333332 0.32962962962962966 0.2682291666666667 0.3296296296296297
3 0.3651041666666667 0.3157407407407408 0.3359375 0.3157407407407408 0.3359375 0.36203703703703716 0.3651041666666667 0.36203703703703716
2 0.23385416666666672 0.5212962962962963 0.20416666666666672 0.5212962962962963 0.20416666666666672 0.5694444444444444 0.23385416666666672 0.5694444444444444
2 0.44583333333333336 0.5990740740740741 0.41510416666666666 0.5990740740740741 0.41510416666666666 0.6481481481481481 0.44583333333333336 0.6481481481481481
9 0.5359375 0.14444444444444454 0.5072916666666667 0.14444444444444454 0.5072916666666667 0.1898148148148149 0.5359375 0.1898148148148149
0 0.22031250000000005 0.7712962962962963 0.1802083333333334 0.7712962962962963 0.1802083333333334 0.8314814814814815 0.22031250000000005 0.8314814814814815
2 0.5494791666666666 0.6296296296296299 0.5203125 0.6296296296296299 0.5203125 0.677777777777778 0.5494791666666666 0.677777777777778
9 0.4375 0.1037037037037038 0.4088541666666667 0.10370370370370378 0.4088541666666667 0.14814814814814825 0.4375 0.14814814814814825
4 0.5817708333333333 0.8842592592592595 0.5463541666666667 0.8842592592592595 0.5463541666666667 0.9453703703703705 0.5817708333333333 0.9453703703703705
1 0.29791666666666666 0.06296296296296301 0.26197916666666665 0.06296296296296301 0.26197916666666665 0.11759259259259265 0.29791666666666666 0.11759259259259265
8 0.36510416666666673 0.8361111111111111 0.33645833333333336 0.8361111111111111 0.3364583333333334 0.8861111111111111 0.3651041666666668 0.8861111111111111
2 0.33958333333333335 0.55 0.3104166666666667 0.55 0.3104166666666667 0.5981481481481481 0.33958333333333335 0.5981481481481481
6 0.6 0.7222222222222224 0.5645833333333333 0.7222222222222224 0.5645833333333333 0.7787037037037039 0.6 0.7787037037037039
8 0.46718750000000014 0.8611111111111112 0.43802083333333347 0.8611111111111112 0.43802083333333347 0.9092592592592592 0.46718750000000014 0.9092592592592592
1 0.6822916666666666 0.18425925925925943 0.646875 0.18425925925925943 0.646875 0.24166666666666678 0.6822916666666666 0.24166666666666678
2 0.6515625 0.6620370370370372 0.6208333333333333 0.6620370370370372 0.6208333333333333 0.7092592592592595 0.6515625 0.7092592592592595
5 0.35104166666666664 0.07037037037037044 0.3145833333333333 0.07037037037037044 0.3145833333333333 0.1342592592592593 0.35104166666666664 0.1342592592592593
11 0.3958333333333333 0.0796296296296297 0.3578125 0.0796296296296297 0.3578125 0.14259259259259266 0.3958333333333333 0.1425925925925927
11 0.590625 0.15370370370370381 0.5578125 0.15370370370370381 0.5578125 0.21481481481481493 0.590625 0.21481481481481493
3 0.6677083333333333 0.41018518518518526 0.6375 0.41018518518518526 0.6375 0.46203703703703713 0.6677083333333333 0.46203703703703713
10 0.26927083333333335 0.7694444444444445 0.23281250000000006 0.7694444444444445 0.23281250000000006 0.8425925925925926 0.26927083333333335 0.8425925925925926
4 0.3234375 0.7851851851851852 0.28802083333333334 0.7851851851851852 0.28802083333333334 0.8537037037037037 0.3234375 0.8537037037037037
10 0.5276041666666668 0.8694444444444447 0.4916666666666668 0.8694444444444447 0.4916666666666668 0.939814814814815 0.5276041666666668 0.939814814814815
0 0.6286458333333333 0.8962962962962965 0.5932291666666667 0.8962962962962965 0.5932291666666667 0.9601851851851851 0.6286458333333333 0.9601851851851851