10 0.34375 0.3555555555555557 0.31145833333333334 0.3555555555555557 0.31145833333333334 0.4148148148148149 0.34375 0.4148148148148149
10 0.3260416666666667 0.4361111111111112 0.29375 0.4361111111111112 0.29375 0.49537037037037035 0.3260416666666667 0.49537037037037035
7 0.571875 0.38240740740740753 0.5385416666666667 0.38240740740740753 0.5385416666666667 0.4425925925925927 0.571875 0.4425925925925927
11 0.5744791666666667 0.6620370370370372 0.5411458333333333 0.6620370370370372 0.5411458333333333 0.7240740740740743 0.5744791666666667 0.7240740740740743
6 0.359375 0.2777777777777779 0.32760416666666664 0.2777777777777779 0.32760416666666664 0.3361111111111112 0.359375 0.3361111111111112
2 0.396875 0.29907407407407416 0.37135416666666665 0.29907407407407416 0.37135416666666665 0.34444444444444455 0.396875 0.34444444444444455
3 0.4947916666666667 0.5305555555555557 0.46822916666666664 0.5305555555555556 0.46822916666666664 0.5787037037037038 0.4947916666666667 0.5787037037037039
3 0.5125 0.4500000000000001 0.4859375 0.4500000000000001 0.4859375 0.4990740740740743 0.5125 0.4990740740740743
7 0.5135416666666667 0.7277777777777779 0.4796875 0.7277777777777777 0.4796875 0.788888888888889 0.5135416666666667 0.7888888888888891
2 0.4140625 0.22037037037037047 0.38958333333333334 0.22037037037037047 0.38958333333333334 0.26574074074074083 0.4140625 0.26574074074074083
3 0.5260416666666666 0.36296296296296304 0.49947916666666664 0.36296296296296304 0.49947916666666664 0.4111111111111112 0.5260416666666666 0.4111111111111112
3 0.4817708333333333 0.625 0.4552083333333333 0.625 0.4552083333333333 0.674074074074074 0.4817708333333333 0.674074074074074
2 0.38229166666666664 0.3851851851851853 0.35625 0.3851851851851853 0.35625 0.4314814814814816 0.38229166666666664 0.4314814814814816
2 0.3625 0.4712962962962964 0.33697916666666666 0.4712962962962964 0.33697916666666666 0.5185185185185185 0.3625 0.5185185185185185
3 0.5395833333333333 0.2842592592592594 0.5119791666666667 0.2842592592592594 0.5119791666666667 0.3314814814814816 0.5395833333333333 0.3314814814814816
5 0.6276041666666666 0.3175925925925927 0.5942708333333333 0.3175925925925927 0.5942708333333333 0.37685185185185194 0.6276041666666666 0.37685185185185194
12 0.30833333333333335 0.3212962962962964 0.26979166666666665 0.3212962962962964 0.26979166666666665 0.3935185185185186 0.30833333333333335 0.3935185185185186
6 0.31197916666666664 0.524074074074074 0.2796875 0.524074074074074 0.2796875 0.5842592592592593 0.31197916666666664 0.5842592592592593
9 0.5828125 0.5824074074074076 0.55625 0.5824074074074076 0.55625 0.6305555555555558 0.5828125 0.6305555555555558
9 0.6114583333333333 0.41203703703703715 0.584375 0.41203703703703715 0.584375 0.4601851851851853 0.6114583333333333 0.4601851851851853
8 0.2869791666666667 0.4185185185185186 0.2609375 0.4185185185185186 0.26093750000000004 0.46574074074074084 0.2869791666666667 0.46574074074074084
11 0.5416666666666666 0.5537037037037039 0.5078125 0.5537037037037039 0.5078125 0.6166666666666669 0.5416666666666666 0.6166666666666669
4 0.33541666666666664 0.17870370370370375 0.3026041666666667 0.17870370370370375 0.3026041666666667 0.23703703703703713 0.33541666666666664 0.23703703703703713
8 0.31666666666666665 0.2583333333333334 0.29010416666666666 0.2583333333333334 0.29010416666666666 0.3064814814814816 0.31666666666666665 0.3064814814814816
0 0.37552083333333336 0.20000000000000007 0.3421875 0.20000000000000004 0.3421875 0.25925925925925936 0.37552083333333336 0.25925925925925936
4 0.27291666666666664 0.5 0.23854166666666674 0.5 0.23854166666666674 0.562962962962963 0.27291666666666664 0.562962962962963
0 0.2583333333333334 0.5833333333333334 0.2239583333333334 0.5833333333333334 0.2239583333333334 0.6462962962962963 0.2583333333333334 0.6462962962962963
1 0.5583333333333333 0.4648148148148149 0.5234375 0.4648148148148149 0.5234375 0.527777777777778 0.5583333333333333 0.527777777777778
1 0.5296875 0.6314814814814816 0.4921875 0.6314814814814816 0.4921875 0.6972222222222224 0.5296875 0.6972222222222224
13 0.6072916666666667 0.48333333333333356 0.5651041666666666 0.48333333333333356 0.5651041666666666 0.5592592592592595 0.6072916666666667 0.5592592592592595
5 0.5614583333333333 0.7509259259259261 0.525 0.7509259259259261 0.525 0.815740740740741 0.5614583333333333 0.815740740740741
2 0.35208333333333336 0.5527777777777778 0.32395833333333335 0.5527777777777778 0.32395833333333335 0.6027777777777777 0.35208333333333336 0.6027777777777777