7 0.6145833333333334 1.285879139104721e-16 0.5666666666666667 1.233718256918815e-16 0.5666666666666667 0.010185185185185314 0.6145833333333334 0.01018518518518532
2 0.4395833333333333 0.05092592592592602 0.4005208333333333 0.05092592592592602 0.4005208333333333 0.12037037037037047 0.4395833333333333 0.12037037037037047
3 0.6723958333333333 0.1592592592592594 0.6317708333333333 0.1592592592592594 0.6317708333333333 0.23148148148148165 0.6723958333333333 0.23148148148148165
4 0.5135416666666667 0.5870370370370371 0.4630208333333333 0.587037037037037 0.4630208333333333 0.6768518518518519 0.5135416666666667 0.676851851851852
7 0.8083333333333333 0.3324074074074076 0.7567708333333333 0.3324074074074076 0.7567708333333333 0.42407407407407427 0.8083333333333333 0.42407407407407427
2 0.49635416666666665 0.18148148148148158 0.45729166666666665 0.18148148148148158 0.45729166666666665 0.25092592592592605 0.49635416666666665 0.25092592592592605
3 0.7307291666666667 0.3111111111111113 0.690625 0.3111111111111112 0.690625 0.38333333333333347 0.7307291666666667 0.3833333333333335
3 0.6109375 0.0314814814814816 0.571875 0.0314814814814816 0.571875 0.10185185185185198 0.6109375 0.10185185185185198
12 0.4973958333333333 0.4064814814814816 0.4354166666666667 0.4064814814814816 0.4354166666666667 0.5185185185185186 0.4973958333333333 0.5185185185185187
2 0.6213541666666667 0.4611111111111112 0.5802083333333333 0.4611111111111112 0.5802083333333333 0.5333333333333335 0.6213541666666667 0.5333333333333335
2 0.6822916666666666 0.6120370370370373 0.640625 0.6120370370370373 0.640625 0.6861111111111113 0.6822916666666666 0.6861111111111113
13 0.7494791666666667 0.046296296296296446 0.6895833333333333 0.04629629629629644 0.6895833333333333 0.15370370370370387 0.7494791666666667 0.15370370370370387
6 0.6208333333333333 0.5851851851851854 0.56875 0.5851851851851854 0.56875 0.677777777777778 0.6208333333333333 0.677777777777778
4 0.3671875 0.24907407407407417 0.3177083333333333 0.24907407407407417 0.3177083333333333 0.33703703703703713 0.3671875 0.33703703703703713
0 0.34427083333333336 0.18796296296296303 0.29583333333333334 0.18796296296296303 0.29583333333333334 0.2750000000000001 0.34427083333333336 0.2750000000000001
3 0.790625 0.4574074074074076 0.7494791666666667 0.4574074074074076 0.7494791666666667 0.5305555555555558 0.790625 0.5305555555555558
1 0.8994791666666667 0.31481481481481505 0.8494791666666667 0.31481481481481505 0.8494791666666667 0.4055555555555558 0.8994791666666667 0.4055555555555558
2 0.5552083333333333 0.32037037037037047 0.5145833333333333 0.32037037037037047 0.5145833333333333 0.3925925925925927 0.5552083333333333 0.3925925925925927
8 0.4713541666666667 0.55 0.43125 0.55 0.43125 0.6212962962962963 0.4713541666666667 0.6212962962962963
9 0.8130208333333333 0.10185185185185203 0.7729166666666667 0.10185185185185201 0.7729166666666667 0.17407407407407424 0.8130208333333333 0.17407407407407424
10 0.5442708333333334 0.665740740740741 0.49322916666666666 0.665740740740741 0.49322916666666666 0.7574074074074076 0.5442708333333334 0.7574074074074076
9 0.7432291666666667 1.5767327539022172e-16 0.7052083333333333 1.5353442278199223e-16 0.7052083333333333 0.032407407407407565 0.7432291666666667 0.032407407407407565
11 0.8442708333333333 0.1592592592592594 0.7942708333333334 0.1592592592592594 0.7942708333333334 0.24814814814814837 0.8442708333333333 0.24814814814814837
5 0.8708333333333333 0.22685185185185203 0.8223958333333333 0.226851851851852 0.8223958333333333 0.3138888888888891 0.8708333333333333 0.3138888888888891
6 0.4359375 0.14351851851851863 0.38697916666666665 0.14351851851851863 0.38697916666666665 0.2314814814814816 0.4359375 0.2314814814814816
10 0.3963541666666667 0.31666666666666676 0.34479166666666666 0.31666666666666676 0.34479166666666666 0.41203703703703715 0.3963541666666667 0.41203703703703715
8 0.421875 0.4027777777777779 0.37916666666666665 0.4027777777777779 0.37916666666666665 0.4824074074074074 0.421875 0.4824074074074074
0 0.5671875 0.7462962962962965 0.5140625 0.7462962962962965 0.5140625 0.8425925925925928 0.5671875 0.8425925925925928