8 0.6307291666666667 0.9972222222222222 0.596875 0.9972222222222222 0.596875 1 0.6307291666666667 1
3 0.43072916666666666 0.5777777777777777 0.39479166666666665 0.5777777777777777 0.39479166666666665 0.6435185185185185 0.43072916666666666 0.6435185185185185
2 0.5270833333333333 0.8444444444444447 0.49114583333333334 0.8444444444444447 0.4911458333333334 0.9092592592592594 0.5270833333333335 0.9092592592592594
2 0.5973958333333333 0.49351851851851875 0.5630208333333333 0.49351851851851875 0.5630208333333333 0.5564814814814817 0.5973958333333333 0.5564814814814817
12 0.6177083333333333 0.8685185185185187 0.565625 0.8685185185185187 0.565625 0.9657407407407408 0.6177083333333333 0.9657407407407408
8 0.6671875 0.8407407407407409 0.6354166666666666 0.8407407407407409 0.6354166666666666 0.9009259259259261 0.6671875 0.9009259259259261
2 0.5583333333333333 0.665740740740741 0.5229166666666667 0.665740740740741 0.5229166666666667 0.7305555555555557 0.5583333333333333 0.7305555555555557
3 0.35208333333333347 0.9268518518518518 0.3156250000000001 0.9268518518518518 0.3156250000000001 0.9925925925925926 0.35208333333333347 0.9925925925925926
7 0.4125 0.4462962962962964 0.36770833333333336 0.4462962962962964 0.36770833333333336 0.5287037037037037 0.4125 0.5287037037037037
6 0.6276041666666666 0.5935185185185188 0.5838541666666667 0.5935185185185188 0.5838541666666667 0.6722222222222224 0.6276041666666666 0.6722222222222224
3 0.38697916666666665 0.7564814814814815 0.35052083333333334 0.7564814814814815 0.35052083333333334 0.8231481481481482 0.38697916666666665 0.8231481481481482
4 0.6776041666666667 0.7546296296296299 0.6359375 0.7546296296296299 0.6359375 0.8324074074074076 0.6776041666666667 0.8324074074074076
13 0.3104166666666667 0.6833333333333333 0.25520833333333337 0.6833333333333333 0.25520833333333337 0.7824074074074074 0.3104166666666667 0.7824074074074074
9 0.24531250000000007 0.7537037037037037 0.20885416666666673 0.7537037037037037 0.20885416666666673 0.8185185185185185 0.24531250000000007 0.8185185185185185
10 0.6989583333333333 0.6666666666666669 0.6541666666666667 0.6666666666666669 0.6541666666666667 0.7453703703703706 0.6989583333333333 0.7453703703703706
0 0.7197916666666667 0.5888888888888891 0.6760416666666667 0.5888888888888891 0.6760416666666667 0.6666666666666669 0.7197916666666667 0.6666666666666669
11 0.22864583333333338 0.8305555555555556 0.17968750000000006 0.8305555555555556 0.17968750000000006 0.9111111111111111 0.22864583333333338 0.9111111111111111
9 0.284375 0.5675925925925925 0.24375000000000005 0.5675925925925925 0.24375000000000005 0.6351851851851852 0.284375 0.6351851851851852
11 0.3067708333333333 0.4722222222222223 0.2588541666666667 0.4722222222222223 0.2588541666666667 0.5601851851851852 0.3067708333333333 0.5601851851851852
5 0.3265625 0.39814814814814825 0.28125 0.39814814814814825 0.28125 0.4842592592592593 0.3265625 0.4842592592592593
1 0.35572916666666665 0.30462962962962975 0.30572916666666666 0.30462962962962975 0.30572916666666666 0.3916666666666668 0.35572916666666665 0.3916666666666668
3 0.47552083333333334 0.413888888888889 0.43802083333333336 0.413888888888889 0.43802083333333336 0.4777777777777778 0.47552083333333334 0.4777777777777778