11 0.46666666666666673 0.8240740740740741 0.41875 0.8240740740740741 0.41875000000000007 0.8944444444444445 0.4666666666666668 0.8944444444444445
2 0.5901041666666667 0.09629629629629642 0.5526041666666667 0.09629629629629642 0.5526041666666667 0.15092592592592602 0.5901041666666667 0.15092592592592602
7 0.6177083333333333 0.6092592592592595 0.5708333333333333 0.6092592592592595 0.5708333333333333 0.6796296296296298 0.6177083333333333 0.6796296296296298
3 0.6234375 0.6972222222222224 0.584375 0.6972222222222224 0.584375 0.752777777777778 0.6234375 0.752777777777778
7 0.4015625 0.6675925925925926 0.353125 0.6675925925925926 0.353125 0.7388888888888889 0.4015625 0.7388888888888889
2 0.37916666666666665 0.16388888888888897 0.3416666666666667 0.16388888888888895 0.3416666666666667 0.21944444444444453 0.37916666666666665 0.21944444444444455
13 0.49583333333333335 0.19444444444444456 0.44166666666666665 0.19444444444444456 0.44166666666666665 0.2879629629629631 0.49583333333333335 0.2879629629629631
2 0.42916666666666664 0.23425925925925936 0.390625 0.23425925925925936 0.390625 0.29074074074074086 0.42916666666666664 0.29074074074074086
4 0.5489583333333333 0.2787037037037038 0.5005208333333333 0.2787037037037038 0.5005208333333333 0.35092592592592603 0.5489583333333333 0.35092592592592603
12 0.5171875 0.6361111111111112 0.459375 0.6361111111111111 0.459375 0.7212962962962964 0.5171875 0.7212962962962965
3 0.40625 0.7666666666666667 0.36614583333333334 0.7666666666666667 0.36614583333333334 0.8231481481481482 0.40625 0.8231481481481482
5 0.4505208333333333 0.5777777777777777 0.40260416666666665 0.5777777777777777 0.40260416666666665 0.6472222222222223 0.4505208333333333 0.6472222222222223
0 0.5427083333333333 0.03240740740740752 0.4942708333333333 0.03240740740740751 0.4942708333333333 0.10185185185185196 0.5427083333333333 0.10185185185185196
3 0.565625 0.6296296296296299 0.5260416666666666 0.6296296296296299 0.5260416666666666 0.6879629629629632 0.565625 0.6879629629629632
10 0.4901041666666667 0.12407407407407418 0.44375 0.12407407407407418 0.44375 0.19351851851851862 0.4901041666666667 0.19351851851851862
4 0.4421875 0.313888888888889 0.3984375 0.313888888888889 0.3984375 0.3833333333333334 0.4421875 0.3833333333333334
1 0.5208333333333334 0.7175925925925927 0.471875 0.7175925925925926 0.471875 0.789814814814815 0.5208333333333334 0.7898148148148151
1 0.5239583333333334 0.8074074074074075 0.475 0.8074074074074075 0.47500000000000003 0.8787037037037038 0.5239583333333334 0.8787037037037039
9 0.43072916666666666 0.1601851851851853 0.3932291666666667 0.1601851851851853 0.3932291666666667 0.21666666666666679 0.43072916666666666 0.21666666666666679
8 0.4588541666666667 0.7490740740740741 0.4192708333333333 0.7490740740740741 0.4192708333333333 0.8055555555555556 0.4588541666666667 0.8055555555555556
3 0.5083333333333333 0.5592592592592593 0.46822916666666664 0.5592592592592592 0.46822916666666664 0.6166666666666668 0.5083333333333333 0.6166666666666669
10 0.4828125 0.04907407407407417 0.43697916666666664 0.049074074074074166 0.43697916666666664 0.11851851851851862 0.4828125 0.11851851851851862
9 0.5432291666666667 0.11851851851851862 0.5046875 0.11851851851851862 0.5046875 0.17314814814814825 0.5432291666666667 0.17314814814814825
2 0.4921875 0.29722222222222233 0.453125 0.29722222222222233 0.453125 0.3555555555555557 0.4921875 0.3555555555555557
11 0.575 0.7879629629629632 0.525 0.7879629629629632 0.525 0.8592592592592595 0.575 0.8592592592592595
0 0.4328125 0.06203703703703713 0.38645833333333335 0.06203703703703711 0.38645833333333335 0.13055555555555567 0.4328125 0.13055555555555567
5 0.5619791666666667 0.5370370370370372 0.5166666666666667 0.5370370370370372 0.5166666666666667 0.614814814814815 0.5619791666666667 0.614814814814815
6 0.3854166666666667 0.2425925925925927 0.3380208333333333 0.2425925925925927 0.3380208333333333 0.313888888888889 0.3854166666666667 0.313888888888889
2 0.5375 0.19907407407407418 0.5005208333333333 0.19907407407407418 0.5005208333333333 0.25555555555555565 0.5375 0.25555555555555565
6 0.5994791666666667 0.16574074074074086 0.55625 0.16574074074074086 0.55625 0.24166666666666678 0.5994791666666667 0.24166666666666678
3 0.44947916666666665 0.6601851851851852 0.4171875 0.6601851851851852 0.4171875 0.7240740740740741 0.44947916666666665 0.7240740740740741
8 0.5645833333333333 0.7120370370370372 0.5276041666666667 0.7120370370370372 0.5276041666666667 0.7750000000000002 0.5645833333333333 0.7750000000000002