3 0.3854166666666667 0.3296296296296297 0.3567708333333333 0.3296296296296297 0.3567708333333333 0.37592592592592605 0.3854166666666667 0.37592592592592605
2 0.38229166666666664 0.5944444444444444 0.35208333333333336 0.5944444444444444 0.35208333333333336 0.6425925925925926 0.38229166666666664 0.6425925925925926
6 0.5489583333333333 0.665740740740741 0.5130208333333334 0.665740740740741 0.5130208333333334 0.7250000000000002 0.5489583333333333 0.7250000000000002
3 0.48125 0.3379629629629631 0.453125 0.3379629629629631 0.453125 0.3851851851851853 0.48125 0.3851851851851853
3 0.5817708333333333 0.3416666666666668 0.553125 0.3416666666666668 0.553125 0.38611111111111124 0.5817708333333333 0.38611111111111124
7 0.5375 0.2666666666666668 0.5015625 0.2666666666666668 0.5015625 0.3240740740740742 0.5375 0.3240740740740742
5 0.5328125 0.11759259259259269 0.4979166666666667 0.11759259259259269 0.4979166666666667 0.1740740740740742 0.5328125 0.1740740740740742
13 0.39375 0.16574074074074083 0.35104166666666664 0.1657407407407408 0.35104166666666664 0.23425925925925933 0.39375 0.23425925925925936
2 0.48541666666666666 0.588888888888889 0.45677083333333335 0.5888888888888889 0.45677083333333335 0.6370370370370372 0.48541666666666666 0.6370370370370373
2 0.27708333333333335 0.5824074074074074 0.24791666666666673 0.5824074074074074 0.24791666666666673 0.6314814814814815 0.27708333333333335 0.6314814814814815
2 0.5895833333333333 0.589814814814815 0.5604166666666667 0.589814814814815 0.5604166666666667 0.6361111111111113 0.5895833333333333 0.6361111111111113
9 0.325 0.1046296296296297 0.29739583333333336 0.10462962962962968 0.29739583333333336 0.15000000000000005 0.325 0.15000000000000005
6 0.22031250000000005 0.6694444444444444 0.1848958333333334 0.6694444444444444 0.1848958333333334 0.7296296296296296 0.22031250000000005 0.7296296296296296
7 0.2265625 0.25092592592592594 0.1921875 0.25092592592592594 0.1921875 0.30833333333333335 0.2265625 0.30833333333333335
9 0.4276041666666667 0.11481481481481491 0.39895833333333336 0.1148148148148149 0.39895833333333336 0.15925925925925938 0.4276041666666667 0.15925925925925938
1 0.1859375 0.11666666666666671 0.15208333333333332 0.1166666666666667 0.15208333333333332 0.17129629629629634 0.1859375 0.17129629629629634
2 0.1723958333333334 0.5861111111111111 0.14375000000000007 0.5861111111111111 0.14375000000000007 0.6342592592592593 0.1723958333333334 0.6342592592592593
3 0.1796875 0.3416666666666667 0.1515625 0.3416666666666667 0.1515625 0.387037037037037 0.1796875 0.387037037037037
12 0.384375 0.7462962962962963 0.33958333333333335 0.7462962962962963 0.33958333333333335 0.8222222222222222 0.384375 0.8222222222222222
3 0.278125 0.34074074074074084 0.25 0.34074074074074084 0.25 0.3870370370370371 0.278125 0.3870370370370371
4 0.5494791666666666 0.8333333333333336 0.5119791666666667 0.8333333333333336 0.5119791666666668 0.8953703703703706 0.5494791666666666 0.8953703703703706
0 0.18281250000000007 0.8425925925925926 0.14687500000000006 0.8425925925925926 0.14687500000000006 0.9037037037037037 0.18281250000000007 0.9037037037037037
1 0.575 0.10740740740740752 0.5401041666666667 0.1074074074074075 0.5401041666666667 0.16203703703703715 0.575 0.16203703703703715
4 0.28750000000000003 0.825 0.2510416666666667 0.825 0.2510416666666667 0.8907407407407407 0.28750000000000014 0.8907407407407407
5 0.2390625 0.10370370370370376 0.20572916666666666 0.10370370370370376 0.20572916666666666 0.16111111111111118 0.2390625 0.16111111111111118
11 0.2828125 0.09907407407407412 0.246875 0.09907407407407412 0.246875 0.15740740740740747 0.2828125 0.15740740740740747
11 0.4828125 0.10462962962962974 0.4484375 0.10462962962962974 0.4484375 0.16481481481481491 0.4828125 0.16481481481481491
10 0.23281250000000006 0.8268518518518518 0.19843750000000007 0.8268518518518518 0.19843750000000007 0.8898148148148148 0.23281250000000006 0.8898148148148148
8 0.33125000000000004 0.8537037037037037 0.3015625 0.8537037037037037 0.30156250000000007 0.9018518518518519 0.3312500000000001 0.9018518518518519
8 0.4317708333333334 0.8416666666666667 0.40625 0.8416666666666667 0.40625000000000006 0.8962962962962963 0.43177083333333344 0.8962962962962963
10 0.4963541666666667 0.8342592592592594 0.4583333333333333 0.8342592592592593 0.45833333333333337 0.9000000000000001 0.49635416666666676 0.9000000000000002
0 0.5984375 0.8231481481481484 0.5625 0.8231481481481484 0.5625 0.8898148148148151 0.5984375 0.8898148148148151