12 0.6151041666666667 0.551851851851852 0.5729166666666666 0.551851851851852 0.5729166666666666 0.6287037037037039 0.6151041666666667 0.6287037037037039
5 0.2911458333333333 0.43425925925925934 0.25781250000000006 0.43425925925925934 0.25781250000000006 0.49444444444444446 0.2911458333333333 0.49444444444444446
1 0.43072916666666666 0.18240740740740752 0.39791666666666664 0.18240740740740752 0.39791666666666664 0.23796296296296307 0.43072916666666666 0.23796296296296307
7 0.353125 0.3925925925925927 0.32083333333333336 0.3925925925925927 0.32083333333333336 0.45185185185185195 0.353125 0.45185185185185195
0 0.5239583333333333 0.665740740740741 0.4890625 0.665740740740741 0.4890625 0.7268518518518521 0.5239583333333333 0.7268518518518521
6 0.5484375 0.5879629629629631 0.5135416666666667 0.5879629629629631 0.5135416666666667 0.6500000000000002 0.5484375 0.6500000000000002
13 0.3453125 0.2740740740740742 0.30625 0.2740740740740742 0.30625 0.3453703703703705 0.3453125 0.3453703703703705
5 0.41822916666666665 0.07407407407407415 0.3848958333333333 0.07407407407407415 0.3848958333333333 0.12962962962962973 0.41822916666666665 0.12962962962962973
6 0.6223958333333334 0.3574074074074075 0.5895833333333333 0.3574074074074075 0.5895833333333333 0.4185185185185186 0.6223958333333334 0.4185185185185186
4 0.6619791666666667 0.3990740740740742 0.6291666666666667 0.3990740740740742 0.6291666666666667 0.45925925925925937 0.6619791666666667 0.45925925925925937
11 0.40625 0.2453703703703705 0.37395833333333334 0.2453703703703705 0.37395833333333334 0.30277777777777787 0.40625 0.30277777777777787
3 0.4109375 0.3611111111111112 0.384375 0.3611111111111112 0.384375 0.4074074074074075 0.4109375 0.4074074074074075
1 0.3796875 0.3212962962962964 0.346875 0.3212962962962964 0.346875 0.3787037037037038 0.3796875 0.3787037037037038
0 0.6838541666666667 0.32222222222222235 0.6505208333333333 0.32222222222222235 0.6505208333333333 0.3851851851851853 0.6838541666666667 0.3851851851851853
3 0.4390625 0.2935185185185186 0.41302083333333334 0.2935185185185186 0.41302083333333334 0.34074074074074084 0.4390625 0.34074074074074084
3 0.3614583333333333 0.512962962962963 0.33489583333333334 0.512962962962963 0.33489583333333334 0.5611111111111111 0.3614583333333333 0.5611111111111111
11 0.3927083333333333 0.14259259259259266 0.359375 0.14259259259259263 0.359375 0.19907407407407415 0.3927083333333333 0.19907407407407418
10 0.5729166666666666 0.5120370370370373 0.5390625 0.5120370370370373 0.5390625 0.5740740740740743 0.5729166666666666 0.5740740740740743
8 0.5848958333333333 0.6416666666666668 0.5572916666666666 0.6416666666666668 0.5572916666666666 0.6916666666666669 0.5848958333333333 0.6916666666666669
4 0.5635416666666667 0.7111111111111114 0.5286458333333334 0.7111111111111114 0.5286458333333334 0.7722222222222225 0.5635416666666667 0.7722222222222225
2 0.47708333333333336 0.6351851851851852 0.4484375 0.6351851851851852 0.4484375 0.6842592592592592 0.47708333333333336 0.6842592592592592
10 0.6 0.43796296296296305 0.5666666666666667 0.43796296296296305 0.5666666666666667 0.5000000000000002 0.6 0.5000000000000002
9 0.31302083333333336 0.3611111111111112 0.2869791666666667 0.3611111111111112 0.2869791666666667 0.40833333333333344 0.31302083333333336 0.40833333333333344
7 0.4557291666666667 0.10833333333333342 0.42239583333333336 0.1083333333333334 0.42239583333333336 0.163888888888889 0.4557291666666667 0.163888888888889
2 0.5046875 0.5592592592592593 0.47760416666666666 0.5592592592592592 0.47760416666666666 0.6092592592592594 0.5046875 0.6092592592592595
9 0.36614583333333334 0.21759259259259267 0.340625 0.21759259259259264 0.340625 0.263888888888889 0.36614583333333334 0.263888888888889
2 0.5807291666666666 0.3250000000000001 0.5541666666666667 0.3250000000000001 0.5541666666666667 0.37222222222222234 0.5807291666666666 0.37222222222222234
2 0.5302083333333333 0.4768518518518521 0.5036458333333333 0.4768518518518521 0.5036458333333333 0.5250000000000002 0.5302083333333333 0.5250000000000002
2 0.559375 0.3990740740740742 0.5328125 0.3990740740740742 0.5328125 0.44722222222222235 0.559375 0.44722222222222235
3 0.4640625 0.21296296296296308 0.4375 0.21296296296296308 0.4375 0.25925925925925936 0.4640625 0.25925925925925936
3 0.3859375 0.43981481481481494 0.359375 0.43981481481481494 0.359375 0.48703703703703705 0.3859375 0.48703703703703705
8 0.63125 0.4861111111111113 0.6046875 0.4861111111111113 0.6046875 0.5361111111111113 0.63125 0.5361111111111113