3 0.659375 0.6185185185185187 0.6229166666666667 0.6185185185185187 0.6229166666666667 0.6787037037037039 0.659375 0.6787037037037039
7 0.70625 0.7000000000000002 0.6604166666666667 0.7000000000000002 0.6604166666666667 0.7759259259259261 0.70625 0.7759259259259261
3 0.7588541666666667 0.6620370370370372 0.7213541666666666 0.6620370370370372 0.7213541666666666 0.7222222222222224 0.7588541666666667 0.7222222222222224
2 0.38125 0.24166666666666678 0.346875 0.24166666666666678 0.346875 0.2981481481481483 0.38125 0.2981481481481483
2 0.5859375 0.32222222222222235 0.55 0.32222222222222235 0.55 0.3814814814814816 0.5859375 0.3814814814814816
3 0.45416666666666666 0.5231481481481481 0.4171875 0.5231481481481481 0.4171875 0.5824074074074074 0.45416666666666666 0.5824074074074074
12 0.6052083333333333 0.15370370370370384 0.55 0.15370370370370381 0.55 0.24166666666666678 0.6052083333333333 0.24166666666666678
0 0.421875 0.01296296296296305 0.3807291666666667 0.012962962962963046 0.3807291666666667 0.08055555555555563 0.421875 0.08055555555555563
3 0.3536458333333333 0.47314814814814826 0.3182291666666667 0.47314814814814826 0.3182291666666667 0.5314814814814814 0.3536458333333333 0.5314814814814814
4 0.7645833333333333 0.16018518518518535 0.7208333333333333 0.16018518518518535 0.7208333333333333 0.23240740740740756 0.7645833333333333 0.23240740740740756
2 0.7869791666666667 0.414814814814815 0.7505208333333333 0.414814814814815 0.7505208333333333 0.47407407407407426 0.7869791666666667 0.47407407407407426
2 0.6880208333333333 0.37222222222222234 0.6520833333333333 0.37222222222222234 0.6520833333333333 0.4324074074074075 0.6880208333333333 0.4324074074074075
8 0.5625 0.0740740740740742 0.5286458333333334 0.07407407407407418 0.5286458333333334 0.12870370370370382 0.5625 0.12870370370370382
5 0.6869791666666667 0.8657407407407409 0.6411458333333333 0.8657407407407409 0.6411458333333333 0.9435185185185188 0.6869791666666667 0.9435185185185188
3 0.5583333333333333 0.5768518518518521 0.521875 0.5768518518518521 0.521875 0.6379629629629632 0.5583333333333333 0.6379629629629632
4 0.5203125 0.06574074074074085 0.47760416666666666 0.06574074074074085 0.47760416666666666 0.13981481481481492 0.5203125 0.13981481481481492
8 0.6541666666666667 0.11851851851851868 0.6192708333333333 0.11851851851851868 0.6192708333333333 0.17500000000000016 0.6541666666666667 0.17500000000000016
2 0.4822916666666667 0.288888888888889 0.44635416666666666 0.288888888888889 0.44635416666666666 0.3462962962962964 0.4822916666666667 0.3462962962962964
13 0.5489583333333333 0.7240740740740743 0.49322916666666666 0.7240740740740743 0.49322916666666666 0.8166666666666669 0.5489583333333333 0.8166666666666669
7 0.39114583333333336 0.5731481481481482 0.3463541666666667 0.5731481481481482 0.3463541666666667 0.649074074074074 0.39114583333333336 0.649074074074074
6 0.7552083333333334 0.3129629629629631 0.7114583333333333 0.31296296296296305 0.7114583333333333 0.3861111111111113 0.7552083333333334 0.38611111111111135
1 0.3255208333333333 0.6972222222222222 0.28072916666666664 0.6972222222222222 0.28072916666666664 0.7712962962962963 0.3255208333333333 0.7712962962962963
10 0.7130208333333333 0.1333333333333335 0.6692708333333334 0.1333333333333335 0.6692708333333334 0.2046296296296298 0.7130208333333333 0.2046296296296298
0 0.809375 0.17870370370370386 0.7651041666666667 0.17870370370370386 0.7651041666666667 0.25740740740740764 0.809375 0.25740740740740764
10 0.46927083333333336 0.04074074074074084 0.42604166666666665 0.040740740740740834 0.42604166666666665 0.113888888888889 0.46927083333333336 0.113888888888889
1 0.73125 0.8944444444444447 0.684375 0.8944444444444447 0.684375 0.9740740740740741 0.73125 0.9740740740740741
11 0.6364583333333333 0.8472222222222224 0.5869791666666667 0.8472222222222224 0.5869791666666667 0.9287037037037039 0.6364583333333333 0.9287037037037039
9 0.5796875 0.8259259259259262 0.5380208333333333 0.8259259259259262 0.5380208333333333 0.8944444444444447 0.5796875 0.8944444444444447
9 0.46770833333333334 0.7870370370370371 0.43020833333333336 0.7870370370370371 0.43020833333333336 0.850925925925926 0.46770833333333334 0.850925925925926
11 0.42552083333333335 0.7592592592592593 0.37916666666666665 0.7592592592592593 0.37916666666666665 0.8351851851851851 0.42552083333333335 0.8351851851851851
5 0.38125 0.7324074074074074 0.334375 0.7324074074074074 0.334375 0.812962962962963 0.38125 0.812962962962963
6 0.440625 0.17222222222222233 0.39739583333333334 0.17222222222222233 0.39739583333333334 0.25092592592592605 0.440625 0.25092592592592605