11 0.6895833333333333 0.22777777777777794 0.6578125 0.22777777777777794 0.6578125 0.28518518518518526 0.6895833333333333 0.28518518518518526
12 0.5895833333333333 0.7648148148148151 0.5473958333333333 0.7648148148148151 0.5473958333333333 0.8407407407407409 0.5895833333333333 0.8407407407407409
10 0.6416666666666667 0.6972222222222224 0.6078125 0.6972222222222224 0.6078125 0.7583333333333335 0.6416666666666667 0.7583333333333335
7 0.5447916666666667 0.2925925925925927 0.5104166666666666 0.2925925925925927 0.5104166666666666 0.35277777777777786 0.5447916666666667 0.35277777777777786
6 0.540625 0.6879629629629632 0.5072916666666667 0.6879629629629632 0.5072916666666667 0.7490740740740743 0.540625 0.7490740740740743
4 0.6921875 0.777777777777778 0.659375 0.777777777777778 0.659375 0.8379629629629631 0.6921875 0.8379629629629631
4 0.4864583333333333 0.7703703703703705 0.45208333333333334 0.7703703703703704 0.45208333333333334 0.8314814814814816 0.4864583333333333 0.8314814814814817
11 0.6442708333333333 0.30092592592592604 0.6119791666666666 0.30092592592592604 0.6119791666666666 0.3592592592592594 0.6442708333333333 0.3592592592592594
3 0.4895833333333333 0.37407407407407417 0.4625 0.37407407407407417 0.4625 0.41944444444444456 0.4895833333333333 0.41944444444444456
10 0.5911458333333334 0.689814814814815 0.5572916666666666 0.689814814814815 0.5572916666666666 0.7518518518518521 0.5911458333333334 0.7518518518518521
6 0.6942708333333333 0.6944444444444446 0.6598958333333333 0.6944444444444446 0.6598958333333333 0.7546296296296299 0.6942708333333333 0.7546296296296299
7 0.7385416666666667 0.30648148148148163 0.7067708333333333 0.3064814814814816 0.7067708333333333 0.3657407407407409 0.7385416666666667 0.365740740740741
13 0.5984375 0.21296296296296308 0.5588541666666667 0.21296296296296308 0.5588541666666667 0.28333333333333344 0.5984375 0.28333333333333344
1 0.5932291666666667 0.2962962962962964 0.5598958333333334 0.2962962962962964 0.5598958333333334 0.35648148148148157 0.5932291666666667 0.35648148148148157
2 0.48385416666666664 0.6064814814814816 0.45729166666666665 0.6064814814814815 0.45729166666666665 0.6564814814814816 0.48385416666666664 0.6564814814814817
5 0.7380208333333333 0.2305555555555557 0.7052083333333333 0.2305555555555557 0.7052083333333333 0.28888888888888903 0.7380208333333333 0.2888888888888891
2 0.6432291666666666 0.6240740740740743 0.6166666666666667 0.6240740740740743 0.6166666666666667 0.6712962962962965 0.6432291666666666 0.6712962962962965
0 0.490625 0.6861111111111112 0.45625 0.6861111111111111 0.45625 0.7481481481481482 0.490625 0.7481481481481483
2 0.6911458333333333 0.6203703703703706 0.6645833333333333 0.6203703703703706 0.6645833333333333 0.6685185185185187 0.6911458333333333 0.6685185185185187
8 0.5333333333333333 0.7805555555555558 0.50625 0.7805555555555558 0.50625 0.8287037037037039 0.5333333333333333 0.8287037037037039
3 0.5380208333333333 0.37314814814814823 0.5119791666666667 0.37314814814814823 0.5119791666666667 0.4212962962962964 0.5380208333333333 0.4212962962962964
3 0.6911458333333333 0.3814814814814816 0.6651041666666667 0.3814814814814816 0.6651041666666667 0.426851851851852 0.6911458333333333 0.426851851851852
3 0.5895833333333333 0.37407407407407417 0.5630208333333333 0.37407407407407417 0.5630208333333333 0.42037037037037045 0.5895833333333333 0.42037037037037045
2 0.5890625 0.614814814814815 0.5625 0.614814814814815 0.5625 0.6638888888888891 0.5890625 0.6638888888888891
2 0.5348958333333333 0.614814814814815 0.5088541666666667 0.614814814814815 0.5088541666666667 0.6629629629629632 0.5348958333333333 0.6629629629629632
1 0.6885416666666667 0.30555555555555564 0.65625 0.30555555555555564 0.65625 0.363888888888889 0.6885416666666667 0.363888888888889
3 0.6375 0.3833333333333334 0.6114583333333333 0.3833333333333334 0.6114583333333333 0.43055555555555564 0.6375 0.43055555555555564
8 0.6338541666666667 0.7787037037037039 0.6078125 0.7787037037037039 0.6078125 0.8268518518518521 0.6338541666666667 0.8268518518518521
0 0.7421875 0.7759259259259261 0.7083333333333334 0.7759259259259261 0.7083333333333334 0.8351851851851854 0.7421875 0.8351851851851854
5 0.49375 0.21944444444444455 0.45989583333333334 0.21944444444444455 0.45989583333333334 0.2777777777777779 0.49375 0.2777777777777779
9 0.5427083333333333 0.22407407407407418 0.5161458333333333 0.22407407407407418 0.5161458333333333 0.2712962962962964 0.5427083333333333 0.2712962962962964
9 0.640625 0.2333333333333335 0.6135416666666667 0.2333333333333335 0.6135416666666667 0.27962962962962973 0.640625 0.27962962962962973