1 0.5692708333333333 0.01388888888888901 0.5260416666666666 0.013888888888889004 0.5260416666666666 0.06388888888888901 0.5692708333333333 0.06388888888888902
12 0.6604166666666667 0.5888888888888891 0.6 0.5888888888888891 0.6 0.6925925925925928 0.6604166666666667 0.6925925925925928
0 0.5520833333333334 0.7712962962962965 0.5020833333333333 0.7712962962962965 0.5020833333333333 0.8574074074074076 0.5520833333333334 0.8574074074074076
10 0.734375 0.47592592592592614 0.6848958333333334 0.47592592592592614 0.6848958333333334 0.5611111111111113 0.734375 0.5611111111111113
6 0.6213541666666667 0.6592592592592594 0.5713541666666667 0.6592592592592594 0.5713541666666667 0.7453703703703706 0.6213541666666667 0.7453703703703706
13 0.4640625 0.22777777777777788 0.4088541666666667 0.22777777777777788 0.4088541666666667 0.32222222222222235 0.4640625 0.32222222222222235
4 0.66875 0.4861111111111113 0.6192708333333333 0.4861111111111113 0.6192708333333333 0.5703703703703705 0.66875 0.5703703703703705
3 0.4375 0.4629629629629631 0.39947916666666666 0.4629629629629631 0.39947916666666666 0.5277777777777778 0.4375 0.5277777777777778
7 0.5854166666666667 0.1250000000000001 0.5390625 0.1250000000000001 0.5390625 0.2037037037037038 0.5854166666666667 0.2037037037037038
7 0.48489583333333336 0.2842592592592594 0.4390625 0.2842592592592594 0.4390625 0.36203703703703716 0.48489583333333336 0.36203703703703716
5 0.4552083333333333 0.3398148148148149 0.4078125 0.3398148148148149 0.4078125 0.4212962962962964 0.4552083333333333 0.4212962962962964
11 0.5447916666666667 0.28055555555555567 0.4973958333333333 0.28055555555555567 0.4973958333333333 0.36203703703703716 0.5447916666666667 0.36203703703703716
6 0.628125 0.5416666666666669 0.578125 0.5416666666666669 0.578125 0.627777777777778 0.628125 0.627777777777778
11 0.5114583333333333 0.3361111111111112 0.46510416666666665 0.3361111111111112 0.46510416666666665 0.41574074074074086 0.5114583333333333 0.41574074074074086
4 0.5625 0.5453703703703706 0.5145833333333333 0.5453703703703706 0.5145833333333333 0.6268518518518521 0.5625 0.6268518518518521