4 0.43072916666666666 0.10277777777777787 0.39427083333333335 0.10277777777777786 0.39427083333333335 0.15555555555555567 0.43072916666666666 0.15555555555555567
7 0.68125 0.652777777777778 0.6442708333333333 0.652777777777778 0.6442708333333333 0.7092592592592595 0.68125 0.7092592592592595
2 0.5234375 0.3379629629629631 0.49322916666666666 0.3379629629629631 0.49322916666666666 0.3814814814814816 0.5234375 0.3814814814814816
3 0.7234375 0.5685185185185188 0.6927083333333334 0.5685185185185188 0.6927083333333334 0.6120370370370373 0.7234375 0.6120370370370373
4 0.6234375 0.1055555555555557 0.5880208333333333 0.1055555555555557 0.5880208333333333 0.15833333333333346 0.6234375 0.1583333333333335
1 0.73125 0.8037037037037039 0.6927083333333334 0.8037037037037039 0.6927083333333334 0.8629629629629632 0.73125 0.8629629629629632
8 0.5677083333333334 0.11666666666666678 0.5390625 0.11666666666666677 0.5390625 0.15740740740740752 0.5677083333333334 0.15740740740740752
2 0.33177083333333335 0.3490740740740742 0.3015625 0.3490740740740742 0.3015625 0.39074074074074083 0.33177083333333335 0.39074074074074083
3 0.42083333333333334 0.5787037037037037 0.3890625 0.5787037037037037 0.3890625 0.6231481481481481 0.42083333333333334 0.6231481481481481
13 0.5359375 0.7203703703703705 0.48854166666666665 0.7203703703703705 0.48854166666666665 0.7888888888888891 0.5359375 0.7888888888888891
2 0.6177083333333333 0.3333333333333334 0.5869791666666667 0.3333333333333334 0.5869791666666667 0.3750000000000001 0.6177083333333333 0.3750000000000001
6 0.6651041666666667 0.2500000000000001 0.6302083333333334 0.2500000000000001 0.6302083333333334 0.3037037037037038 0.6651041666666667 0.3037037037037038
7 0.37135416666666665 0.6601851851851852 0.3338541666666667 0.6601851851851852 0.3338541666666667 0.7166666666666667 0.37135416666666665 0.7166666666666667
2 0.42135416666666664 0.3333333333333334 0.39114583333333336 0.3333333333333334 0.39114583333333336 0.37592592592592605 0.42135416666666664 0.37592592592592605
2 0.7213541666666666 0.32685185185185195 0.6921875 0.32685185185185195 0.6921875 0.37037037037037046 0.7213541666666666 0.37037037037037046
3 0.6255208333333333 0.5740740740740743 0.5958333333333333 0.5740740740740743 0.5958333333333333 0.6175925925925928 0.6255208333333333 0.6175925925925928
8 0.4786458333333333 0.11018518518518529 0.44947916666666665 0.11018518518518529 0.44947916666666665 0.1500000000000001 0.4786458333333333 0.1500000000000001
10 0.38177083333333334 0.11851851851851859 0.3463541666666667 0.11851851851851856 0.3463541666666667 0.1722222222222223 0.38177083333333334 0.17222222222222233
1 0.33072916666666674 0.8194444444444444 0.29375 0.8194444444444444 0.29375000000000007 0.8768518518518519 0.3307291666666668 0.8768518518518519
12 0.5291666666666667 0.16481481481481491 0.4859375 0.16481481481481491 0.4859375 0.22962962962962974 0.5291666666666667 0.22962962962962974
3 0.3229166666666667 0.5814814814814815 0.2921875 0.5814814814814815 0.2921875 0.625 0.3229166666666667 0.625
6 0.37447916666666664 0.2583333333333334 0.3390625 0.2583333333333334 0.3390625 0.31203703703703717 0.37447916666666664 0.31203703703703717
9 0.575 0.8240740740740743 0.5453125 0.8240740740740743 0.5453125 0.8694444444444447 0.575 0.8694444444444447
9 0.4781250000000001 0.8240740740740741 0.4479166666666667 0.8240740740740741 0.44791666666666674 0.8694444444444445 0.47812500000000013 0.8694444444444445
3 0.5234375 0.5796296296296298 0.49166666666666664 0.5796296296296298 0.49166666666666664 0.6240740740740743 0.5234375 0.6240740740740743
5 0.6338541666666667 0.801851851851852 0.5958333333333333 0.801851851851852 0.5958333333333333 0.8611111111111113 0.6338541666666667 0.8611111111111113
0 0.7182291666666667 0.11018518518518534 0.6828125 0.11018518518518534 0.6828125 0.16481481481481497 0.7182291666666667 0.16481481481481497
11 0.684375 0.8083333333333336 0.6453125 0.8083333333333336 0.6453125 0.8675925925925928 0.684375 0.8675925925925928
0 0.32916666666666666 0.10185185185185192 0.2953125 0.1018518518518519 0.2953125 0.16481481481481486 0.32916666666666666 0.16481481481481486
5 0.38125000000000003 0.8148148148148148 0.34479166666666666 0.8148148148148148 0.3447916666666667 0.8759259259259259 0.38125000000000014 0.8759259259259259
11 0.42812500000000003 0.8175925925925925 0.39166666666666666 0.8175925925925925 0.3916666666666667 0.8787037037037037 0.42812500000000014 0.8787037037037037
10 0.665625 0.10648148148148162 0.6302083333333334 0.10648148148148161 0.6302083333333334 0.16481481481481497 0.665625 0.16481481481481497