1 0.48020833333333335 0.1324074074074075 0.4317708333333333 0.1324074074074075 0.4317708333333333 0.213888888888889 0.48020833333333335 0.213888888888889
11 0.42135416666666664 0.07500000000000008 0.3734375 0.07500000000000008 0.3734375 0.15833333333333344 0.42135416666666664 0.15833333333333344
7 0.5989583333333334 0.15462962962962973 0.5505208333333333 0.15462962962962973 0.5505208333333333 0.23888888888888898 0.5989583333333334 0.23888888888888898
2 0.5291666666666667 0.5555555555555558 0.4890625 0.5555555555555558 0.4890625 0.6240740740740743 0.5291666666666667 0.6240740740740743
3 0.5776041666666667 0.07870370370370382 0.5385416666666667 0.0787037037037038 0.5385416666666667 0.14537037037037048 0.5776041666666667 0.14537037037037048
3 0.36770833333333336 0.1861111111111112 0.32916666666666666 0.18611111111111117 0.32916666666666666 0.25185185185185194 0.36770833333333336 0.25185185185185194
7 0.3859375 0.2564814814814816 0.3390625 0.2564814814814816 0.3390625 0.33703703703703713 0.3859375 0.33703703703703713
2 0.6541666666666667 0.6712962962962965 0.6151041666666667 0.6712962962962965 0.6151041666666667 0.7379629629629632 0.6541666666666667 0.7379629629629632
11 0.5223958333333333 0.01851851851851863 0.4739583333333333 0.018518518518518625 0.4739583333333333 0.1000000000000001 0.5223958333333333 0.1000000000000001
3 0.49114583333333334 0.30277777777777787 0.45208333333333334 0.30277777777777787 0.45208333333333334 0.37037037037037046 0.49114583333333334 0.37037037037037046
4 0.4796875 0.5694444444444444 0.4317708333333333 0.5694444444444444 0.4317708333333333 0.6537037037037037 0.4796875 0.6537037037037037
1 0.46875 0.04722222222222232 0.4203125 0.04722222222222231 0.4203125 0.13425925925925936 0.46875 0.13425925925925936
10 0.5661458333333333 0.7953703703703706 0.5171875 0.7953703703703706 0.5171875 0.8787037037037039 0.5661458333333333 0.8787037037037039
3 0.5380208333333333 0.19074074074074085 0.5 0.19074074074074085 0.5 0.2564814814814816 0.5380208333333333 0.2564814814814816
9 0.49270833333333336 0.7453703703703705 0.453125 0.7453703703703703 0.453125 0.8129629629629631 0.49270833333333336 0.8129629629629632
6 0.6510416666666666 0.5787037037037039 0.6015625 0.5787037037037039 0.6015625 0.6611111111111113 0.6510416666666666 0.6611111111111113
8 0.42239583333333336 0.15648148148148158 0.384375 0.15648148148148158 0.384375 0.22222222222222232 0.42239583333333336 0.22222222222222232
3 0.43072916666666666 0.24166666666666678 0.3921875 0.24166666666666678 0.3921875 0.3064814814814816 0.43072916666666666 0.3064814814814816
5 0.55625 0.2564814814814816 0.5078125 0.2564814814814816 0.5078125 0.338888888888889 0.55625 0.338888888888889
6 0.4348958333333333 0.687037037037037 0.3859375 0.687037037037037 0.3859375 0.7712962962962963 0.4348958333333333 0.7712962962962963
10 0.5520833333333334 0.7166666666666669 0.5046875 0.7166666666666669 0.5046875 0.8000000000000002 0.5520833333333334 0.8000000000000002
4 0.5807291666666666 0.5111111111111113 0.5333333333333333 0.5111111111111113 0.5333333333333333 0.5944444444444447 0.5807291666666666 0.5944444444444447
5 0.44583333333333336 0.313888888888889 0.39739583333333334 0.313888888888889 0.39739583333333334 0.3962962962962964 0.44583333333333336 0.3962962962962964
8 0.5276041666666667 0.10833333333333343 0.4895833333333333 0.10833333333333343 0.4895833333333333 0.17314814814814825 0.5276041666666667 0.17314814814814825
2 0.490625 0.6574074074074076 0.44635416666666666 0.6574074074074074 0.44635416666666666 0.7305555555555556 0.490625 0.7305555555555557
0 0.6166666666666667 0.7750000000000002 0.5692708333333333 0.7750000000000002 0.5692708333333333 0.8592592592592595 0.6166666666666667 0.8592592592592595
12 0.4947916666666667 0.1925925925925927 0.4359375 0.1925925925925927 0.4359375 0.301851851851852 0.4947916666666667 0.301851851851852
9 0.603125 0.6824074074074076 0.5630208333333333 0.6824074074074076 0.5630208333333333 0.7564814814814816 0.603125 0.7564814814814816
2 0.44583333333333336 0.775 0.40572916666666664 0.775 0.40572916666666664 0.8490740740740741 0.44583333333333336 0.8490740740740741
0 0.5104166666666667 0.8148148148148149 0.4609375 0.8148148148148148 0.46093750000000006 0.9046296296296298 0.5104166666666667 0.9046296296296299
2 0.5979166666666667 0.6092592592592595 0.55625 0.6092592592592595 0.55625 0.6805555555555558 0.5979166666666667 0.6805555555555558
13 0.5484375 0.6231481481481483 0.4895833333333333 0.6231481481481483 0.4895833333333333 0.7222222222222224 0.5484375 0.7222222222222224