1 0.4776041666666668 0.9009259259259259 0.4322916666666668 0.9009259259259259 0.4322916666666668 0.9694444444444444 0.4776041666666668 0.9694444444444444
5 0.6171875 0.19074074074074088 0.5723958333333333 0.19074074074074085 0.5723958333333333 0.2583333333333334 0.6171875 0.2583333333333334
11 0.35989583333333336 0.7509259259259259 0.3151041666666667 0.7509259259259259 0.3151041666666667 0.8203703703703704 0.35989583333333336 0.8203703703703704
9 0.5020833333333333 0.20925925925925937 0.46197916666666666 0.20925925925925937 0.46197916666666666 0.27685185185185196 0.5020833333333333 0.27685185185185196
7 0.7229166666666667 0.3490740740740742 0.6770833333333334 0.3490740740740742 0.6770833333333334 0.4175925925925927 0.7229166666666667 0.4175925925925927
6 0.6286458333333333 0.7194444444444447 0.584375 0.7194444444444447 0.584375 0.7851851851851854 0.6286458333333333 0.7851851851851854
9 0.5536458333333333 0.19814814814814824 0.5161458333333333 0.19814814814814824 0.5161458333333333 0.25925925925925936 0.5536458333333333 0.25925925925925936
12 0.5833333333333334 0.8851851851851854 0.5291666666666668 0.8851851851851854 0.5291666666666668 0.9657407407407408 0.5833333333333334 0.9657407407407408
2 0.6760416666666667 0.540740740740741 0.6380208333333334 0.540740740740741 0.6380208333333334 0.5953703703703705 0.6760416666666667 0.5953703703703705
3 0.5598958333333334 0.38425925925925936 0.521875 0.38425925925925936 0.521875 0.43981481481481494 0.5598958333333334 0.43981481481481494
8 0.5213541666666668 0.9092592592592593 0.48333333333333345 0.9092592592592592 0.48333333333333345 0.9675925925925926 0.5213541666666668 0.9675925925925926
8 0.5671875 0.7351851851851854 0.5307291666666667 0.7351851851851854 0.5307291666666667 0.7898148148148151 0.5671875 0.7898148148148151
13 0.45416666666666666 0.2074074074074075 0.39895833333333336 0.2074074074074075 0.39895833333333336 0.29074074074074086 0.45416666666666666 0.29074074074074086
11 0.5192708333333333 0.7305555555555556 0.475 0.7305555555555555 0.475 0.8000000000000002 0.5192708333333333 0.8000000000000002
1 0.45364583333333336 0.30462962962962975 0.40677083333333336 0.30462962962962975 0.40677083333333336 0.37314814814814823 0.45364583333333336 0.37314814814814823
3 0.3984375 0.4935185185185185 0.35989583333333336 0.4935185185185185 0.35989583333333336 0.549074074074074 0.3984375 0.549074074074074
3 0.5083333333333333 0.5740740740740742 0.46927083333333336 0.5740740740740741 0.46927083333333336 0.6314814814814815 0.5083333333333333 0.6314814814814816
3 0.45208333333333334 0.4842592592592593 0.4140625 0.4842592592592593 0.4140625 0.537962962962963 0.45208333333333334 0.537962962962963
2 0.45625 0.5722222222222222 0.41822916666666665 0.5722222222222222 0.41822916666666665 0.6333333333333333 0.45625 0.6333333333333333
4 0.6828125 0.7074074074074076 0.6385416666666667 0.7074074074074076 0.6385416666666667 0.7750000000000002 0.6828125 0.7750000000000002
7 0.6317708333333333 0.8833333333333335 0.5854166666666667 0.8833333333333335 0.5854166666666667 0.95 0.6317708333333333 0.95
2 0.6661458333333333 0.2787037037037038 0.6291666666666667 0.2787037037037038 0.6291666666666667 0.3314814814814816 0.6661458333333333 0.3314814814814816
6 0.2911458333333333 0.4888888888888889 0.2458333333333334 0.4888888888888889 0.2458333333333334 0.5601851851851852 0.2911458333333333 0.5601851851851852
3 0.6703125 0.4601851851851853 0.634375 0.4601851851851853 0.634375 0.5138888888888891 0.6703125 0.5138888888888891
0 0.4666666666666667 0.7342592592592593 0.42135416666666664 0.7342592592592593 0.42135416666666664 0.8046296296296296 0.4666666666666667 0.8046296296296296
10 0.49635416666666665 0.11851851851851862 0.45416666666666666 0.11851851851851862 0.45416666666666666 0.19722222222222233 0.49635416666666665 0.19722222222222233
5 0.5057291666666667 0.37962962962962976 0.46145833333333336 0.37962962962962976 0.46145833333333336 0.45740740740740754 0.5057291666666667 0.45740740740740754
4 0.5645833333333333 0.4601851851851853 0.5223958333333333 0.4601851851851853 0.5223958333333333 0.5231481481481484 0.5645833333333333 0.5231481481481484
2 0.3385416666666667 0.3240740740740742 0.3046875 0.3240740740740742 0.3046875 0.3814814814814816 0.3385416666666667 0.3814814814814816
2 0.39427083333333335 0.30925925925925934 0.35833333333333334 0.30925925925925934 0.35833333333333334 0.37222222222222234 0.39427083333333335 0.37222222222222234
10 0.5213541666666667 0.813888888888889 0.4791666666666667 0.8138888888888889 0.47916666666666674 0.8870370370370372 0.5213541666666668 0.8870370370370373
0 0.559375 0.2861111111111112 0.5145833333333333 0.2861111111111112 0.5145833333333333 0.3537037037037038 0.559375 0.3537037037037038