6 0.371875 0.37592592592592605 0.328125 0.37592592592592605 0.328125 0.4527777777777779 0.371875 0.4527777777777779
7 0.5895833333333333 0.3574074074074075 0.5463541666666667 0.3574074074074075 0.5463541666666667 0.43425925925925934 0.5895833333333333 0.43425925925925934
3 0.5651041666666666 0.6351851851851854 0.5296875 0.6351851851851854 0.5296875 0.6981481481481484 0.5651041666666666 0.6981481481481484
10 0.37604166666666666 0.4583333333333334 0.33229166666666665 0.4583333333333334 0.33229166666666665 0.5351851851851852 0.37604166666666666 0.5351851851851852
3 0.5333333333333333 0.28333333333333344 0.49895833333333334 0.28333333333333344 0.49895833333333334 0.34444444444444455 0.5333333333333333 0.34444444444444455
3 0.5541666666666667 0.5379629629629632 0.5182291666666666 0.5379629629629632 0.5182291666666666 0.6009259259259261 0.5541666666666667 0.6009259259259261
7 0.6213541666666667 0.7120370370370372 0.5755208333333334 0.7120370370370372 0.5755208333333334 0.7935185185185187 0.6213541666666667 0.7935185185185187
3 0.5510416666666667 0.45185185185185195 0.515625 0.45185185185185195 0.515625 0.5157407407407409 0.5510416666666667 0.5157407407407409
2 0.41875 0.5564814814814815 0.384375 0.5564814814814815 0.384375 0.6185185185185185 0.41875 0.6185185185185185
2 0.415625 0.4648148148148149 0.38125 0.4648148148148149 0.38125 0.5259259259259259 0.415625 0.5259259259259259
2 0.4046875 0.2916666666666668 0.37083333333333335 0.2916666666666668 0.37083333333333335 0.35277777777777786 0.4046875 0.35277777777777786
2 0.4078125 0.3750000000000001 0.37447916666666664 0.3750000000000001 0.37447916666666664 0.4351851851851853 0.4078125 0.4351851851851853
2 0.4270833333333333 0.6425925925925926 0.3927083333333333 0.6425925925925926 0.3927083333333333 0.7046296296296296 0.4270833333333333 0.7046296296296296
5 0.6234375 0.26574074074074083 0.5796875 0.26574074074074083 0.5796875 0.34259259259259267 0.6234375 0.34259259259259267
12 0.3385416666666667 0.4462962962962964 0.28541666666666665 0.4462962962962964 0.28541666666666665 0.5407407407407407 0.3385416666666667 0.5407407407407407
3 0.5411458333333333 0.363888888888889 0.50625 0.363888888888889 0.50625 0.42592592592592604 0.5411458333333333 0.42592592592592604
10 0.3796875 0.5444444444444444 0.33541666666666664 0.5444444444444444 0.33541666666666664 0.6222222222222222 0.3796875 0.6222222222222222
11 0.6052083333333333 0.5333333333333335 0.5604166666666667 0.5333333333333335 0.5604166666666667 0.614814814814815 0.6052083333333333 0.614814814814815
4 0.34427083333333336 0.637962962962963 0.30104166666666665 0.637962962962963 0.30104166666666665 0.7157407407407408 0.34427083333333336 0.7157407407407408
5 0.6692708333333334 0.7101851851851854 0.6234375 0.7101851851851854 0.6234375 0.7916666666666669 0.6692708333333334 0.7916666666666669
6 0.3885416666666667 0.6351851851851852 0.34427083333333336 0.6351851851851852 0.34427083333333336 0.7148148148148148 0.3885416666666667 0.7148148148148148
1 0.6125 0.614814814814815 0.5661458333333333 0.614814814814815 0.5661458333333333 0.6972222222222224 0.6125 0.6972222222222224
9 0.6302083333333334 0.36203703703703716 0.5942708333333333 0.36203703703703716 0.5942708333333333 0.4250000000000001 0.6302083333333334 0.4250000000000001
0 0.35104166666666664 0.725 0.3072916666666667 0.725 0.3072916666666667 0.8046296296296296 0.35104166666666664 0.8046296296296296
9 0.6458333333333334 0.5379629629629632 0.6098958333333333 0.5379629629629632 0.6098958333333333 0.6009259259259261 0.6458333333333334 0.6009259259259261
0 0.365625 0.29722222222222233 0.3234375 0.29722222222222233 0.3234375 0.37222222222222234 0.365625 0.37222222222222234
1 0.596875 0.4407407407407408 0.5526041666666667 0.4407407407407408 0.5526041666666667 0.5212962962962965 0.596875 0.5212962962962965
4 0.3255208333333333 0.2962962962962964 0.28072916666666664 0.2962962962962964 0.28072916666666664 0.3750000000000001 0.3255208333333333 0.3750000000000001
8 0.32447916666666665 0.38240740740740753 0.2890625 0.38240740740740753 0.2890625 0.44722222222222235 0.32447916666666665 0.44722222222222235
8 0.3375 0.549074074074074 0.3015625 0.549074074074074 0.3015625 0.6138888888888889 0.3375 0.6138888888888889
13 0.6494791666666667 0.4314814814814816 0.5942708333333333 0.4314814814814816 0.5942708333333333 0.5296296296296299 0.6494791666666667 0.5296296296296299
11 0.6619791666666667 0.614814814814815 0.6140625 0.614814814814815 0.6140625 0.6981481481481484 0.6619791666666667 0.6981481481481484