4 0.3416666666666667 0.19537037037037042 0.30625 0.19537037037037042 0.30625 0.263888888888889 0.3416666666666667 0.263888888888889
7 0.615625 0.7101851851851854 0.578125 0.7101851851851854 0.578125 0.7833333333333335 0.615625 0.7833333333333335
13 0.6822916666666666 0.44351851851851865 0.6364583333333333 0.44351851851851865 0.6364583333333333 0.5305555555555558 0.6822916666666666 0.5305555555555558
1 0.69375 0.8138888888888891 0.6557291666666667 0.8138888888888891 0.6557291666666667 0.8879629629629632 0.69375 0.8879629629629632
3 0.5916666666666667 0.42592592592592604 0.5609375 0.42592592592592604 0.5609375 0.4888888888888891 0.5916666666666667 0.4888888888888891
12 0.3692708333333333 0.36574074074074087 0.3260416666666667 0.36574074074074087 0.3260416666666667 0.4490740740740742 0.3692708333333333 0.4490740740740742
2 0.453125 0.4000000000000001 0.4234375 0.4000000000000001 0.4234375 0.45925925925925937 0.453125 0.45925925925925937
3 0.5546875 0.7796296296296299 0.5244791666666667 0.7796296296296299 0.5244791666666667 0.8416666666666669 0.5546875 0.8416666666666669
3 0.615625 0.07870370370370383 0.5859375 0.07870370370370383 0.5859375 0.13981481481481495 0.615625 0.13981481481481497
7 0.6630208333333333 0.16111111111111126 0.6260416666666667 0.16111111111111126 0.6260416666666667 0.23611111111111127 0.6630208333333333 0.23611111111111127
4 0.315625 0.5361111111111111 0.28125 0.5361111111111111 0.28125 0.6055555555555555 0.315625 0.6055555555555555
2 0.43645833333333334 0.5685185185185185 0.40729166666666666 0.5685185185185185 0.40729166666666666 0.6287037037037037 0.43645833333333334 0.6287037037037037
8 0.32135416666666666 0.450925925925926 0.29322916666666665 0.450925925925926 0.29322916666666665 0.5083333333333333 0.32135416666666666 0.5083333333333333
6 0.39114583333333336 0.6287037037037037 0.3546875 0.6287037037037037 0.3546875 0.7 0.39114583333333336 0.7
3 0.6005208333333333 0.24351851851851863 0.5713541666666667 0.24351851851851863 0.5713541666666667 0.30555555555555564 0.6005208333333333 0.30555555555555564
2 0.4635416666666667 0.2175925925925927 0.43385416666666665 0.2175925925925927 0.43385416666666665 0.2787037037037038 0.4635416666666667 0.2787037037037038
2 0.4859375 0.059259259259259366 0.45364583333333336 0.059259259259259366 0.45364583333333336 0.1212962962962964 0.4859375 0.1212962962962964
8 0.33125 0.29444444444444456 0.3026041666666667 0.29444444444444456 0.3026041666666667 0.35092592592592603 0.33125 0.35092592592592603
3 0.5708333333333333 0.6129629629629632 0.5411458333333333 0.6129629629629632 0.5411458333333333 0.6722222222222224 0.5708333333333333 0.6722222222222224
2 0.4203125 0.7435185185185185 0.390625 0.7435185185185185 0.390625 0.8037037037037037 0.4203125 0.8037037037037037
5 0.7505208333333333 0.20370370370370386 0.7109375 0.20370370370370386 0.7109375 0.27777777777777796 0.7505208333333333 0.277777777777778
1 0.7567708333333333 0.11296296296296313 0.7182291666666667 0.11296296296296313 0.7182291666666667 0.18611111111111128 0.7567708333333333 0.18611111111111128
10 0.35625 0.11296296296296304 0.3203125 0.11296296296296304 0.3203125 0.18240740740740746 0.35625 0.18240740740740746
0 0.3072916666666667 0.7027777777777777 0.2713541666666667 0.7027777777777777 0.2713541666666667 0.774074074074074 0.3072916666666667 0.774074074074074
9 0.7328125 0.3805555555555557 0.7 0.38055555555555565 0.7 0.44259259259259276 0.7328125 0.4425925925925928
6 0.43697916666666664 0.11851851851851862 0.4010416666666667 0.11851851851851862 0.4010416666666667 0.19074074074074085 0.43697916666666664 0.19074074074074085
11 0.7026041666666667 0.7351851851851854 0.6630208333333333 0.7351851851851854 0.6630208333333333 0.8111111111111113 0.7026041666666667 0.8111111111111113
9 0.7192708333333333 0.5546296296296298 0.6885416666666667 0.5546296296296298 0.6885416666666667 0.6138888888888892 0.7192708333333333 0.6138888888888892
10 0.3125 0.6064814814814815 0.2760416666666667 0.6064814814814815 0.2760416666666667 0.6796296296296296 0.3125 0.6796296296296296
0 0.35833333333333334 0.020370370370370445 0.32083333333333336 0.02037037037037044 0.32083333333333336 0.08888888888888896 0.35833333333333334 0.08888888888888896
5 0.7078125 0.6379629629629632 0.6677083333333333 0.6379629629629632 0.6677083333333333 0.7129629629629631 0.7078125 0.7129629629629631
11 0.7458333333333333 0.2833333333333335 0.7057291666666666 0.28333333333333344 0.7057291666666666 0.35740740740740756 0.7458333333333333 0.3574074074074076