0 0.39010416666666664 8.005561483315105e-17 0.3453125 7.517970628099029e-17 0.3453125 0.0722222222222223 0.39010416666666664 0.0722222222222223
4 0.7328125 0.13888888888888903 0.6869791666666667 0.13888888888888903 0.6869791666666667 0.21759259259259275 0.7328125 0.21759259259259275
4 0.48802083333333335 0.04444444444444454 0.4427083333333333 0.044444444444444536 0.4427083333333333 0.12592592592592602 0.48802083333333335 0.12592592592592602
13 0.48541666666666666 0.6907407407407409 0.4354166666666667 0.6907407407407408 0.4354166666666667 0.7787037037037038 0.48541666666666666 0.7787037037037039
3 0.59375 0.5972222222222224 0.5588541666666667 0.5972222222222224 0.5588541666666667 0.6574074074074077 0.59375 0.6574074074074077
7 0.6302083333333334 0.6685185185185187 0.5869791666666667 0.6685185185185187 0.5869791666666667 0.7435185185185187 0.6302083333333334 0.7435185185185187
3 0.40208333333333335 0.5185185185185185 0.36614583333333334 0.5185185185185185 0.36614583333333334 0.5777777777777777 0.40208333333333335 0.5777777777777777
5 0.6052083333333333 0.8101851851851853 0.5604166666666667 0.8101851851851853 0.5604166666666667 0.8851851851851854 0.6052083333333333 0.8851851851851854
6 0.403125 0.17314814814814822 0.3578125 0.1731481481481482 0.3578125 0.2500000000000001 0.403125 0.2500000000000001
11 0.5583333333333333 0.7981481481481484 0.515625 0.7981481481481484 0.5156250000000001 0.8712962962962965 0.5583333333333333 0.8712962962962965
2 0.5395833333333333 0.31944444444444453 0.5015625 0.31944444444444453 0.5015625 0.38240740740740753 0.5395833333333333 0.38240740740740753
2 0.6348958333333333 0.3648148148148149 0.5979166666666667 0.3648148148148149 0.5979166666666667 0.42777777777777787 0.6348958333333333 0.42777777777777787
3 0.4984375 0.5657407407407409 0.4640625 0.5657407407407408 0.4640625 0.6250000000000001 0.4984375 0.6250000000000002
7 0.3458333333333333 0.5657407407407408 0.30364583333333334 0.5657407407407408 0.30364583333333334 0.6388888888888888 0.3458333333333333 0.6388888888888888
3 0.6848958333333334 0.6370370370370373 0.6494791666666667 0.6370370370370373 0.6494791666666667 0.6962962962962965 0.6848958333333334 0.6962962962962965
3 0.31354166666666666 0.4777777777777778 0.2786458333333333 0.4777777777777778 0.2786458333333333 0.5361111111111111 0.31354166666666666 0.5361111111111111
2 0.3411458333333333 0.2453703703703705 0.30572916666666666 0.2453703703703705 0.30572916666666666 0.3064814814814816 0.3411458333333333 0.3064814814814816
2 0.7302083333333333 0.40370370370370384 0.69375 0.4037037037037038 0.69375 0.46481481481481496 0.7302083333333333 0.464814814814815
1 0.28489583333333335 0.6712962962962963 0.24218750000000006 0.6712962962962963 0.24218750000000006 0.7435185185185185 0.28489583333333335 0.7435185185185185
1 0.6442708333333333 0.8361111111111114 0.6010416666666667 0.8361111111111114 0.6010416666666667 0.9111111111111113 0.6442708333333333 0.9111111111111113
11 0.3729166666666667 0.7287037037037037 0.3302083333333333 0.7287037037037037 0.3302083333333333 0.8027777777777778 0.3729166666666667 0.8027777777777778
2 0.43802083333333336 0.288888888888889 0.4015625 0.288888888888889 0.4015625 0.35092592592592603 0.43802083333333336 0.35092592592592603
12 0.56875 0.1425925925925927 0.5135416666666667 0.1425925925925927 0.5135416666666667 0.23703703703703713 0.56875 0.23703703703703713
10 0.43697916666666664 0.023148148148148237 0.39166666666666666 0.023148148148148234 0.39166666666666666 0.1037037037037038 0.43697916666666664 0.10370370370370381
6 0.7067708333333333 0.3000000000000001 0.6625 0.3000000000000001 0.6625 0.3777777777777779 0.7067708333333333 0.3777777777777779
9 0.5078125 0.7870370370370371 0.4734375 0.7870370370370371 0.4734375 0.8444444444444446 0.5078125 0.8444444444444447
5 0.3338541666666667 0.7027777777777777 0.2916666666666667 0.7027777777777777 0.2916666666666667 0.775 0.3338541666666667 0.775
0 0.7770833333333333 0.16018518518518535 0.7296875 0.16018518518518535 0.7296875 0.2425925925925928 0.7770833333333333 0.2425925925925928
9 0.4109375 0.7537037037037037 0.37604166666666666 0.7537037037037037 0.37604166666666666 0.812037037037037 0.4109375 0.812037037037037
8 0.5265625 0.05185185185185196 0.49166666666666664 0.051851851851851954 0.49166666666666664 0.11574074074074085 0.5265625 0.11574074074074085
8 0.6229166666666667 0.0990740740740742 0.5875 0.0990740740740742 0.5875 0.16203703703703717 0.6229166666666667 0.1620370370370372
10 0.6786458333333333 0.11851851851851868 0.6348958333333333 0.11851851851851868 0.6348958333333333 0.1981481481481483 0.6786458333333333 0.1981481481481483