11 0.30104166666666665 0.13148148148148153 0.26145833333333335 0.13148148148148153 0.26145833333333335 0.18703703703703708 0.30104166666666665 0.18703703703703708
4 0.43593750000000014 0.8675925925925926 0.3963541666666668 0.8675925925925926 0.3963541666666668 0.9287037037037037 0.43593750000000014 0.9287037037037037
7 0.5578125 0.09351851851851864 0.5182291666666666 0.09351851851851863 0.5182291666666666 0.1500000000000001 0.5578125 0.1500000000000001
0 0.7046875 0.8314814814814817 0.6640625 0.8314814814814817 0.6640625 0.8925925925925928 0.7046875 0.8925925925925928
4 0.6552083333333333 0.8435185185185188 0.615625 0.8435185185185188 0.615625 0.9037037037037039 0.6552083333333333 0.9037037037037039
0 0.38437500000000013 0.8777777777777778 0.3437500000000001 0.8777777777777778 0.3437500000000001 0.9388888888888889 0.38437500000000013 0.9388888888888889
5 0.40729166666666666 0.10925925925925933 0.3703125 0.10925925925925933 0.3703125 0.16574074074074086 0.40729166666666666 0.16574074074074086
7 0.4588541666666667 0.09722222222222232 0.42291666666666666 0.09722222222222231 0.42291666666666666 0.15277777777777787 0.4588541666666667 0.15277777777777787
6 0.4901041666666668 0.862962962962963 0.4505208333333334 0.8629629629629629 0.4505208333333334 0.9231481481481483 0.4901041666666668 0.9231481481481484
12 0.5427083333333333 0.6740740740740743 0.49583333333333335 0.6740740740740743 0.49583333333333335 0.7453703703703706 0.5427083333333333 0.7453703703703706
1 0.35520833333333335 0.11759259259259267 0.3151041666666667 0.11759259259259267 0.3151041666666667 0.1731481481481482 0.35520833333333335 0.1731481481481482
2 0.46770833333333334 0.525 0.43333333333333335 0.525 0.43333333333333335 0.5722222222222222 0.46770833333333334 0.5722222222222222
2 0.36302083333333335 0.6231481481481481 0.3307291666666667 0.6231481481481481 0.3307291666666667 0.6694444444444444 0.36302083333333335 0.6694444444444444
13 0.5229166666666667 0.23981481481481493 0.4744791666666667 0.23981481481481493 0.4744791666666667 0.30925925925925934 0.5229166666666667 0.30925925925925934
10 0.3312500000000001 0.8796296296296297 0.2916666666666668 0.8796296296296297 0.2916666666666668 0.9388888888888889 0.3312500000000001 0.9388888888888889
5 0.6182291666666667 0.08240740740740754 0.578125 0.08240740740740754 0.578125 0.13703703703703718 0.6182291666666667 0.1370370370370372
2 0.31197916666666664 0.6314814814814815 0.2796875 0.6314814814814815 0.2796875 0.6777777777777778 0.31197916666666664 0.6777777777777778
10 0.7578125 0.8166666666666669 0.7182291666666667 0.8166666666666669 0.7182291666666667 0.8768518518518521 0.7578125 0.8768518518518521
3 0.35104166666666664 0.363888888888889 0.3182291666666667 0.363888888888889 0.3182291666666667 0.40833333333333344 0.35104166666666664 0.40833333333333344
2 0.740625 0.5759259259259262 0.7078125 0.5759259259259262 0.7078125 0.6222222222222225 0.740625 0.6222222222222225
3 0.6802083333333333 0.32685185185185195 0.6484375 0.32685185185185195 0.6484375 0.3712962962962964 0.6802083333333333 0.3712962962962964
8 0.4791666666666667 0.6944444444444444 0.4453125 0.6944444444444444 0.4453125 0.7435185185185185 0.4791666666666667 0.7435185185185185
9 0.459375 0.2620370370370371 0.4270833333333333 0.2620370370370371 0.4270833333333333 0.3101851851851853 0.459375 0.3101851851851853
8 0.5916666666666667 0.6814814814814817 0.5578125 0.6814814814814817 0.5578125 0.728703703703704 0.5916666666666667 0.728703703703704
3 0.5723958333333333 0.42777777777777787 0.5395833333333333 0.42777777777777787 0.5395833333333333 0.47407407407407426 0.5723958333333333 0.47407407407407426
9 0.5645833333333333 0.24166666666666678 0.534375 0.24166666666666678 0.534375 0.2898148148148149 0.5645833333333333 0.2898148148148149
3 0.296875 0.37222222222222234 0.26458333333333334 0.37222222222222234 0.26458333333333334 0.41574074074074086 0.296875 0.41574074074074086
3 0.7260416666666667 0.31759259259259276 0.6953125 0.3175925925925927 0.6953125 0.3620370370370372 0.7260416666666667 0.36203703703703727
1 0.6645833333333333 0.08240740740740754 0.6302083333333334 0.08240740740740754 0.6302083333333334 0.13796296296296312 0.6645833333333333 0.13796296296296312
6 0.5979166666666667 0.8509259259259261 0.559375 0.8509259259259261 0.559375 0.9101851851851854 0.5979166666666667 0.9101851851851854
11 0.7130208333333333 0.08148148148148164 0.675 0.08148148148148164 0.675 0.13611111111111127 0.7130208333333333 0.13611111111111127
2 0.6864583333333333 0.5787037037037039 0.6541666666666667 0.5787037037037039 0.6541666666666667 0.6250000000000002 0.6864583333333333 0.6250000000000002