10 0.5807291666666666 0.8740740740740743 0.5375 0.8740740740740743 0.5375 0.95 0.5807291666666666 0.95
0 0.6625 0.4703703703703705 0.6177083333333333 0.4703703703703705 0.6177083333333333 0.5472222222222224 0.6625 0.5472222222222224
12 0.6161458333333333 0.6944444444444446 0.5619791666666667 0.6944444444444446 0.5619791666666667 0.7888888888888891 0.6161458333333333 0.7888888888888891
13 0.34322916666666664 0.5259259259259259 0.2947916666666667 0.5259259259259259 0.2947916666666667 0.612037037037037 0.34322916666666664 0.612037037037037
7 0.3333333333333333 0.7805555555555556 0.29270833333333335 0.7805555555555556 0.29270833333333335 0.8527777777777777 0.3333333333333333 0.8527777777777777
7 0.375 0.562962962962963 0.33489583333333334 0.562962962962963 0.33489583333333334 0.6333333333333333 0.375 0.6333333333333333
1 0.25468750000000007 0.8111111111111111 0.21510416666666674 0.8111111111111111 0.21510416666666674 0.8787037037037037 0.25468750000000007 0.8787037037037037
3 0.4432291666666667 0.4324074074074075 0.409375 0.4324074074074075 0.409375 0.4898148148148148 0.4432291666666667 0.4898148148148148
6 0.6302083333333334 0.6222222222222225 0.5848958333333333 0.6222222222222225 0.5848958333333333 0.7009259259259262 0.6302083333333334 0.7009259259259262
11 0.3984375 0.6509259259259259 0.3567708333333333 0.6509259259259259 0.3567708333333333 0.7240740740740741 0.3984375 0.7240740740740741
5 0.3921875 0.49074074074074076 0.35104166666666664 0.49074074074074076 0.35104166666666664 0.562962962962963 0.3921875 0.562962962962963
6 0.5713541666666667 0.6814814814814817 0.5265625 0.6814814814814817 0.5265625 0.7583333333333335 0.5713541666666667 0.7583333333333335
4 0.5463541666666667 0.5805555555555557 0.5026041666666666 0.5805555555555557 0.5026041666666666 0.6546296296296299 0.5463541666666667 0.6546296296296299
11 0.41510416666666666 0.5777777777777777 0.3723958333333333 0.5777777777777777 0.3723958333333333 0.6527777777777778 0.41510416666666666 0.6527777777777778
4 0.5578125 0.7685185185185187 0.5119791666666667 0.7685185185185187 0.5119791666666667 0.8472222222222224 0.5578125 0.8472222222222224