9 0.35 0.4490740740740742 0.3182291666666667 0.4490740740740742 0.3182291666666667 0.5018518518518519 0.35 0.5018518518518519
12 0.66875 0.5444444444444446 0.6192708333333333 0.5444444444444446 0.6192708333333333 0.627777777777778 0.66875 0.627777777777778
2 0.5302083333333333 0.5083333333333335 0.4973958333333333 0.5083333333333335 0.4973958333333333 0.5620370370370372 0.5302083333333333 0.5620370370370372
10 0.3453125 0.2675925925925927 0.30416666666666664 0.2675925925925927 0.30416666666666664 0.3361111111111112 0.3453125 0.3361111111111112
6 0.48489583333333336 0.5000000000000001 0.44427083333333334 0.5 0.44427083333333334 0.5685185185185186 0.48489583333333336 0.5685185185185188
13 0.359375 0.5222222222222223 0.3104166666666667 0.5222222222222223 0.3104166666666667 0.6018518518518519 0.359375 0.6018518518518519
3 0.5307291666666667 0.7453703703703706 0.49895833333333334 0.7453703703703706 0.49895833333333334 0.7972222222222224 0.5307291666666667 0.7972222222222224
1 0.6604166666666667 0.30277777777777787 0.6182291666666667 0.30277777777777787 0.6182291666666667 0.37222222222222234 0.6604166666666667 0.37222222222222234
3 0.525 0.4287037037037038 0.49322916666666666 0.4287037037037038 0.49322916666666666 0.4814814814814817 0.525 0.4814814814814817
11 0.5739583333333333 0.3157407407407408 0.5328125 0.3157407407407408 0.5328125 0.38611111111111124 0.5739583333333333 0.38611111111111124
3 0.39791666666666664 0.6888888888888889 0.36614583333333334 0.6888888888888889 0.36614583333333334 0.7407407407407407 0.39791666666666664 0.7407407407407407
7 0.4895833333333333 0.6675925925925927 0.44895833333333335 0.6675925925925926 0.44895833333333335 0.7351851851851853 0.4895833333333333 0.7351851851851854
3 0.5734375 0.14074074074074083 0.5390625 0.14074074074074083 0.5390625 0.19814814814814824 0.5734375 0.19814814814814824
7 0.31666666666666665 0.5277777777777778 0.2765625 0.5277777777777778 0.2765625 0.5953703703703703 0.31666666666666665 0.5953703703703703
2 0.48125 0.3453703703703705 0.44895833333333335 0.3453703703703705 0.44895833333333335 0.3990740740740742 0.48125 0.3990740740740742
6 0.3958333333333333 0.3472222222222223 0.3541666666666667 0.3472222222222223 0.3541666666666667 0.41574074074074086 0.3958333333333333 0.41574074074074086
2 0.5276041666666667 0.589814814814815 0.4953125 0.589814814814815 0.4953125 0.6435185185185187 0.5276041666666667 0.6435185185185187
3 0.48072916666666665 0.2537037037037038 0.4473958333333333 0.2537037037037038 0.4473958333333333 0.30925925925925934 0.48072916666666665 0.30925925925925934
5 0.44114583333333335 0.2500000000000001 0.3984375 0.2500000000000001 0.3984375 0.32037037037037047 0.44114583333333335 0.32037037037037047
10 0.5744791666666667 0.5759259259259262 0.5348958333333333 0.5759259259259262 0.5348958333333333 0.6425925925925928 0.5744791666666667 0.6425925925925928
8 0.6552083333333333 0.3972222222222223 0.621875 0.3972222222222223 0.621875 0.45185185185185195 0.6552083333333333 0.45185185185185195
0 0.43802083333333336 0.4287037037037038 0.396875 0.4287037037037038 0.396875 0.4962962962962963 0.43802083333333336 0.4962962962962963
2 0.4354166666666667 0.1777777777777779 0.4010416666666667 0.1777777777777779 0.4010416666666667 0.23425925925925936 0.4354166666666667 0.23425925925925936
9 0.3932291666666667 0.525 0.359375 0.525 0.359375 0.5777777777777777 0.3932291666666667 0.5777777777777777
1 0.6151041666666667 0.802777777777778 0.5755208333333334 0.802777777777778 0.5755208333333334 0.8666666666666669 0.6151041666666667 0.8666666666666669
5 0.6635416666666667 0.20833333333333348 0.6208333333333333 0.20833333333333348 0.6208333333333333 0.2787037037037038 0.6635416666666667 0.2787037037037038
0 0.446875 0.5953703703703703 0.40572916666666664 0.5953703703703703 0.40572916666666664 0.6648148148148149 0.446875 0.6648148148148149
2 0.44791666666666674 0.8333333333333334 0.4161458333333333 0.8333333333333334 0.4161458333333334 0.8842592592592593 0.4479166666666668 0.8842592592592593
11 0.3645833333333333 0.762962962962963 0.3260416666666667 0.762962962962963 0.3260416666666667 0.8268518518518518 0.3645833333333333 0.8268518518518518
8 0.6161458333333333 0.3962962962962964 0.5828125 0.3962962962962964 0.5828125 0.4527777777777779 0.6161458333333333 0.4527777777777779
4 0.5776041666666667 0.4027777777777779 0.534375 0.4027777777777779 0.534375 0.47407407407407426 0.5776041666666667 0.47407407407407426
4 0.6192708333333333 0.21574074074074087 0.5765625 0.21574074074074084 0.5765625 0.2861111111111112 0.6192708333333333 0.2861111111111112