11 0.3734375 0.38981481481481495 0.32760416666666664 0.38981481481481495 0.32760416666666664 0.4685185185185186 0.3734375 0.4685185185185186
12 0.7067708333333333 0.35185185185185197 0.646875 0.35185185185185197 0.646875 0.45185185185185195 0.7067708333333333 0.45185185185185195
13 0.40208333333333335 0.21851851851851858 0.34739583333333335 0.21851851851851858 0.34739583333333335 0.31203703703703717 0.40208333333333335 0.31203703703703717
11 0.4276041666666667 0.3314814814814816 0.38125 0.3314814814814816 0.38125 0.41018518518518526 0.4276041666666667 0.41018518518518526
7 0.4515625 0.1601851851851853 0.40572916666666664 0.1601851851851853 0.40572916666666664 0.23981481481481493 0.4515625 0.23981481481481493
4 0.7255208333333333 0.1981481481481483 0.6770833333333334 0.1981481481481483 0.6770833333333334 0.27870370370370384 0.7255208333333333 0.2787037037037039
6 0.6286458333333333 0.5240740740740742 0.5807291666666666 0.5240740740740742 0.5807291666666666 0.6064814814814817 0.6286458333333333 0.6064814814814817
10 0.6453125 0.43425925925925934 0.5973958333333333 0.43425925925925934 0.5973958333333333 0.5166666666666668 0.6453125 0.5166666666666668
5 0.3614583333333333 0.4740740740740741 0.3145833333333333 0.4740740740740741 0.3145833333333333 0.5527777777777778 0.3614583333333333 0.5527777777777778
7 0.40260416666666665 0.49722222222222223 0.3572916666666667 0.49722222222222223 0.3572916666666667 0.5740740740740741 0.40260416666666665 0.5740740740740741
6 0.6671875 0.26111111111111124 0.61875 0.26111111111111124 0.61875 0.34259259259259267 0.6671875 0.34259259259259267
4 0.675 0.5481481481481484 0.6265625 0.5481481481481484 0.6265625 0.6287037037037039 0.675 0.6287037037037039
8 0.709375 0.2898148148148149 0.6713541666666667 0.2898148148148149 0.6713541666666667 0.3537037037037038 0.709375 0.3537037037037038
10 0.6557291666666667 0.3453703703703705 0.6067708333333334 0.3453703703703705 0.6067708333333334 0.4287037037037038 0.6557291666666667 0.4287037037037038
5 0.425 0.06018518518518528 0.3807291666666667 0.060185185185185265 0.3807291666666667 0.13703703703703715 0.425 0.13703703703703715
3 0.4734375 0.2712962962962964 0.4375 0.2712962962962964 0.4375 0.33240740740740754 0.4734375 0.33240740740740754
3 0.5010416666666667 0.10462962962962974 0.46458333333333335 0.10462962962962974 0.46458333333333335 0.16666666666666677 0.5010416666666667 0.16666666666666677
3 0.4875 0.18425925925925937 0.4510416666666667 0.18425925925925937 0.4510416666666667 0.2462962962962964 0.4875 0.2462962962962964
3 0.44895833333333335 0.44351851851851865 0.4119791666666667 0.44351851851851865 0.4119791666666667 0.5064814814814815 0.44895833333333335 0.5064814814814815
9 0.38333333333333336 0.31666666666666676 0.3458333333333333 0.31666666666666676 0.3458333333333333 0.37962962962962976 0.38333333333333336 0.37962962962962976
2 0.5953125 0.42777777777777787 0.5572916666666666 0.42777777777777787 0.5572916666666666 0.490740740740741 0.5953125 0.490740740740741
3 0.465625 0.35277777777777786 0.42916666666666664 0.35277777777777786 0.42916666666666664 0.4148148148148149 0.465625 0.4148148148148149
2 0.5802083333333333 0.5101851851851854 0.5416666666666666 0.5101851851851854 0.5416666666666666 0.5750000000000002 0.5802083333333333 0.5750000000000002
2 0.6197916666666666 0.2453703703703705 0.5817708333333333 0.2453703703703705 0.5817708333333333 0.30925925925925934 0.6197916666666666 0.30925925925925934
8 0.6817708333333333 0.4611111111111112 0.6442708333333333 0.4611111111111112 0.6442708333333333 0.5240740740740742 0.6817708333333333 0.5240740740740742
0 0.6796875 0.17870370370370386 0.63125 0.17870370370370386 0.63125 0.26111111111111124 0.6796875 0.26111111111111124
2 0.6296875 0.15925925925925938 0.5911458333333334 0.15925925925925938 0.5911458333333334 0.2231481481481483 0.6296875 0.22314814814814832
1 0.4171875 0.40833333333333344 0.3703125 0.40833333333333344 0.3703125 0.48703703703703705 0.4171875 0.48703703703703705
1 0.440625 0.24351851851851863 0.39427083333333335 0.24351851851851863 0.39427083333333335 0.3240740740740742 0.440625 0.3240740740740742
2 0.6046875 0.3351851851851853 0.5666666666666667 0.3351851851851853 0.5666666666666667 0.3990740740740742 0.6046875 0.3990740740740742
9 0.40625 0.15277777777777787 0.3697916666666667 0.15277777777777787 0.3697916666666667 0.21481481481481493 0.40625 0.21481481481481493
0 0.6604166666666667 0.6342592592592595 0.6119791666666666 0.6342592592592595 0.6119791666666666 0.7166666666666669 0.6604166666666667 0.7166666666666669