3 0.4046875 0.2064814814814816 0.365625 0.2064814814814816 0.365625 0.2750000000000001 0.4046875 0.2750000000000001
3 0.31145833333333334 0.5203703703703704 0.2708333333333333 0.5203703703703704 0.2708333333333333 0.5935185185185186 0.31145833333333334 0.5935185185185186
3 0.4552083333333333 0.048148148148148245 0.41510416666666666 0.04814814814814824 0.41510416666666666 0.11759259259259268 0.4552083333333333 0.11759259259259269
2 0.5786458333333333 0.15462962962962973 0.5380208333333333 0.15462962962962973 0.5380208333333333 0.22500000000000012 0.5786458333333333 0.22500000000000012
7 0.26354166666666673 0.5592592592592592 0.2161458333333334 0.5592592592592592 0.2161458333333334 0.6407407407407407 0.26354166666666673 0.6407407407407407
3 0.35208333333333336 0.36666666666666675 0.31354166666666666 0.36666666666666675 0.31354166666666666 0.43333333333333346 0.35208333333333336 0.43333333333333346
2 0.43333333333333335 0.6407407407407407 0.3953125 0.6407407407407407 0.3953125 0.7074074074074074 0.43333333333333335 0.7074074074074074
2 0.5260416666666666 0.31666666666666676 0.48541666666666666 0.31666666666666676 0.48541666666666666 0.3851851851851853 0.5260416666666666 0.3851851851851853
13 0.2838541666666667 0.28240740740740744 0.22708333333333333 0.2824074074074074 0.22708333333333333 0.38333333333333336 0.2838541666666667 0.3833333333333334
7 0.3953125 0.06666666666666675 0.3463541666666667 0.06666666666666675 0.3463541666666667 0.15185185185185193 0.3953125 0.15185185185185196
0 0.5109375000000002 0.8824074074074075 0.46250000000000013 0.8824074074074074 0.46250000000000013 0.9657407407407408 0.5109375000000002 0.9657407407407408
5 0.31302083333333336 0.013888888888888952 0.26510416666666664 0.013888888888888949 0.26510416666666664 0.09351851851851858 0.31302083333333336 0.0935185185185186
2 0.3890625 0.7935185185185185 0.35208333333333336 0.7935185185185185 0.35208333333333336 0.8583333333333333 0.3890625 0.8583333333333333
2 0.48020833333333335 0.4898148148148148 0.4432291666666667 0.4898148148148148 0.4432291666666667 0.5537037037037037 0.48020833333333335 0.5537037037037037
11 0.20520833333333335 0.40370370370370373 0.1578125 0.40370370370370373 0.15781250000000002 0.48518518518518516 0.20520833333333338 0.48518518518518516
6 0.603125 0.26111111111111124 0.5520833333333334 0.26111111111111124 0.5520833333333334 0.35185185185185197 0.603125 0.35185185185185197
6 0.4515625 0.7490740740740741 0.40208333333333335 0.7490740740740741 0.40208333333333335 0.8361111111111111 0.4515625 0.8361111111111111
5 0.18958333333333338 0.48333333333333334 0.14218750000000005 0.48333333333333334 0.14218750000000005 0.5657407407407408 0.18958333333333338 0.5657407407407408
4 0.6447916666666667 0.43703703703703717 0.5947916666666667 0.43703703703703717 0.5947916666666667 0.5222222222222225 0.6447916666666667 0.5222222222222225
3 0.26979166666666665 0.6712962962962963 0.2317708333333334 0.6712962962962963 0.2317708333333334 0.7351851851851852 0.26979166666666665 0.7351851851851852
12 0.575 0.527777777777778 0.5109375 0.527777777777778 0.5109375 0.6425925925925928 0.575 0.6425925925925928
4 0.5333333333333333 0.8185185185185188 0.48489583333333336 0.8185185185185188 0.4848958333333334 0.901851851851852 0.5333333333333333 0.901851851851852
9 0.26614583333333336 0.162962962962963 0.2265625 0.162962962962963 0.2265625 0.23148148148148154 0.26614583333333336 0.23148148148148154
11 0.28802083333333334 0.07962962962962969 0.2390625 0.07962962962962969 0.2390625 0.1657407407407408 0.28802083333333334 0.1657407407407408
1 0.16510416666666672 0.5453703703703704 0.11822916666666669 0.5453703703703704 0.11822916666666669 0.6259259259259259 0.16510416666666672 0.6259259259259259
9 0.22239583333333332 0.33425925925925926 0.184375 0.33425925925925926 0.184375 0.4009259259259259 0.22239583333333332 0.4009259259259259
10 0.5578125 0.739814814814815 0.5078125 0.739814814814815 0.5078125 0.8296296296296298 0.5578125 0.8296296296296298
8 0.5796875 0.6675925925925928 0.5401041666666667 0.6675925925925928 0.5401041666666667 0.7379629629629632 0.5796875 0.7379629629629632
8 0.6291666666666667 0.5212962962962965 0.5895833333333333 0.5212962962962965 0.5895833333333333 0.5944444444444447 0.6291666666666667 0.5944444444444447
10 0.6765625 0.3490740740740742 0.6234375 0.3490740740740742 0.6234375 0.4425925925925927 0.6765625 0.4425925925925927
0 0.703125 0.27962962962962973 0.6546875 0.27962962962962973 0.6546875 0.36574074074074087 0.703125 0.36574074074074087