4 0.40729166666666666 0.6527777777777778 0.359375 0.6527777777777778 0.359375 0.7351851851851852 0.40729166666666666 0.7351851851851852
0 0.409375 0.7379629629629629 0.3609375 0.7379629629629629 0.3609375 0.8212962962962963 0.409375 0.8212962962962963
9 0.7125 0.3833333333333334 0.6723958333333333 0.3833333333333334 0.6723958333333333 0.4527777777777779 0.7125 0.4527777777777779
8 0.39947916666666666 0.38611111111111124 0.3609375 0.38611111111111124 0.3609375 0.4527777777777779 0.39947916666666666 0.4527777777777779
0 0.453125 0.2916666666666668 0.40260416666666665 0.2916666666666668 0.40260416666666665 0.3777777777777779 0.453125 0.3777777777777779
5 0.715625 0.28518518518518526 0.6682291666666667 0.28518518518518526 0.6682291666666667 0.3675925925925927 0.715625 0.3675925925925927
6 0.453125 0.3814814814814816 0.4041666666666667 0.3814814814814816 0.4041666666666667 0.4666666666666668 0.453125 0.4666666666666668
7 0.6661458333333333 0.7222222222222224 0.6197916666666666 0.7222222222222224 0.6197916666666666 0.801851851851852 0.6661458333333333 0.801851851851852
3 0.6223958333333334 0.5583333333333336 0.5848958333333333 0.5583333333333336 0.5848958333333333 0.6231481481481483 0.6223958333333334 0.6231481481481483
12 0.4119791666666667 0.45370370370370383 0.35208333333333336 0.45370370370370383 0.35208333333333336 0.5583333333333333 0.4119791666666667 0.5583333333333333
10 0.453125 0.46944444444444455 0.4046875 0.46944444444444455 0.4046875 0.5537037037037037 0.453125 0.5537037037037037
2 0.49635416666666665 0.29074074074074086 0.45625 0.29074074074074086 0.45625 0.3601851851851853 0.49635416666666665 0.3601851851851853
4 0.40520833333333334 0.288888888888889 0.35572916666666665 0.288888888888889 0.35572916666666665 0.3750000000000001 0.40520833333333334 0.3750000000000001
8 0.403125 0.5638888888888889 0.3640625 0.5638888888888889 0.3640625 0.6305555555555555 0.403125 0.6305555555555555
5 0.7083333333333334 0.7166666666666669 0.6609375 0.7166666666666669 0.6609375 0.8009259259259262 0.7083333333333334 0.8009259259259262
7 0.6744791666666666 0.37685185185185194 0.6265625 0.37685185185185194 0.6265625 0.4601851851851853 0.6744791666666666 0.4601851851851853
9 0.7067708333333333 0.5592592592592595 0.6682291666666667 0.5592592592592595 0.6682291666666667 0.6250000000000002 0.7067708333333333 0.6250000000000002
11 0.6708333333333333 0.5537037037037039 0.6229166666666667 0.5537037037037039 0.6229166666666667 0.6361111111111113 0.6708333333333333 0.6361111111111113
3 0.6276041666666666 0.2962962962962964 0.5890625 0.2962962962962964 0.5890625 0.36203703703703716 0.6276041666666666 0.36203703703703716
6 0.45364583333333336 0.65 0.4041666666666667 0.65 0.4041666666666667 0.7342592592592593 0.45364583333333336 0.7342592592592593
2 0.49375 0.4787037037037038 0.4552083333333333 0.4787037037037037 0.4552083333333333 0.5453703703703705 0.49375 0.5453703703703706
11 0.7109375 0.6324074074074076 0.6635416666666667 0.6324074074074076 0.6635416666666667 0.714814814814815 0.7109375 0.714814814814815
2 0.49322916666666666 0.6564814814814816 0.45364583333333336 0.6564814814814814 0.45364583333333336 0.7240740740740742 0.49322916666666666 0.7240740740740743
1 0.6729166666666667 0.4629629629629631 0.6244791666666667 0.4629629629629631 0.6244791666666667 0.5472222222222224 0.6729166666666667 0.5472222222222224
3 0.6286458333333333 0.38055555555555565 0.5901041666666667 0.38055555555555565 0.5901041666666667 0.44722222222222235 0.6286458333333333 0.44722222222222235
3 0.6244791666666667 0.6500000000000002 0.5859375 0.6500000000000002 0.5859375 0.7157407407407409 0.6244791666666667 0.7157407407407409
13 0.7197916666666667 0.45740740740740754 0.6635416666666667 0.45740740740740754 0.6635416666666667 0.5555555555555558 0.7197916666666667 0.5555555555555558
3 0.6286458333333333 0.47314814814814826 0.5901041666666667 0.47314814814814826 0.5901041666666667 0.5379629629629632 0.6286458333333333 0.5379629629629632
2 0.49270833333333336 0.38240740740740753 0.453125 0.38240740740740753 0.453125 0.450925925925926 0.49270833333333336 0.450925925925926
2 0.490625 0.5712962962962964 0.4515625 0.5712962962962963 0.4515625 0.638888888888889 0.490625 0.6388888888888891
10 0.4505208333333333 0.5592592592592592 0.40208333333333335 0.5592592592592592 0.40208333333333335 0.6425925925925926 0.4505208333333333 0.6425925925925926
1 0.6671875 0.6324074074074076 0.6203125 0.6324074074074076 0.6203125 0.7138888888888891 0.6671875 0.7138888888888891