13 0.6296875 0.5787037037037039 0.5760416666666667 0.5787037037037039 0.5760416666666667 0.6759259259259262 0.6296875 0.6759259259259262
1 0.5786458333333333 0.5694444444444446 0.534375 0.5694444444444446 0.534375 0.6490740740740742 0.5786458333333333 0.6490740740740742
7 0.6145833333333334 0.3074074074074075 0.56875 0.3074074074074075 0.56875 0.388888888888889 0.6145833333333334 0.388888888888889
6 0.35208333333333336 0.5601851851851852 0.3098958333333333 0.5601851851851852 0.3098958333333333 0.6361111111111111 0.35208333333333336 0.6361111111111111
5 0.5973958333333333 0.7555555555555558 0.5541666666666667 0.7555555555555558 0.5541666666666667 0.8324074074074076 0.5973958333333333 0.8324074074074076
12 0.3223958333333333 0.4601851851851853 0.2703125 0.4601851851851853 0.2703125 0.5546296296296296 0.3223958333333333 0.5546296296296296
11 0.590625 0.4805555555555558 0.5453125 0.4805555555555558 0.5453125 0.5611111111111113 0.590625 0.5611111111111113
7 0.5671875 0.6537037037037039 0.5244791666666667 0.6537037037037039 0.5244791666666667 0.7305555555555557 0.5671875 0.7305555555555557
5 0.6619791666666667 0.32685185185185195 0.6151041666666667 0.32685185185185195 0.6151041666666667 0.4092592592592594 0.6619791666666667 0.4092592592592594
9 0.6302083333333334 0.5092592592592595 0.5942708333333333 0.5092592592592595 0.5942708333333333 0.5731481481481484 0.6302083333333334 0.5731481481481484
2 0.3875 0.5916666666666667 0.35520833333333335 0.5916666666666667 0.35520833333333335 0.65 0.3875 0.65
2 0.40729166666666666 0.41203703703703715 0.3723958333333333 0.41203703703703715 0.3723958333333333 0.4740740740740741 0.40729166666666666 0.4740740740740741
10 0.35989583333333336 0.4787037037037037 0.3171875 0.4787037037037037 0.3171875 0.5546296296296296 0.35989583333333336 0.5546296296296296
1 0.6 0.400925925925926 0.5557291666666667 0.400925925925926 0.5557291666666667 0.4805555555555558 0.6 0.4805555555555558
11 0.6489583333333333 0.4175925925925927 0.6041666666666666 0.4175925925925927 0.6041666666666666 0.4990740740740743 0.6489583333333333 0.4990740740740743
0 0.3484375 0.20000000000000004 0.3046875 0.20000000000000004 0.3046875 0.2787037037037038 0.3484375 0.2787037037037038
3 0.5197916666666667 0.6472222222222225 0.48541666666666666 0.6472222222222225 0.48541666666666666 0.7083333333333336 0.5197916666666667 0.7083333333333336
3 0.5328125 0.5611111111111113 0.4984375 0.5611111111111113 0.4984375 0.6240740740740743 0.5328125 0.6240740740740743
4 0.3015625 0.6231481481481481 0.2593750000000001 0.6231481481481481 0.2593750000000001 0.6990740740740741 0.3015625 0.6990740740740741
0 0.34375 0.6398148148148148 0.3015625 0.6398148148148148 0.3015625 0.7157407407407408 0.34375 0.7157407407407408
6 0.3796875 0.30277777777777787 0.3375 0.30277777777777787 0.3375 0.38055555555555565 0.3796875 0.38055555555555565
3 0.5552083333333333 0.3833333333333334 0.5192708333333333 0.3833333333333334 0.5192708333333333 0.44722222222222235 0.5552083333333333 0.44722222222222235
2 0.39947916666666666 0.5027777777777778 0.3651041666666667 0.5027777777777778 0.3651041666666667 0.5638888888888889 0.39947916666666666 0.5638888888888889
8 0.3046875 0.5527777777777778 0.2713541666666667 0.5527777777777778 0.2713541666666667 0.6129629629629629 0.3046875 0.6129629629629629
3 0.5083333333333333 0.7259259259259261 0.475 0.725925925925926 0.475 0.7861111111111112 0.5083333333333333 0.7861111111111113
4 0.3375 0.28518518518518526 0.29322916666666665 0.28518518518518526 0.29322916666666665 0.36574074074074087 0.3375 0.36574074074074087
8 0.3234375 0.388888888888889 0.29010416666666666 0.388888888888889 0.29010416666666666 0.4500000000000001 0.3234375 0.4500000000000001
2 0.4197916666666667 0.3277777777777779 0.384375 0.3277777777777779 0.384375 0.39074074074074083 0.4197916666666667 0.39074074074074083
9 0.6072916666666667 0.677777777777778 0.5723958333333333 0.677777777777778 0.5723958333333333 0.739814814814815 0.6072916666666667 0.739814814814815
2 0.38125 0.675 0.3484375 0.675 0.3484375 0.7342592592592593 0.38125 0.7342592592592593
3 0.5390625 0.4768518518518521 0.5041666666666667 0.4768518518518521 0.5041666666666667 0.5398148148148151 0.5390625 0.5398148148148151
10 0.3671875 0.3925925925925927 0.32395833333333335 0.3925925925925927 0.32395833333333335 0.4703703703703705 0.3671875 0.4703703703703705