1 0.6557291666666667 0.035185185185185326 0.6052083333333333 0.03518518518518532 0.6052083333333333 0.12129629629629646 0.6557291666666667 0.12129629629629646
9 0.490625 0.6851851851851853 0.44895833333333335 0.6851851851851852 0.44895833333333335 0.7537037037037038 0.490625 0.7537037037037039
1 0.5640625 0.6194444444444447 0.5125 0.6194444444444447 0.5125 0.7064814814814817 0.5640625 0.7064814814814817
2 0.3515625 0.5287037037037037 0.3109375 0.5287037037037037 0.3109375 0.5962962962962963 0.3515625 0.5962962962962963
10 0.5947916666666667 0.09259259259259273 0.5447916666666667 0.09259259259259273 0.5447916666666667 0.17685185185185195 0.5947916666666667 0.17685185185185195
3 0.5520833333333334 0.34814814814814826 0.509375 0.34814814814814826 0.509375 0.4185185185185186 0.5520833333333334 0.4185185185185186
6 0.7479166666666667 0.5398148148148151 0.6994791666666667 0.5398148148148151 0.6994791666666667 0.6240740740740743 0.7479166666666667 0.6240740740740743
3 0.5869791666666667 0.46944444444444455 0.5458333333333333 0.46944444444444455 0.5458333333333333 0.5370370370370372 0.5869791666666667 0.5370370370370372
7 0.31979166666666664 0.41203703703703715 0.26927083333333335 0.41203703703703715 0.26927083333333335 0.49722222222222223 0.31979166666666664 0.49722222222222223
2 0.38958333333333334 0.2712962962962964 0.34739583333333335 0.2712962962962964 0.34739583333333335 0.3416666666666668 0.38958333333333334 0.3416666666666668
2 0.6005208333333333 0.3777777777777779 0.559375 0.3777777777777779 0.559375 0.44722222222222235 0.6005208333333333 0.44722222222222235
8 0.5276041666666667 0.15462962962962973 0.48489583333333336 0.15462962962962973 0.48489583333333336 0.22500000000000012 0.5276041666666667 0.22500000000000012
3 0.46875 0.4962962962962963 0.4270833333333333 0.4962962962962963 0.4270833333333333 0.5648148148148148 0.46875 0.5648148148148148
3 0.6390625 0.48981481481481504 0.596875 0.48981481481481504 0.596875 0.5592592592592595 0.6390625 0.5592592592592595
5 0.38958333333333334 0.6287037037037037 0.3390625 0.6287037037037037 0.3390625 0.7138888888888889 0.38958333333333334 0.7138888888888889
11 0.7348958333333333 0.251851851851852 0.684375 0.25185185185185194 0.684375 0.3370370370370372 0.7348958333333333 0.33703703703703725
6 0.475 0.12037037037037047 0.4244791666666667 0.12037037037037047 0.4244791666666667 0.2064814814814816 0.475 0.2064814814814816
4 0.421875 0.09629629629629638 0.3703125 0.09629629629629638 0.3703125 0.18425925925925937 0.421875 0.18425925925925937
3 0.3807291666666667 0.35462962962962974 0.3390625 0.35462962962962974 0.3390625 0.42222222222222233 0.3807291666666667 0.42222222222222233
12 0.5619791666666667 1.1566108658613892e-16 0.5005208333333333 1.0897088647968579e-16 0.5005208333333333 0.07592592592592605 0.5619791666666667 0.07592592592592606
7 0.5067708333333333 1.0460524742716975e-16 0.45416666666666666 9.887888970893444e-17 0.45416666666666666 0.04351851851851862 0.5067708333333333 0.04351851851851862
2 0.6614583333333334 0.6833333333333336 0.6192708333333333 0.6833333333333336 0.6192708333333333 0.7574074074074076 0.6614583333333334 0.7574074074074076
5 0.5291666666666667 0.5120370370370372 0.478125 0.5120370370370371 0.478125 0.5981481481481482 0.5291666666666667 0.5981481481481483
4 0.4859375 0.4092592592592594 0.4348958333333333 0.4092592592592594 0.4348958333333333 0.4944444444444446 0.4859375 0.49444444444444463
0 0.45989583333333334 0.575925925925926 0.409375 0.575925925925926 0.409375 0.6583333333333333 0.45989583333333334 0.6583333333333333
8 0.6078125 0.006481481481481609 0.5640625 0.0064814814814816045 0.5640625 0.07685185185185198 0.6078125 0.07685185185185198
10 0.4859375 0.7601851851851853 0.4390625 0.7601851851851852 0.4390625 0.8425925925925927 0.4859375 0.8425925925925928
9 0.43854166666666666 0.6675925925925926 0.39895833333333336 0.6675925925925926 0.39895833333333336 0.7333333333333333 0.43854166666666666 0.7333333333333333
2 0.6078125 0.6555555555555558 0.5677083333333334 0.6555555555555558 0.5677083333333334 0.7259259259259261 0.6078125 0.7259259259259261
11 0.5786458333333333 0.1740740740740742 0.5302083333333333 0.1740740740740742 0.5302083333333333 0.25740740740740753 0.5786458333333333 0.25740740740740753
0 0.6333333333333333 0.20648148148148163 0.5859375 0.2064814814814816 0.5859375 0.2898148148148149 0.6333333333333333 0.2898148148148149
13 0.55 0.7000000000000002 0.49583333333333335 0.7000000000000002 0.49583333333333335 0.7972222222222224 0.55 0.7972222222222224