0 0.4895833333333333 0.3694444444444446 0.45 0.3694444444444446 0.45 0.44166666666666676 0.4895833333333333 0.44166666666666676
2 0.4270833333333333 0.43055555555555564 0.3963541666666667 0.43055555555555564 0.3963541666666667 0.4861111111111111 0.4270833333333333 0.4861111111111111
12 0.5208333333333334 0.800925925925926 0.471875 0.8009259259259259 0.47187500000000004 0.889814814814815 0.5208333333333335 0.8898148148148151
13 0.5671875 0.24444444444444455 0.51875 0.24444444444444455 0.51875 0.33240740740740754 0.5671875 0.33240740740740754
7 0.6177083333333333 0.5361111111111113 0.5770833333333333 0.5361111111111113 0.5770833333333333 0.6111111111111113 0.6177083333333333 0.6111111111111113
11 0.4041666666666667 0.5694444444444444 0.3651041666666667 0.5694444444444444 0.3651041666666667 0.6407407407407407 0.4041666666666667 0.6407407407407407
3 0.3828125 0.4037037037037038 0.35208333333333336 0.4037037037037038 0.35208333333333336 0.45925925925925937 0.3828125 0.45925925925925937
3 0.6515625 0.6564814814814817 0.61875 0.6564814814814817 0.61875 0.7166666666666669 0.6515625 0.7166666666666669
10 0.421875 0.17222222222222233 0.3828125 0.17222222222222233 0.3828125 0.2425925925925927 0.421875 0.2425925925925927
9 0.509375 0.23425925925925936 0.4765625 0.23425925925925936 0.4765625 0.2925925925925927 0.509375 0.2925925925925927
3 0.4625 0.5361111111111111 0.43072916666666666 0.5361111111111111 0.43072916666666666 0.5935185185185186 0.4625 0.5935185185185186
3 0.3109375 0.524074074074074 0.28072916666666664 0.524074074074074 0.28072916666666664 0.5796296296296296 0.3109375 0.5796296296296296
3 0.6427083333333333 0.39074074074074083 0.6098958333333333 0.39074074074074083 0.6098958333333333 0.4490740740740742 0.6427083333333333 0.4490740740740742
2 0.5567708333333333 0.5870370370370372 0.5239583333333333 0.5870370370370372 0.5239583333333333 0.6462962962962965 0.5567708333333333 0.6462962962962965
2 0.5057291666666667 0.5666666666666668 0.4739583333333333 0.5666666666666667 0.4739583333333333 0.6250000000000001 0.5057291666666667 0.6250000000000002
6 0.5197916666666667 0.47685185185185197 0.4796875 0.47685185185185186 0.4796875 0.5500000000000002 0.5197916666666667 0.5500000000000002
10 0.546875 0.6564814814814817 0.50625 0.6564814814814817 0.50625 0.7314814814814817 0.546875 0.7314814814814817
7 0.5723958333333333 0.1777777777777779 0.5322916666666667 0.1777777777777779 0.5322916666666667 0.25092592592592605 0.5723958333333333 0.25092592592592605
4 0.4505208333333333 0.6027777777777777 0.4114583333333333 0.6027777777777777 0.4114583333333333 0.674074074074074 0.4505208333333333 0.674074074074074
6 0.4546875 0.2740740740740742 0.41510416666666666 0.2740740740740742 0.41510416666666666 0.3453703703703705 0.4546875 0.3453703703703705
5 0.3953125 0.3277777777777779 0.35572916666666665 0.3277777777777779 0.35572916666666665 0.4000000000000001 0.3953125 0.4000000000000001
9 0.54375 0.3333333333333334 0.5119791666666667 0.3333333333333334 0.5119791666666667 0.3916666666666668 0.54375 0.3916666666666668
8 0.42552083333333335 0.7462962962962963 0.39375 0.7462962962962963 0.39375 0.8037037037037037 0.42552083333333335 0.8037037037037037
0 0.5854166666666667 0.43703703703703717 0.5453125 0.43703703703703717 0.5453125 0.5092592592592595 0.5854166666666667 0.5092592592592595
1 0.38229166666666664 0.7111111111111111 0.34375 0.7111111111111111 0.34375 0.7814814814814814 0.38229166666666664 0.7814814814814814
2 0.3489583333333333 0.30925925925925934 0.3182291666666667 0.30925925925925934 0.3182291666666667 0.36666666666666675 0.3489583333333333 0.36666666666666675
5 0.3380208333333333 0.6777777777777778 0.2994791666666667 0.6777777777777778 0.2994791666666667 0.7490740740740741 0.3380208333333333 0.7490740740740741
1 0.6796875 0.8240740740740743 0.6385416666666667 0.8240740740740743 0.6385416666666667 0.8981481481481484 0.6796875 0.8981481481481484
2 0.7239583333333334 0.5287037037037039 0.6911458333333333 0.5287037037037039 0.6911458333333333 0.5879629629629631 0.7239583333333334 0.5879629629629631
8 0.43125 0.6796296296296296 0.4 0.6796296296296296 0.4 0.7361111111111112 0.43125 0.7361111111111112
11 0.7046875 0.33703703703703713 0.6625 0.33703703703703713 0.6625 0.4148148148148149 0.7046875 0.4148148148148149
4 0.346875 0.6083333333333333 0.3067708333333333 0.6083333333333333 0.3067708333333333 0.6814814814814815 0.346875 0.6814814814814815