4 0.7020833333333333 0.7407407407407409 0.659375 0.7407407407407409 0.659375 0.8101851851851853 0.7020833333333333 0.8101851851851853
0 0.6885416666666667 0.8259259259259262 0.6453125 0.8259259259259262 0.6453125 0.8944444444444447 0.6885416666666667 0.8944444444444447
7 0.396875 0.6435185185185185 0.3536458333333333 0.6435185185185185 0.3536458333333333 0.7092592592592593 0.396875 0.7092592592592593
12 0.6994791666666667 0.4425925925925927 0.6489583333333333 0.4425925925925927 0.6489583333333333 0.5240740740740742 0.6994791666666667 0.5240740740740742
7 0.46875 0.11481481481481493 0.42604166666666665 0.11481481481481493 0.42604166666666665 0.17962962962962972 0.46875 0.17962962962962972
13 0.390625 0.36296296296296304 0.3375 0.36296296296296304 0.3375 0.44444444444444453 0.390625 0.44444444444444453
2 0.6072916666666667 0.4425925925925927 0.5734375 0.4425925925925927 0.5734375 0.4962962962962965 0.6072916666666667 0.4962962962962965
6 0.6848958333333334 0.17962962962962978 0.6427083333333333 0.17962962962962978 0.6427083333333333 0.25185185185185194 0.6848958333333334 0.25185185185185194
3 0.46458333333333335 0.4000000000000001 0.42916666666666664 0.4000000000000001 0.42916666666666664 0.45185185185185195 0.46458333333333335 0.45185185185185195
3 0.41822916666666665 0.7518518518518519 0.38333333333333336 0.7518518518518519 0.38333333333333336 0.8046296296296296 0.41822916666666665 0.8046296296296296
3 0.49583333333333335 0.22407407407407418 0.46197916666666666 0.22407407407407418 0.46197916666666666 0.275925925925926 0.49583333333333335 0.275925925925926
1 0.29270833333333335 0.6888888888888889 0.2458333333333334 0.6888888888888889 0.2458333333333334 0.7592592592592593 0.29270833333333335 0.7592592592592593
2 0.6244791666666667 0.2666666666666668 0.5875 0.2666666666666668 0.5875 0.32037037037037047 0.6244791666666667 0.32037037037037047
2 0.646875 0.10370370370370384 0.6135416666666667 0.10370370370370384 0.6135416666666667 0.15277777777777793 0.646875 0.15277777777777793
3 0.5208333333333334 0.06666666666666678 0.4864583333333333 0.06666666666666678 0.4864583333333333 0.11759259259259269 0.5208333333333334 0.11759259259259269
4 0.7479166666666667 0.3157407407407409 0.7057291666666666 0.3157407407407408 0.7057291666666666 0.38148148148148164 0.7479166666666667 0.3814814814814817
2 0.58125 0.6166666666666669 0.5463541666666667 0.6166666666666669 0.5463541666666667 0.6703703703703706 0.58125 0.6703703703703706
0 0.7729166666666667 0.15185185185185202 0.7322916666666667 0.15185185185185202 0.7322916666666667 0.2157407407407409 0.7729166666666667 0.2157407407407409
3 0.4427083333333333 0.5712962962962963 0.40625 0.5712962962962963 0.40625 0.625 0.4427083333333333 0.625
2 0.5567708333333333 0.8009259259259262 0.5197916666666667 0.8009259259259262 0.5197916666666667 0.8574074074074076 0.5567708333333333 0.8574074074074076
6 0.6135416666666667 0.7222222222222224 0.56875 0.7222222222222224 0.56875 0.7953703703703706 0.6135416666666667 0.7953703703703706
8 0.7458333333333333 0.39537037037037054 0.7114583333333333 0.3953703703703705 0.7114583333333333 0.451851851851852 0.7458333333333333 0.45185185185185206
1 0.4078125 0.017592592592592673 0.36614583333333334 0.01759259259259267 0.36614583333333334 0.08148148148148156 0.4078125 0.08148148148148156
10 0.7130208333333333 0.6537037037037039 0.6708333333333333 0.6537037037037039 0.6708333333333333 0.7194444444444447 0.7130208333333333 0.7194444444444447
8 0.7229166666666667 0.5601851851851853 0.6880208333333333 0.5601851851851853 0.6880208333333333 0.6166666666666669 0.7229166666666667 0.6166666666666669
5 0.3859375 0.10462962962962971 0.34270833333333334 0.10462962962962971 0.34270833333333334 0.17037037037037045 0.3859375 0.17037037037037048
11 0.371875 0.17777777777777787 0.32916666666666666 0.17777777777777784 0.32916666666666666 0.24351851851851863 0.371875 0.24351851851851863
5 0.30885416666666665 0.6092592592592593 0.26510416666666675 0.6092592592592593 0.26510416666666675 0.6759259259259259 0.30885416666666665 0.6759259259259259
10 0.7598958333333333 0.22592592592592609 0.7192708333333333 0.22592592592592609 0.7192708333333333 0.29629629629629645 0.7598958333333333 0.2962962962962965
9 0.35520833333333335 0.2537037037037038 0.3203125 0.2537037037037038 0.3203125 0.31203703703703717 0.35520833333333335 0.31203703703703717
9 0.33229166666666665 0.4351851851851853 0.29583333333333334 0.4351851851851853 0.29583333333333334 0.49166666666666664 0.33229166666666665 0.49166666666666664
11 0.3203125 0.5222222222222223 0.2760416666666667 0.5222222222222223 0.2760416666666667 0.5916666666666667 0.3203125 0.5916666666666667