13 0.29583333333333334 0.413888888888889 0.25052083333333336 0.413888888888889 0.25052083333333336 0.4861111111111111 0.29583333333333334 0.4861111111111111
4 0.6442708333333333 0.6324074074074076 0.6078125 0.6324074074074076 0.6078125 0.689814814814815 0.6442708333333333 0.689814814814815
3 0.38385416666666666 0.27314814814814825 0.3546875 0.27314814814814825 0.3546875 0.31481481481481494 0.38385416666666666 0.31481481481481494
7 0.3541666666666667 0.1805555555555556 0.31927083333333334 0.1805555555555556 0.31927083333333334 0.23703703703703713 0.3541666666666667 0.23703703703703713
3 0.365625 0.8092592592592592 0.33541666666666664 0.8092592592592592 0.33541666666666664 0.8546296296296296 0.365625 0.8546296296296296
3 0.390625 0.10740740740740749 0.36302083333333335 0.10740740740740749 0.36302083333333335 0.14722222222222234 0.390625 0.14722222222222234
2 0.521875 0.27962962962962973 0.4921875 0.27962962962962973 0.4921875 0.3212962962962964 0.521875 0.3212962962962964
6 0.5598958333333334 0.7388888888888892 0.5229166666666667 0.7388888888888892 0.5229166666666667 0.7953703703703706 0.5598958333333334 0.7953703703703706
3 0.3697916666666667 0.6287037037037037 0.33958333333333335 0.6287037037037037 0.33958333333333335 0.6731481481481482 0.3697916666666667 0.6731481481481482
2 0.5083333333333334 0.8277777777777778 0.47708333333333336 0.8277777777777777 0.4770833333333334 0.8722222222222223 0.5083333333333334 0.8722222222222225
7 0.32395833333333335 0.7185185185185186 0.2875 0.7185185185185186 0.2875 0.7731481481481481 0.32395833333333335 0.7731481481481481
0 0.6578125 0.12500000000000017 0.621875 0.12500000000000017 0.621875 0.17962962962962978 0.6578125 0.17962962962962978
2 0.5197916666666667 0.45370370370370383 0.4890625 0.45370370370370383 0.4890625 0.49722222222222245 0.5197916666666667 0.49722222222222245
6 0.5708333333333333 0.18333333333333343 0.5354166666666667 0.18333333333333343 0.5354166666666667 0.23796296296296307 0.5708333333333333 0.23796296296296307
2 0.5088541666666667 0.6407407407407408 0.478125 0.6407407407407407 0.478125 0.6842592592592593 0.5088541666666667 0.6842592592592595
3 0.371875 0.43981481481481494 0.3421875 0.43981481481481494 0.3421875 0.48333333333333334 0.371875 0.48333333333333334
1 0.24375000000000005 0.7972222222222223 0.2083333333333334 0.7972222222222223 0.2083333333333334 0.8546296296296296 0.24375000000000005 0.8546296296296296
5 0.23854166666666674 0.6935185185185185 0.20468750000000005 0.6935185185185185 0.20468750000000005 0.7509259259259259 0.23854166666666674 0.7509259259259259
4 0.6567708333333333 0.201851851851852 0.6208333333333333 0.201851851851852 0.6208333333333333 0.2564814814814816 0.6567708333333333 0.2564814814814816
2 0.525 0.11203703703703714 0.496875 0.11203703703703714 0.496875 0.15277777777777787 0.525 0.15277777777777787
12 0.6125 0.463888888888889 0.5703125 0.463888888888889 0.5703125 0.5324074074074077 0.6125 0.5324074074074077
8 0.6546875 0.5583333333333336 0.6244791666666667 0.5583333333333336 0.6244791666666667 0.6018518518518521 0.6546875 0.6018518518518521
5 0.26666666666666666 0.1796296296296297 0.23177083333333334 0.1796296296296297 0.23177083333333334 0.2342592592592593 0.26666666666666666 0.2342592592592593
1 0.2677083333333333 0.10462962962962968 0.23020833333333332 0.10462962962962968 0.23020833333333332 0.16111111111111118 0.2677083333333333 0.16111111111111118
9 0.2520833333333333 0.350925925925926 0.2234375 0.3509259259259259 0.2234375 0.39259259259259266 0.2520833333333333 0.3925925925925927
0 0.6526041666666667 0.8194444444444446 0.6140625 0.8194444444444446 0.6140625 0.8759259259259261 0.6526041666666667 0.8759259259259261
11 0.24010416666666673 0.6074074074074074 0.20468750000000005 0.6074074074074074 0.20468750000000005 0.6712962962962963 0.24010416666666673 0.6712962962962963
10 0.6453125 0.7305555555555557 0.6088541666666667 0.7305555555555557 0.6088541666666667 0.7870370370370372 0.6453125 0.7870370370370372
11 0.2604166666666667 0.25648148148148153 0.22239583333333332 0.2564814814814815 0.22239583333333332 0.3120370370370371 0.2604166666666667 0.31203703703703717
9 0.24166666666666672 0.5333333333333333 0.2083333333333334 0.5333333333333333 0.2083333333333334 0.5824074074074074 0.24166666666666672 0.5824074074074074
10 0.6567708333333333 0.2814814814814816 0.6203125 0.2814814814814816 0.6203125 0.3462962962962964 0.6567708333333333 0.3462962962962964
8 0.6526041666666667 0.3833333333333334 0.6244791666666667 0.3833333333333334 0.6244791666666667 0.4361111111111112 0.6526041666666667 0.4361111111111112