12 0.6552083333333333 0.363888888888889 0.590625 0.363888888888889 0.590625 0.47592592592592614 0.6552083333333333 0.47592592592592614
10 0.64375 0.49814814814814834 0.5921875 0.49814814814814834 0.5921875 0.5870370370370372 0.64375 0.5870370370370372
9 0.3645833333333333 0.5796296296296296 0.325 0.5796296296296296 0.325 0.6481481481481481 0.3645833333333333 0.6481481481481481
4 0.7098958333333333 0.5462962962962965 0.6598958333333333 0.5462962962962965 0.6598958333333333 0.6333333333333335 0.7098958333333333 0.6333333333333335
4 0.5916666666666667 0.2212962962962964 0.5416666666666666 0.2212962962962964 0.5416666666666666 0.30925925925925934 0.5916666666666667 0.30925925925925934
7 0.40208333333333335 0.5342592592592592 0.3536458333333333 0.5342592592592592 0.3536458333333333 0.6194444444444445 0.40208333333333335 0.6194444444444445
1 0.43125 0.6101851851851852 0.38229166666666664 0.6101851851851852 0.38229166666666664 0.6944444444444444 0.43125 0.6944444444444444
11 0.46041666666666664 0.6888888888888889 0.4125 0.6888888888888889 0.4125 0.7731481481481481 0.46041666666666664 0.7731481481481481
11 0.4520833333333334 0.7972222222222223 0.4046875 0.7972222222222223 0.40468750000000003 0.8805555555555555 0.45208333333333345 0.8805555555555555
13 0.4015625 0.6407407407407407 0.34322916666666664 0.6407407407407407 0.34322916666666664 0.7435185185185185 0.4015625 0.7435185185185185
5 0.4817708333333334 0.8722222222222222 0.4322916666666668 0.8722222222222222 0.4322916666666668 0.9564814814814815 0.4817708333333334 0.9564814814814815
6 0.671875 0.5851851851851854 0.6213541666666667 0.5851851851851854 0.6213541666666667 0.6731481481481484 0.671875 0.6731481481481484
3 0.40208333333333335 0.42962962962962975 0.3645833333333333 0.42962962962962975 0.3645833333333333 0.49444444444444446 0.40208333333333335 0.49444444444444446
8 0.6177083333333333 0.3074074074074075 0.5765625 0.3074074074074075 0.5765625 0.3777777777777779 0.6177083333333333 0.3777777777777779
3 0.4296875 0.5037037037037037 0.39114583333333336 0.5037037037037037 0.39114583333333336 0.5703703703703704 0.4296875 0.5703703703703704
7 0.5166666666666667 0.837962962962963 0.46822916666666664 0.8379629629629629 0.46822916666666675 0.9222222222222223 0.5166666666666668 0.9222222222222224
2 0.6291666666666667 0.6314814814814816 0.5890625 0.6314814814814816 0.5890625 0.7018518518518521 0.6291666666666667 0.7018518518518521
2 0.5697916666666667 0.4722222222222223 0.5302083333333333 0.4722222222222223 0.5302083333333333 0.5416666666666669 0.5697916666666667 0.5416666666666669
9 0.421875 0.7314814814814815 0.38333333333333336 0.7314814814814815 0.38333333333333336 0.799074074074074 0.421875 0.799074074074074
3 0.5182291666666666 0.7407407407407408 0.478125 0.7407407407407407 0.478125 0.8111111111111112 0.5182291666666666 0.8111111111111113
6 0.5838541666666667 0.34259259259259267 0.5317708333333333 0.34259259259259267 0.5317708333333333 0.4324074074074075 0.5838541666666667 0.4324074074074075
2 0.540625 0.38611111111111124 0.5 0.38611111111111124 0.5 0.4564814814814816 0.540625 0.4564814814814816
3 0.4583333333333333 0.5851851851851851 0.4192708333333333 0.5851851851851851 0.4192708333333333 0.6537037037037037 0.4583333333333333 0.6537037037037037
3 0.4895833333333333 0.6564814814814816 0.4505208333333333 0.6564814814814814 0.4505208333333333 0.7240740740740742 0.4895833333333333 0.7240740740740743
2 0.5088541666666667 0.30925925925925934 0.46875 0.30925925925925934 0.46875 0.3787037037037038 0.5088541666666667 0.3787037037037038
10 0.6130208333333333 0.42037037037037045 0.5609375 0.42037037037037045 0.5609375 0.5111111111111113 0.6130208333333333 0.5111111111111113
8 0.671875 0.46944444444444455 0.6322916666666667 0.46944444444444455 0.6322916666666667 0.5379629629629632 0.671875 0.5379629629629632
2 0.6036458333333333 0.5537037037037039 0.5635416666666667 0.5537037037037039 0.5635416666666667 0.6231481481481483 0.6036458333333333 0.6231481481481483
1 0.4875 0.7592592592592594 0.4395833333333333 0.7592592592592593 0.4395833333333333 0.8425925925925927 0.4875 0.8425925925925928
0 0.5552083333333333 0.263888888888889 0.5036458333333333 0.263888888888889 0.5036458333333333 0.3537037037037038 0.5552083333333333 0.3537037037037038
0 0.7380208333333333 0.6250000000000002 0.6869791666666667 0.6250000000000002 0.6869791666666667 0.714814814814815 0.7380208333333333 0.714814814814815
5 0.340625 0.4898148148148148 0.29270833333333335 0.4898148148148148 0.29270833333333335 0.5731481481481482 0.340625 0.5731481481481482