12 0.6651041666666667 0.35092592592592603 0.6052083333333333 0.35092592592592603 0.6052083333333333 0.45185185185185195 0.6651041666666667 0.45185185185185195
7 0.46458333333333335 0.6703703703703704 0.41770833333333335 0.6703703703703704 0.41770833333333335 0.7490740740740741 0.46458333333333335 0.7490740740740741
10 0.5916666666666667 0.3157407407407408 0.5432291666666667 0.3157407407407408 0.5432291666666667 0.3962962962962964 0.5916666666666667 0.3962962962962964
11 0.4083333333333333 0.5148148148148148 0.3625 0.5148148148148148 0.3625 0.5916666666666667 0.4083333333333333 0.5916666666666667
6 0.559375 0.23796296296296307 0.5109375 0.23796296296296307 0.5109375 0.31666666666666676 0.559375 0.31666666666666676
6 0.6473958333333333 0.47407407407407426 0.5984375 0.47407407407407426 0.5984375 0.5546296296296298 0.6473958333333333 0.5546296296296298
1 0.43697916666666664 0.5935185185185186 0.390625 0.5935185185185186 0.390625 0.6722222222222223 0.43697916666666664 0.6722222222222223
11 0.34739583333333335 0.4824074074074074 0.3026041666666667 0.4824074074074074 0.3026041666666667 0.5583333333333333 0.34739583333333335 0.5583333333333333
7 0.3541666666666667 0.3675925925925927 0.30885416666666665 0.3675925925925927 0.30885416666666665 0.44351851851851865 0.3541666666666667 0.44351851851851865
10 0.6192708333333333 0.3962962962962964 0.5703125 0.3962962962962964 0.5703125 0.4768518518518521 0.6192708333333333 0.4768518518518521
2 0.575 0.44537037037037047 0.5375 0.44537037037037047 0.5375 0.5064814814814816 0.575 0.5064814814814816
4 0.5979166666666667 0.19722222222222233 0.5505208333333333 0.19722222222222233 0.5505208333333333 0.2750000000000001 0.5979166666666667 0.2750000000000001
2 0.6072916666666667 0.526851851851852 0.5692708333333333 0.526851851851852 0.5692708333333333 0.5888888888888891 0.6072916666666667 0.5888888888888891
3 0.440625 0.4898148148148148 0.4041666666666667 0.4898148148148148 0.4041666666666667 0.55 0.440625 0.55
5 0.32135416666666666 0.4074074074074075 0.275 0.4074074074074075 0.275 0.48518518518518516 0.32135416666666666 0.48518518518518516
0 0.5682291666666667 0.11944444444444455 0.5192708333333333 0.11944444444444455 0.5192708333333333 0.20092592592592604 0.5682291666666667 0.20092592592592604
3 0.4947916666666667 0.6462962962962964 0.4578125 0.6462962962962963 0.4578125 0.7074074074074075 0.4947916666666667 0.7074074074074076
9 0.425 0.7129629629629629 0.3875 0.7129629629629629 0.3875 0.775 0.425 0.775
8 0.6838541666666667 0.44537037037037047 0.6453125 0.44537037037037047 0.6453125 0.5074074074074076 0.6838541666666667 0.5074074074074076
3 0.5223958333333333 0.7194444444444447 0.4859375 0.7194444444444447 0.4859375 0.7805555555555558 0.5223958333333333 0.7805555555555558
3 0.4088541666666667 0.4092592592592594 0.37135416666666665 0.4092592592592594 0.37135416666666665 0.4722222222222223 0.4088541666666667 0.4722222222222223
4 0.715625 0.5138888888888891 0.66875 0.5138888888888891 0.66875 0.5944444444444447 0.715625 0.5944444444444447
2 0.634375 0.6083333333333335 0.5958333333333333 0.6083333333333335 0.5958333333333333 0.6722222222222224 0.634375 0.6722222222222224
3 0.46458333333333335 0.5675925925925925 0.4276041666666667 0.5675925925925925 0.4276041666666667 0.6296296296296297 0.46458333333333335 0.6296296296296297
1 0.38333333333333336 0.44537037037037047 0.3380208333333333 0.44537037037037047 0.3380208333333333 0.5212962962962963 0.38333333333333336 0.5212962962962963
8 0.6234375 0.29074074074074086 0.5854166666666667 0.29074074074074086 0.5854166666666667 0.35277777777777786 0.6234375 0.35277777777777786
2 0.5473958333333333 0.3592592592592594 0.509375 0.3592592592592594 0.509375 0.42222222222222233 0.5473958333333333 0.42222222222222233
2 0.5177083333333333 0.2861111111111112 0.4791666666666667 0.2861111111111112 0.4791666666666667 0.3490740740740742 0.5177083333333333 0.3490740740740742
0 0.6760416666666667 0.5509259259259262 0.628125 0.5509259259259262 0.628125 0.6314814814814816 0.6760416666666667 0.6314814814814816
13 0.4046875 0.6212962962962963 0.3494791666666667 0.6212962962962963 0.3494791666666667 0.7148148148148148 0.4046875 0.7148148148148148
5 0.4598958333333334 0.7833333333333333 0.41302083333333334 0.7833333333333333 0.4130208333333334 0.8611111111111112 0.45989583333333345 0.8611111111111112
9 0.37083333333333335 0.5611111111111111 0.3333333333333333 0.5611111111111111 0.3333333333333333 0.6231481481481481 0.37083333333333335 0.6231481481481481