6 0.6239583333333333 0.27314814814814825 0.5859375 0.27314814814814825 0.5859375 0.33055555555555566 0.6239583333333333 0.33055555555555566
9 0.5322916666666667 0.8129629629629632 0.4979166666666667 0.8129629629629632 0.4979166666666667 0.8592592592592595 0.5322916666666667 0.8592592592592595
11 0.35625 0.3000000000000001 0.3171875 0.3000000000000001 0.3171875 0.3601851851851853 0.35625 0.3601851851851853
5 0.6463541666666667 0.7981481481481484 0.6067708333333334 0.7981481481481484 0.6067708333333334 0.8574074074074076 0.6463541666666667 0.8574074074074076
4 0.5796875 0.5453703703703706 0.5380208333333333 0.5453703703703706 0.5380208333333333 0.6074074074074076 0.5796875 0.6074074074074076
11 0.5166666666666667 0.2824074074074075 0.47760416666666666 0.2824074074074075 0.47760416666666666 0.3435185185185186 0.5166666666666667 0.3435185185185186
7 0.7416666666666667 0.6175925925925928 0.7010416666666667 0.6175925925925928 0.7010416666666667 0.676851851851852 0.7416666666666667 0.676851851851852
4 0.6807291666666667 0.2703703703703705 0.6421875 0.2703703703703705 0.6421875 0.3277777777777779 0.6807291666666667 0.3277777777777779
2 0.6848958333333334 0.4462962962962964 0.6515625 0.4462962962962964 0.6515625 0.4925925925925928 0.6848958333333334 0.4925925925925928
12 0.5671875 0.10092592592592604 0.5197916666666667 0.10092592592592603 0.5197916666666667 0.17222222222222233 0.5671875 0.17222222222222233
8 0.5640625 0.27962962962962973 0.5322916666666667 0.27962962962962973 0.5322916666666667 0.3277777777777779 0.5640625 0.3277777777777779
1 0.465625 0.1250000000000001 0.42552083333333335 0.1250000000000001 0.42552083333333335 0.18425925925925937 0.465625 0.18425925925925937
2 0.6890625 0.7129629629629631 0.6578125 0.7129629629629631 0.6578125 0.7592592592592595 0.6890625 0.7592592592592595
3 0.5140625 0.4564814814814816 0.4828125 0.4564814814814816 0.4828125 0.5055555555555556 0.5140625 0.5055555555555558
13 0.48437500000000006 0.8083333333333335 0.4359375 0.8083333333333333 0.43593750000000003 0.8824074074074075 0.4843750000000001 0.8824074074074076
8 0.50625 0.11018518518518529 0.47239583333333335 0.11018518518518529 0.47239583333333335 0.15925925925925938 0.50625 0.15925925925925938
0 0.4625 0.28703703703703715 0.4234375 0.28703703703703715 0.4234375 0.3462962962962964 0.4625 0.3462962962962964
3 0.5770833333333333 0.6351851851851854 0.5463541666666667 0.6351851851851854 0.5463541666666667 0.6842592592592595 0.5770833333333333 0.6842592592592595
7 0.6177083333333333 0.10462962962962977 0.5770833333333333 0.10462962962962977 0.5770833333333333 0.1629629629629631 0.6177083333333333 0.16296296296296311
2 0.4197916666666667 0.7407407407407407 0.38697916666666665 0.7407407407407407 0.38697916666666665 0.787962962962963 0.4197916666666667 0.787962962962963
1 0.47708333333333336 0.7277777777777777 0.43645833333333334 0.7277777777777777 0.43645833333333334 0.787962962962963 0.47708333333333336 0.787962962962963
2 0.3651041666666667 0.7472222222222222 0.3328125 0.7472222222222222 0.3328125 0.7944444444444444 0.3651041666666667 0.7944444444444444
10 0.5333333333333333 0.8898148148148151 0.49427083333333344 0.8898148148148151 0.49427083333333344 0.9481481481481482 0.5333333333333333 0.9481481481481482
3 0.4661458333333333 0.5601851851851852 0.43385416666666665 0.5601851851851852 0.43385416666666665 0.6074074074074074 0.4661458333333333 0.6074074074074074
2 0.4635416666666667 0.4629629629629631 0.43125 0.4629629629629631 0.43125 0.5157407407407407 0.4635416666666667 0.5157407407407407
3 0.4125 0.5611111111111111 0.3796875 0.5611111111111111 0.3796875 0.6083333333333333 0.4125 0.6083333333333333
10 0.5151041666666667 0.19722222222222233 0.47604166666666664 0.19722222222222233 0.47604166666666664 0.25740740740740753 0.5151041666666667 0.25740740740740753
9 0.5828125 0.815740740740741 0.5505208333333333 0.815740740740741 0.5505208333333333 0.8629629629629632 0.5828125 0.8629629629629632
6 0.30625 0.575925925925926 0.26510416666666675 0.575925925925926 0.26510416666666675 0.6361111111111111 0.30625 0.6361111111111111
3 0.684375 0.5342592592592594 0.6505208333333333 0.5342592592592594 0.6505208333333333 0.5805555555555557 0.684375 0.5805555555555557
0 0.58125 0.7138888888888891 0.5416666666666666 0.7138888888888891 0.5416666666666666 0.7842592592592594 0.58125 0.7842592592592594
5 0.5239583333333333 0.6287037037037039 0.4864583333333333 0.6287037037037039 0.4864583333333333 0.6953703703703705 0.5239583333333333 0.6953703703703705