6 0.6286458333333333 0.21574074074074087 0.5869791666666667 0.21574074074074084 0.5869791666666667 0.2750000000000001 0.6286458333333333 0.2750000000000001
4 0.578125 0.4814814814814817 0.5359375 0.4814814814814817 0.5359375 0.5435185185185187 0.578125 0.5435185185185187
4 0.6838541666666667 0.2166666666666668 0.6421875 0.2166666666666668 0.6421875 0.2750000000000001 0.6838541666666667 0.2750000000000001
10 0.5182291666666666 0.13055555555555567 0.4822916666666667 0.13055555555555567 0.4822916666666667 0.1898148148148149 0.5182291666666666 0.1898148148148149
8 0.56875 0.21944444444444455 0.534375 0.21944444444444455 0.534375 0.26574074074074083 0.56875 0.26574074074074083
3 0.409375 0.4888888888888889 0.3770833333333333 0.4888888888888889 0.3770833333333333 0.5351851851851852 0.409375 0.5351851851851852
12 0.5765625 0.04166666666666679 0.5270833333333333 0.04166666666666678 0.5270833333333333 0.11481481481481494 0.5765625 0.11481481481481495
7 0.7385416666666667 0.5638888888888891 0.6958333333333333 0.5638888888888891 0.6958333333333333 0.6259259259259261 0.7385416666666667 0.6259259259259261
0 0.4625 0.21944444444444455 0.4265625 0.21944444444444455 0.4265625 0.27685185185185196 0.4625 0.27685185185185196
5 0.5182291666666666 0.5620370370370371 0.48125 0.562037037037037 0.48125 0.626851851851852 0.5182291666666666 0.6268518518518521
3 0.4625 0.4888888888888889 0.43020833333333336 0.4888888888888889 0.43020833333333336 0.5388888888888889 0.4625 0.5388888888888889
5 0.6375 0.7370370370370373 0.5963541666666666 0.7370370370370373 0.5963541666666666 0.8083333333333336 0.6375 0.8083333333333336
7 0.6255208333333333 0.050925925925926055 0.584375 0.050925925925926055 0.584375 0.10833333333333346 0.6255208333333333 0.10833333333333346
3 0.5734375 0.5685185185185188 0.5395833333333333 0.5685185185185188 0.5395833333333333 0.6157407407407409 0.5734375 0.6157407407407409
2 0.68125 0.6564814814814817 0.6505208333333333 0.6564814814814817 0.6505208333333333 0.7092592592592595 0.68125 0.7092592592592595
2 0.35520833333333335 0.6666666666666666 0.3255208333333333 0.6666666666666666 0.3255208333333333 0.7194444444444444 0.35520833333333335 0.7194444444444444
11 0.3625 0.21759259259259264 0.31979166666666664 0.21759259259259264 0.31979166666666664 0.28518518518518526 0.3625 0.28518518518518526
6 0.3015625 0.4898148148148148 0.26510416666666675 0.4898148148148148 0.26510416666666675 0.5546296296296296 0.3015625 0.5546296296296296
8 0.5119791666666667 0.05000000000000011 0.4828125 0.05000000000000011 0.4828125 0.09814814814814825 0.5119791666666667 0.09814814814814825
1 0.4671875 0.0500000000000001 0.4317708333333333 0.05000000000000009 0.4317708333333333 0.11944444444444455 0.4671875 0.11944444444444455
1 0.4671875 0.6509259259259259 0.42916666666666664 0.6509259259259259 0.42916666666666664 0.7129629629629629 0.4671875 0.7129629629629629
9 0.5203125 0.739814814814815 0.49166666666666664 0.739814814814815 0.49166666666666664 0.7935185185185187 0.5203125 0.7935185185185187
9 0.5744791666666667 0.752777777777778 0.5432291666666667 0.752777777777778 0.5432291666666667 0.8000000000000002 0.5744791666666667 0.8000000000000002
2 0.4119791666666667 0.6583333333333333 0.3802083333333333 0.6583333333333333 0.3802083333333333 0.7129629629629629 0.4119791666666667 0.7129629629629629
0 0.5734375 0.651851851851852 0.5369791666666667 0.651851851851852 0.5369791666666667 0.7120370370370372 0.5734375 0.7120370370370372
10 0.5208333333333334 0.8212962962962965 0.484375 0.8212962962962965 0.48437500000000006 0.8861111111111113 0.5208333333333335 0.8861111111111113
2 0.6807291666666667 0.38611111111111124 0.6505208333333333 0.38611111111111124 0.6505208333333333 0.43796296296296305 0.6807291666666667 0.43796296296296305
3 0.6802083333333333 0.47592592592592614 0.6494791666666667 0.47592592592592614 0.6494791666666667 0.5250000000000002 0.6802083333333333 0.5250000000000002
11 0.51875 0.21574074074074084 0.4828125 0.21574074074074084 0.4828125 0.2787037037037038 0.51875 0.2787037037037038
13 0.471875 0.7324074074074074 0.425 0.7324074074074074 0.425 0.8138888888888889 0.471875 0.8138888888888889
3 0.515625 0.3851851851851853 0.4822916666666667 0.3851851851851853 0.4822916666666667 0.44351851851851865 0.515625 0.44351851851851865
2 0.4640625 0.39444444444444454 0.4322916666666667 0.39444444444444454 0.4322916666666667 0.44351851851851865 0.4640625 0.44351851851851865