10 0.4776041666666667 0.8027777777777778 0.4401041666666667 0.8027777777777778 0.44010416666666674 0.8694444444444445 0.4776041666666668 0.8694444444444445
3 0.5703125 0.49444444444444463 0.540625 0.49444444444444463 0.540625 0.5500000000000002 0.5703125 0.5500000000000002
7 0.621875 0.41018518518518526 0.584375 0.41018518518518526 0.584375 0.47962962962962985 0.621875 0.47962962962962985
6 0.4302083333333334 0.7972222222222223 0.39479166666666665 0.7972222222222223 0.3947916666666667 0.8629629629629629 0.43020833333333347 0.8629629629629629
8 0.5203125000000001 0.8916666666666668 0.4916666666666668 0.8916666666666668 0.4916666666666668 0.9444444444444446 0.5203125000000001 0.9444444444444446
3 0.5151041666666667 0.49722222222222245 0.4859375 0.49722222222222245 0.4859375 0.5509259259259262 0.5151041666666667 0.5509259259259262
3 0.41770833333333335 0.48703703703703705 0.38958333333333334 0.48703703703703705 0.38958333333333334 0.5388888888888889 0.41770833333333335 0.5388888888888889
7 0.42239583333333336 0.400925925925926 0.38645833333333335 0.400925925925926 0.38645833333333335 0.46944444444444455 0.42239583333333336 0.46944444444444455
3 0.46822916666666664 0.4861111111111111 0.43854166666666666 0.4861111111111111 0.43854166666666666 0.5407407407407407 0.46822916666666664 0.5407407407407407
2 0.42239583333333336 0.725925925925926 0.39375 0.725925925925926 0.39375 0.7796296296296297 0.42239583333333336 0.7796296296296297
2 0.47239583333333335 0.7305555555555555 0.44375 0.7305555555555555 0.44375 0.7842592592592592 0.47239583333333335 0.7842592592592592
10 0.5260416666666667 0.8120370370370372 0.48854166666666665 0.8120370370370372 0.4885416666666667 0.8805555555555558 0.5260416666666667 0.8805555555555558
4 0.5776041666666667 0.8944444444444447 0.5416666666666666 0.8944444444444447 0.5416666666666666 0.962037037037037 0.5776041666666667 0.962037037037037
1 0.5682291666666667 0.4111111111111112 0.5307291666666667 0.4111111111111112 0.5307291666666667 0.47962962962962985 0.5682291666666667 0.47962962962962985
2 0.375 0.7175925925925926 0.346875 0.7175925925925926 0.346875 0.7685185185185185 0.375 0.7685185185185185
2 0.5244791666666667 0.7416666666666669 0.49635416666666665 0.7416666666666669 0.49635416666666665 0.7953703703703706 0.5244791666666667 0.7953703703703706
3 0.3729166666666667 0.4861111111111111 0.34479166666666666 0.4861111111111111 0.34479166666666666 0.5398148148148149 0.3729166666666667 0.5398148148148149
9 0.5161458333333333 0.33425925925925937 0.4864583333333333 0.33425925925925937 0.4864583333333333 0.38796296296296306 0.5161458333333333 0.38796296296296306
6 0.5770833333333333 0.814814814814815 0.540625 0.814814814814815 0.540625 0.8824074074074076 0.5770833333333333 0.8824074074074076
5 0.6208333333333333 0.325925925925926 0.5833333333333334 0.325925925925926 0.5833333333333334 0.3953703703703705 0.6208333333333333 0.3953703703703705
9 0.41875 0.32870370370370383 0.38958333333333334 0.32870370370370383 0.38958333333333334 0.3833333333333334 0.41875 0.3833333333333334
5 0.3729166666666667 0.32685185185185195 0.33645833333333336 0.32685185185185195 0.33645833333333336 0.3916666666666668 0.3729166666666667 0.3916666666666668
1 0.4713541666666667 0.40555555555555567 0.43385416666666665 0.40555555555555567 0.43385416666666665 0.47314814814814826 0.4713541666666667 0.47314814814814826
0 0.628125 0.8981481481481484 0.590625 0.8981481481481484 0.590625 0.9657407407407408 0.628125 0.9657407407407408
11 0.521875 0.4074074074074075 0.48541666666666666 0.4074074074074075 0.48541666666666666 0.47592592592592614 0.521875 0.47592592592592614
2 0.5729166666666666 0.7407407407407409 0.5432291666666667 0.7407407407407409 0.5432291666666667 0.7962962962962965 0.5729166666666666 0.7962962962962965
4 0.3859375000000001 0.8666666666666667 0.3494791666666668 0.8666666666666667 0.3494791666666668 0.9324074074074075 0.3859375000000001 0.9324074074074075
0 0.3854166666666667 0.7888888888888889 0.3494791666666667 0.7888888888888889 0.3494791666666667 0.8574074074074074 0.3854166666666667 0.8574074074074074
8 0.4270833333333334 0.8796296296296297 0.39739583333333345 0.8796296296296297 0.39739583333333345 0.9342592592592592 0.4270833333333334 0.9342592592592592
12 0.47864583333333344 0.8703703703703703 0.43385416666666676 0.8703703703703703 0.43385416666666676 0.9546296296296296 0.47864583333333344 0.9546296296296296
13 0.47604166666666664 0.3111111111111112 0.4296875 0.3111111111111112 0.4296875 0.3990740740740742 0.47604166666666664 0.3990740740740742
11 0.5697916666666667 0.32222222222222235 0.5302083333333333 0.32222222222222235 0.5302083333333333 0.3953703703703705 0.5697916666666667 0.3953703703703705