4 0.5765625 0.4814814814814817 0.534375 0.4814814814814817 0.534375 0.5435185185185187 0.5765625 0.5435185185185187
6 0.6276041666666666 0.21574074074074087 0.5869791666666667 0.21574074074074084 0.5869791666666667 0.2750000000000001 0.6276041666666666 0.2750000000000001
4 0.6828125 0.2157407407407409 0.6416666666666667 0.2157407407407409 0.6416666666666667 0.2750000000000001 0.6828125 0.2750000000000001
10 0.5166666666666667 0.13055555555555567 0.4822916666666667 0.13055555555555567 0.4822916666666667 0.1898148148148149 0.5166666666666667 0.1898148148148149
8 0.5677083333333334 0.21481481481481493 0.5333333333333333 0.21481481481481493 0.5333333333333333 0.2703703703703705 0.5677083333333334 0.2703703703703705
3 0.41041666666666665 0.48703703703703705 0.37552083333333336 0.48703703703703705 0.37552083333333336 0.5361111111111111 0.41041666666666665 0.5361111111111111
12 0.5744791666666667 0.04166666666666679 0.5276041666666667 0.04166666666666678 0.5276041666666667 0.11481481481481494 0.5744791666666667 0.11481481481481495
0 0.4640625 0.22222222222222232 0.4244791666666667 0.22222222222222232 0.4244791666666667 0.27962962962962973 0.4640625 0.27962962962962973
5 0.5182291666666666 0.5601851851851853 0.478125 0.5601851851851852 0.478125 0.625925925925926 0.5182291666666666 0.6259259259259261
3 0.4625 0.4888888888888889 0.4322916666666667 0.4888888888888889 0.4322916666666667 0.5388888888888889 0.4625 0.5388888888888889
11 0.3625 0.2194444444444445 0.32083333333333336 0.2194444444444445 0.32083333333333336 0.28518518518518526 0.3625 0.28518518518518526
2 0.6848958333333334 0.3935185185185186 0.65 0.3935185185185186 0.65 0.44166666666666676 0.6848958333333334 0.44166666666666676
1 0.4671875 0.6518518518518519 0.4296875 0.6518518518518519 0.4296875 0.712037037037037 0.4671875 0.712037037037037
7 0.7385416666666667 0.565740740740741 0.6963541666666667 0.565740740740741 0.6963541666666667 0.6259259259259261 0.7385416666666667 0.6259259259259261
3 0.5708333333333333 0.5685185185185188 0.540625 0.5685185185185188 0.540625 0.6157407407407409 0.5708333333333333 0.6157407407407409
0 0.5744791666666667 0.6537037037037039 0.5364583333333334 0.6537037037037039 0.5364583333333334 0.714814814814815 0.5744791666666667 0.714814814814815
8 0.5140625 0.050000000000000114 0.4828125 0.05000000000000011 0.4828125 0.09629629629629641 0.5140625 0.09629629629629641
6 0.3015625 0.48518518518518516 0.26354166666666673 0.48518518518518516 0.26354166666666673 0.5546296296296296 0.3015625 0.5546296296296296
2 0.6807291666666667 0.6509259259259261 0.6526041666666667 0.6509259259259261 0.6526041666666667 0.7064814814814817 0.6807291666666667 0.7064814814814817
1 0.46875 0.05833333333333343 0.4322916666666667 0.058333333333333424 0.4322916666666667 0.11944444444444455 0.46875 0.11944444444444455
3 0.6776041666666667 0.4722222222222223 0.6473958333333333 0.4722222222222223 0.6473958333333333 0.526851851851852 0.6776041666666667 0.526851851851852
9 0.5208333333333334 0.7444444444444447 0.49270833333333336 0.7444444444444447 0.49270833333333336 0.7925925925925928 0.5208333333333334 0.7925925925925928
9 0.5744791666666667 0.7500000000000002 0.5453125 0.7500000000000002 0.5453125 0.802777777777778 0.5744791666666667 0.802777777777778
10 0.5213541666666667 0.8212962962962964 0.4822916666666667 0.8212962962962963 0.48229166666666673 0.8833333333333334 0.5213541666666668 0.8833333333333335
5 0.6369791666666667 0.7379629629629632 0.5989583333333334 0.7379629629629632 0.5989583333333334 0.8083333333333336 0.6369791666666667 0.8083333333333336
2 0.35260416666666666 0.6666666666666666 0.32447916666666665 0.6666666666666666 0.32447916666666665 0.7138888888888889 0.35260416666666666 0.7138888888888889
3 0.5125 0.3851851851851853 0.4822916666666667 0.3851851851851853 0.4822916666666667 0.438888888888889 0.5125 0.438888888888889
11 0.5223958333333333 0.21666666666666679 0.4828125 0.21666666666666679 0.4828125 0.2777777777777779 0.5223958333333333 0.2777777777777779
2 0.4109375 0.6601851851851852 0.3802083333333333 0.6601851851851852 0.3802083333333333 0.7129629629629629 0.4109375 0.7129629629629629
2 0.46145833333333336 0.39444444444444454 0.4317708333333333 0.39444444444444454 0.4317708333333333 0.44444444444444453 0.46145833333333336 0.44444444444444453
13 0.46927083333333336 0.7351851851851852 0.42864583333333334 0.7351851851851852 0.42864583333333334 0.812037037037037 0.46927083333333336 0.812037037037037
7 0.621875 0.045370370370370505 0.5864583333333333 0.045370370370370505 0.5864583333333333 0.10833333333333346 0.621875 0.10833333333333346