0 0.26510416666666675 0.5138888888888888 0.21718750000000006 0.5138888888888888 0.21718750000000006 0.5962962962962963 0.26510416666666675 0.5962962962962963
4 0.4796875 0.02407407407407417 0.4270833333333333 0.024074074074074168 0.4270833333333333 0.11296296296296307 0.4796875 0.11296296296296307
4 0.33125 0.3833333333333334 0.2796875 0.3833333333333334 0.2796875 0.4722222222222223 0.33125 0.4722222222222223
7 0.7182291666666667 0.3555555555555557 0.6661458333333333 0.3555555555555557 0.6661458333333333 0.44444444444444453 0.7182291666666667 0.44444444444444453
6 0.5515625 0.10740740740740752 0.4973958333333333 0.1074074074074075 0.4973958333333333 0.20185185185185195 0.5515625 0.20185185185185195
0 0.5114583333333333 1.057391796486025e-16 0.45989583333333334 1.0012621515251046e-16 0.45989583333333334 0.04444444444444455 0.5114583333333333 0.04444444444444455
6 0.3515625 0.5592592592592592 0.30364583333333334 0.5592592592592592 0.30364583333333334 0.6416666666666667 0.3515625 0.6416666666666667
13 0.6661458333333333 0.6074074074074076 0.6010416666666667 0.6074074074074076 0.6010416666666667 0.7203703703703705 0.6661458333333333 0.7203703703703705
3 0.6526041666666667 0.3953703703703705 0.6078125 0.3953703703703705 0.6078125 0.47314814814814826 0.6526041666666667 0.47314814814814826
7 0.5213541666666667 0.789814814814815 0.47239583333333335 0.7898148148148149 0.4723958333333334 0.8750000000000001 0.5213541666666668 0.8750000000000002
2 0.6098958333333333 0.09722222222222235 0.56875 0.09722222222222235 0.56875 0.16759259259259274 0.6098958333333333 0.16759259259259274
1 0.5489583333333333 0.9314814814814817 0.5026041666666667 0.9314814814814817 0.5026041666666667 0.9722222222222222 0.5489583333333333 0.9722222222222222
3 0.7177083333333333 0.24814814814814826 0.6755208333333333 0.24814814814814826 0.6755208333333333 0.32222222222222235 0.7177083333333333 0.32222222222222235
3 0.4567708333333334 0.8009259259259259 0.4109375 0.8009259259259259 0.41093750000000007 0.8787037037037037 0.45677083333333346 0.8787037037037037
3 0.5182291666666666 0.6787037037037038 0.478125 0.6787037037037037 0.478125 0.7462962962962963 0.5182291666666666 0.7462962962962965
2 0.5432291666666667 0.2462962962962964 0.5020833333333333 0.2462962962962964 0.5020833333333333 0.31666666666666676 0.5432291666666667 0.31666666666666676
2 0.4166666666666667 0.5407407407407407 0.3776041666666667 0.5407407407407407 0.3776041666666667 0.6074074074074074 0.4166666666666667 0.6074074074074074
3 0.5880208333333333 0.5416666666666669 0.5479166666666667 0.5416666666666669 0.5479166666666667 0.6101851851851854 0.5880208333333333 0.6101851851851854
12 0.41770833333333335 0.29074074074074086 0.3541666666666667 0.29074074074074086 0.3541666666666667 0.40185185185185196 0.41770833333333335 0.40185185185185196
2 0.47708333333333336 0.38796296296296306 0.4359375 0.38796296296296306 0.4359375 0.45740740740740754 0.47708333333333336 0.45740740740740754
2 0.35520833333333335 0.6759259259259259 0.315625 0.6759259259259259 0.315625 0.7425925925925926 0.35520833333333335 0.7425925925925926
11 0.7567708333333333 0.5259259259259261 0.7046875 0.5259259259259261 0.7046875 0.6157407407407409 0.7567708333333333 0.6157407407407409
8 0.34322916666666664 0.32037037037037047 0.3020833333333333 0.32037037037037047 0.3020833333333333 0.3916666666666668 0.34322916666666664 0.3916666666666668
8 0.4036458333333333 0.18703703703703714 0.3645833333333333 0.18703703703703714 0.3645833333333333 0.2537037037037038 0.4036458333333333 0.2537037037037038
1 0.8213541666666667 0.39814814814814836 0.7697916666666667 0.39814814814814836 0.7697916666666667 0.48703703703703727 0.8213541666666667 0.48703703703703727
5 0.590625 0.8657407407407409 0.5416666666666666 0.8657407407407409 0.5416666666666666 0.95 0.590625 0.95
9 0.7130208333333333 0.6074074074074076 0.6703125 0.6074074074074076 0.6703125 0.6805555555555558 0.7130208333333333 0.6805555555555558
5 0.7854166666666667 0.452777777777778 0.7338541666666667 0.452777777777778 0.7338541666666667 0.540740740740741 0.7854166666666667 0.540740740740741
11 0.6203125 0.8092592592592595 0.5713541666666667 0.8092592592592595 0.5713541666666667 0.8944444444444447 0.6203125 0.8944444444444447
10 0.296875 0.45740740740740754 0.24843750000000006 0.45740740740740754 0.24843750000000006 0.5407407407407407 0.296875 0.5407407407407407
10 0.44427083333333334 0.0962962962962964 0.39166666666666666 0.09629629629629638 0.39166666666666666 0.18703703703703714 0.44427083333333334 0.18703703703703714
9 0.6479166666666667 0.7555555555555558 0.6046875 0.7555555555555558 0.6046875 0.8296296296296298 0.6479166666666667 0.8296296296296298