13 0.659375 0.6787037037037039 0.5911458333333334 0.6787037037037039 0.5911458333333334 0.7990740740740743 0.659375 0.7990740740740743
3 0.7484375 0.29814814814814833 0.7067708333333333 0.2981481481481483 0.7067708333333333 0.37129629629629646 0.7484375 0.3712962962962965
7 0.49010416666666673 0.8037037037037038 0.434375 0.8037037037037037 0.43437500000000007 0.9018518518518519 0.4901041666666668 0.901851851851852
7 0.7520833333333333 0.41666666666666685 0.6994791666666667 0.4166666666666668 0.6994791666666667 0.5101851851851854 0.7520833333333333 0.5101851851851854
2 0.5817708333333333 0.21666666666666679 0.5380208333333333 0.21666666666666679 0.5380208333333333 0.29444444444444456 0.5817708333333333 0.29444444444444456
2 0.6625 0.09351851851851865 0.6203125 0.09351851851851865 0.6203125 0.16666666666666682 0.6625 0.16666666666666682
3 0.5895833333333333 0.5601851851851853 0.5458333333333333 0.5601851851851853 0.5458333333333333 0.6370370370370373 0.5895833333333333 0.6370370370370373
5 0.8 0.5592592592592595 0.7484375 0.5592592592592595 0.7484375 0.6500000000000002 0.8 0.6500000000000002
2 0.39895833333333336 0.47314814814814826 0.3541666666666667 0.47314814814814826 0.3541666666666667 0.5509259259259259 0.39895833333333336 0.5509259259259259
3 0.41406250000000006 0.825925925925926 0.3703125 0.825925925925926 0.37031250000000004 0.9046296296296297 0.4140625000000001 0.9046296296296297
8 0.3489583333333333 0.18240740740740746 0.30416666666666664 0.18240740740740746 0.30416666666666664 0.2601851851851853 0.3489583333333333 0.2601851851851853
4 0.48802083333333335 0.011111111111111212 0.43072916666666666 0.011111111111111207 0.43072916666666666 0.1074074074074075 0.48802083333333335 0.1074074074074075
3 0.5020833333333333 0.688888888888889 0.4578125 0.6888888888888889 0.4578125 0.7675925925925927 0.5020833333333333 0.7675925925925928
11 0.6015625 0.8768518518518521 0.546875 0.8768518518518521 0.546875 0.9722222222222222 0.6015625 0.9722222222222222
3 0.6723958333333333 0.4250000000000001 0.6302083333333334 0.4250000000000001 0.6302083333333334 0.4990740740740743 0.6723958333333333 0.4990740740740743
8 0.434375 0.054629629629629715 0.390625 0.05462962962962971 0.390625 0.1324074074074075 0.434375 0.1324074074074075
6 0.5984375 0.06574074074074088 0.5442708333333334 0.06574074074074088 0.5442708333333334 0.1601851851851853 0.5984375 0.1601851851851853
10 0.53125 0.012962962962963074 0.47708333333333336 0.012962962962963068 0.47708333333333336 0.040740740740740855 0.53125 0.04074074074074086
10 0.30520833333333336 0.24351851851851863 0.24739583333333334 0.24351851851851863 0.24739583333333334 0.3435185185185186 0.30520833333333336 0.3435185185185186
4 0.25885416666666666 0.3148148148148149 0.20260416666666667 0.3148148148148148 0.20260416666666667 0.4138888888888889 0.25885416666666666 0.413888888888889
0 0.21770833333333336 0.37962962962962965 0.16041666666666668 0.37962962962962965 0.1604166666666667 0.4787037037037037 0.2177083333333334 0.4787037037037037
6 0.32135416666666666 0.4648148148148149 0.2614583333333334 0.4648148148148149 0.2614583333333334 0.5685185185185185 0.32135416666666666 0.5685185185185185
2 0.3067708333333333 0.6046296296296296 0.2598958333333334 0.6046296296296296 0.2598958333333334 0.687037037037037 0.3067708333333333 0.687037037037037
2 0.48802083333333335 0.3314814814814816 0.4432291666666667 0.3314814814814816 0.4432291666666667 0.4092592592592594 0.48802083333333335 0.4092592592592594
1 0.8385416666666666 0.4814814814814817 0.7854166666666667 0.4814814814814817 0.7854166666666667 0.5731481481481484 0.8385416666666666 0.5731481481481484
11 0.7692708333333333 0.6138888888888892 0.7130208333333333 0.6138888888888892 0.7130208333333333 0.7129629629629631 0.7692708333333333 0.7129629629629631
9 0.7276041666666667 0.6870370370370372 0.684375 0.6870370370370372 0.684375 0.7620370370370373 0.7276041666666667 0.7620370370370373
9 0.6380208333333334 0.8166666666666669 0.5947916666666667 0.8166666666666669 0.5947916666666667 0.8916666666666668 0.6380208333333334 0.8916666666666668
5 0.5546875 0.9388888888888891 0.5005208333333334 0.9388888888888891 0.5005208333333334 1 0.5546875 1
12 0.4432291666666667 0.16296296296296306 0.371875 0.16296296296296306 0.371875 0.2879629629629631 0.4432291666666667 0.2879629629629631