13 0.5421875 0.23981481481481493 0.4942708333333333 0.23981481481481493 0.4942708333333333 0.3351851851851853 0.5421875 0.3351851851851853
0 0.3140625000000001 0.8157407407407408 0.27291666666666664 0.8157407407407408 0.27291666666666675 0.8925925925925926 0.31406250000000013 0.8925925925925926
0 0.6963541666666667 0.940740740740741 0.6583333333333333 0.940740740740741 0.6583333333333333 1 0.6963541666666667 1
4 0.3604166666666667 0.8351851851851851 0.3203125 0.8351851851851851 0.32031250000000006 0.9120370370370371 0.3604166666666668 0.9120370370370371
3 0.32760416666666664 0.3379629629629631 0.2953125 0.3379629629629631 0.2953125 0.40185185185185196 0.32760416666666664 0.40185185185185196
6 0.3614583333333333 0.6805555555555556 0.321875 0.6805555555555556 0.321875 0.7583333333333333 0.3614583333333333 0.7583333333333333
3 0.7192708333333333 0.49351851851851875 0.6901041666666666 0.49351851851851875 0.6901041666666666 0.5546296296296298 0.7192708333333333 0.5546296296296298
6 0.6692708333333334 0.777777777777778 0.6322916666666667 0.777777777777778 0.6322916666666667 0.8500000000000002 0.6692708333333334 0.8500000000000002
2 0.6161458333333333 0.6861111111111113 0.5859375 0.6861111111111113 0.5859375 0.7490740740740743 0.6161458333333333 0.7490740740740743
7 0.38645833333333335 0.2879629629629631 0.3453125 0.2879629629629631 0.3453125 0.3675925925925927 0.38645833333333335 0.3675925925925927
2 0.7119791666666667 0.7231481481481483 0.6822916666666666 0.7231481481481483 0.6822916666666666 0.7833333333333335 0.7119791666666667 0.7833333333333335
7 0.6890625 0.39074074074074083 0.6526041666666667 0.39074074074074083 0.6526041666666667 0.46574074074074084 0.6890625 0.46574074074074084
2 0.5182291666666666 0.6611111111111113 0.4864583333333333 0.6611111111111113 0.4864583333333333 0.7268518518518521 0.5182291666666666 0.7268518518518521
2 0.31354166666666666 0.5916666666666667 0.28072916666666664 0.5916666666666667 0.28072916666666664 0.6546296296296297 0.31354166666666666 0.6546296296296297
3 0.4296875 0.3777777777777779 0.39895833333333336 0.3777777777777779 0.39895833333333336 0.4407407407407408 0.4296875 0.4407407407407408
3 0.5276041666666667 0.41203703703703715 0.49635416666666665 0.41203703703703715 0.49635416666666665 0.47407407407407426 0.5276041666666667 0.47407407407407426
1 0.7359375 0.27407407407407425 0.6989583333333333 0.2740740740740742 0.6989583333333333 0.34907407407407426 0.7359375 0.34907407407407426
3 0.6270833333333333 0.4546296296296297 0.5963541666666666 0.4546296296296297 0.5963541666666666 0.5166666666666668 0.6270833333333333 0.5166666666666668
2 0.41770833333333335 0.6287037037037037 0.3859375 0.6287037037037037 0.3859375 0.6935185185185185 0.41770833333333335 0.6935185185185185
12 0.5244791666666667 0.8046296296296297 0.478125 0.8046296296296296 0.4781250000000001 0.8925925925925927 0.5244791666666668 0.8925925925925928
4 0.603125 0.902777777777778 0.5645833333333333 0.902777777777778 0.5645833333333333 0.975925925925926 0.603125 0.975925925925926
8 0.5567708333333333 0.9138888888888891 0.5265625000000002 0.9138888888888891 0.5265625000000002 0.9731481481481481 0.5567708333333333 0.9731481481481481
5 0.6869791666666667 0.24166666666666678 0.6484375 0.24166666666666678 0.6484375 0.31666666666666676 0.6869791666666667 0.31666666666666676
1 0.35 0.09537037037037045 0.30885416666666665 0.09537037037037045 0.30885416666666665 0.1768518518518519 0.35 0.1768518518518519
8 0.46302083333333344 0.8824074074074074 0.4322916666666668 0.8824074074074074 0.4322916666666668 0.9435185185185185 0.46302083333333344 0.9435185185185185
11 0.44427083333333334 0.138888888888889 0.403125 0.138888888888889 0.403125 0.2175925925925927 0.44427083333333334 0.2175925925925927
10 0.41250000000000003 0.8555555555555555 0.3723958333333333 0.8555555555555555 0.37239583333333337 0.9333333333333333 0.41250000000000014 0.9333333333333333
10 0.6515625 0.9138888888888891 0.6140625 0.9138888888888891 0.6140625 0.9879629629629629 0.6515625 0.9879629629629629
9 0.5984375 0.2037037037037038 0.565625 0.2037037037037038 0.565625 0.2703703703703705 0.5984375 0.2703703703703705
11 0.646875 0.21666666666666679 0.6036458333333333 0.21666666666666679 0.6036458333333333 0.2962962962962964 0.646875 0.2962962962962964
9 0.49583333333333335 0.17037037037037048 0.45989583333333334 0.17037037037037048 0.45989583333333334 0.2324074074074075 0.49583333333333335 0.2324074074074075
5 0.396875 0.12500000000000008 0.35208333333333336 0.12500000000000006 0.35208333333333336 0.20555555555555563 0.396875 0.20555555555555566