8 0.6635416666666667 0.23796296296296307 0.6192708333333333 0.23796296296296307 0.6192708333333333 0.313888888888889 0.6635416666666667 0.313888888888889
2 0.41041666666666665 0.213888888888889 0.36666666666666664 0.213888888888889 0.36666666666666664 0.2879629629629631 0.41041666666666665 0.2879629629629631
3 0.55625 0.17037037037037048 0.5119791666666667 0.17037037037037048 0.5119791666666667 0.24444444444444455 0.55625 0.24444444444444455
2 0.6369791666666667 0.5324074074074077 0.5911458333333334 0.5324074074074077 0.5911458333333334 0.6092592592592595 0.6369791666666667 0.6092592592592595
8 0.534375 0.5842592592592595 0.48802083333333335 0.5842592592592595 0.48802083333333335 0.6620370370370372 0.534375 0.6620370370370372
7 0.48541666666666666 0.1777777777777779 0.42916666666666664 0.1777777777777779 0.42916666666666664 0.2740740740740742 0.48541666666666666 0.2740740740740742
5 0.4984375 0.059259259259259366 0.4432291666666667 0.059259259259259366 0.4432291666666667 0.15185185185185196 0.4984375 0.15185185185185196
7 0.4770833333333334 0.7722222222222223 0.421875 0.7722222222222223 0.42187500000000006 0.8666666666666667 0.47708333333333347 0.8666666666666667
12 0.48802083333333335 0.5287037037037038 0.42239583333333336 0.5287037037037037 0.42239583333333336 0.638888888888889 0.48802083333333335 0.6388888888888891
4 0.7739583333333333 0.38981481481481495 0.71875 0.38981481481481495 0.71875 0.48333333333333356 0.7739583333333333 0.48333333333333356
9 0.5375 0.6620370370370372 0.49270833333333336 0.6620370370370372 0.49270833333333336 0.739814814814815 0.5375 0.739814814814815
0 0.48020833333333335 0.3916666666666668 0.425 0.3916666666666668 0.425 0.4861111111111111 0.48020833333333335 0.4861111111111111
6 0.5625 0.8055555555555558 0.5057291666666667 0.8055555555555558 0.5057291666666667 0.9009259259259261 0.5625 0.9009259259259261
2 0.7057291666666666 0.3592592592592594 0.6609375 0.3592592592592594 0.6609375 0.4361111111111112 0.7057291666666666 0.4361111111111112
4 0.41510416666666666 0.438888888888889 0.359375 0.438888888888889 0.359375 0.5324074074074074 0.41510416666666666 0.5324074074074074
6 0.6734375 0.4546296296296297 0.6192708333333333 0.4546296296296297 0.6192708333333333 0.5472222222222224 0.6734375 0.5472222222222224
10 0.6 0.665740740740741 0.5447916666666667 0.665740740740741 0.5447916666666667 0.7583333333333335 0.6 0.7583333333333335
11 0.734375 0.7490740740740743 0.678125 0.7490740740740743 0.678125 0.8453703703703705 0.734375 0.8453703703703705
5 0.5125 0.3250000000000001 0.4578125 0.3250000000000001 0.4578125 0.4175925925925927 0.5125 0.4175925925925927
3 0.4484375 0.301851851851852 0.4036458333333333 0.301851851851852 0.4036458333333333 0.37685185185185194 0.4484375 0.37685185185185194
1 0.6208333333333333 0.3453703703703705 0.5677083333333334 0.3453703703703705 0.5677083333333334 0.4351851851851853 0.6208333333333333 0.4351851851851853
13 0.6901041666666666 0.6129629629629632 0.621875 0.6129629629629632 0.621875 0.727777777777778 0.6901041666666666 0.727777777777778
3 0.5890625 0.5750000000000002 0.5432291666666667 0.5750000000000002 0.5432291666666667 0.6546296296296299 0.5890625 0.6546296296296299
2 0.56875 0.43333333333333346 0.5239583333333333 0.43333333333333346 0.5239583333333333 0.5101851851851854 0.56875 0.5101851851851854
2 0.36666666666666664 0.6212962962962963 0.3229166666666667 0.6212962962962963 0.3229166666666667 0.6972222222222222 0.36666666666666664 0.6972222222222222
9 0.6161458333333333 0.7814814814814817 0.5734375 0.7814814814814817 0.5734375 0.8546296296296299 0.6161458333333333 0.8546296296296299
10 0.4375 0.6185185185185185 0.3828125 0.6185185185185185 0.3828125 0.7148148148148148 0.4375 0.7148148148148148
3 0.6473958333333333 0.9185185185185187 0.6057291666666667 0.9185185185185187 0.6057291666666667 0.9916666666666667 0.6473958333333333 0.9916666666666667
11 0.33645833333333336 0.46759259259259267 0.28541666666666665 0.46759259259259267 0.28541666666666665 0.5555555555555556 0.33645833333333336 0.5555555555555556
1 0.7494791666666667 0.5444444444444446 0.6953125 0.5444444444444446 0.6953125 0.6388888888888891 0.7494791666666667 0.6388888888888891
3 0.3723958333333333 0.3250000000000001 0.3265625 0.3250000000000001 0.3265625 0.40462962962962973 0.3723958333333333 0.40462962962962973
0 0.55625 0.2583333333333334 0.5010416666666667 0.2583333333333334 0.5010416666666667 0.3555555555555557 0.55625 0.3555555555555557