1 0.5828125 0.8351851851851854 0.5442708333333334 0.8351851851851854 0.5442708333333334 0.8972222222222225 0.5828125 0.8972222222222225
7 0.31666666666666665 0.31666666666666676 0.27708333333333335 0.31666666666666676 0.27708333333333335 0.37592592592592605 0.31666666666666665 0.37592592592592605
9 0.5234375 0.15092592592592602 0.48854166666666665 0.15092592592592602 0.48854166666666665 0.2037037037037038 0.5234375 0.2037037037037038
10 0.5333333333333333 0.7555555555555558 0.4947916666666667 0.7555555555555558 0.4947916666666667 0.815740740740741 0.5333333333333333 0.815740740740741
1 0.5828125 0.22685185185185194 0.5427083333333333 0.22685185185185194 0.5427083333333333 0.28703703703703715 0.5828125 0.28703703703703715
3 0.47239583333333335 0.32314814814814824 0.440625 0.32314814814814824 0.440625 0.3712962962962964 0.47239583333333335 0.3712962962962964
7 0.4286458333333334 0.8416666666666667 0.3875 0.8416666666666667 0.38750000000000007 0.9018518518518519 0.42864583333333345 0.9018518518518519
4 0.475 0.3972222222222223 0.4359375 0.3972222222222223 0.4359375 0.4583333333333334 0.475 0.4583333333333334
2 0.3609375 0.5046296296296297 0.32916666666666666 0.5046296296296297 0.32916666666666666 0.5509259259259259 0.3609375 0.5509259259259259
5 0.41458333333333336 0.14537037037037048 0.37552083333333336 0.14537037037037048 0.37552083333333336 0.20462962962962974 0.41458333333333336 0.20462962962962974
8 0.534375 0.8546296296296299 0.5005208333333333 0.8546296296296299 0.5005208333333334 0.902777777777778 0.534375 0.902777777777778
6 0.4234375 0.6694444444444444 0.3854166666666667 0.6694444444444444 0.3854166666666667 0.7296296296296296 0.4234375 0.7296296296296296
0 0.47708333333333336 0.22592592592592603 0.43854166666666666 0.22592592592592603 0.43854166666666666 0.2861111111111112 0.47708333333333336 0.2861111111111112
3 0.3651041666666667 0.41574074074074086 0.3333333333333333 0.41574074074074086 0.3333333333333333 0.4629629629629631 0.3651041666666667 0.4629629629629631
3 0.5817708333333333 0.3990740740740742 0.5494791666666666 0.3990740740740742 0.5494791666666666 0.4500000000000001 0.5817708333333333 0.4500000000000001
0 0.5890625 0.6620370370370372 0.5510416666666667 0.6620370370370372 0.5510416666666667 0.7212962962962965 0.5890625 0.7212962962962965
8 0.478125 0.6787037037037037 0.4453125 0.6787037037037037 0.4453125 0.7268518518518519 0.478125 0.7268518518518519
3 0.6348958333333333 0.4000000000000001 0.603125 0.4000000000000001 0.603125 0.4527777777777779 0.6348958333333333 0.4527777777777779
2 0.36354166666666665 0.23796296296296307 0.3328125 0.23796296296296307 0.3328125 0.28518518518518526 0.36354166666666665 0.28518518518518526
2 0.5828125 0.49351851851851875 0.5505208333333333 0.49351851851851875 0.5505208333333333 0.5472222222222224 0.5828125 0.5472222222222224
6 0.7515625 0.3842592592592594 0.7114583333333333 0.38425925925925936 0.7114583333333333 0.4444444444444446 0.7515625 0.44444444444444464
3 0.5307291666666667 0.5064814814814816 0.4984375 0.5064814814814816 0.4984375 0.5546296296296298 0.5307291666666667 0.5546296296296298
2 0.6302083333333334 0.22962962962962977 0.6005208333333333 0.22962962962962974 0.6005208333333333 0.2750000000000001 0.6302083333333334 0.2750000000000001
11 0.6958333333333333 0.6592592592592594 0.6572916666666667 0.6592592592592594 0.6572916666666667 0.7212962962962965 0.6958333333333333 0.7212962962962965
12 0.4848958333333334 0.8324074074074075 0.4359375 0.8324074074074074 0.43593750000000003 0.9111111111111112 0.48489583333333347 0.9111111111111113
5 0.5322916666666667 0.3157407407407408 0.49322916666666666 0.3157407407407408 0.49322916666666666 0.37592592592592605 0.5322916666666667 0.37592592592592605
2 0.6854166666666667 0.2296296296296298 0.6552083333333333 0.2296296296296298 0.6552083333333333 0.275925925925926 0.6854166666666667 0.275925925925926
4 0.36822916666666666 0.6712962962962963 0.32916666666666666 0.6712962962962963 0.32916666666666666 0.7305555555555555 0.36822916666666666 0.7305555555555555
10 0.5291666666666667 0.06203703703703714 0.49114583333333334 0.06203703703703714 0.49114583333333334 0.12592592592592602 0.5291666666666667 0.12592592592592602
11 0.53125 0.6611111111111113 0.4953125 0.6611111111111113 0.4953125 0.727777777777778 0.53125 0.727777777777778
9 0.4708333333333333 0.14444444444444454 0.4390625 0.14444444444444454 0.4390625 0.19166666666666676 0.4708333333333333 0.19166666666666676
13 0.5864583333333333 0.13333333333333344 0.5401041666666667 0.13333333333333344 0.5401041666666667 0.21018518518518528 0.5864583333333333 0.21018518518518528