2 0.4703125 0.30462962962962975 0.44166666666666665 0.30462962962962975 0.44166666666666665 0.35185185185185197 0.4703125 0.35185185185185197
2 0.6776041666666667 0.3212962962962964 0.6494791666666667 0.3212962962962964 0.6494791666666667 0.3675925925925927 0.6776041666666667 0.3675925925925927
2 0.36614583333333334 0.3064814814814816 0.3375 0.3064814814814816 0.3375 0.3537037037037038 0.36614583333333334 0.3537037037037038
4 0.3255208333333333 0.06944444444444452 0.2911458333333333 0.0694444444444445 0.2911458333333333 0.12500000000000006 0.3255208333333333 0.12500000000000006
2 0.5739583333333333 0.3212962962962964 0.5458333333333333 0.3212962962962964 0.5458333333333333 0.36666666666666675 0.5739583333333333 0.36666666666666675
8 0.42916666666666664 0.0750000000000001 0.4010416666666667 0.07500000000000008 0.4010416666666667 0.11944444444444455 0.42916666666666664 0.11944444444444455
3 0.26041666666666674 0.5583333333333333 0.2317708333333334 0.5583333333333333 0.2317708333333334 0.6064814814814815 0.26041666666666674 0.6064814814814815
13 0.471875 0.7231481481481481 0.4276041666666667 0.7231481481481481 0.4276041666666667 0.7972222222222223 0.471875 0.7972222222222223
7 0.6375 0.6444444444444447 0.6005208333333333 0.6444444444444447 0.6005208333333333 0.7046296296296298 0.6375 0.7046296296296298
2 0.26197916666666665 0.3046296296296297 0.234375 0.30462962962962964 0.234375 0.350925925925926 0.26197916666666665 0.35092592592592603
6 0.3140625 0.2231481481481482 0.2796875 0.2231481481481482 0.2796875 0.2814814814814816 0.3140625 0.2814814814814816
12 0.48541666666666666 0.13981481481481492 0.4421875 0.13981481481481492 0.4421875 0.20833333333333343 0.48541666666666666 0.20833333333333343
6 0.6338541666666667 0.23148148148148162 0.5989583333333334 0.2314814814814816 0.5989583333333334 0.288888888888889 0.6338541666666667 0.288888888888889
7 0.31614583333333335 0.6231481481481481 0.2796875 0.6231481481481481 0.2796875 0.6833333333333333 0.31614583333333335 0.6833333333333333
3 0.5760416666666667 0.5629629629629632 0.5458333333333333 0.5629629629629632 0.5458333333333333 0.6092592592592595 0.5760416666666667 0.6092592592592595
4 0.571875 0.08611111111111124 0.5369791666666667 0.08611111111111122 0.5369791666666667 0.14351851851851863 0.571875 0.14351851851851863
3 0.3640625 0.5611111111111111 0.334375 0.5611111111111111 0.334375 0.6092592592592593 0.3640625 0.6092592592592593
3 0.6760416666666667 0.5601851851851853 0.6473958333333333 0.5601851851851853 0.6473958333333333 0.6074074074074076 0.6760416666666667 0.6074074074074076
5 0.6260416666666667 0.8064814814814817 0.590625 0.8064814814814817 0.590625 0.8666666666666669 0.6260416666666667 0.8666666666666669
0 0.6723958333333333 0.07870370370370385 0.6380208333333334 0.07870370370370383 0.6380208333333334 0.13518518518518535 0.6723958333333333 0.13518518518518535
1 0.26875000000000004 0.8064814814814815 0.23229166666666673 0.8064814814814815 0.23229166666666673 0.8657407407407407 0.2687500000000001 0.8657407407407407
11 0.36562500000000003 0.8037037037037037 0.33125 0.8037037037037037 0.33125000000000004 0.8694444444444445 0.36562500000000014 0.8694444444444445
0 0.28072916666666664 0.0657407407407408 0.24427083333333333 0.0657407407407408 0.24427083333333333 0.1268518518518519 0.28072916666666664 0.1268518518518519
10 0.375 0.06574074074074082 0.340625 0.06574074074074082 0.340625 0.12685185185185194 0.375 0.12685185185185197
8 0.5213541666666667 0.0712962962962964 0.4947916666666667 0.0712962962962964 0.4947916666666667 0.11203703703703714 0.5213541666666667 0.11203703703703714
10 0.6213541666666667 0.0842592592592594 0.5880208333333333 0.0842592592592594 0.5880208333333333 0.14722222222222237 0.6213541666666667 0.1472222222222224
5 0.315625 0.7962962962962963 0.27760416666666665 0.7962962962962963 0.27760416666666665 0.8583333333333333 0.315625 0.8583333333333333
9 0.4203125 0.8064814814814815 0.39010416666666664 0.8064814814814815 0.39010416666666664 0.8555555555555555 0.4203125 0.8555555555555555
9 0.5291666666666667 0.8175925925925928 0.4979166666666667 0.8175925925925928 0.49791666666666673 0.8666666666666669 0.5291666666666668 0.8666666666666669
11 0.5817708333333333 0.8083333333333336 0.5453125 0.8083333333333336 0.5453125 0.8740740740740743 0.5817708333333333 0.8740740740740743
1 0.684375 0.7935185185185187 0.6473958333333333 0.7935185185185187 0.6473958333333333 0.8574074074074076 0.684375 0.8574074074074076
3 0.46822916666666664 0.5648148148148148 0.4375 0.5648148148148148 0.4375 0.6166666666666667 0.46822916666666664 0.6166666666666667