3 0.49166666666666664 0.6240740740740742 0.4583333333333333 0.6240740740740741 0.4583333333333333 0.6842592592592593 0.49166666666666664 0.6842592592592595
9 0.41875 0.3175925925925927 0.3854166666666667 0.3175925925925927 0.3854166666666667 0.37685185185185194 0.41875 0.37685185185185194
10 0.6869791666666667 0.4351851851851853 0.6463541666666667 0.4351851851851853 0.6463541666666667 0.5092592592592595 0.6869791666666667 0.5092592592592595
12 0.7239583333333334 0.5370370370370372 0.6765625 0.5370370370370372 0.6765625 0.6250000000000002 0.7239583333333334 0.6250000000000002
7 0.45625 0.5083333333333333 0.41354166666666664 0.5083333333333333 0.41354166666666664 0.5851851851851851 0.45625 0.5851851851851851
4 0.7296875 0.37129629629629646 0.690625 0.3712962962962964 0.690625 0.4435185185185187 0.7296875 0.44351851851851876
7 0.48020833333333335 0.15740740740740752 0.43802083333333336 0.15740740740740752 0.43802083333333336 0.23333333333333345 0.48020833333333335 0.23333333333333345
11 0.46875 0.3277777777777779 0.4270833333333333 0.3277777777777779 0.4270833333333333 0.4027777777777779 0.46875 0.4027777777777779
4 0.7098958333333333 0.7037037037037039 0.6708333333333333 0.7037037037037039 0.6708333333333333 0.7759259259259261 0.7098958333333333 0.7759259259259261
0 0.7328125 0.28888888888888903 0.6942708333333333 0.288888888888889 0.6942708333333333 0.36018518518518533 0.7328125 0.3601851851851854
11 0.4270833333333333 0.22222222222222232 0.3854166666666667 0.22222222222222232 0.3854166666666667 0.29722222222222233 0.4270833333333333 0.29722222222222233
9 0.40572916666666664 0.49444444444444446 0.37135416666666665 0.49444444444444446 0.37135416666666665 0.5546296296296296 0.40572916666666664 0.5546296296296296
6 0.6890625 0.3472222222222223 0.6494791666666667 0.3472222222222223 0.6494791666666667 0.4212962962962964 0.6890625 0.4212962962962964
13 0.4203125 0.388888888888889 0.36770833333333336 0.388888888888889 0.36770833333333336 0.48148148148148145 0.4203125 0.48148148148148145
8 0.7119791666666667 0.6305555555555558 0.6796875 0.6305555555555558 0.6796875 0.689814814814815 0.7119791666666667 0.689814814814815
10 0.6802083333333333 0.5175925925925928 0.6390625 0.5175925925925928 0.6390625 0.5925925925925928 0.6802083333333333 0.5925925925925928
3 0.5130208333333334 0.2675925925925927 0.4796875 0.2675925925925927 0.4796875 0.3277777777777779 0.5130208333333334 0.3277777777777779
8 0.7192708333333333 0.46574074074074084 0.6880208333333333 0.46574074074074084 0.6880208333333333 0.5250000000000002 0.7192708333333333 0.5250000000000002
3 0.5005208333333333 0.4462962962962964 0.4666666666666667 0.4462962962962964 0.4666666666666667 0.5064814814814815 0.5005208333333333 0.5064814814814816
1 0.4630208333333333 0.42037037037037045 0.4203125 0.42037037037037045 0.4203125 0.4962962962962963 0.4630208333333333 0.4962962962962963
1 0.47552083333333334 0.24814814814814826 0.43333333333333335 0.24814814814814826 0.43333333333333335 0.3240740740740742 0.47552083333333334 0.3240740740740742
0 0.6697916666666667 0.6842592592592595 0.6286458333333333 0.6842592592592595 0.6286458333333333 0.7583333333333335 0.6697916666666667 0.7583333333333335
6 0.675 0.6009259259259261 0.6338541666666667 0.6009259259259261 0.6338541666666667 0.6759259259259262 0.675 0.6759259259259262
3 0.49635416666666665 0.5379629629629631 0.4625 0.537962962962963 0.4625 0.5981481481481482 0.49635416666666665 0.5981481481481483
5 0.43385416666666665 0.13425925925925936 0.390625 0.13425925925925936 0.390625 0.21111111111111122 0.43385416666666665 0.21111111111111122
3 0.5098958333333333 0.363888888888889 0.47708333333333336 0.363888888888889 0.47708333333333336 0.42222222222222233 0.5098958333333333 0.42222222222222233
2 0.6213541666666667 0.6814814814814817 0.5885416666666666 0.6814814814814817 0.5885416666666666 0.739814814814815 0.6213541666666667 0.739814814814815
2 0.6447916666666667 0.3333333333333334 0.6119791666666666 0.3333333333333334 0.6119791666666666 0.3916666666666668 0.6447916666666667 0.3916666666666668
2 0.6416666666666667 0.4175925925925927 0.6098958333333333 0.4175925925925927 0.6098958333333333 0.47407407407407426 0.6416666666666667 0.47407407407407426
2 0.6333333333333333 0.5055555555555558 0.6010416666666667 0.5055555555555558 0.6010416666666667 0.5629629629629632 0.6333333333333333 0.5629629629629632
2 0.6286458333333333 0.5972222222222224 0.5973958333333333 0.5972222222222224 0.5973958333333333 0.6546296296296299 0.6286458333333333 0.6546296296296299
5 0.40625 0.5833333333333334 0.36354166666666665 0.5833333333333334 0.36354166666666665 0.6592592592592592 0.40625 0.6592592592592592