13 0.7161458333333334 0.313888888888889 0.6609375 0.313888888888889 0.6609375 0.4092592592592594 0.7161458333333334 0.4092592592592594
5 0.8432291666666667 0.427777777777778 0.7973958333333333 0.427777777777778 0.7973958333333333 0.5046296296296299 0.8432291666666667 0.5046296296296299
7 0.5744791666666667 0.24074074074074084 0.5286458333333334 0.24074074074074084 0.5286458333333334 0.31851851851851865 0.5744791666666667 0.31851851851851865
6 0.6786458333333333 0.8564814814814817 0.6317708333333333 0.8564814814814817 0.6317708333333333 0.9379629629629632 0.6786458333333333 0.9379629629629632
7 0.8046875 0.5490740740740743 0.7604166666666666 0.5490740740740743 0.7604166666666666 0.6259259259259261 0.8046875 0.6259259259259261
2 0.5036458333333333 0.5296296296296298 0.46458333333333335 0.5296296296296297 0.46458333333333335 0.5962962962962964 0.5036458333333333 0.5962962962962965
2 0.5807291666666666 0.6407407407407409 0.5416666666666666 0.6407407407407409 0.5416666666666666 0.7064814814814817 0.5807291666666666 0.7064814814814817
11 0.6625 0.17037037037037053 0.6182291666666667 0.17037037037037053 0.6182291666666667 0.2462962962962964 0.6625 0.2462962962962964
3 0.6598958333333333 0.4462962962962964 0.6223958333333334 0.4462962962962964 0.6223958333333334 0.5101851851851854 0.6598958333333333 0.5101851851851854
12 0.5401041666666667 0.7481481481481482 0.4817708333333333 0.7481481481481481 0.4817708333333333 0.8490740740740742 0.5401041666666667 0.8490740740740743
3 0.5880208333333333 0.3453703703703705 0.55 0.3453703703703705 0.55 0.41018518518518526 0.5880208333333333 0.41018518518518526
3 0.5109375 0.2425925925925927 0.4739583333333333 0.2425925925925927 0.4739583333333333 0.3064814814814816 0.5109375 0.3064814814814816
8 0.4640625 0.7722222222222223 0.4265625 0.7722222222222223 0.4265625 0.837037037037037 0.4640625 0.837037037037037
2 0.6614583333333334 0.7435185185185187 0.6229166666666667 0.7435185185185187 0.6229166666666667 0.8083333333333336 0.6614583333333334 0.8083333333333336
6 0.4395833333333333 0.5194444444444445 0.3927083333333333 0.5194444444444445 0.3927083333333333 0.5990740740740741 0.4395833333333333 0.5990740740740741
5 0.6260416666666667 0.12407407407407421 0.5791666666666667 0.12407407407407418 0.5791666666666667 0.20370370370370383 0.6260416666666667 0.20370370370370386
11 0.8130208333333333 0.37870370370370393 0.7677083333333333 0.37870370370370393 0.7677083333333333 0.45555555555555577 0.8130208333333333 0.45555555555555577
2 0.428125 0.4212962962962964 0.3885416666666667 0.4212962962962964 0.3885416666666667 0.48703703703703705 0.428125 0.48703703703703705
4 0.38697916666666665 0.649074074074074 0.3411458333333333 0.649074074074074 0.3411458333333333 0.7287037037037037 0.38697916666666665 0.7287037037037037
9 0.6973958333333333 0.23425925925925942 0.6598958333333333 0.23425925925925942 0.6598958333333333 0.29722222222222233 0.6973958333333333 0.29722222222222233
3 0.8052083333333333 0.665740740740741 0.7682291666666666 0.665740740740741 0.7682291666666666 0.7296296296296299 0.8052083333333333 0.7296296296296299
1 0.5947916666666667 0.0703703703703705 0.5463541666666667 0.0703703703703705 0.5463541666666667 0.15277777777777787 0.5947916666666667 0.15277777777777787
9 0.7760416666666666 0.33333333333333354 0.7375 0.33333333333333354 0.7375 0.39814814814814836 0.7760416666666666 0.39814814814814836
3 0.7359375 0.5592592592592595 0.6979166666666666 0.5592592592592595 0.6979166666666666 0.6231481481481483 0.7359375 0.6231481481481483
2 0.7328125 0.8490740740740743 0.6953125 0.8490740740740743 0.6953125 0.9138888888888891 0.7328125 0.9138888888888891
8 0.5354166666666667 0.8842592592592595 0.4994791666666668 0.8842592592592595 0.4994791666666668 0.9453703703703705 0.5354166666666667 0.9453703703703705
1 0.8765625 0.4888888888888891 0.8333333333333334 0.4888888888888891 0.8333333333333334 0.5638888888888891 0.8765625 0.5638888888888891
4 0.5822916666666667 0.9046296296296299 0.5338541666666666 0.9046296296296299 0.5338541666666666 0.9796296296296296 0.5822916666666667 0.9796296296296296
0 0.3541666666666667 0.5925925925925926 0.3046875 0.5925925925925926 0.3046875 0.6805555555555556 0.3541666666666667 0.6805555555555556
10 0.4296875 0.7 0.37916666666666665 0.7 0.37916666666666665 0.7861111111111111 0.4296875 0.7861111111111111