0 0.6640625 0.5444444444444446 0.6203125 0.5444444444444446 0.6203125 0.6194444444444447 0.6640625 0.6194444444444447
10 0.4510416666666667 0.7796296296296297 0.40677083333333336 0.7796296296296297 0.40677083333333336 0.8555555555555555 0.4510416666666667 0.8555555555555555
3 0.40520833333333334 0.65 0.3697916666666667 0.65 0.3697916666666667 0.7101851851851851 0.40520833333333334 0.7101851851851851
9 0.334375 0.2194444444444445 0.3 0.2194444444444445 0.3 0.2777777777777779 0.334375 0.2777777777777779
1 0.3963541666666668 0.9185185185185185 0.3515625000000001 0.9185185185185185 0.3515625000000001 0.9953703703703703 0.3963541666666668 0.9953703703703703
12 0.565625 0.7370370370370373 0.5114583333333333 0.7370370370370373 0.5114583333333333 0.8305555555555557 0.565625 0.8305555555555557
0 0.7223958333333333 0.5574074074074076 0.6776041666666667 0.5574074074074076 0.6776041666666667 0.6333333333333335 0.7223958333333333 0.6333333333333335
6 0.5182291666666666 0.613888888888889 0.4734375 0.6138888888888889 0.4734375 0.6916666666666668 0.5182291666666666 0.6916666666666669
7 0.2989583333333333 0.42592592592592604 0.2557291666666667 0.42592592592592604 0.2557291666666667 0.4981481481481482 0.2989583333333333 0.4981481481481482
4 0.47604166666666664 0.6685185185185185 0.4328125 0.6685185185185185 0.4328125 0.7435185185185185 0.47604166666666664 0.7435185185185185
4 0.5385416666666667 0.5046296296296299 0.4947916666666667 0.5046296296296299 0.4947916666666667 0.5796296296296298 0.5385416666666667 0.5796296296296298
7 0.4114583333333333 0.29722222222222233 0.3692708333333333 0.29722222222222233 0.3692708333333333 0.3675925925925927 0.4114583333333333 0.3675925925925927
1 0.225 0.35833333333333334 0.18385416666666668 0.35833333333333334 0.18385416666666668 0.42777777777777776 0.225 0.42777777777777776
3 0.3859375 0.7601851851851852 0.35052083333333334 0.7601851851851852 0.35052083333333334 0.8185185185185185 0.3859375 0.8185185185185185
3 0.5166666666666667 0.27314814814814825 0.4822916666666667 0.27314814814814825 0.4822916666666667 0.3314814814814816 0.5166666666666667 0.3314814814814816
2 0.4890625 0.3916666666666668 0.4546875 0.3916666666666668 0.4546875 0.4490740740740742 0.4890625 0.4490740740740742
8 0.4984375 0.7351851851851853 0.4640625 0.7351851851851852 0.4640625 0.7953703703703705 0.4984375 0.7953703703703706
3 0.5333333333333333 0.16203703703703715 0.5 0.16203703703703715 0.5 0.2185185185185186 0.5333333333333333 0.2185185185185186
10 0.5385416666666667 0.007407407407407521 0.49583333333333335 0.007407407407407516 0.49583333333333335 0.07962962962962973 0.5385416666666667 0.07962962962962973
6 0.5822916666666667 0.6314814814814816 0.5385416666666667 0.6314814814814816 0.5385416666666667 0.7064814814814817 0.5822916666666667 0.7064814814814817
3 0.434375 0.5268518518518519 0.39947916666666666 0.5268518518518519 0.39947916666666666 0.587037037037037 0.434375 0.587037037037037
2 0.5572916666666666 0.3972222222222223 0.5208333333333334 0.3972222222222223 0.5208333333333334 0.45740740740740754 0.5572916666666666 0.45740740740740754
2 0.36354166666666665 0.5212962962962963 0.32864583333333336 0.5212962962962963 0.32864583333333336 0.5796296296296296 0.36354166666666665 0.5796296296296296
9 0.3489583333333333 0.28703703703703715 0.3151041666666667 0.28703703703703715 0.3151041666666667 0.34444444444444455 0.3489583333333333 0.34444444444444455
2 0.4953125 0.21018518518518528 0.46145833333333336 0.21018518518518528 0.46145833333333336 0.2685185185185186 0.4953125 0.2685185185185186
11 0.2890625 0.6 0.24635416666666674 0.6 0.24635416666666674 0.6731481481481482 0.2890625 0.6731481481481482
2 0.6177083333333333 0.41944444444444456 0.5822916666666667 0.41944444444444456 0.5822916666666667 0.47777777777777797 0.6177083333333333 0.47777777777777797
11 0.6453125 0.2981481481481483 0.6005208333333333 0.2981481481481483 0.6005208333333333 0.37314814814814823 0.6453125 0.37314814814814823
13 0.4166666666666667 0.12962962962962973 0.365625 0.12962962962962973 0.365625 0.21666666666666679 0.4166666666666667 0.21666666666666679
5 0.45729166666666665 0.08611111111111121 0.41354166666666664 0.0861111111111112 0.41354166666666664 0.15833333333333344 0.45729166666666665 0.15833333333333344
5 0.45364583333333336 0.25555555555555565 0.40989583333333335 0.25555555555555565 0.40989583333333335 0.3296296296296297 0.45364583333333336 0.3296296296296297
8 0.33229166666666665 0.38425925925925936 0.296875 0.38425925925925936 0.296875 0.44351851851851865 0.33229166666666665 0.44351851851851865