13 0.6588541666666666 0.32685185185185195 0.6072916666666667 0.32685185185185195 0.6072916666666667 0.42037037037037045 0.6588541666666666 0.42037037037037045
3 0.5734375 0.39074074074074083 0.5390625 0.39074074074074083 0.5390625 0.45370370370370383 0.5734375 0.45370370370370383
2 0.440625 0.47314814814814826 0.4046875 0.47314814814814826 0.4046875 0.5398148148148149 0.440625 0.5398148148148149
2 0.4109375 0.2981481481481483 0.375 0.2981481481481483 0.375 0.36296296296296304 0.4109375 0.36296296296296304
7 0.6583333333333333 0.6018518518518521 0.6161458333333333 0.6018518518518521 0.6161458333333333 0.6805555555555558 0.6583333333333333 0.6805555555555558
3 0.6057291666666667 0.5537037037037039 0.5713541666666667 0.5537037037037039 0.5713541666666667 0.6175925925925928 0.6057291666666667 0.6175925925925928
2 0.48125 0.6398148148148148 0.4453125 0.6398148148148148 0.4453125 0.7064814814814815 0.48125 0.7064814814814815
2 0.5161458333333334 0.8092592592592593 0.48020833333333335 0.8092592592592592 0.4802083333333334 0.876851851851852 0.5161458333333334 0.8768518518518521
6 0.4625 0.7546296296296297 0.41770833333333335 0.7546296296296297 0.41770833333333335 0.8361111111111111 0.4625 0.8361111111111111
3 0.496875 0.07222222222222233 0.4640625 0.07222222222222233 0.4640625 0.1351851851851853 0.496875 0.1351851851851853
9 0.6963541666666667 0.39074074074074083 0.6640625 0.39074074074074083 0.6640625 0.45370370370370383 0.6963541666666667 0.45370370370370383
5 0.7322916666666667 0.5453703703703706 0.6916666666666667 0.5453703703703706 0.6916666666666667 0.6240740740740743 0.7322916666666667 0.6240740740740743
12 0.36770833333333336 0.49907407407407406 0.31145833333333334 0.49907407407407406 0.31145833333333334 0.6027777777777777 0.36770833333333336 0.6027777777777777
0 0.25104166666666666 0.21851851851851858 0.20572916666666666 0.21851851851851858 0.20572916666666666 0.30000000000000004 0.25104166666666666 0.3000000000000001
4 0.3755208333333334 0.8064814814814815 0.3307291666666667 0.8064814814814815 0.33072916666666674 0.8888888888888888 0.37552083333333347 0.8888888888888888
11 0.7197916666666667 0.4648148148148149 0.678125 0.4648148148148149 0.678125 0.5435185185185187 0.7197916666666667 0.5435185185185187
7 0.559375 0.10462962962962975 0.5171875 0.10462962962962974 0.5171875 0.18055555555555566 0.559375 0.18055555555555566
5 0.6354166666666666 0.07870370370370383 0.5953125 0.07870370370370383 0.5953125 0.1555555555555557 0.6354166666666666 0.15555555555555572
3 0.5333333333333333 0.22037037037037047 0.49947916666666664 0.22037037037037047 0.49947916666666664 0.28518518518518526 0.5333333333333333 0.28518518518518526
8 0.2916666666666667 0.4759259259259259 0.25572916666666673 0.4759259259259259 0.25572916666666673 0.5416666666666666 0.2916666666666667 0.5416666666666666
11 0.6541666666666667 0.14537037037037054 0.6130208333333333 0.14537037037037054 0.6130208333333333 0.22314814814814832 0.6541666666666667 0.22314814814814832
8 0.3307291666666667 0.6361111111111111 0.2942708333333333 0.6361111111111111 0.2942708333333333 0.7046296296296296 0.3307291666666667 0.7046296296296296
2 0.37447916666666664 0.13518518518518527 0.3390625 0.13518518518518524 0.3390625 0.20000000000000007 0.37447916666666664 0.2000000000000001
6 0.35260416666666666 0.22870370370370377 0.3072916666666667 0.22870370370370377 0.3072916666666667 0.31203703703703717 0.35260416666666666 0.31203703703703717
9 0.6661458333333333 0.22407407407407423 0.6322916666666667 0.22407407407407423 0.6322916666666667 0.2879629629629631 0.6661458333333333 0.2879629629629631
1 0.6109375 0.0527777777777779 0.5713541666666667 0.052777777777777896 0.5713541666666667 0.07870370370370383 0.6109375 0.07870370370370383
4 0.2942708333333333 0.3851851851851853 0.2484375 0.3851851851851853 0.24843750000000003 0.4666666666666668 0.2942708333333333 0.4666666666666668
1 0.7526041666666666 0.6138888888888892 0.7083333333333334 0.6138888888888892 0.7083333333333334 0.6925925925925928 0.7526041666666666 0.6925925925925928
3 0.6395833333333333 0.7157407407407409 0.6020833333333333 0.7157407407407409 0.6020833333333333 0.776851851851852 0.6395833333333333 0.776851851851852
10 0.2765625 0.2925925925925926 0.228125 0.29259259259259257 0.228125 0.3796296296296297 0.2765625 0.37962962962962976
10 0.359375 0.7185185185185186 0.3067708333333333 0.7185185185185186 0.3067708333333333 0.8064814814814815 0.359375 0.8064814814814815
0 0.40000000000000013 0.8814814814814815 0.3463541666666668 0.8814814814814815 0.3463541666666668 0.9731481481481481 0.40000000000000013 0.9731481481481481