9 0.5375 0.6592592592592594 0.5067708333333333 0.6592592592592594 0.5067708333333333 0.7083333333333336 0.5375 0.7083333333333336
11 0.728125 0.5592592592592595 0.6875 0.5592592592592595 0.6875 0.6212962962962965 0.728125 0.6212962962962965
3 0.43645833333333334 0.18796296296296308 0.40572916666666664 0.18796296296296308 0.40572916666666664 0.23796296296296307 0.43645833333333334 0.23796296296296307
4 0.6770833333333334 0.18981481481481496 0.6385416666666667 0.18981481481481496 0.6385416666666667 0.25092592592592605 0.6770833333333334 0.25092592592592605
2 0.384375 0.7851851851851852 0.35208333333333336 0.7851851851851852 0.35208333333333336 0.8324074074074074 0.384375 0.8324074074074074
8 0.5182291666666666 0.5935185185185188 0.4859375 0.5935185185185188 0.4859375 0.6444444444444447 0.5182291666666666 0.6444444444444447
6 0.5932291666666667 0.7722222222222225 0.5536458333333333 0.7722222222222225 0.5536458333333333 0.8333333333333336 0.5932291666666667 0.8333333333333336
7 0.5145833333333334 0.826851851851852 0.4765625 0.8268518518518518 0.47656250000000006 0.8870370370370372 0.5145833333333335 0.8870370370370373
8 0.5447916666666667 0.14814814814814825 0.5130208333333334 0.14814814814814825 0.5130208333333334 0.19722222222222233 0.5447916666666667 0.19722222222222233
9 0.6322916666666667 0.6916666666666669 0.6020833333333333 0.6916666666666669 0.6020833333333333 0.739814814814815 0.6322916666666667 0.739814814814815
3 0.6901041666666666 0.7851851851851854 0.6604166666666667 0.7851851851851854 0.6604166666666667 0.8324074074074076 0.6901041666666666 0.8324074074074076
7 0.38125 0.2787037037037038 0.3421875 0.2787037037037038 0.3421875 0.3398148148148149 0.38125 0.3398148148148149
6 0.6041666666666666 0.3453703703703705 0.5666666666666667 0.3453703703703705 0.5666666666666667 0.40462962962962973 0.6041666666666666 0.40462962962962973
2 0.6109375 0.2203703703703705 0.5786458333333333 0.22037037037037047 0.5786458333333333 0.2703703703703705 0.6109375 0.2703703703703705
2 0.5911458333333334 0.44814814814814824 0.5588541666666667 0.44814814814814824 0.5588541666666667 0.4962962962962965 0.5911458333333334 0.4962962962962965
5 0.36354166666666665 0.15000000000000008 0.32447916666666665 0.15000000000000005 0.32447916666666665 0.2111111111111112 0.36354166666666665 0.21111111111111122
1 0.6927083333333334 0.35648148148148157 0.653125 0.35648148148148157 0.653125 0.4175925925925927 0.6927083333333334 0.4175925925925927
12 0.4671875 0.6018518518518519 0.4203125 0.6018518518518519 0.4203125 0.6731481481481482 0.4671875 0.6731481481481482
1 0.5348958333333333 0.29537037037037045 0.4973958333333333 0.29537037037037045 0.4973958333333333 0.35277777777777786 0.5348958333333333 0.35277777777777786
4 0.3828125 0.5787037037037037 0.34375 0.5787037037037037 0.34375 0.6398148148148148 0.3828125 0.6398148148148148
10 0.5947916666666667 0.6138888888888892 0.5557291666666667 0.6138888888888892 0.5557291666666667 0.6740740740740743 0.5947916666666667 0.6740740740740743
2 0.32447916666666665 0.37037037037037046 0.29270833333333335 0.37037037037037046 0.29270833333333335 0.4166666666666668 0.32447916666666665 0.4166666666666668
0 0.4609375 0.2787037037037038 0.42135416666666664 0.2787037037037038 0.42135416666666664 0.3416666666666668 0.4609375 0.3416666666666668
10 0.4453125 0.7231481481481481 0.4083333333333333 0.7231481481481481 0.4083333333333333 0.7851851851851852 0.4453125 0.7851851851851852
0 0.4276041666666667 0.4759259259259259 0.3885416666666667 0.4759259259259259 0.3885416666666667 0.5361111111111111 0.4276041666666667 0.5361111111111111
11 0.32447916666666665 0.6731481481481482 0.2869791666666667 0.6731481481481482 0.2869791666666667 0.7416666666666667 0.32447916666666665 0.7416666666666667
3 0.5604166666666667 0.5287037037037039 0.53125 0.5287037037037039 0.53125 0.5842592592592595 0.5604166666666667 0.5842592592592595
3 0.3182291666666667 0.5111111111111111 0.2890625 0.5111111111111111 0.2890625 0.5601851851851852 0.3182291666666667 0.5601851851851852
3 0.37604166666666666 0.4148148148148149 0.346875 0.4148148148148149 0.346875 0.4648148148148149 0.37604166666666666 0.4648148148148149
13 0.6578125 0.4824074074074076 0.6145833333333334 0.4824074074074076 0.6145833333333334 0.564814814814815 0.6578125 0.564814814814815
2 0.5114583333333333 0.42037037037037045 0.48125 0.42037037037037045 0.48125 0.4712962962962964 0.5114583333333333 0.4712962962962964
5 0.43802083333333336 0.37592592592592605 0.4010416666666667 0.37592592592592605 0.4010416666666667 0.44166666666666676 0.43802083333333336 0.44166666666666676