10 0.45208333333333334 0.11851851851851862 0.4171875 0.11851851851851862 0.4171875 0.18055555555555566 0.45208333333333334 0.18055555555555566
10 0.496875 0.08148148148148159 0.46197916666666666 0.08148148148148159 0.46197916666666666 0.14351851851851863 0.496875 0.14351851851851863
7 0.47708333333333336 0.5203703703703704 0.44166666666666665 0.5203703703703704 0.44166666666666665 0.5842592592592593 0.47708333333333336 0.5842592592592593
11 0.6354166666666666 0.5037037037037039 0.5989583333333334 0.5037037037037039 0.5989583333333334 0.5675925925925928 0.6354166666666666 0.5675925925925928
6 0.4088541666666667 0.15370370370370381 0.37447916666666664 0.15370370370370381 0.37447916666666664 0.21481481481481493 0.4088541666666667 0.21481481481481493
2 0.41458333333333336 0.23055555555555565 0.3880208333333333 0.23055555555555565 0.3880208333333333 0.27962962962962973 0.41458333333333336 0.27962962962962973
3 0.5505208333333333 0.3851851851851853 0.5223958333333333 0.3851851851851853 0.5223958333333333 0.4361111111111112 0.5505208333333333 0.4361111111111112
3 0.50625 0.42222222222222233 0.47760416666666666 0.42222222222222233 0.47760416666666666 0.47314814814814826 0.50625 0.47314814814814826
7 0.6692708333333334 0.388888888888889 0.6338541666666667 0.388888888888889 0.6338541666666667 0.45370370370370383 0.6692708333333334 0.45370370370370383
2 0.37135416666666665 0.26944444444444454 0.34479166666666666 0.26944444444444454 0.34479166666666666 0.31666666666666676 0.37135416666666665 0.31666666666666676
3 0.45729166666666665 0.4527777777777779 0.42916666666666664 0.4527777777777779 0.42916666666666664 0.5037037037037037 0.45729166666666665 0.5037037037037037
3 0.6036458333333333 0.35462962962962974 0.575 0.35462962962962974 0.575 0.40555555555555567 0.6036458333333333 0.40555555555555567
2 0.4630208333333333 0.19722222222222233 0.4359375 0.19722222222222233 0.4359375 0.24722222222222232 0.4630208333333333 0.24722222222222232
2 0.5114583333333333 0.15648148148148158 0.48385416666666664 0.15648148148148158 0.48385416666666664 0.20555555555555566 0.5114583333333333 0.20555555555555566
3 0.41302083333333334 0.48148148148148145 0.3854166666666667 0.48148148148148145 0.3854166666666667 0.5342592592592592 0.41302083333333334 0.5342592592592592
5 0.4421875 0.6240740740740741 0.40729166666666666 0.6240740740740741 0.40729166666666666 0.687962962962963 0.4421875 0.687962962962963
12 0.43854166666666666 0.04629629629629639 0.396875 0.04629629629629639 0.396875 0.12037037037037047 0.43854166666666666 0.12037037037037047
6 0.5458333333333333 0.050000000000000114 0.5109375 0.05000000000000011 0.5109375 0.11203703703703716 0.5458333333333333 0.11203703703703717
9 0.5833333333333334 0.5370370370370372 0.5546875 0.5370370370370372 0.5546875 0.5879629629629631 0.5833333333333334 0.5879629629629631
9 0.48854166666666665 0.6000000000000001 0.46041666666666664 0.6 0.46041666666666664 0.6518518518518519 0.48854166666666665 0.651851851851852
8 0.4786458333333333 0.025000000000000102 0.4510416666666667 0.0250000000000001 0.4510416666666667 0.07500000000000011 0.4786458333333333 0.07500000000000011
11 0.5734375 0.4527777777777779 0.5369791666666667 0.4527777777777779 0.5369791666666667 0.5175925925925928 0.5734375 0.5175925925925928
4 0.35208333333333336 0.11666666666666675 0.3177083333333333 0.11666666666666675 0.3177083333333333 0.1796296296296297 0.35208333333333336 0.1796296296296297
8 0.39010416666666664 0.08888888888888896 0.3619791666666667 0.08888888888888896 0.3619791666666667 0.1398148148148149 0.39010416666666664 0.13981481481481492
0 0.36614583333333334 0.18518518518518526 0.33125 0.18518518518518523 0.33125 0.24907407407407417 0.36614583333333334 0.24907407407407417
4 0.5328125 1.1197580686648253e-16 0.49583333333333335 1.0795034748039633e-16 0.49583333333333335 0.04444444444444456 0.5328125 0.044444444444444564
0 0.5791666666666667 1.2206780363723387e-16 0.5421875 1.1804234425114764e-16 0.5421875 0.012037037037037158 0.5791666666666667 0.012037037037037162
1 0.5244791666666667 0.48703703703703727 0.4875 0.48703703703703727 0.4875 0.5537037037037039 0.5244791666666667 0.5537037037037039
1 0.6182291666666667 0.4185185185185186 0.5802083333333333 0.4185185185185186 0.5802083333333333 0.48981481481481504 0.6182291666666667 0.48981481481481504
13 0.54375 0.5583333333333336 0.49947916666666664 0.5583333333333336 0.49947916666666664 0.6388888888888891 0.54375 0.6388888888888891
5 0.6864583333333333 0.46759259259259267 0.6484375 0.46759259259259267 0.6484375 0.5370370370370372 0.6864583333333333 0.5370370370370372
2 0.5583333333333333 0.12685185185185197 0.5286458333333334 0.12685185185185197 0.5286458333333334 0.18055555555555566 0.5583333333333333 0.18055555555555566