7 0.49062500000000003 0.7833333333333334 0.44635416666666666 0.7833333333333333 0.4463541666666667 0.8685185185185186 0.49062500000000014 0.8685185185185187
13 0.4036458333333333 0.5481481481481482 0.34791666666666665 0.5481481481481482 0.34791666666666665 0.6564814814814814 0.4036458333333333 0.6564814814814814
1 0.42812500000000014 0.9185185185185185 0.38177083333333345 0.9185185185185185 0.38177083333333345 0.962037037037037 0.42812500000000014 0.962037037037037
2 0.6020833333333333 0.4175925925925927 0.5671875 0.4175925925925927 0.5671875 0.48703703703703727 0.6020833333333333 0.48703703703703727
3 0.43854166666666666 0.33055555555555566 0.40260416666666665 0.33055555555555566 0.40260416666666665 0.400925925925926 0.43854166666666666 0.400925925925926
3 0.5125 0.6712962962962964 0.4765625 0.6712962962962963 0.4765625 0.7444444444444446 0.5125 0.7444444444444447
2 0.6760416666666667 0.7388888888888892 0.640625 0.7388888888888892 0.640625 0.8055555555555558 0.6760416666666667 0.8055555555555558
7 0.375 0.2703703703703705 0.3302083333333333 0.2703703703703705 0.3302083333333333 0.35833333333333345 0.375 0.35833333333333345
6 0.6973958333333333 0.6092592592592595 0.6552083333333333 0.6092592592592595 0.6552083333333333 0.690740740740741 0.6973958333333333 0.690740740740741
3 0.55 0.8333333333333336 0.5145833333333333 0.8333333333333336 0.5145833333333334 0.9009259259259261 0.55 0.9009259259259261
3 0.40520833333333334 0.17314814814814825 0.3692708333333333 0.17314814814814825 0.3692708333333333 0.24351851851851863 0.40520833333333334 0.24351851851851863
2 0.6364583333333333 0.5759259259259262 0.6020833333333333 0.5759259259259262 0.6020833333333333 0.6435185185185187 0.6364583333333333 0.6435185185185187
1 0.28125 0.26759259259259266 0.234375 0.2675925925925926 0.234375 0.3555555555555556 0.28125 0.3555555555555557
11 0.3125 0.42777777777777787 0.26666666666666666 0.42777777777777787 0.26666666666666666 0.5148148148148148 0.3125 0.5148148148148148
8 0.7052083333333333 0.26481481481481495 0.6723958333333333 0.26481481481481495 0.6723958333333333 0.33055555555555566 0.7052083333333333 0.33055555555555566
2 0.5677083333333334 0.24444444444444455 0.5322916666666667 0.24444444444444455 0.5322916666666667 0.313888888888889 0.5677083333333334 0.313888888888889
2 0.528125 0.1000000000000001 0.49322916666666666 0.1000000000000001 0.49322916666666666 0.16851851851851862 0.528125 0.16851851851851862
12 0.69375 0.338888888888889 0.6421875 0.338888888888889 0.6421875 0.4407407407407408 0.69375 0.4407407407407408
8 0.7338541666666667 0.4083333333333335 0.7 0.40833333333333344 0.7 0.47592592592592614 0.7338541666666667 0.47592592592592614
6 0.5916666666666667 0.1361111111111112 0.5494791666666666 0.1361111111111112 0.5494791666666666 0.2185185185185186 0.5916666666666667 0.2185185185185186
5 0.2989583333333333 0.34814814814814826 0.2526041666666667 0.34814814814814826 0.2526041666666667 0.43703703703703717 0.2989583333333333 0.43703703703703717
4 0.7567708333333333 0.48981481481481504 0.7161458333333334 0.48981481481481504 0.7161458333333334 0.5694444444444446 0.7567708333333333 0.5694444444444446
10 0.66875 0.09074074074074089 0.6270833333333333 0.09074074074074087 0.6270833333333333 0.1731481481481483 0.66875 0.1731481481481483
3 0.4713541666666667 0.5055555555555555 0.43645833333333334 0.5055555555555555 0.43645833333333334 0.5740740740740741 0.4713541666666667 0.5740740740740741
9 0.328125 0.5185185185185185 0.2911458333333333 0.5185185185185185 0.2911458333333333 0.5888888888888889 0.328125 0.5888888888888889
5 0.3953125 0.7564814814814815 0.3489583333333333 0.7564814814814815 0.3489583333333333 0.8462962962962963 0.3953125 0.8462962962962963
9 0.3640625 0.6768518518518518 0.325 0.6768518518518518 0.325 0.7518518518518519 0.3640625 0.7518518518518519
4 0.6916666666666667 0.1657407407407409 0.6489583333333333 0.1657407407407409 0.6489583333333333 0.24907407407407417 0.6916666666666667 0.24907407407407417
0 0.6567708333333333 0.0009259259259260643 0.6130208333333333 0.0009259259259260595 0.6130208333333333 0.08240740740740754 0.6567708333333333 0.08240740740740754
0 0.7885416666666667 0.6472222222222225 0.7458333333333333 0.6472222222222225 0.7458333333333333 0.7240740740740743 0.7885416666666667 0.7240740740740743
10 0.7734375 0.5592592592592595 0.7302083333333333 0.5592592592592595 0.7302083333333333 0.6379629629629632 0.7734375 0.6379629629629632
11 0.41197916666666673 0.8472222222222222 0.3614583333333333 0.8472222222222222 0.3614583333333334 0.9333333333333333 0.4119791666666668 0.9333333333333333