12 0.6755208333333333 0.5148148148148151 0.6151041666666667 0.5148148148148151 0.6151041666666667 0.6175925925925928 0.6755208333333333 0.6175925925925928
10 0.59375 0.4185185185185186 0.5447916666666667 0.4185185185185186 0.5447916666666667 0.5000000000000002 0.59375 0.5000000000000002
7 0.49375 0.36851851851851863 0.44479166666666664 0.36851851851851863 0.44479166666666664 0.450925925925926 0.49375 0.450925925925926
13 0.45729166666666665 0.09074074074074083 0.4005208333333333 0.09074074074074082 0.4005208333333333 0.18611111111111123 0.45729166666666665 0.18611111111111123
3 0.615625 0.2527777777777779 0.5776041666666667 0.2527777777777779 0.5776041666666667 0.3175925925925927 0.615625 0.3175925925925927
7 0.4244791666666667 0.04722222222222231 0.37395833333333334 0.047222222222222304 0.37395833333333334 0.13333333333333344 0.4244791666666667 0.13333333333333344
4 0.7567708333333333 0.21296296296296313 0.709375 0.21296296296296313 0.709375 0.2935185185185187 0.7567708333333333 0.29351851851851873
0 0.5520833333333334 0.1314814814814816 0.5041666666666667 0.1314814814814816 0.5041666666666667 0.21111111111111122 0.5520833333333334 0.21111111111111122
3 0.740625 0.14907407407407422 0.7119791666666667 0.14907407407407422 0.7119791666666667 0.18055555555555572 0.740625 0.18055555555555572
1 0.7572916666666667 0.33240740740740754 0.7088541666666667 0.33240740740740754 0.7088541666666667 0.41481481481481497 0.7572916666666667 0.414814814814815
3 0.490625 0.5027777777777779 0.4515625 0.5027777777777778 0.4515625 0.5685185185185186 0.490625 0.5685185185185188
11 0.6916666666666667 0.22500000000000014 0.6432291666666666 0.22500000000000014 0.6432291666666666 0.3064814814814816 0.6916666666666667 0.3064814814814816
0 0.4890625 0.263888888888889 0.440625 0.263888888888889 0.440625 0.3462962962962964 0.4890625 0.3462962962962964
5 0.6151041666666667 0.028703703703703832 0.5713541666666667 0.02870370370370383 0.5713541666666667 0.09722222222222235 0.6151041666666667 0.09722222222222235
8 0.6932291666666667 0.3500000000000001 0.6541666666666667 0.3500000000000001 0.6541666666666667 0.41574074074074086 0.6932291666666667 0.41574074074074086
3 0.41822916666666665 0.2787037037037038 0.3807291666666667 0.2787037037037038 0.3807291666666667 0.3416666666666668 0.41822916666666665 0.3416666666666668
9 0.48125 0.15277777777777787 0.44479166666666664 0.15277777777777787 0.44479166666666664 0.213888888888889 0.48125 0.213888888888889
9 0.4817708333333333 0.04259259259259269 0.44427083333333334 0.04259259259259268 0.44427083333333334 0.10555555555555567 0.4817708333333333 0.10555555555555567
3 0.6453125 0.0777777777777779 0.6078125 0.0777777777777779 0.6078125 0.13981481481481497 0.6453125 0.13981481481481497
4 0.6619791666666667 0.29074074074074086 0.6135416666666667 0.29074074074074086 0.6135416666666667 0.37222222222222234 0.6619791666666667 0.37222222222222234
2 0.5510416666666667 0.37222222222222234 0.5114583333333333 0.37222222222222234 0.5114583333333333 0.438888888888889 0.5510416666666667 0.438888888888889
5 0.7942708333333334 0.2703703703703706 0.7458333333333333 0.2703703703703706 0.7458333333333333 0.35277777777777797 0.7942708333333334 0.35277777777777797
1 0.5317708333333333 0.664814814814815 0.4817708333333333 0.6648148148148149 0.4817708333333333 0.7500000000000001 0.5317708333333333 0.7500000000000002
2 0.6145833333333334 0.13425925925925938 0.5765625 0.13425925925925936 0.5765625 0.19814814814814827 0.6145833333333334 0.1981481481481483
11 0.36041666666666666 0.28055555555555567 0.3140625 0.28055555555555567 0.3140625 0.35833333333333345 0.36041666666666666 0.35833333333333345
6 0.55 0.025000000000000116 0.5036458333333333 0.025000000000000112 0.5036458333333333 0.1027777777777779 0.55 0.10277777777777791
6 0.5572916666666666 0.24074074074074084 0.5088541666666667 0.24074074074074084 0.5088541666666667 0.32222222222222235 0.5572916666666666 0.32222222222222235
2 0.5854166666666667 0.3111111111111112 0.5473958333333333 0.3111111111111112 0.5473958333333333 0.3750000000000001 0.5854166666666667 0.3750000000000001
8 0.721875 0.40185185185185196 0.6828125 0.40185185185185196 0.6828125 0.46759259259259267 0.721875 0.46759259259259267
2 0.3921875 0.45370370370370383 0.353125 0.45370370370370383 0.353125 0.5194444444444445 0.3921875 0.5194444444444445