0 0.4354166666666667 0.6407407407407407 0.3932291666666667 0.6407407407407407 0.3932291666666667 0.7157407407407408 0.4354166666666667 0.7157407407407408
12 0.5760416666666667 0.7120370370370372 0.5239583333333333 0.7120370370370372 0.5239583333333333 0.8037037037037039 0.5760416666666667 0.8037037037037039
10 0.6677083333333333 0.7870370370370372 0.6260416666666667 0.7870370370370372 0.6260416666666667 0.8601851851851854 0.6677083333333333 0.8601851851851854
1 0.8171875 0.29166666666666685 0.7807291666666667 0.29166666666666685 0.7807291666666667 0.3564814814814817 0.8171875 0.3564814814814817
13 0.6520833333333333 0.22870370370370385 0.6052083333333333 0.22870370370370385 0.6052083333333333 0.30925925925925934 0.6520833333333333 0.30925925925925934
4 0.5234375 0.6981481481481483 0.4817708333333333 0.6981481481481482 0.4817708333333333 0.7712962962962964 0.5234375 0.7712962962962965
7 0.7604166666666666 0.38333333333333347 0.7203125 0.3833333333333334 0.7203125 0.45092592592592606 0.7604166666666666 0.4509259259259261
3 0.5307291666666667 0.32037037037037047 0.4984375 0.32037037037037047 0.4984375 0.37685185185185194 0.5307291666666667 0.37685185185185194
5 0.5963541666666666 0.2814814814814816 0.5557291666666667 0.2814814814814816 0.5557291666666667 0.3500000000000001 0.5963541666666666 0.3500000000000001
7 0.6385416666666667 0.3037037037037038 0.5989583333333334 0.3037037037037038 0.5989583333333334 0.37314814814814823 0.6385416666666667 0.37314814814814823
11 0.6666666666666666 0.3916666666666668 0.6270833333333333 0.3916666666666668 0.6270833333333333 0.4611111111111112 0.6666666666666666 0.4611111111111112
4 0.5494791666666666 0.5500000000000002 0.5088541666666667 0.5500000000000002 0.5088541666666667 0.6222222222222225 0.5494791666666666 0.6222222222222225
4 0.6322916666666667 0.6861111111111113 0.5901041666666667 0.6861111111111113 0.5901041666666667 0.7601851851851854 0.6322916666666667 0.7601851851851854
11 0.625 0.36851851851851863 0.5848958333333333 0.36851851851851863 0.5848958333333333 0.43796296296296305 0.625 0.43796296296296305
6 0.5854166666666667 0.6500000000000002 0.5421875 0.6500000000000002 0.5421875 0.727777777777778 0.5854166666666667 0.727777777777778