2 0.46458333333333335 0.5194444444444445 0.42552083333333335 0.5194444444444445 0.42552083333333335 0.5861111111111111 0.46458333333333335 0.5861111111111111
12 0.5390625 0.6361111111111112 0.4786458333333333 0.6361111111111111 0.4786458333333333 0.737962962962963 0.5390625 0.7379629629629632
7 0.4359375 0.19907407407407418 0.3885416666666667 0.19907407407407418 0.3885416666666667 0.27962962962962973 0.4359375 0.27962962962962973
5 0.37604166666666666 0.1472222222222223 0.328125 0.14722222222222228 0.328125 0.2296296296296297 0.37604166666666666 0.22962962962962974
5 0.615625 0.05833333333333346 0.5692708333333333 0.05833333333333345 0.5692708333333333 0.13888888888888903 0.615625 0.13888888888888903
1 0.5776041666666667 0.15092592592592602 0.5307291666666667 0.15092592592592602 0.5307291666666667 0.23055555555555565 0.5776041666666667 0.23055555555555565
11 0.5348958333333333 0.16481481481481491 0.4869791666666667 0.16481481481481491 0.4869791666666667 0.24444444444444455 0.5348958333333333 0.24444444444444455
2 0.6125 0.4527777777777779 0.5744791666666667 0.4527777777777779 0.5744791666666667 0.5175925925925928 0.6125 0.5175925925925928
7 0.6255208333333333 0.13240740740740753 0.5796875 0.1324074074074075 0.5796875 0.2101851851851853 0.6255208333333333 0.21018518518518534
3 0.4875 0.2601851851851853 0.44947916666666665 0.2601851851851853 0.44947916666666665 0.3240740740740742 0.4875 0.3240740740740742
4 0.4390625 0.6925925925925925 0.390625 0.6925925925925925 0.390625 0.7759259259259259 0.4390625 0.7759259259259259
4 0.6338541666666667 0.6000000000000002 0.5859375 0.6000000000000002 0.5859375 0.6814814814814817 0.6338541666666667 0.6814814814814817
6 0.625 0.5212962962962965 0.5776041666666667 0.5212962962962965 0.5776041666666667 0.6018518518518521 0.625 0.6018518518518521
0 0.6791666666666667 0.5750000000000002 0.63125 0.5750000000000002 0.63125 0.6564814814814817 0.6791666666666667 0.6564814814814817
2 0.41458333333333336 0.5361111111111111 0.37395833333333334 0.5361111111111111 0.37395833333333334 0.6046296296296296 0.41458333333333336 0.6046296296296296
11 0.5697916666666667 0.0740740740740742 0.5234375 0.07407407407407418 0.5234375 0.15370370370370381 0.5697916666666667 0.15370370370370381
13 0.4817708333333333 0.09722222222222232 0.4244791666666667 0.09722222222222232 0.4244791666666667 0.19351851851851862 0.4817708333333333 0.19351851851851862
8 0.4822916666666667 0.6796296296296296 0.4427083333333333 0.6796296296296296 0.4427083333333333 0.7453703703703703 0.4822916666666667 0.7453703703703703
3 0.39010416666666664 0.30277777777777787 0.35104166666666664 0.30277777777777787 0.35104166666666664 0.3694444444444446 0.39010416666666664 0.3694444444444446
9 0.42239583333333336 0.1324074074074075 0.384375 0.1324074074074075 0.384375 0.19722222222222233 0.42239583333333336 0.19722222222222233
3 0.5348958333333333 0.24814814814814826 0.4973958333333333 0.24814814814814826 0.4973958333333333 0.31203703703703717 0.5348958333333333 0.31203703703703717
8 0.5776041666666667 0.6287037037037039 0.5380208333333333 0.6287037037037039 0.5380208333333333 0.6953703703703705 0.5776041666666667 0.6953703703703705
10 0.5765625 0.5490740740740743 0.5291666666666667 0.5490740740740743 0.5291666666666667 0.6296296296296299 0.5765625 0.6296296296296299
10 0.528125 0.5657407407407409 0.48020833333333335 0.5657407407407408 0.48020833333333335 0.6472222222222224 0.528125 0.6472222222222225
9 0.5197916666666667 0.10185185185185196 0.4822916666666667 0.10185185185185196 0.4822916666666667 0.163888888888889 0.5197916666666667 0.163888888888889
6 0.48125 0.5851851851851851 0.43125 0.5851851851851851 0.43125 0.6703703703703704 0.48125 0.6703703703703704
2 0.5671875 0.47592592592592614 0.5286458333333334 0.47592592592592614 0.5286458333333334 0.5425925925925928 0.5671875 0.5425925925925928
0 0.4322916666666667 0.6101851851851852 0.38333333333333336 0.6101851851851852 0.38333333333333336 0.6944444444444444 0.4322916666666667 0.6944444444444444
1 0.484375 0.18240740740740752 0.43697916666666664 0.18240740740740752 0.43697916666666664 0.2620370370370371 0.484375 0.2620370370370371
3 0.5848958333333333 0.22592592592592603 0.5479166666666667 0.22592592592592603 0.5479166666666667 0.288888888888889 0.5848958333333333 0.288888888888889
2 0.515625 0.49351851851851863 0.4765625 0.4935185185185185 0.4765625 0.5592592592592593 0.515625 0.5592592592592595
3 0.43697916666666664 0.2824074074074075 0.3984375 0.2824074074074075 0.3984375 0.3472222222222223 0.43697916666666664 0.3472222222222223