5 0.34791666666666665 0.19907407407407413 0.315625 0.19907407407407413 0.315625 0.2564814814814816 0.34791666666666665 0.2564814814814816
12 0.4359375 0.6111111111111112 0.3963541666666667 0.6111111111111112 0.3963541666666667 0.6833333333333333 0.4359375 0.6833333333333333
0 0.18541666666666673 0.662962962962963 0.15260416666666674 0.662962962962963 0.15260416666666674 0.7212962962962963 0.18541666666666673 0.7212962962962963
2 0.4921875 0.5861111111111112 0.4661458333333333 0.5861111111111111 0.4661458333333333 0.6324074074074075 0.4921875 0.6324074074074076
7 0.4661458333333333 0.7935185185185185 0.4328125 0.7935185185185185 0.4328125 0.8527777777777777 0.4661458333333333 0.8527777777777777
7 0.24843750000000006 0.5435185185185185 0.2161458333333334 0.5435185185185185 0.2161458333333334 0.6027777777777777 0.24843750000000006 0.6027777777777777
3 0.28854166666666664 0.25740740740740753 0.2635416666666667 0.25740740740740753 0.2635416666666667 0.30092592592592604 0.28854166666666664 0.30092592592592604
3 0.6171875 0.3972222222222223 0.5927083333333333 0.3972222222222223 0.5927083333333333 0.4407407407407408 0.6171875 0.4407407407407408
0 0.5630208333333333 0.8222222222222224 0.5302083333333333 0.8222222222222224 0.5302083333333334 0.8814814814814816 0.5630208333333333 0.8814814814814816
11 0.378125 0.06666666666666675 0.346875 0.06666666666666675 0.346875 0.11944444444444452 0.378125 0.11944444444444455
9 0.50625 0.12777777777777788 0.4817708333333333 0.12777777777777788 0.4817708333333333 0.1712962962962964 0.50625 0.1712962962962964
2 0.30520833333333336 0.49537037037037035 0.2796875 0.49537037037037035 0.2796875 0.5425925925925926 0.30520833333333336 0.5425925925925926
3 0.43125 0.31666666666666676 0.40572916666666664 0.31666666666666676 0.40572916666666664 0.36203703703703716 0.43125 0.36203703703703716
2 0.22447916666666667 0.3824074074074074 0.19895833333333332 0.3824074074074074 0.19895833333333332 0.42685185185185187 0.22447916666666667 0.42685185185185187
2 0.40572916666666664 0.46203703703703713 0.3796875 0.46203703703703713 0.3796875 0.5083333333333333 0.40572916666666664 0.5083333333333333
3 0.5229166666666667 0.36203703703703716 0.4973958333333333 0.36203703703703716 0.4973958333333333 0.4064814814814816 0.5229166666666667 0.4064814814814816
8 0.37395833333333334 0.6842592592592592 0.3484375 0.6842592592592592 0.3484375 0.7314814814814815 0.37395833333333334 0.7314814814814815
9 0.41875 0.0861111111111112 0.39427083333333335 0.0861111111111112 0.39427083333333335 0.12870370370370382 0.41875 0.12870370370370382
3 0.384375 0.301851851851852 0.359375 0.301851851851852 0.359375 0.3462962962962964 0.384375 0.3462962962962964
13 0.4036458333333333 0.213888888888889 0.3645833333333333 0.213888888888889 0.3645833333333333 0.2824074074074075 0.4036458333333333 0.2824074074074075
2 0.5828125 0.6157407407407409 0.5572916666666666 0.6157407407407409 0.5572916666666666 0.6620370370370372 0.5828125 0.6620370370370372
5 0.6005208333333333 0.1675925925925927 0.5692708333333333 0.1675925925925927 0.5692708333333333 0.22037037037037047 0.6005208333333333 0.22037037037037047
8 0.32916666666666666 0.6592592592592592 0.3020833333333333 0.6592592592592592 0.3020833333333333 0.7064814814814815 0.32916666666666666 0.7064814814814815
6 0.33177083333333335 0.33240740740740754 0.2994791666666667 0.33240740740740754 0.2994791666666667 0.388888888888889 0.33177083333333335 0.388888888888889
4 0.4828125 0.6398148148148148 0.45 0.6398148148148148 0.45 0.6990740740740741 0.4828125 0.6990740740740741
4 0.328125 0.7388888888888889 0.2953125 0.7388888888888889 0.2953125 0.799074074074074 0.328125 0.799074074074074
10 0.5479166666666667 0.20555555555555566 0.515625 0.20555555555555566 0.515625 0.2620370370370371 0.5479166666666667 0.2620370370370371
1 0.3171875 0.11574074074074081 0.2859375 0.1157407407407408 0.2859375 0.16851851851851857 0.3171875 0.16851851851851857
6 0.5333333333333333 0.6629629629629632 0.5010416666666667 0.6629629629629632 0.5010416666666667 0.7212962962962965 0.5333333333333333 0.7212962962962965
10 0.4666666666666667 0.40555555555555567 0.434375 0.40555555555555567 0.434375 0.4629629629629631 0.4666666666666667 0.4629629629629631
1 0.5776041666666667 0.2898148148148149 0.5447916666666667 0.2898148148148149 0.5447916666666667 0.3462962962962964 0.5776041666666667 0.3462962962962964
11 0.5197916666666667 0.4185185185185186 0.48802083333333335 0.4185185185185186 0.48802083333333335 0.4750000000000002 0.5197916666666667 0.4750000000000002