9 0.40677083333333336 0.5009259259259259 0.37447916666666664 0.5009259259259259 0.37447916666666664 0.5638888888888889 0.40677083333333336 0.5638888888888889
11 0.43750000000000006 0.8314814814814815 0.396875 0.8314814814814815 0.39687500000000003 0.912962962962963 0.4375000000000001 0.912962962962963
3 0.6828125 0.39074074074074083 0.65 0.39074074074074083 0.65 0.4527777777777779 0.6828125 0.4527777777777779
4 0.6505208333333333 0.7990740740740743 0.6098958333333333 0.7990740740740743 0.6098958333333333 0.8759259259259261 0.6505208333333333 0.8759259259259261
2 0.3572916666666667 0.21111111111111117 0.3260416666666667 0.21111111111111117 0.3260416666666667 0.2750000000000001 0.3572916666666667 0.2750000000000001
8 0.44583333333333336 0.4740740740740741 0.41302083333333334 0.4740740740740741 0.41302083333333334 0.5388888888888889 0.44583333333333336 0.5388888888888889
6 0.33697916666666666 0.5666666666666667 0.29739583333333336 0.5666666666666667 0.29739583333333336 0.6444444444444445 0.33697916666666666 0.6444444444444445
7 0.3171875 0.4231481481481483 0.278125 0.4231481481481483 0.278125 0.4981481481481482 0.3171875 0.4981481481481482
8 0.690625 0.5851851851851854 0.6583333333333333 0.5851851851851854 0.6583333333333333 0.6500000000000002 0.690625 0.6500000000000002
9 0.37552083333333336 0.6638888888888889 0.34375 0.6638888888888889 0.34375 0.725925925925926 0.37552083333333336 0.725925925925926
3 0.315625 0.7537037037037037 0.284375 0.7537037037037037 0.284375 0.8138888888888889 0.315625 0.8138888888888889
7 0.6411458333333333 0.26574074074074083 0.6005208333333333 0.26574074074074083 0.6005208333333333 0.3416666666666668 0.6411458333333333 0.3416666666666668
6 0.5729166666666666 0.6509259259259261 0.534375 0.6509259259259261 0.534375 0.7250000000000002 0.5729166666666666 0.7250000000000002
2 0.6416666666666667 0.690740740740741 0.6083333333333333 0.690740740740741 0.6083333333333333 0.7546296296296299 0.6416666666666667 0.7546296296296299
2 0.5166666666666667 0.6231481481481483 0.48489583333333336 0.6231481481481483 0.48489583333333336 0.6879629629629632 0.5166666666666667 0.6879629629629632
5 0.7151041666666667 0.25185185185185194 0.675 0.25185185185185194 0.675 0.33055555555555566 0.7151041666666667 0.33055555555555566
1 0.5557291666666667 0.8000000000000002 0.5145833333333333 0.8000000000000002 0.5145833333333334 0.8796296296296299 0.5557291666666667 0.8796296296296299
12 0.4505208333333333 0.35462962962962974 0.4041666666666667 0.35462962962962974 0.4041666666666667 0.44814814814814824 0.4505208333333333 0.44814814814814824
1 0.6104166666666667 0.5370370370370372 0.5723958333333333 0.5370370370370372 0.5723958333333333 0.6111111111111113 0.6104166666666667 0.6111111111111113
4 0.4739583333333333 0.22500000000000012 0.43385416666666665 0.22500000000000012 0.43385416666666665 0.301851851851852 0.4739583333333333 0.301851851851852
10 0.425 0.5925925925925926 0.3859375 0.5925925925925926 0.3859375 0.6703703703703704 0.425 0.6703703703703704
2 0.596875 0.16666666666666677 0.5661458333333333 0.16666666666666677 0.5661458333333333 0.23055555555555565 0.596875 0.23055555555555565
0 0.6302083333333334 0.4037037037037038 0.5890625 0.4037037037037038 0.5890625 0.48333333333333356 0.6302083333333334 0.48333333333333356
10 0.38385416666666666 0.31666666666666676 0.34375 0.31666666666666676 0.34375 0.3916666666666668 0.38385416666666666 0.3916666666666668
0 0.525 0.3175925925925927 0.48541666666666666 0.3175925925925927 0.48541666666666666 0.3962962962962964 0.525 0.3962962962962964
11 0.42864583333333334 0.11018518518518527 0.3848958333333333 0.11018518518518526 0.3848958333333333 0.18611111111111123 0.42864583333333334 0.18611111111111123
3 0.47552083333333334 0.562962962962963 0.4401041666666667 0.562962962962963 0.4401041666666667 0.6222222222222222 0.47552083333333334 0.6222222222222222
3 0.51875 0.13981481481481492 0.4869791666666667 0.13981481481481492 0.4869791666666667 0.19814814814814824 0.51875 0.19814814814814824
3 0.5645833333333333 0.25555555555555565 0.5322916666666667 0.25555555555555565 0.5322916666666667 0.313888888888889 0.5645833333333333 0.313888888888889
13 0.4901041666666667 0.7120370370370371 0.43802083333333336 0.712037037037037 0.43802083333333336 0.8000000000000002 0.4901041666666667 0.8000000000000002
2 0.5432291666666667 0.490740740740741 0.5098958333333333 0.490740740740741 0.5098958333333333 0.5509259259259262 0.5432291666666667 0.5509259259259262
5 0.5786458333333333 0.3537037037037038 0.5364583333333334 0.3537037037037038 0.5364583333333334 0.4287037037037038 0.5786458333333333 0.4287037037037038