12 0.39739583333333334 0.2787037037037038 0.34010416666666665 0.2787037037037038 0.34010416666666665 0.37407407407407417 0.39739583333333334 0.37407407407407417
0 0.5286458333333334 0.1962962962962964 0.4828125 0.1962962962962964 0.4828125 0.2740740740740742 0.5286458333333334 0.2740740740740742
6 0.4395833333333333 0.25092592592592605 0.39375 0.25092592592592605 0.39375 0.32870370370370383 0.4395833333333333 0.32870370370370383
10 0.2953125 0.3416666666666668 0.24895833333333334 0.3416666666666668 0.24895833333333334 0.42037037037037045 0.2953125 0.42037037037037045
1 0.3104166666666668 0.9212962962962963 0.2687500000000001 0.9212962962962963 0.2687500000000001 0.9879629629629629 0.3104166666666668 0.9879629629629629
7 0.33229166666666665 0.7805555555555556 0.2875 0.7805555555555556 0.2875 0.8527777777777777 0.33229166666666665 0.8527777777777777
3 0.5364583333333334 0.5824074074074076 0.5 0.5824074074074076 0.5 0.6416666666666668 0.5364583333333334 0.6416666666666668
5 0.4973958333333333 0.6712962962962964 0.45364583333333336 0.6712962962962963 0.45364583333333336 0.7435185185185186 0.4973958333333333 0.7435185185185187
13 0.4739583333333333 0.7583333333333333 0.421875 0.7583333333333333 0.421875 0.8444444444444444 0.4739583333333333 0.8444444444444444
7 0.45625 0.7055555555555556 0.4119791666666667 0.7055555555555556 0.4119791666666667 0.7777777777777778 0.45625 0.7777777777777778
11 0.4078125 0.6638888888888889 0.3640625 0.6638888888888889 0.3640625 0.737037037037037 0.4078125 0.737037037037037
4 0.4578125 0.4000000000000001 0.41302083333333334 0.4000000000000001 0.41302083333333334 0.4759259259259259 0.4578125 0.4759259259259259
4 0.3541666666666667 0.3814814814814816 0.3078125 0.3814814814814816 0.3078125 0.4611111111111112 0.3541666666666667 0.4611111111111112
6 0.4036458333333333 0.3574074074074075 0.3578125 0.3574074074074075 0.3578125 0.4351851851851853 0.4036458333333333 0.4351851851851853
11 0.4505208333333333 0.6305555555555555 0.40677083333333336 0.6305555555555555 0.40677083333333336 0.7046296296296296 0.4505208333333333 0.7046296296296296