0 0.29635416666666664 0.2092592592592593 0.24791666666666667 0.2092592592592593 0.24791666666666667 0.2925925925925927 0.29635416666666664 0.2925925925925927
7 0.5838541666666667 0.8111111111111113 0.5348958333333333 0.8111111111111113 0.5348958333333333 0.8898148148148151 0.5838541666666667 0.8898148148148151
5 0.7265625 0.6796296296296298 0.6796875 0.6796296296296298 0.6796875 0.7574074074074076 0.7265625 0.7574074074074076
5 0.5364583333333334 0.8444444444444447 0.48802083333333335 0.8444444444444447 0.4880208333333334 0.9240740740740743 0.5364583333333334 0.9240740740740743
7 0.6682291666666667 0.7222222222222224 0.6203125 0.7222222222222224 0.6203125 0.801851851851852 0.6682291666666667 0.801851851851852
11 0.4385416666666668 0.925 0.3901041666666668 0.925 0.3901041666666668 0.9898148148148148 0.4385416666666668 0.9898148148148148
4 0.5432291666666667 1.128829526436287e-16 0.49375 1.0749677459182321e-16 0.49375 0.06481481481481492 0.5432291666666667 0.06481481481481492
1 0.48489583333333347 0.8907407407407408 0.4369791666666668 0.8907407407407407 0.4369791666666668 0.9703703703703703 0.48489583333333347 0.9703703703703703
1 0.76875 0.6324074074074076 0.7203125 0.6324074074074076 0.7203125 0.7120370370370372 0.76875 0.7120370370370372
4 0.34375 0.1666666666666667 0.29375 0.1666666666666667 0.29375 0.25185185185185194 0.34375 0.25185185185185194
0 0.590625 1.2325843246973823e-16 0.5416666666666666 1.1792895102900438e-16 0.5416666666666666 0.034259259259259385 0.590625 0.03425925925925939
2 0.353125 0.4564814814814816 0.3125 0.4564814814814816 0.3125 0.5222222222222223 0.353125 0.5222222222222223
13 0.5984375 0.614814814814815 0.5375 0.614814814814815 0.5375 0.7212962962962965 0.5984375 0.7212962962962965
6 0.39375 0.12037037037037045 0.34427083333333336 0.12037037037037042 0.34427083333333336 0.20462962962962972 0.39375 0.20462962962962974
9 0.6348958333333333 0.5953703703703705 0.5958333333333333 0.5953703703703705 0.5958333333333333 0.6592592592592594 0.6348958333333333 0.6592592592592594
2 0.46875 0.4425925925925927 0.42864583333333334 0.4425925925925927 0.42864583333333334 0.5083333333333333 0.46875 0.5083333333333333
12 0.490625 0.22407407407407418 0.43125 0.22407407407407418 0.43125 0.32222222222222235 0.490625 0.32222222222222235
2 0.30520833333333336 0.4962962962962963 0.2661458333333334 0.4962962962962963 0.2661458333333334 0.5611111111111111 0.30520833333333336 0.5611111111111111
10 0.25104166666666666 0.26018518518518524 0.20052083333333334 0.2601851851851852 0.20052083333333334 0.3444444444444445 0.25104166666666666 0.34444444444444455
2 0.6921875 0.14629629629629645 0.6536458333333334 0.14629629629629645 0.6536458333333334 0.21018518518518534 0.6921875 0.21018518518518534
6 0.49114583333333334 0.035185185185185285 0.44166666666666665 0.03518518518518528 0.44166666666666665 0.11759259259259269 0.49114583333333334 0.11759259259259269
11 0.8125 0.5916666666666669 0.7645833333333333 0.5916666666666669 0.7645833333333333 0.6712962962962965 0.8125 0.6712962962962965
3 0.4119791666666667 0.6907407407407408 0.3734375 0.6907407407407408 0.3734375 0.7546296296296297 0.4119791666666667 0.7546296296296297
3 0.7088541666666667 0.41944444444444456 0.6697916666666667 0.41944444444444456 0.6697916666666667 0.48333333333333356 0.7088541666666667 0.48333333333333356
8 0.4322916666666667 0.2879629629629631 0.39166666666666666 0.2879629629629631 0.39166666666666666 0.35277777777777786 0.4322916666666667 0.35277777777777786
8 0.5328125 0.19166666666666676 0.4921875 0.19166666666666676 0.4921875 0.25740740740740753 0.5328125 0.25740740740740753
3 0.3651041666666667 0.7351851851851852 0.3265625 0.7351851851851852 0.3265625 0.7962962962962963 0.3651041666666667 0.7962962962962963
3 0.5869791666666667 0.4324074074074075 0.5479166666666667 0.4324074074074075 0.5479166666666667 0.4962962962962965 0.5869791666666667 0.4962962962962965
2 0.646875 0.19351851851851867 0.60625 0.19351851851851867 0.60625 0.2583333333333334 0.646875 0.2583333333333334
3 0.7510416666666667 0.3861111111111113 0.7130208333333333 0.38611111111111124 0.7130208333333333 0.4500000000000002 0.7510416666666667 0.45000000000000023
9 0.5375 0.6712962962962965 0.4953125 0.6712962962962965 0.4953125 0.7416666666666669 0.5375 0.7416666666666669