9 0.34427083333333336 0.3574074074074075 0.30885416666666665 0.3574074074074075 0.30885416666666665 0.426851851851852 0.34427083333333336 0.426851851851852
5 0.35885416666666664 0.15277777777777782 0.31666666666666665 0.15277777777777782 0.31666666666666665 0.23611111111111116 0.35885416666666664 0.23611111111111116
7 0.4671875 9.706459815464207e-17 0.4244791666666667 9.241547604676785e-17 0.4244791666666667 0.08055555555555566 0.4671875 0.08055555555555566
1 0.7255208333333333 0.5250000000000002 0.6838541666666667 0.5250000000000002 0.6838541666666667 0.6064814814814817 0.7255208333333333 0.6064814814814817
1 0.3880208333333333 0.4583333333333334 0.3453125 0.4583333333333334 0.3453125 0.5425925925925926 0.3880208333333333 0.5425925925925926
2 0.5598958333333334 0.11111111111111123 0.5234375 0.11111111111111122 0.5234375 0.18055555555555566 0.5598958333333334 0.18055555555555566
4 0.4973958333333333 0.288888888888889 0.4510416666666667 0.288888888888889 0.4510416666666667 0.37592592592592605 0.4973958333333333 0.37592592592592605
11 0.640625 0.4185185185185186 0.5984375 0.4185185185185186 0.5984375 0.5009259259259261 0.640625 0.5009259259259261
2 0.41041666666666665 0.08425925925925934 0.3770833333333333 0.08425925925925934 0.3770833333333333 0.15092592592592602 0.41041666666666665 0.15092592592592602
3 0.44583333333333336 0.2879629629629631 0.4109375 0.2879629629629631 0.4109375 0.35462962962962974 0.44583333333333336 0.35462962962962974
3 0.47604166666666664 0.5888888888888889 0.44114583333333335 0.5888888888888889 0.44114583333333335 0.6574074074074074 0.47604166666666664 0.6574074074074074
3 0.5442708333333334 0.413888888888889 0.5078125 0.413888888888889 0.5078125 0.48333333333333356 0.5442708333333334 0.48333333333333356
8 0.64375 0.3351851851851853 0.609375 0.3351851851851853 0.609375 0.4027777777777779 0.64375 0.4027777777777779
2 0.37864583333333335 0.562037037037037 0.3421875 0.562037037037037 0.3421875 0.6314814814814815 0.37864583333333335 0.6314814814814815
3 0.48020833333333335 0.4925925925925926 0.4453125 0.4925925925925926 0.4453125 0.5601851851851852 0.48020833333333335 0.5601851851851852
3 0.5109375 0.1074074074074075 0.47760416666666666 0.1074074074074075 0.47760416666666666 0.17592592592592604 0.5109375 0.17592592592592604
12 0.7473958333333334 0.34166666666666684 0.6958333333333333 0.3416666666666668 0.6958333333333333 0.439814814814815 0.7473958333333334 0.43981481481481505
13 0.34427083333333336 0.4407407407407408 0.2911458333333333 0.4407407407407408 0.2911458333333333 0.5435185185185185 0.34427083333333336 0.5435185185185185
7 0.7473958333333334 0.25462962962962976 0.7057291666666666 0.25462962962962976 0.7057291666666666 0.3388888888888891 0.7473958333333334 0.3388888888888891
6 0.6541666666666667 0.22777777777777794 0.6114583333333333 0.22777777777777794 0.6114583333333333 0.30833333333333346 0.6541666666666667 0.30833333333333346
8 0.7359375 0.451851851851852 0.6989583333333333 0.45185185185185195 0.6989583333333333 0.5194444444444447 0.7359375 0.5194444444444447
6 0.4609375 0.7731481481481481 0.41770833333333335 0.7731481481481481 0.41770833333333335 0.8592592592592593 0.4609375 0.8592592592592593
10 0.30104166666666665 0.3490740740740742 0.25885416666666666 0.3490740740740742 0.2588541666666667 0.4324074074074075 0.30104166666666665 0.4324074074074075
0 0.6328125 0.5185185185185187 0.5901041666666667 0.5185185185185187 0.5901041666666667 0.6018518518518521 0.6328125 0.6018518518518521
5 0.44479166666666664 0.3777777777777779 0.39739583333333334 0.3777777777777779 0.39739583333333334 0.4601851851851853 0.44479166666666664 0.4601851851851853
9 0.3453125 0.26481481481481495 0.3109375 0.26481481481481495 0.3109375 0.3314814814814816 0.3453125 0.3314814814814816
10 0.6895833333333333 0.4351851851851853 0.6463541666666667 0.4351851851851853 0.6463541666666667 0.5129629629629632 0.6895833333333333 0.5129629629629632
4 0.6578125 0.12870370370370385 0.6145833333333334 0.12870370370370385 0.6145833333333334 0.21018518518518534 0.6578125 0.21018518518518534
0 0.40208333333333335 0.27314814814814825 0.3546875 0.27314814814814825 0.3546875 0.35462962962962974 0.40208333333333335 0.35462962962962974
2 0.3697916666666667 0.6620370370370371 0.33541666666666664 0.6620370370370371 0.33541666666666664 0.725 0.3697916666666667 0.725
11 0.6229166666666667 0.7009259259259262 0.5760416666666667 0.7009259259259262 0.5760416666666667 0.7861111111111113 0.6229166666666667 0.7861111111111113
2 0.534375 0.4990740740740743 0.496875 0.4990740740740743 0.496875 0.5675925925925928 0.534375 0.5675925925925928