1 0.45416666666666666 0.7194444444444444 0.4203125 0.7194444444444444 0.4203125 0.7777777777777778 0.45416666666666666 0.7777777777777778
12 0.29635416666666664 0.7064814814814815 0.25572916666666673 0.7064814814814815 0.25572916666666673 0.7796296296296297 0.29635416666666664 0.7796296296296297
13 0.35520833333333335 0.17500000000000004 0.3171875 0.17500000000000004 0.3171875 0.24351851851851863 0.35520833333333335 0.24351851851851863
5 0.18541666666666667 0.24351851851851852 0.15416666666666667 0.24351851851851852 0.15416666666666667 0.30092592592592593 0.18541666666666667 0.30092592592592593
7 0.39739583333333334 0.43981481481481494 0.3645833333333333 0.43981481481481494 0.3645833333333333 0.49907407407407406 0.39739583333333334 0.49907407407407406
3 0.24791666666666673 0.43888888888888894 0.22083333333333338 0.4388888888888889 0.22083333333333338 0.48703703703703705 0.24791666666666673 0.48703703703703705
10 0.32447916666666665 0.562037037037037 0.2916666666666667 0.562037037037037 0.2916666666666667 0.6222222222222222 0.32447916666666665 0.6222222222222222
7 0.3609375 0.11666666666666675 0.3296875 0.11666666666666675 0.3296875 0.17129629629629634 0.3609375 0.17129629629629634
3 0.09479166666666669 0.43425925925925923 0.0697916666666667 0.43425925925925923 0.0697916666666667 0.48055555555555557 0.09479166666666669 0.48055555555555557
3 0.4244791666666667 0.30925925925925934 0.3984375 0.30925925925925934 0.3984375 0.3537037037037038 0.4244791666666667 0.3537037037037038
5 0.11302083333333338 0.5981481481481481 0.0807291666666667 0.5981481481481481 0.08072916666666671 0.6574074074074074 0.11302083333333339 0.6574074074074074
0 0.3671875 0.3490740740740742 0.3338541666666667 0.3490740740740742 0.3338541666666667 0.4064814814814816 0.3671875 0.4064814814814816
8 0.2114583333333334 0.587037037037037 0.18541666666666673 0.587037037037037 0.18541666666666673 0.6342592592592593 0.2114583333333334 0.6342592592592593
3 0.4265625 0.5527777777777778 0.4 0.5527777777777778 0.4 0.6 0.4265625 0.6
4 0.1244791666666667 0.5231481481481481 0.0932291666666667 0.5231481481481481 0.0932291666666667 0.5805555555555556 0.1244791666666667 0.5805555555555556
11 0.48072916666666665 0.26296296296296306 0.44895833333333335 0.26296296296296306 0.44895833333333335 0.3175925925925927 0.48072916666666665 0.3175925925925927
9 0.33229166666666665 0.25185185185185194 0.3072916666666667 0.25185185185185194 0.3072916666666667 0.29537037037037045 0.33229166666666665 0.29537037037037045
3 0.17083333333333334 0.3194444444444444 0.14583333333333334 0.3194444444444444 0.14583333333333334 0.3648148148148148 0.17083333333333334 0.3648148148148148
2 0.14270833333333333 0.2240740740740741 0.11770833333333336 0.22407407407407406 0.11770833333333336 0.26851851851851855 0.14270833333333333 0.26851851851851855
10 0.21614583333333334 0.0981481481481482 0.18541666666666667 0.0981481481481482 0.18541666666666667 0.1518518518518519 0.21614583333333334 0.1518518518518519
4 0.23125000000000007 0.5120370370370371 0.19843750000000007 0.5120370370370371 0.19843750000000007 0.5703703703703704 0.23125000000000007 0.5703703703703704
11 0.18541666666666673 0.47962962962962963 0.15312500000000007 0.47962962962962963 0.15312500000000007 0.5398148148148149 0.18541666666666673 0.5398148148148149
2 0.5 0.4324074074074075 0.4739583333333333 0.4324074074074075 0.4739583333333333 0.47685185185185197 0.5 0.4768518518518521
0 0.27708333333333335 0.28703703703703715 0.2453125 0.28703703703703715 0.2453125 0.3435185185185186 0.27708333333333335 0.3435185185185186
8 0.19947916666666674 0.6555555555555556 0.17395833333333338 0.6555555555555556 0.17395833333333338 0.7018518518518518 0.19947916666666674 0.7018518518518518
6 0.30364583333333334 0.38611111111111124 0.2713541666666667 0.38611111111111124 0.2713541666666667 0.44444444444444453 0.30364583333333334 0.44444444444444453
1 0.1588541666666667 0.6212962962962963 0.12656250000000002 0.6212962962962963 0.12656250000000005 0.6814814814814815 0.1588541666666667 0.6814814814814815
9 0.30104166666666665 0.16018518518518524 0.2760416666666667 0.16018518518518524 0.2760416666666667 0.2046296296296297 0.30104166666666665 0.2046296296296297
2 0.3390625 0.49537037037037035 0.31302083333333336 0.49537037037037035 0.31302083333333336 0.5425925925925926 0.3390625 0.5425925925925926
6 0.2453125 0.19722222222222227 0.21458333333333332 0.19722222222222227 0.21458333333333332 0.250925925925926 0.2453125 0.25092592592592605
2 0.2140625 0.3416666666666667 0.18854166666666666 0.3416666666666667 0.18854166666666666 0.3861111111111111 0.2140625 0.3861111111111111
2 0.29010416666666666 0.4712962962962964 0.26406250000000003 0.4712962962962964 0.26406250000000003 0.5166666666666667 0.29010416666666666 0.5166666666666667