6 0.6401041666666667 0.6083333333333335 0.609375 0.6083333333333335 0.609375 0.6638888888888891 0.6401041666666667 0.6638888888888891
7 0.54375 0.7500000000000002 0.5135416666666667 0.7500000000000002 0.5135416666666667 0.8046296296296298 0.54375 0.8046296296296298
10 0.6833333333333333 0.6972222222222224 0.6520833333333333 0.6972222222222224 0.6520833333333333 0.752777777777778 0.6833333333333333 0.752777777777778
0 0.5979166666666667 0.5370370370370372 0.5666666666666667 0.5370370370370372 0.5666666666666667 0.5916666666666669 0.5979166666666667 0.5916666666666669
7 0.46510416666666665 0.4462962962962964 0.434375 0.4462962962962964 0.434375 0.5 0.46510416666666665 0.5
4 0.6989583333333333 0.2564814814814816 0.6692708333333334 0.2564814814814816 0.6692708333333334 0.3101851851851853 0.6989583333333333 0.3101851851851853
3 0.42239583333333336 0.37037037037037046 0.39791666666666664 0.37037037037037046 0.39791666666666664 0.413888888888889 0.42239583333333336 0.413888888888889
8 0.6078125 0.25092592592592605 0.5822916666666667 0.25092592592592605 0.5822916666666667 0.2925925925925927 0.6078125 0.2925925925925927
13 0.546875 0.6703703703703706 0.5088541666666667 0.6703703703703706 0.5088541666666667 0.7388888888888892 0.546875 0.7388888888888892
0 0.5046875 0.5185185185185186 0.4734375 0.5185185185185185 0.4734375 0.5740740740740742 0.5046875 0.5740740740740743
6 0.5567708333333333 0.4527777777777779 0.5265625 0.4527777777777779 0.5265625 0.5074074074074076 0.5567708333333333 0.5074074074074076
3 0.5921875 0.3916666666666668 0.5692708333333333 0.3916666666666668 0.5692708333333333 0.43425925925925934 0.5921875 0.43425925925925934
12 0.5276041666666667 0.15833333333333344 0.49166666666666664 0.15833333333333344 0.49166666666666664 0.22222222222222232 0.5276041666666667 0.22222222222222232
3 0.7385416666666667 0.3296296296296298 0.7151041666666667 0.3296296296296297 0.7151041666666667 0.3740740740740742 0.7385416666666667 0.3740740740740743
3 0.4546875 0.5981481481481481 0.42916666666666664 0.5981481481481481 0.42916666666666664 0.6416666666666667 0.4546875 0.6416666666666667
2 0.3723958333333333 0.5120370370370371 0.3484375 0.5120370370370371 0.3484375 0.5546296296296296 0.3723958333333333 0.5546296296296296
2 0.5526041666666667 0.3833333333333334 0.528125 0.3833333333333334 0.528125 0.42592592592592604 0.5526041666666667 0.42592592592592604
2 0.5052083333333334 0.38425925925925936 0.48072916666666665 0.38425925925925936 0.48072916666666665 0.42592592592592604 0.5052083333333334 0.42592592592592604
9 0.5859375 0.6851851851851853 0.5614583333333333 0.6851851851851853 0.5614583333333333 0.728703703703704 0.5859375 0.728703703703704
9 0.5442708333333334 0.6092592592592595 0.5203125 0.6092592592592595 0.5203125 0.6537037037037039 0.5442708333333334 0.6537037037037039
11 0.6505208333333333 0.31944444444444453 0.6203125 0.31944444444444453 0.6203125 0.37407407407407417 0.6505208333333333 0.37407407407407417
5 0.6885416666666667 0.5361111111111113 0.6578125 0.5361111111111113 0.6578125 0.5916666666666669 0.6885416666666667 0.5916666666666669
2 0.6401041666666667 0.4685185185185186 0.615625 0.4685185185185186 0.615625 0.5129629629629632 0.6401041666666667 0.5129629629629632
2 0.7276041666666667 0.5462962962962965 0.7026041666666667 0.5462962962962965 0.7026041666666667 0.589814814814815 0.7276041666666667 0.589814814814815
10 0.5151041666666667 0.30555555555555564 0.48385416666666664 0.30555555555555564 0.48385416666666664 0.3611111111111112 0.5151041666666667 0.3611111111111112
1 0.38958333333333334 0.22777777777777786 0.36041666666666666 0.22777777777777783 0.36041666666666666 0.28055555555555567 0.38958333333333334 0.28055555555555567
5 0.7015625 0.18611111111111128 0.6713541666666667 0.18611111111111128 0.6713541666666667 0.23888888888888898 0.7015625 0.23888888888888898
11 0.40989583333333335 0.6555555555555556 0.37916666666666665 0.6555555555555556 0.37916666666666665 0.7111111111111111 0.40989583333333335 0.7111111111111111
8 0.6067708333333334 0.18703703703703717 0.5817708333333333 0.18703703703703714 0.5817708333333333 0.23055555555555568 0.6067708333333334 0.2305555555555557
4 0.6046875 0.3101851851851853 0.575 0.3101851851851853 0.575 0.36296296296296304 0.6046875 0.36296296296296304
3 0.6848958333333334 0.4685185185185186 0.6609375 0.4685185185185186 0.6609375 0.5129629629629632 0.6848958333333334 0.5129629629629632
1 0.653125 0.18518518518518534 0.6229166666666667 0.18518518518518534 0.6229166666666667 0.23703703703703713 0.653125 0.23703703703703713