13 0.6598958333333333 0.36574074074074087 0.6151041666666667 0.36574074074074087 0.6151041666666667 0.44814814814814824 0.6598958333333333 0.44814814814814824
3 0.5802083333333333 0.5675925925925928 0.5505208333333333 0.5675925925925928 0.5505208333333333 0.6222222222222225 0.5802083333333333 0.6222222222222225
0 0.28020833333333334 0.11851851851851856 0.240625 0.11851851851851856 0.240625 0.18796296296296303 0.28020833333333334 0.18796296296296303
2 0.4114583333333333 0.08333333333333341 0.38125 0.08333333333333341 0.38125 0.13981481481481492 0.4114583333333333 0.13981481481481492
2 0.4328125 0.43981481481481494 0.4010416666666667 0.43981481481481494 0.4010416666666667 0.4962962962962963 0.4328125 0.4962962962962963
3 0.5708333333333333 0.3972222222222223 0.540625 0.3972222222222223 0.540625 0.4527777777777779 0.5708333333333333 0.4527777777777779
2 0.42604166666666665 0.2564814814814816 0.39479166666666665 0.2564814814814816 0.39479166666666665 0.31203703703703717 0.42604166666666665 0.31203703703703717
7 0.6234375 0.6342592592592595 0.5864583333333333 0.6342592592592595 0.5864583333333333 0.7037037037037039 0.6234375 0.7037037037037039
6 0.4140625 0.7175925925925926 0.375 0.7175925925925926 0.375 0.7907407407407407 0.4140625 0.7907407407407407
3 0.540625 0.06111111111111121 0.5109375 0.06111111111111121 0.5109375 0.11666666666666677 0.540625 0.11666666666666677
3 0.5546875 0.22592592592592603 0.5244791666666667 0.22592592592592603 0.5244791666666667 0.28055555555555567 0.5546875 0.28055555555555567
7 0.5953125 0.11759259259259272 0.559375 0.11759259259259272 0.559375 0.18333333333333343 0.5953125 0.18333333333333343
12 0.3515625 0.43796296296296305 0.30364583333333334 0.43796296296296305 0.30364583333333334 0.525 0.3515625 0.525
6 0.37395833333333334 0.16388888888888897 0.3359375 0.16388888888888895 0.3359375 0.23425925925925933 0.37395833333333334 0.23425925925925936
3 0.590625 0.7379629629629632 0.5614583333333333 0.7379629629629632 0.5614583333333333 0.7935185185185187 0.590625 0.7935185185185187
2 0.4583333333333333 0.7888888888888889 0.4270833333333333 0.7888888888888889 0.4270833333333333 0.8453703703703703 0.4583333333333333 0.8453703703703703
9 0.6833333333333333 0.2703703703703705 0.6546875 0.2703703703703705 0.6546875 0.3240740740740742 0.6833333333333333 0.3240740740740742
2 0.4479166666666667 0.6138888888888889 0.4171875 0.6138888888888889 0.4171875 0.6694444444444444 0.4479166666666667 0.6694444444444444
5 0.7052083333333333 0.6111111111111113 0.66875 0.6111111111111113 0.66875 0.677777777777778 0.7052083333333333 0.677777777777778
9 0.6916666666666667 0.44537037037037047 0.6645833333333333 0.44537037037037047 0.6645833333333333 0.49814814814814834 0.6916666666666667 0.49814814814814834
8 0.30364583333333334 0.5564814814814815 0.27291666666666664 0.5564814814814815 0.27291666666666664 0.6138888888888889 0.30364583333333334 0.6138888888888889
5 0.6729166666666667 0.11388888888888904 0.6375 0.11388888888888903 0.6375 0.18055555555555572 0.6729166666666667 0.18055555555555572
1 0.7151041666666667 0.6814814814814817 0.6796875 0.6814814814814817 0.6796875 0.7472222222222225 0.7151041666666667 0.7472222222222225
11 0.7015625 0.5250000000000002 0.6651041666666667 0.5250000000000002 0.6651041666666667 0.5935185185185188 0.7015625 0.5935185185185188
11 0.6828125 0.1833333333333335 0.6421875 0.1833333333333335 0.6421875 0.25740740740740753 0.6828125 0.25740740740740753
4 0.32395833333333335 0.7407407407407407 0.28125 0.7407407407407407 0.28125 0.812962962962963 0.32395833333333335 0.812962962962963
1 0.6625 0.02777777777777792 0.6265625 0.027777777777777915 0.6265625 0.0990740740740742 0.6625 0.0990740740740742
0 0.3322916666666667 0.8222222222222222 0.29010416666666666 0.8222222222222222 0.2901041666666667 0.8972222222222223 0.33229166666666676 0.8972222222222223
10 0.2921875 0.2055555555555556 0.2520833333333333 0.2055555555555556 0.2520833333333333 0.2740740740740742 0.2921875 0.2740740740740742
4 0.3026041666666667 0.29537037037037045 0.25364583333333335 0.29537037037037045 0.25364583333333335 0.37222222222222234 0.3026041666666667 0.37222222222222234
8 0.28854166666666664 0.3870370370370371 0.253125 0.3870370370370371 0.25312500000000004 0.44351851851851865 0.28854166666666664 0.44351851851851865
10 0.31666666666666665 0.6462962962962963 0.27239583333333334 0.6462962962962963 0.27239583333333334 0.7240740740740741 0.31666666666666665 0.7240740740740741