12 0.3953125 0.5324074074074074 0.3375 0.5324074074074074 0.3375 0.6333333333333333 0.3953125 0.6333333333333333
7 0.6583333333333333 0.4814814814814817 0.6135416666666667 0.4814814814814817 0.6135416666666667 0.5601851851851853 0.6583333333333333 0.5601851851851853
10 0.4166666666666667 0.42592592592592604 0.3697916666666667 0.42592592592592604 0.3697916666666667 0.5064814814814815 0.4166666666666667 0.5064814814814815
11 0.6276041666666666 0.31296296296296305 0.5833333333333334 0.31296296296296305 0.5833333333333334 0.38981481481481495 0.6276041666666666 0.38981481481481495
6 0.4041666666666667 0.3361111111111112 0.3578125 0.3361111111111112 0.3578125 0.4148148148148149 0.4041666666666667 0.4148148148148149
6 0.4479166666666667 0.5962962962962963 0.4005208333333333 0.5962962962962963 0.4005208333333333 0.6777777777777778 0.4479166666666667 0.6777777777777778
1 0.6432291666666666 0.39814814814814825 0.5984375 0.39814814814814825 0.5984375 0.47592592592592614 0.6432291666666666 0.47592592592592614
11 0.6546875 0.21388888888888904 0.6114583333333333 0.21388888888888904 0.6114583333333333 0.2898148148148149 0.6546875 0.2898148148148149
7 0.6 0.15185185185185196 0.55625 0.15185185185185196 0.55625 0.22685185185185194 0.6 0.22685185185185194
10 0.43333333333333335 0.5120370370370371 0.38645833333333335 0.5120370370370371 0.38645833333333335 0.5916666666666667 0.43333333333333335 0.5916666666666667
2 0.471875 0.49537037037037035 0.4354166666666667 0.49537037037037035 0.4354166666666667 0.5564814814814815 0.471875 0.5564814814814815
4 0.35885416666666664 0.36203703703703716 0.31354166666666666 0.36203703703703716 0.31354166666666666 0.43981481481481494 0.35885416666666664 0.43981481481481494
2 0.4859375 0.587962962962963 0.44947916666666665 0.5879629629629629 0.44947916666666665 0.6500000000000001 0.4859375 0.6500000000000002
3 0.5833333333333334 0.3490740740740742 0.5479166666666667 0.3490740740740742 0.5479166666666667 0.4092592592592594 0.5833333333333334 0.4092592592592594
5 0.6411458333333333 0.13240740740740753 0.596875 0.1324074074074075 0.596875 0.2092592592592594 0.6411458333333333 0.20925925925925942
0 0.34739583333333335 0.27314814814814825 0.30052083333333335 0.27314814814814825 0.30052083333333335 0.35462962962962974 0.34739583333333335 0.35462962962962974
3 0.6151041666666667 0.5157407407407409 0.5791666666666667 0.5157407407407409 0.5791666666666667 0.5768518518518521 0.6151041666666667 0.5768518518518521
9 0.6932291666666667 0.46574074074074084 0.6572916666666667 0.46574074074074084 0.6572916666666667 0.527777777777778 0.6932291666666667 0.527777777777778
8 0.39739583333333334 0.6370370370370371 0.36041666666666666 0.6370370370370371 0.36041666666666666 0.6990740740740741 0.39739583333333334 0.6990740740740741
3 0.6270833333333333 0.5972222222222224 0.5916666666666667 0.5972222222222224 0.5916666666666667 0.6583333333333335 0.6270833333333333 0.6583333333333335
3 0.5713541666666667 0.25555555555555565 0.5348958333333333 0.25555555555555565 0.5348958333333333 0.31851851851851865 0.5713541666666667 0.31851851851851865
4 0.4166666666666667 0.712037037037037 0.37083333333333335 0.712037037037037 0.37083333333333335 0.7916666666666666 0.4166666666666667 0.7916666666666666
2 0.5036458333333333 0.6722222222222223 0.4661458333333333 0.6722222222222223 0.4661458333333333 0.7361111111111113 0.5036458333333333 0.7361111111111113
3 0.6015625 0.426851851851852 0.565625 0.426851851851852 0.565625 0.4888888888888891 0.6015625 0.4888888888888891
1 0.6140625 0.23796296296296307 0.5703125 0.23796296296296307 0.5703125 0.313888888888889 0.6140625 0.313888888888889
8 0.37083333333333335 0.46203703703703713 0.334375 0.46203703703703713 0.334375 0.524074074074074 0.37083333333333335 0.524074074074074
2 0.45416666666666666 0.40555555555555567 0.4171875 0.40555555555555567 0.4171875 0.4685185185185186 0.45416666666666666 0.4685185185185186
2 0.4427083333333333 0.3212962962962964 0.40572916666666664 0.3212962962962964 0.40572916666666664 0.38425925925925936 0.4427083333333333 0.38425925925925936
0 0.46145833333333336 0.6824074074074075 0.41458333333333336 0.6824074074074075 0.41458333333333336 0.7620370370370371 0.46145833333333336 0.7620370370370371
13 0.6880208333333333 0.3648148148148149 0.6354166666666666 0.3648148148148149 0.6354166666666666 0.45740740740740754 0.6880208333333333 0.45740740740740754
5 0.7109375 0.5462962962962965 0.6661458333333333 0.5462962962962965 0.6661458333333333 0.6240740740740743 0.7109375 0.6240740740740743
9 0.6635416666666667 0.30092592592592604 0.6276041666666666 0.30092592592592604 0.6276041666666666 0.36296296296296304 0.6635416666666667 0.36296296296296304