5 0.35989583333333336 0.1981481481481482 0.325 0.1981481481481482 0.325 0.2620370370370371 0.35989583333333336 0.2620370370370371
12 0.42083333333333334 0.625 0.3765625 0.625 0.3765625 0.7064814814814815 0.42083333333333334 0.7064814814814815
0 0.16875000000000007 0.6203703703703703 0.1322916666666667 0.6203703703703703 0.13229166666666672 0.6861111111111111 0.16875000000000007 0.6861111111111111
2 0.478125 0.6166666666666667 0.44947916666666665 0.6166666666666667 0.44947916666666665 0.6694444444444444 0.478125 0.6694444444444444
7 0.4385416666666667 0.8148148148148148 0.4015625 0.8148148148148148 0.40156250000000004 0.8814814814814815 0.4385416666666668 0.8814814814814815
7 0.23906250000000007 0.5166666666666667 0.20260416666666672 0.5166666666666667 0.20260416666666672 0.5833333333333334 0.23906250000000007 0.5833333333333334
3 0.29739583333333336 0.2425925925925927 0.26927083333333335 0.2425925925925927 0.26927083333333335 0.2935185185185186 0.29739583333333336 0.2935185185185186
3 0.6145833333333334 0.4583333333333334 0.5880208333333333 0.4583333333333334 0.5880208333333333 0.5083333333333335 0.6145833333333334 0.5083333333333335
0 0.5333333333333333 0.8666666666666669 0.4968750000000001 0.8666666666666669 0.4968750000000001 0.9333333333333336 0.5333333333333333 0.9333333333333336
11 0.39947916666666666 0.07314814814814823 0.3645833333333333 0.07314814814814823 0.3645833333333333 0.13333333333333344 0.39947916666666666 0.13333333333333344
9 0.5223958333333333 0.16574074074074086 0.4947916666666667 0.16574074074074086 0.4947916666666667 0.21574074074074084 0.5223958333333333 0.21574074074074084
2 0.2984375 0.48333333333333334 0.26979166666666665 0.48333333333333334 0.26979166666666665 0.5361111111111111 0.2984375 0.5361111111111111
3 0.4348958333333333 0.3361111111111112 0.40729166666666666 0.3361111111111112 0.40729166666666666 0.3870370370370371 0.4348958333333333 0.3870370370370371
2 0.22552083333333334 0.35185185185185186 0.19739583333333333 0.35185185185185186 0.19739583333333333 0.4027777777777778 0.22552083333333334 0.4027777777777778
2 0.4005208333333333 0.47314814814814826 0.37135416666666665 0.47314814814814826 0.37135416666666665 0.5259259259259259 0.4005208333333333 0.5259259259259259
3 0.5239583333333333 0.400925925925926 0.4947916666666667 0.400925925925926 0.4947916666666667 0.45185185185185195 0.5239583333333333 0.45185185185185195
8 0.3541666666666667 0.687037037037037 0.3260416666666667 0.687037037037037 0.3260416666666667 0.7398148148148148 0.3541666666666667 0.7398148148148148
9 0.43802083333333336 0.1037037037037038 0.4109375 0.10370370370370378 0.4109375 0.15277777777777787 0.43802083333333336 0.15277777777777787
3 0.39010416666666664 0.3101851851851853 0.3619791666666667 0.3101851851851853 0.3619791666666667 0.3601851851851853 0.39010416666666664 0.3601851851851853
13 0.41458333333333336 0.22314814814814826 0.37135416666666665 0.22314814814814826 0.37135416666666665 0.301851851851852 0.41458333333333336 0.301851851851852
2 0.5666666666666667 0.6675925925925928 0.5380208333333333 0.6675925925925928 0.5380208333333333 0.7194444444444447 0.5666666666666667 0.7194444444444447
5 0.6130208333333333 0.22592592592592606 0.5786458333333333 0.22592592592592603 0.5786458333333333 0.2861111111111112 0.6130208333333333 0.2861111111111112
8 0.31145833333333334 0.6509259259259259 0.28125 0.6509259259259259 0.28125 0.7046296296296296 0.31145833333333334 0.7046296296296296
6 0.33541666666666664 0.325925925925926 0.2994791666666667 0.325925925925926 0.2994791666666667 0.38981481481481495 0.33541666666666664 0.38981481481481495
4 0.46510416666666665 0.6666666666666666 0.42916666666666664 0.6666666666666666 0.42916666666666664 0.7333333333333333 0.46510416666666665 0.7333333333333333
4 0.30520833333333336 0.7296296296296296 0.2682291666666667 0.7296296296296296 0.2682291666666667 0.7962962962962963 0.30520833333333336 0.7962962962962963
10 0.5588541666666667 0.25185185185185194 0.5229166666666667 0.25185185185185194 0.5229166666666667 0.313888888888889 0.5588541666666667 0.313888888888889
1 0.33541666666666664 0.10833333333333339 0.30052083333333335 0.10833333333333339 0.30052083333333335 0.16759259259259265 0.33541666666666664 0.16759259259259265
6 0.5145833333333333 0.7009259259259261 0.4786458333333333 0.700925925925926 0.4786458333333333 0.7666666666666667 0.5145833333333333 0.7666666666666668
10 0.46510416666666665 0.43055555555555564 0.42864583333333334 0.43055555555555564 0.42864583333333334 0.49537037037037035 0.46510416666666665 0.49537037037037035
1 0.5822916666666667 0.3416666666666668 0.5463541666666667 0.3416666666666668 0.5463541666666667 0.40555555555555567 0.5822916666666667 0.40555555555555567
11 0.5166666666666667 0.45555555555555566 0.48125 0.45555555555555566 0.48125 0.5194444444444446 0.5166666666666667 0.5194444444444447