11 0.6151041666666667 0.23611111111111124 0.5640625 0.23611111111111122 0.5640625 0.31666666666666676 0.6151041666666667 0.31666666666666676
9 0.4520833333333334 0.8453703703703703 0.41302083333333334 0.8453703703703703 0.4130208333333334 0.9074074074074074 0.45208333333333345 0.9074074074074074
9 0.5020833333333334 0.8166666666666668 0.45989583333333334 0.8166666666666667 0.4598958333333334 0.8805555555555556 0.5020833333333334 0.8805555555555558
1 0.48541666666666666 0.11666666666666677 0.4375 0.11666666666666677 0.4375 0.19444444444444456 0.48541666666666666 0.19444444444444456
5 0.40156250000000004 0.8555555555555555 0.3515625 0.8555555555555555 0.35156250000000006 0.9361111111111111 0.4015625000000001 0.9361111111111111
5 0.49375 0.6407407407407408 0.4427083333333333 0.6407407407407407 0.4427083333333333 0.7194444444444446 0.49375 0.7194444444444447
4 0.29375 0.3740740740740741 0.24166666666666667 0.37407407407407406 0.2416666666666667 0.45462962962962966 0.29375 0.4546296296296297
2 0.6020833333333333 0.6879629629629632 0.5583333333333333 0.6879629629629632 0.5583333333333333 0.7574074074074076 0.6020833333333333 0.7574074074074076
1 0.5515625 0.7018518518518521 0.5036458333333333 0.7018518518518521 0.5036458333333333 0.7833333333333335 0.5515625 0.7833333333333335
2 0.6567708333333333 0.6685185185185187 0.6135416666666667 0.6685185185185187 0.6135416666666667 0.7370370370370373 0.6567708333333333 0.7370370370370373
7 0.2838541666666667 0.7296296296296296 0.23385416666666672 0.7296296296296296 0.23385416666666672 0.812962962962963 0.2838541666666667 0.812962962962963
3 0.5864583333333333 0.5222222222222225 0.5421875 0.5222222222222225 0.5421875 0.5888888888888891 0.5864583333333333 0.5888888888888891
8 0.3984375 0.3296296296296297 0.3578125 0.3296296296296297 0.3578125 0.39444444444444454 0.3984375 0.39444444444444454
3 0.5333333333333333 0.5472222222222224 0.49166666666666664 0.5472222222222224 0.49166666666666664 0.6111111111111113 0.5333333333333333 0.6111111111111113
3 0.434375 0.6722222222222223 0.3921875 0.6722222222222223 0.3921875 0.737037037037037 0.434375 0.737037037037037
2 0.3380208333333334 0.8009259259259259 0.3 0.8009259259259259 0.30000000000000004 0.8638888888888889 0.33802083333333344 0.8638888888888889
8 0.43385416666666665 0.13333333333333344 0.39114583333333336 0.13333333333333344 0.39114583333333336 0.19814814814814824 0.43385416666666665 0.19814814814814824
0 0.44895833333333335 0.7490740740740741 0.3984375 0.7490740740740741 0.3984375 0.8305555555555556 0.44895833333333335 0.8305555555555556
10 0.44375 0.2175925925925927 0.39791666666666664 0.2175925925925927 0.39791666666666664 0.2935185185185186 0.44375 0.2935185185185186
3 0.31979166666666664 0.6324074074074074 0.2765625 0.6324074074074074 0.2765625 0.6953703703703704 0.31979166666666664 0.6953703703703704
3 0.471875 0.46944444444444455 0.428125 0.46944444444444455 0.428125 0.5416666666666666 0.471875 0.5416666666666666
2 0.30572916666666666 0.549074074074074 0.2645833333333334 0.549074074074074 0.2645833333333334 0.6157407407407407 0.30572916666666666 0.6157407407407407
10 0.5171875000000001 0.889814814814815 0.47291666666666676 0.8898148148148148 0.47291666666666676 0.9592592592592593 0.5171875000000001 0.9592592592592593
6 0.7 0.47407407407407426 0.6505208333333333 0.47407407407407426 0.6505208333333333 0.552777777777778 0.7 0.552777777777778
7 0.3328125 0.17777777777777784 0.28229166666666666 0.17777777777777784 0.28229166666666666 0.26111111111111124 0.3328125 0.26111111111111124
2 0.5239583333333333 0.45740740740740754 0.48125 0.45740740740740754 0.48125 0.5240740740740741 0.5239583333333333 0.5240740740740742
13 0.5651041666666666 0.7796296296296299 0.5072916666666667 0.7796296296296299 0.5072916666666667 0.8722222222222225 0.5651041666666666 0.8722222222222225
6 0.34739583333333335 0.3490740740740742 0.29583333333333334 0.3490740740740742 0.29583333333333334 0.42962962962962975 0.34739583333333335 0.42962962962962975
11 0.4515625 0.3064814814814816 0.4041666666666667 0.3064814814814816 0.4041666666666667 0.38240740740740753 0.4515625 0.38240740740740753
4 0.43020833333333336 0.5851851851851851 0.37864583333333335 0.5851851851851851 0.37864583333333335 0.6657407407407407 0.43020833333333336 0.6657407407407407
12 0.384375 0.150925925925926 0.33125 0.150925925925926 0.33125 0.23888888888888898 0.384375 0.23888888888888898
0 0.509375 0.28333333333333344 0.4635416666666667 0.28333333333333344 0.4635416666666667 0.3611111111111112 0.509375 0.3611111111111112