4 0.7526041666666666 0.29814814814814833 0.7072916666666667 0.2981481481481483 0.7072916666666667 0.37962962962962976 0.7526041666666666 0.3796296296296298
7 0.5541666666666667 0.020370370370370487 0.5072916666666667 0.020370370370370483 0.5072916666666667 0.10555555555555568 0.5541666666666667 0.1055555555555557
11 0.4890625 0.06851851851851862 0.4421875 0.06851851851851862 0.4421875 0.15370370370370381 0.4890625 0.15370370370370381
7 0.459375 0.3500000000000001 0.4109375 0.3500000000000001 0.4109375 0.43796296296296305 0.459375 0.43796296296296305
5 0.39479166666666665 0.40833333333333344 0.346875 0.40833333333333344 0.346875 0.49537037037037035 0.39479166666666665 0.49537037037037035
12 0.7119791666666667 0.45370370370370383 0.6578125 0.45370370370370383 0.6578125 0.552777777777778 0.7119791666666667 0.552777777777778
0 0.6307291666666667 0.5814814814814817 0.584375 0.5814814814814817 0.584375 0.6648148148148151 0.6307291666666667 0.6648148148148151
3 0.5421875 0.22962962962962974 0.5041666666666667 0.22962962962962974 0.5041666666666667 0.2981481481481483 0.5421875 0.2981481481481483
0 0.771875 0.22037037037037052 0.728125 0.22037037037037052 0.728125 0.3000000000000002 0.771875 0.3000000000000002
13 0.4479166666666667 0.2212962962962964 0.3890625 0.2212962962962964 0.3890625 0.32685185185185195 0.4479166666666667 0.32685185185185195
3 0.5166666666666667 0.30555555555555564 0.478125 0.30555555555555564 0.478125 0.3750000000000001 0.5166666666666667 0.3750000000000001
4 0.665625 0.6129629629629632 0.6208333333333333 0.6129629629629632 0.6208333333333333 0.6944444444444446 0.665625 0.6944444444444446
5 0.5135416666666667 1.0647623559253378e-16 0.46458333333333335 1.0114675415179991e-16 0.46458333333333335 0.07314814814814825 0.5135416666666667 0.07314814814814825
10 0.6744791666666666 0.42592592592592604 0.628125 0.42592592592592604 0.628125 0.5083333333333335 0.6744791666666666 0.5083333333333335
3 0.49322916666666666 0.3935185185185186 0.4552083333333333 0.3935185185185186 0.4552083333333333 0.4611111111111112 0.49322916666666666 0.4611111111111112
3 0.5651041666666666 0.13703703703703715 0.5260416666666666 0.13703703703703715 0.5260416666666666 0.20833333333333343 0.5651041666666666 0.20833333333333343
10 0.6973958333333333 0.3472222222222223 0.6520833333333333 0.3472222222222223 0.6520833333333333 0.43055555555555564 0.6973958333333333 0.43055555555555564
2 0.678125 0.23981481481481493 0.6421875 0.23981481481481493 0.6421875 0.30462962962962975 0.678125 0.30462962962962975
1 0.5317708333333333 0.10555555555555567 0.48333333333333334 0.10555555555555567 0.48333333333333334 0.1925925925925927 0.5317708333333333 0.1925925925925927
3 0.4713541666666667 0.475 0.43333333333333335 0.475 0.43333333333333335 0.5435185185185185 0.4713541666666667 0.5435185185185185
11 0.5088541666666667 0.18055555555555566 0.46145833333333336 0.18055555555555566 0.46145833333333336 0.2666666666666668 0.5088541666666667 0.2666666666666668
6 0.6520833333333333 0.502777777777778 0.6057291666666667 0.502777777777778 0.6057291666666667 0.5870370370370372 0.6520833333333333 0.5870370370370372
6 0.7182291666666667 0.263888888888889 0.6729166666666667 0.263888888888889 0.6729166666666667 0.3453703703703705 0.7182291666666667 0.3453703703703705
9 0.4630208333333333 0.15833333333333344 0.4244791666666667 0.15833333333333344 0.4244791666666667 0.22685185185185194 0.4630208333333333 0.22685185185185194
2 0.6098958333333333 0.4888888888888891 0.5739583333333333 0.4888888888888891 0.5739583333333333 0.552777777777778 0.6098958333333333 0.552777777777778
2 0.6328125 0.40185185185185196 0.596875 0.40185185185185196 0.596875 0.46574074074074084 0.6328125 0.46574074074074084
2 0.6583333333333333 0.31944444444444453 0.6229166666666667 0.31944444444444453 0.6229166666666667 0.3833333333333334 0.6583333333333333 0.3833333333333334
9 0.41354166666666664 0.325925925925926 0.37447916666666664 0.325925925925926 0.37447916666666664 0.3953703703703705 0.41354166666666664 0.3953703703703705
2 0.5854166666666667 0.5675925925925928 0.5494791666666666 0.5675925925925928 0.5494791666666666 0.6333333333333335 0.5854166666666667 0.6333333333333335
8 0.7234375 0.388888888888889 0.6880208333333333 0.388888888888889 0.6880208333333333 0.4527777777777779 0.7234375 0.4527777777777779
8 0.6828125 0.5462962962962965 0.6463541666666667 0.5462962962962965 0.6463541666666667 0.6111111111111113 0.6828125 0.6111111111111113
1 0.48385416666666664 0.2666666666666668 0.4354166666666667 0.2666666666666668 0.4354166666666667 0.3537037037037038 0.48385416666666664 0.3537037037037038