0 0.47239583333333335 0.6824074074074075 0.4239583333333333 0.6824074074074075 0.4239583333333333 0.762962962962963 0.47239583333333335 0.762962962962963
10 0.6 0.5796296296296298 0.5505208333333333 0.5796296296296298 0.5505208333333333 0.6620370370370372 0.6 0.6620370370370372
5 0.321875 0.38796296296296306 0.2765625 0.38796296296296306 0.2765625 0.46574074074074084 0.321875 0.46574074074074084
10 0.3125 0.7518518518518519 0.2661458333333334 0.7518518518518519 0.2661458333333334 0.8314814814814815 0.3125 0.8314814814814815
3 0.41041666666666665 0.3601851851851853 0.37447916666666664 0.3601851851851853 0.37447916666666664 0.4212962962962964 0.41041666666666665 0.4212962962962964
2 0.3458333333333333 0.7944444444444444 0.30833333333333335 0.7944444444444444 0.30833333333333335 0.8564814814814815 0.3458333333333333 0.8564814814814815
7 0.3697916666666668 0.8907407407407407 0.32239583333333344 0.8907407407407407 0.32239583333333344 0.9694444444444444 0.3697916666666668 0.9694444444444444
13 0.5354166666666667 0.8203703703703705 0.47552083333333334 0.8203703703703704 0.4755208333333334 0.9203703703703705 0.5354166666666667 0.9203703703703706
3 0.38385416666666666 0.637962962962963 0.346875 0.637962962962963 0.346875 0.7 0.38385416666666666 0.7
0 0.4260416666666667 0.8462962962962963 0.3776041666666667 0.8462962962962963 0.37760416666666674 0.9268518518518518 0.42604166666666676 0.9268518518518518
3 0.44375000000000014 0.9648148148148148 0.40520833333333345 0.9648148148148148 0.40520833333333345 1 0.44375000000000014 1
12 0.24427083333333338 0.6759259259259259 0.19062500000000007 0.6759259259259259 0.19062500000000007 0.7666666666666667 0.24427083333333338 0.7666666666666667
1 0.30416666666666664 0.46203703703703713 0.2583333333333334 0.46203703703703713 0.2583333333333334 0.5388888888888889 0.30416666666666664 0.5388888888888889
6 0.40989583333333335 0.7287037037037037 0.3625 0.7287037037037037 0.3625 0.8083333333333333 0.40989583333333335 0.8083333333333333
2 0.44427083333333334 0.5805555555555556 0.40729166666666666 0.5805555555555556 0.40729166666666666 0.6435185185185185 0.44427083333333334 0.6435185185185185
9 0.5479166666666667 0.7518518518518521 0.5083333333333333 0.7518518518518521 0.5083333333333333 0.8185185185185188 0.5479166666666667 0.8185185185185188
2 0.36354166666666665 0.7101851851851851 0.32708333333333334 0.7101851851851851 0.32708333333333334 0.7722222222222223 0.36354166666666665 0.7722222222222223
9 0.48906250000000007 0.8037037037037038 0.44947916666666665 0.8037037037037037 0.4494791666666667 0.8694444444444446 0.4890625000000001 0.8694444444444447
5 0.5088541666666667 0.5222222222222224 0.4609375 0.5222222222222223 0.4609375 0.6037037037037039 0.5088541666666667 0.603703703703704
8 0.31302083333333336 0.5657407407407408 0.2760416666666667 0.5657407407407408 0.2760416666666667 0.6277777777777778 0.31302083333333336 0.6277777777777778
3 0.46197916666666666 0.5046296296296297 0.4239583333333333 0.5046296296296297 0.4239583333333333 0.5685185185185185 0.46197916666666666 0.5685185185185185
6 0.5328125 0.6287037037037039 0.484375 0.6287037037037039 0.484375 0.7101851851851854 0.5328125 0.7101851851851854
11 0.37447916666666664 0.512962962962963 0.32708333333333334 0.512962962962963 0.32708333333333334 0.5916666666666667 0.37447916666666664 0.5916666666666667
7 0.571875 0.8574074074074076 0.5234375 0.8574074074074076 0.5234375000000001 0.9388888888888891 0.571875 0.9388888888888891
4 0.35 0.5935185185185186 0.30416666666666664 0.5935185185185186 0.30416666666666664 0.6703703703703704 0.35 0.6703703703703704
8 0.278125 0.5509259259259259 0.24322916666666672 0.5509259259259259 0.24322916666666672 0.6101851851851852 0.278125 0.6101851851851852
2 0.5223958333333333 0.45185185185185195 0.48489583333333336 0.45185185185185195 0.48489583333333336 0.5138888888888891 0.5223958333333333 0.5138888888888891
4 0.35833333333333334 0.4074074074074075 0.3125 0.4074074074074075 0.3125 0.4861111111111111 0.35833333333333334 0.4861111111111111