2 0.5401041666666667 0.34444444444444455 0.5140625 0.34444444444444455 0.5140625 0.39074074074074083 0.5401041666666667 0.39074074074074083
5 0.334375 0.6564814814814814 0.30052083333333335 0.6564814814814814 0.30052083333333335 0.7185185185185186 0.334375 0.7185185185185186
12 0.6416666666666667 0.4129629629629631 0.6015625 0.4129629629629631 0.6015625 0.48703703703703727 0.6416666666666667 0.48703703703703727
7 0.3578125 0.21481481481481488 0.325 0.21481481481481488 0.325 0.2703703703703705 0.3578125 0.2703703703703705
13 0.3260416666666667 0.46574074074074084 0.2859375 0.46574074074074084 0.2859375 0.5398148148148149 0.3260416666666667 0.5398148148148149
3 0.4125 0.5555555555555556 0.3859375 0.5555555555555556 0.3859375 0.6018518518518519 0.4125 0.6018518518518519
4 0.6229166666666667 0.24444444444444455 0.5901041666666667 0.24444444444444455 0.5901041666666667 0.301851851851852 0.6229166666666667 0.301851851851852
1 0.3619791666666667 0.3000000000000001 0.3296875 0.3000000000000001 0.3296875 0.35833333333333345 0.3619791666666667 0.35833333333333345
4 0.6515625 0.5870370370370372 0.61875 0.5870370370370372 0.61875 0.6472222222222225 0.6515625 0.6472222222222225
7 0.371875 0.5537037037037037 0.3385416666666667 0.5537037037037037 0.3385416666666667 0.6148148148148148 0.371875 0.6148148148148148
3 0.4192708333333333 0.6407407407407407 0.3927083333333333 0.6407407407407407 0.3927083333333333 0.6888888888888889 0.4192708333333333 0.6888888888888889
11 0.31614583333333335 0.3064814814814816 0.2838541666666667 0.3064814814814816 0.2838541666666667 0.36574074074074087 0.31614583333333335 0.36574074074074087
0 0.6151041666666667 0.16481481481481494 0.5833333333333334 0.16481481481481491 0.5833333333333334 0.22222222222222235 0.6151041666666667 0.22222222222222238
8 0.6411458333333333 0.5092592592592595 0.6151041666666667 0.5092592592592595 0.6151041666666667 0.5574074074074076 0.6411458333333333 0.5574074074074076
9 0.3182291666666667 0.3935185185185186 0.2921875 0.3935185185185186 0.2921875 0.44166666666666676 0.3182291666666667 0.44166666666666676
11 0.3645833333333333 0.37685185185185194 0.33229166666666665 0.37685185185185194 0.33229166666666665 0.4361111111111112 0.3645833333333333 0.4361111111111112
2 0.5432291666666667 0.4351851851851853 0.5171875 0.4351851851851853 0.5171875 0.4824074074074076 0.5432291666666667 0.4824074074074076
6 0.5979166666666667 0.5064814814814816 0.5651041666666666 0.5064814814814816 0.5651041666666666 0.5675925925925928 0.5979166666666667 0.5675925925925928
9 0.32395833333333335 0.5685185185185185 0.29739583333333336 0.5685185185185185 0.29739583333333336 0.6166666666666667 0.32395833333333335 0.6166666666666667
0 0.6052083333333333 0.5925925925925928 0.571875 0.5925925925925928 0.571875 0.6537037037037039 0.6052083333333333 0.6537037037037039
10 0.5927083333333333 0.42222222222222233 0.5588541666666667 0.42222222222222233 0.5588541666666667 0.4824074074074076 0.5927083333333333 0.4824074074074076
3 0.40625 0.463888888888889 0.3796875 0.463888888888889 0.3796875 0.5120370370370371 0.40625 0.5120370370370371
1 0.36875 0.4666666666666668 0.33489583333333334 0.4666666666666668 0.33489583333333334 0.5268518518518519 0.36875 0.5268518518518519
2 0.5515625 0.526851851851852 0.5244791666666667 0.526851851851852 0.5244791666666667 0.5759259259259262 0.5515625 0.5759259259259262
10 0.5885416666666666 0.33703703703703713 0.5557291666666667 0.33703703703703713 0.5557291666666667 0.3962962962962964 0.5885416666666666 0.3962962962962964
5 0.31354166666666666 0.22407407407407412 0.28229166666666666 0.22407407407407412 0.28229166666666666 0.2824074074074075 0.31354166666666666 0.2824074074074075
3 0.3984375 0.2898148148148149 0.3723958333333333 0.2898148148148149 0.3723958333333333 0.3361111111111112 0.3984375 0.3361111111111112
3 0.40625 0.37962962962962976 0.3802083333333333 0.37962962962962976 0.3802083333333333 0.426851851851852 0.40625 0.426851851851852
2 0.5317708333333333 0.263888888888889 0.50625 0.263888888888889 0.50625 0.3111111111111112 0.5317708333333333 0.3111111111111112
6 0.5791666666666667 0.25092592592592605 0.546875 0.25092592592592605 0.546875 0.30925925925925934 0.5791666666666667 0.30925925925925934
8 0.6244791666666667 0.34074074074074084 0.5994791666666667 0.34074074074074084 0.5994791666666667 0.3870370370370371 0.6244791666666667 0.3870370370370371
2 0.5541666666666667 0.6166666666666669 0.5276041666666667 0.6166666666666669 0.5276041666666667 0.6648148148148151 0.5541666666666667 0.6648148148148151