5 0.3255208333333333 0.17222222222222228 0.28177083333333336 0.17222222222222228 0.28177083333333336 0.25092592592592605 0.3255208333333333 0.25092592592592605
7 0.31354166666666666 0.2750000000000001 0.2708333333333333 0.2750000000000001 0.2708333333333333 0.3574074074074075 0.31354166666666666 0.3574074074074075
5 0.26875 0.5407407407407407 0.22812500000000005 0.5407407407407407 0.22812500000000005 0.6111111111111112 0.26875 0.6111111111111112
4 0.74375 0.3157407407407409 0.6984375 0.3157407407407408 0.6984375 0.3981481481481483 0.74375 0.39814814814814836
0 0.6708333333333333 0.7888888888888891 0.625 0.7888888888888891 0.625 0.8703703703703706 0.6708333333333333 0.8703703703703706
11 0.24375000000000005 0.7240740740740741 0.19843750000000007 0.7240740740740741 0.19843750000000007 0.8027777777777778 0.24375000000000005 0.8027777777777778
4 0.6828125 0.6981481481481484 0.6375 0.6981481481481484 0.6375 0.7824074074074077 0.6828125 0.7824074074074077
7 0.2796875 0.4472222222222223 0.23854166666666674 0.44722222222222224 0.23854166666666674 0.5231481481481481 0.2796875 0.5231481481481481
12 0.6208333333333333 0.463888888888889 0.5692708333333333 0.463888888888889 0.5692708333333333 0.5574074074074076 0.6208333333333333 0.5574074074074076
11 0.3572916666666667 0.007407407407407481 0.31666666666666665 0.007407407407407476 0.31666666666666665 0.08240740740740748 0.3572916666666667 0.08240740740740748
2 0.5052083333333334 0.5472222222222223 0.4703125 0.5472222222222223 0.4703125 0.6157407407407408 0.5052083333333334 0.6157407407407409
13 0.3848958333333333 0.3814814814814816 0.3296875 0.3814814814814816 0.3296875 0.47962962962962963 0.3848958333333333 0.47962962962962963
0 0.75625 0.2296296296296298 0.7109375 0.2296296296296298 0.7109375 0.3129629629629631 0.75625 0.31296296296296316
10 0.7682291666666666 0.13518518518518535 0.7239583333333334 0.13518518518518535 0.7239583333333334 0.2166666666666668 0.7682291666666666 0.2166666666666668
2 0.6072916666666667 0.18888888888888902 0.571875 0.188888888888889 0.571875 0.2537037037037038 0.6072916666666667 0.2537037037037038
2 0.51875 0.750925925925926 0.48333333333333334 0.7509259259259259 0.48333333333333334 0.8185185185185186 0.51875 0.8185185185185188
2 0.6255208333333333 0.09444444444444458 0.590625 0.09444444444444458 0.590625 0.16111111111111123 0.6255208333333333 0.16111111111111126
3 0.3776041666666667 0.7055555555555556 0.34375 0.7055555555555556 0.34375 0.7731481481481481 0.3776041666666667 0.7731481481481481
3 0.4708333333333333 0.1324074074074075 0.43645833333333334 0.1324074074074075 0.43645833333333334 0.19907407407407418 0.4708333333333333 0.19907407407407418
2 0.5062500000000001 0.8407407407407409 0.4713541666666667 0.8407407407407408 0.47135416666666674 0.9064814814814816 0.5062500000000001 0.9064814814814817
10 0.6505208333333333 0.8814814814814816 0.6046875 0.8814814814814816 0.6046875 0.9638888888888889 0.6505208333333333 0.9638888888888889
3 0.36197916666666674 0.7981481481481482 0.328125 0.7981481481481482 0.32812500000000006 0.8648148148148148 0.3619791666666668 0.8648148148148148
1 0.25468750000000007 0.6324074074074074 0.21197916666666672 0.6324074074074074 0.21197916666666672 0.7129629629629629 0.25468750000000007 0.7129629629629629
3 0.4890625 0.3416666666666668 0.453125 0.3416666666666668 0.453125 0.4092592592592594 0.4890625 0.4092592592592594
3 0.484375 0.05185185185185195 0.45 0.05185185185185194 0.45 0.11574074074074085 0.484375 0.11574074074074085
8 0.6 0.5768518518518521 0.5635416666666667 0.5768518518518521 0.5635416666666667 0.6435185185185187 0.6 0.6435185185185187
8 0.6307291666666667 0.3787037037037038 0.5942708333333333 0.3787037037037038 0.5942708333333333 0.44814814814814824 0.6307291666666667 0.44814814814814824
9 0.36614583333333334 0.487962962962963 0.3260416666666667 0.487962962962963 0.3260416666666667 0.5574074074074075 0.36614583333333334 0.5574074074074075
6 0.7 0.6009259259259261 0.6536458333333334 0.6009259259259261 0.6536458333333334 0.6861111111111113 0.7 0.6861111111111113
1 0.34427083333333336 0.08518518518518525 0.30104166666666665 0.08518518518518524 0.30104166666666665 0.1666666666666667 0.34427083333333336 0.1666666666666667
6 0.7302083333333333 0.4120370370370372 0.68125 0.41203703703703715 0.68125 0.49722222222222245 0.7302083333333333 0.49722222222222245
9 0.39114583333333336 0.30092592592592604 0.35260416666666666 0.30092592592592604 0.35260416666666666 0.36666666666666675 0.39114583333333336 0.36666666666666675