9 0.5604166666666667 0.6564814814814817 0.528125 0.6564814814814817 0.528125 0.7055555555555557 0.5604166666666667 0.7055555555555557
4 0.6989583333333333 0.18425925925925943 0.6604166666666667 0.18425925925925943 0.6604166666666667 0.24814814814814826 0.6989583333333333 0.24814814814814826
12 0.48854166666666665 0.5935185185185187 0.4401041666666667 0.5935185185185186 0.4401041666666667 0.6675925925925927 0.48854166666666665 0.6675925925925928
8 0.5395833333333333 0.5907407407407409 0.5072916666666667 0.5907407407407409 0.5072916666666667 0.6407407407407409 0.5395833333333333 0.6407407407407409
9 0.6526041666666667 0.6861111111111113 0.6208333333333333 0.6861111111111113 0.6208333333333333 0.7361111111111113 0.6526041666666667 0.7361111111111113
7 0.5359375 0.8203703703703705 0.4973958333333333 0.8203703703703705 0.49739583333333337 0.8814814814814816 0.5359375 0.8814814814814816
8 0.5666666666666667 0.14537037037037048 0.5348958333333333 0.14537037037037048 0.5348958333333333 0.19444444444444456 0.5666666666666667 0.19444444444444456
6 0.6260416666666667 0.3435185185185186 0.5875 0.3435185185185186 0.5875 0.40462962962962973 0.6260416666666667 0.40462962962962973
2 0.6307291666666667 0.21481481481481496 0.5984375 0.21481481481481493 0.5984375 0.26574074074074083 0.6307291666666667 0.26574074074074083
7 0.4015625 0.27314814814814825 0.36302083333333335 0.27314814814814825 0.36302083333333335 0.3333333333333334 0.4015625 0.3333333333333334
11 0.7479166666666667 0.5564814814814817 0.7083333333333334 0.5564814814814817 0.7083333333333334 0.6166666666666669 0.7479166666666667 0.6166666666666669
2 0.6125 0.44351851851851865 0.5802083333333333 0.44351851851851865 0.5802083333333333 0.49166666666666686 0.6125 0.49166666666666686
6 0.6135416666666667 0.7694444444444447 0.575 0.7694444444444447 0.575 0.827777777777778 0.6135416666666667 0.827777777777778
4 0.40572916666666664 0.5768518518518518 0.36354166666666665 0.5768518518518518 0.36354166666666665 0.637962962962963 0.40572916666666664 0.637962962962963
3 0.4578125 0.18240740740740752 0.42604166666666665 0.18240740740740752 0.42604166666666665 0.2314814814814816 0.4578125 0.2314814814814816
2 0.4041666666666667 0.7805555555555556 0.3734375 0.7805555555555556 0.3734375 0.8287037037037037 0.4041666666666667 0.8287037037037037
0 0.4479166666666667 0.4712962962962964 0.409375 0.4712962962962964 0.409375 0.5324074074074074 0.4479166666666667 0.5324074074074074
5 0.38177083333333334 0.1472222222222223 0.34479166666666666 0.14722222222222228 0.34479166666666666 0.20648148148148157 0.38177083333333334 0.2064814814814816
1 0.5557291666666667 0.29074074074074086 0.5177083333333333 0.29074074074074086 0.5177083333333333 0.35277777777777786 0.5557291666666667 0.35277777777777786
3 0.3963541666666667 0.4111111111111112 0.365625 0.4111111111111112 0.365625 0.46203703703703713 0.3963541666666667 0.46203703703703713
2 0.5317708333333333 0.4185185185185186 0.5005208333333333 0.4185185185185186 0.5005208333333333 0.46759259259259267 0.5317708333333333 0.46759259259259267
0 0.4822916666666667 0.27314814814814825 0.4421875 0.27314814814814825 0.4421875 0.33425925925925937 0.4822916666666667 0.33425925925925937
3 0.33697916666666666 0.5055555555555555 0.3072916666666667 0.5055555555555555 0.3072916666666667 0.5583333333333333 0.33697916666666666 0.5583333333333333
11 0.34427083333333336 0.6712962962962963 0.3072916666666667 0.6712962962962963 0.3072916666666667 0.7388888888888889 0.34427083333333336 0.7388888888888889
2 0.3453125 0.36666666666666675 0.31302083333333336 0.36666666666666675 0.31302083333333336 0.41203703703703715 0.3453125 0.41203703703703715
3 0.5802083333333333 0.526851851851852 0.5526041666666667 0.526851851851852 0.5526041666666667 0.5750000000000002 0.5802083333333333 0.5750000000000002
10 0.46510416666666665 0.7175925925925926 0.4276041666666667 0.7175925925925926 0.4276041666666667 0.7805555555555556 0.46510416666666665 0.7805555555555556
13 0.6760416666666667 0.4805555555555558 0.634375 0.4805555555555558 0.634375 0.5546296296296298 0.6760416666666667 0.5546296296296298
3 0.7098958333333333 0.7787037037037039 0.6817708333333333 0.7787037037037039 0.6817708333333333 0.827777777777778 0.7098958333333333 0.827777777777778
1 0.7119791666666667 0.3490740740740742 0.6723958333333333 0.3490740740740742 0.6723958333333333 0.413888888888889 0.7119791666666667 0.413888888888889
5 0.4578125 0.37407407407407417 0.421875 0.37407407407407417 0.421875 0.438888888888889 0.4578125 0.438888888888889
10 0.6145833333333334 0.6083333333333335 0.5776041666666667 0.6083333333333335 0.5776041666666667 0.6666666666666669 0.6145833333333334 0.6666666666666669