4 0.7322916666666667 0.5157407407407409 0.6901041666666666 0.5157407407407409 0.6901041666666666 0.5953703703703705 0.7322916666666667 0.5953703703703705
7 0.4395833333333333 0.4925925925925926 0.3958333333333333 0.4925925925925926 0.3958333333333333 0.575925925925926 0.4395833333333333 0.575925925925926
2 0.328125 0.6537037037037037 0.29322916666666665 0.6537037037037037 0.29322916666666665 0.7194444444444444 0.328125 0.7194444444444444
3 0.6875 0.40555555555555567 0.6536458333333334 0.40555555555555567 0.6536458333333334 0.4703703703703705 0.6875 0.4703703703703705
7 0.3333333333333333 0.5509259259259259 0.29010416666666666 0.5509259259259259 0.29010416666666666 0.6314814814814815 0.3333333333333333 0.6314814814814815
13 0.3515625 0.3453703703703705 0.29791666666666666 0.3453703703703705 0.29791666666666666 0.4462962962962964 0.3515625 0.4462962962962964
9 0.33229166666666665 0.4527777777777779 0.29739583333333336 0.4527777777777779 0.29739583333333336 0.5194444444444445 0.33229166666666665 0.5194444444444445
2 0.2994791666666667 0.2453703703703705 0.26510416666666664 0.2453703703703705 0.26510416666666664 0.3101851851851853 0.2994791666666667 0.3101851851851853
3 0.7125 0.8009259259259262 0.6786458333333333 0.8009259259259262 0.6786458333333333 0.8611111111111113 0.7125 0.8611111111111113
5 0.28802083333333334 0.5175925925925926 0.24375000000000005 0.5175925925925926 0.24375000000000005 0.6 0.28802083333333334 0.6
0 0.6807291666666667 0.5879629629629631 0.6369791666666667 0.5879629629629631 0.6369791666666667 0.6694444444444446 0.6807291666666667 0.6694444444444446
2 0.3463541666666667 0.26574074074074083 0.309375 0.26574074074074083 0.309375 0.3314814814814816 0.3463541666666667 0.3314814814814816
6 0.7244791666666667 0.689814814814815 0.6786458333333333 0.689814814814815 0.6786458333333333 0.7694444444444447 0.7244791666666667 0.7694444444444447
3 0.6640625 0.7861111111111113 0.6302083333333334 0.7861111111111113 0.6302083333333334 0.8490740740740743 0.6640625 0.8490740740740743
8 0.6380208333333334 0.4805555555555558 0.6026041666666667 0.4805555555555558 0.6026041666666667 0.5453703703703706 0.6380208333333334 0.5453703703703706
4 0.6333333333333333 0.5620370370370372 0.590625 0.5620370370370372 0.590625 0.6425925925925928 0.6333333333333333 0.6425925925925928
11 0.29375 0.4324074074074075 0.24947916666666672 0.4324074074074075 0.24947916666666672 0.5157407407407407 0.29375 0.5157407407407407
1 0.3921875 0.37685185185185194 0.34739583333333335 0.37685185185185194 0.34739583333333335 0.4601851851851853 0.3921875 0.4601851851851853
10 0.7291666666666666 0.6009259259259261 0.6875 0.6009259259259261 0.6875 0.676851851851852 0.7291666666666666 0.676851851851852
0 0.6291666666666667 0.6601851851851854 0.5854166666666667 0.6601851851851854 0.5854166666666667 0.7388888888888892 0.6291666666666667 0.7388888888888892
12 0.6833333333333333 0.6740740740740743 0.6234375 0.6740740740740743 0.6234375 0.7712962962962965 0.6833333333333333 0.7712962962962965
10 0.6885416666666667 0.4962962962962965 0.64375 0.4962962962962965 0.64375 0.5731481481481484 0.6885416666666667 0.5731481481481484
3 0.734375 0.42500000000000016 0.7015625 0.4250000000000001 0.7015625 0.4861111111111113 0.734375 0.4861111111111113
6 0.5895833333333333 0.5490740740740743 0.54375 0.5490740740740743 0.54375 0.6268518518518521 0.5895833333333333 0.6268518518518521
3 0.7338541666666667 0.33611111111111125 0.6979166666666666 0.3361111111111112 0.6979166666666666 0.40277777777777796 0.7338541666666667 0.402777777777778
11 0.38958333333333334 0.4740740740740741 0.34427083333333336 0.4740740740740741 0.34427083333333336 0.5527777777777778 0.38958333333333334 0.5527777777777778
1 0.3 0.3416666666666668 0.25364583333333335 0.3416666666666668 0.25364583333333335 0.4185185185185186 0.3 0.4185185185185186
2 0.3067708333333333 0.15648148148148153 0.26979166666666665 0.15648148148148153 0.26979166666666665 0.2203703703703704 0.3067708333333333 0.2203703703703704
2 0.2786458333333333 0.6351851851851852 0.24218750000000006 0.6351851851851852 0.24218750000000006 0.7 0.2786458333333333 0.7
5 0.3807291666666667 0.562962962962963 0.3338541666666667 0.562962962962963 0.3338541666666667 0.6462962962962963 0.3807291666666667 0.6462962962962963