2 0.7302083333333333 0.8092592592592595 0.6916666666666667 0.8092592592592595 0.6916666666666667 0.8722222222222225 0.7302083333333333 0.8722222222222225
4 0.5046875 0.10925925925925936 0.45364583333333336 0.10925925925925936 0.45364583333333336 0.19537037037037047 0.5046875 0.19537037037037047
7 0.5390625 0.6416666666666668 0.48854166666666665 0.6416666666666668 0.48854166666666665 0.7268518518518521 0.5390625 0.7268518518518521
3 0.359375 0.28703703703703715 0.31666666666666665 0.28703703703703715 0.31666666666666665 0.3574074074074075 0.359375 0.3574074074074075
2 0.6817708333333333 0.8333333333333336 0.6427083333333333 0.8333333333333336 0.6427083333333333 0.8990740740740742 0.6817708333333333 0.8990740740740742
9 0.5682291666666667 0.815740740740741 0.5291666666666667 0.815740740740741 0.5291666666666667 0.8796296296296299 0.5682291666666667 0.8796296296296299
2 0.4588541666666668 0.8648148148148148 0.41822916666666676 0.8648148148148148 0.41822916666666676 0.9296296296296296 0.4588541666666668 0.9296296296296296
3 0.5729166666666666 0.1740740740740742 0.5307291666666667 0.1740740740740742 0.5307291666666667 0.24166666666666678 0.5729166666666666 0.24166666666666678
2 0.6677083333333333 0.7583333333333335 0.6286458333333333 0.7583333333333335 0.6286458333333333 0.8250000000000002 0.6677083333333333 0.8250000000000002
3 0.60625 0.07592592592592606 0.5661458333333333 0.07592592592592606 0.5661458333333333 0.1416666666666668 0.60625 0.14166666666666683
7 0.5156250000000001 0.8333333333333335 0.465625 0.8333333333333334 0.46562500000000007 0.9175925925925927 0.5156250000000001 0.9175925925925928
11 0.58125 0.877777777777778 0.5312500000000001 0.877777777777778 0.5312500000000001 0.9601851851851851 0.58125 0.9601851851851851
8 0.5317708333333333 0.27685185185185196 0.49114583333333334 0.27685185185185196 0.49114583333333334 0.3472222222222223 0.5317708333333333 0.3472222222222223
6 0.4078125 0.16296296296296303 0.3572916666666667 0.162962962962963 0.3572916666666667 0.24814814814814826 0.4078125 0.24814814814814826
6 0.5 0.3833333333333334 0.4484375 0.3833333333333334 0.4484375 0.46944444444444455 0.5 0.46944444444444455
2 0.4713541666666668 0.9481481481481482 0.43177083333333344 0.9481481481481482 0.43177083333333344 1 0.4713541666666668 1
1 0.6041666666666666 0.6962962962962965 0.5536458333333333 0.6962962962962965 0.5536458333333333 0.7814814814814817 0.6041666666666666 0.7814814814814817
13 0.6255208333333333 0.7648148148148151 0.5640625 0.7648148148148151 0.5640625 0.8666666666666669 0.6255208333333333 0.8666666666666669
5 0.5354166666666667 0.9074074074074077 0.48489583333333347 0.9074074074074077 0.48489583333333347 0.9916666666666667 0.5354166666666667 0.9916666666666667
1 0.6348958333333333 0.8490740740740743 0.5807291666666666 0.8490740740740743 0.5807291666666666 0.939814814814815 0.6348958333333333 0.939814814814815
5 0.5088541666666667 0.750925925925926 0.45364583333333336 0.7509259259259259 0.45364583333333336 0.8472222222222223 0.5088541666666667 0.8472222222222224
0 0.4359375 0.325925925925926 0.3848958333333333 0.325925925925926 0.3848958333333333 0.4166666666666668 0.4359375 0.4166666666666668
4 0.4869791666666667 0.2981481481481483 0.43645833333333334 0.2981481481481483 0.43645833333333334 0.3916666666666668 0.4869791666666667 0.3916666666666668
11 0.5557291666666667 0.7250000000000002 0.5041666666666667 0.7250000000000002 0.5041666666666667 0.8101851851851853 0.5557291666666667 0.8101851851851853
12 0.42239583333333336 0.24166666666666678 0.3625 0.24166666666666678 0.3625 0.3462962962962964 0.42239583333333336 0.3462962962962964
10 0.45729166666666665 0.12777777777777788 0.40677083333333336 0.12777777777777788 0.40677083333333336 0.21944444444444455 0.45729166666666665 0.21944444444444455
3 0.3416666666666667 0.2018518518518519 0.30416666666666664 0.2018518518518519 0.30416666666666664 0.2666666666666668 0.3416666666666667 0.2666666666666668
10 0.5229166666666667 0.19074074074074085 0.4703125 0.19074074074074085 0.4703125 0.275925925925926 0.5229166666666667 0.275925925925926
3 0.5578125 0.08981481481481493 0.5166666666666667 0.08981481481481492 0.5166666666666667 0.1601851851851853 0.5578125 0.1601851851851853
0 0.46979166666666666 0.22314814814814826 0.4192708333333333 0.22314814814814826 0.4192708333333333 0.30925925925925934 0.46979166666666666 0.30925925925925934