10 0.4953125 1.025074728175192e-16 0.44635416666666666 9.717799137678534e-17 0.44635416666666666 0.06851851851851862 0.4953125 0.06851851851851862
12 0.53125 0.6342592592592594 0.47239583333333335 0.6342592592592593 0.47239583333333335 0.7333333333333334 0.53125 0.7333333333333335
13 0.3828125 0.13518518518518527 0.32447916666666665 0.13518518518518524 0.32447916666666665 0.23425925925925933 0.3828125 0.23425925925925936
3 0.36822916666666666 0.5537037037037037 0.3307291666666667 0.5537037037037037 0.3307291666666667 0.6157407407407407 0.36822916666666666 0.6157407407407407
3 0.5125 0.36851851851851863 0.4739583333333333 0.36851851851851863 0.4739583333333333 0.43425925925925934 0.5125 0.43425925925925934
2 0.47760416666666666 0.42037037037037045 0.4390625 0.42037037037037045 0.4390625 0.4842592592592593 0.47760416666666666 0.4842592592592593
9 0.41041666666666665 0.100925925925926 0.371875 0.100925925925926 0.371875 0.16666666666666677 0.41041666666666665 0.16666666666666677
2 0.5276041666666667 0.2527777777777779 0.48802083333333335 0.2527777777777779 0.48802083333333335 0.31944444444444453 0.5276041666666667 0.31944444444444453
3 0.32447916666666665 0.3111111111111112 0.2869791666666667 0.3111111111111112 0.2869791666666667 0.37314814814814823 0.32447916666666665 0.37314814814814823
10 0.46927083333333336 0.5185185185185185 0.42135416666666664 0.5185185185185185 0.42135416666666664 0.6 0.46927083333333336 0.6
2 0.43697916666666664 0.46203703703703713 0.39791666666666664 0.46203703703703713 0.39791666666666664 0.5277777777777778 0.43697916666666664 0.5277777777777778
5 0.6869791666666667 0.45925925925925937 0.6364583333333333 0.45925925925925937 0.6364583333333333 0.5444444444444446 0.6869791666666667 0.5444444444444446
1 0.38645833333333335 0.7055555555555556 0.340625 0.7055555555555556 0.340625 0.7842592592592592 0.38645833333333335 0.7842592592592592
0 0.39166666666666666 0.32222222222222235 0.34322916666666664 0.32222222222222235 0.34322916666666664 0.4037037037037038 0.39166666666666666 0.4037037037037038
3 0.6703125 0.2879629629629631 0.6302083333333334 0.2879629629629631 0.6302083333333334 0.3555555555555557 0.6703125 0.3555555555555557
7 0.35520833333333335 0.09166666666666674 0.3125 0.09166666666666674 0.3125 0.16111111111111118 0.35520833333333335 0.16111111111111118
7 0.38177083333333334 0.42962962962962975 0.3338541666666667 0.42962962962962975 0.3338541666666667 0.5101851851851852 0.38177083333333334 0.5101851851851852
3 0.56875 0.2064814814814816 0.5276041666666667 0.2064814814814816 0.5276041666666667 0.2750000000000001 0.56875 0.2750000000000001
0 0.46875 0.2185185185185186 0.4192708333333333 0.2185185185185186 0.4192708333333333 0.301851851851852 0.46875 0.301851851851852
8 0.5927083333333333 0.5555555555555558 0.5536458333333333 0.5555555555555558 0.5536458333333333 0.6212962962962965 0.5927083333333333 0.6212962962962965
9 0.3984375 0.2120370370370371 0.35989583333333336 0.21203703703703708 0.35989583333333336 0.2777777777777779 0.3984375 0.2777777777777779
5 0.5505208333333333 0.12685185185185197 0.49947916666666664 0.12685185185185197 0.49947916666666664 0.21296296296296308 0.5505208333333333 0.21296296296296308
2 0.58125 0.088888888888889 0.540625 0.08888888888888899 0.540625 0.15740740740740752 0.58125 0.15740740740740752
11 0.5921875 0.37592592592592605 0.5416666666666666 0.37592592592592605 0.5416666666666666 0.4611111111111112 0.5921875 0.4611111111111112
4 0.6583333333333333 0.3935185185185186 0.6083333333333333 0.3935185185185186 0.6083333333333333 0.47777777777777797 0.6583333333333333 0.47777777777777797
2 0.28489583333333335 0.4666666666666668 0.24791666666666673 0.4666666666666668 0.24791666666666673 0.5287037037037037 0.28489583333333335 0.5287037037037037
6 0.48333333333333334 0.11018518518518529 0.43333333333333335 0.11018518518518529 0.43333333333333335 0.19444444444444456 0.48333333333333334 0.19444444444444456
6 0.45729166666666665 0.3333333333333334 0.4078125 0.3333333333333334 0.4078125 0.4166666666666668 0.45729166666666665 0.4166666666666668
11 0.2755208333333333 0.28981481481481486 0.22916666666666666 0.2898148148148148 0.22916666666666666 0.36759259259259264 0.2755208333333333 0.3675925925925927
4 0.5510416666666667 0.4250000000000001 0.49947916666666664 0.4250000000000001 0.49947916666666664 0.5120370370370373 0.5510416666666667 0.5120370370370373
1 0.6390625 0.5055555555555558 0.5895833333333333 0.5055555555555558 0.5895833333333333 0.5879629629629631 0.6390625 0.5879629629629631
8 0.5739583333333333 0.49444444444444463 0.534375 0.49444444444444463 0.534375 0.5620370370370372 0.5739583333333333 0.5620370370370372