12 0.3697916666666667 0.2601851851851853 0.32083333333333336 0.2601851851851853 0.32083333333333336 0.34444444444444455 0.3697916666666667 0.34444444444444455
3 0.5041666666666667 0.14444444444444454 0.4734375 0.14444444444444454 0.4734375 0.19722222222222233 0.5041666666666667 0.19722222222222233
13 0.6760416666666667 0.25185185185185194 0.63125 0.25185185185185194 0.63125 0.33055555555555566 0.6760416666666667 0.33055555555555566
7 0.5416666666666666 0.3925925925925927 0.5036458333333333 0.3925925925925927 0.5036458333333333 0.45925925925925937 0.5416666666666666 0.45925925925925937
6 0.5489583333333333 0.22037037037037047 0.5109375 0.22037037037037047 0.5109375 0.28703703703703715 0.5489583333333333 0.28703703703703715
10 0.4578125 0.29444444444444456 0.41822916666666665 0.29444444444444456 0.41822916666666665 0.36203703703703716 0.4578125 0.36203703703703716
2 0.5505208333333333 0.06388888888888901 0.5213541666666667 0.063888888888889 0.5213541666666667 0.11574074074074085 0.5505208333333333 0.11574074074074087
10 0.684375 0.0055555555555557015 0.6473958333333333 0.005555555555555697 0.6473958333333333 0.06851851851851866 0.684375 0.06851851851851867
3 0.6223958333333334 0.42222222222222233 0.5916666666666667 0.42222222222222233 0.5916666666666667 0.4750000000000002 0.6223958333333334 0.4750000000000002
8 0.37447916666666664 0.10648148148148157 0.34322916666666664 0.10648148148148157 0.34322916666666664 0.16111111111111118 0.37447916666666664 0.1611111111111112
2 0.5703125 0.5814814814814817 0.5401041666666667 0.5814814814814817 0.5401041666666667 0.6342592592592595 0.5703125 0.6342592592592595
3 0.48854166666666665 0.4824074074074075 0.45729166666666665 0.4824074074074074 0.45729166666666665 0.5370370370370371 0.48854166666666665 0.5370370370370372
2 0.4984375 0.31481481481481494 0.46822916666666664 0.31481481481481494 0.46822916666666664 0.3675925925925927 0.4984375 0.3675925925925927
3 0.5520833333333334 1.1690841202971493e-16 0.521875 1.1362000858756e-16 0.521875 0.0314814814814816 0.5520833333333334 0.0314814814814816
9 0.671875 0.18055555555555572 0.6427083333333333 0.18055555555555572 0.6427083333333333 0.23148148148148165 0.671875 0.23148148148148165
2 0.49947916666666664 0.22500000000000012 0.46875 0.22500000000000012 0.46875 0.2777777777777779 0.49947916666666664 0.2777777777777779
0 0.5973958333333333 0.1500000000000001 0.5604166666666667 0.1500000000000001 0.5604166666666667 0.21666666666666679 0.5973958333333333 0.21666666666666679
1 0.384375 0.013888888888888968 0.3453125 0.013888888888888964 0.3453125 0.08148148148148156 0.384375 0.08148148148148156
7 0.7109375 0.26574074074074083 0.675 0.26574074074074083 0.675 0.3296296296296297 0.7109375 0.3296296296296297
0 0.5848958333333333 0.325925925925926 0.5463541666666667 0.325925925925926 0.5463541666666667 0.3935185185185186 0.5848958333333333 0.3935185185185186
8 0.41510416666666666 0.10648148148148157 0.384375 0.10648148148148157 0.384375 0.1601851851851853 0.41510416666666666 0.1601851851851853
9 0.6307291666666667 0.2527777777777779 0.6 0.2527777777777779 0.6 0.30462962962962975 0.6307291666666667 0.30462962962962975
11 0.46927083333333336 0.03333333333333343 0.42916666666666664 0.03333333333333342 0.42916666666666664 0.10092592592592603 0.46927083333333336 0.10092592592592603
6 0.6385416666666667 0.07685185185185198 0.6010416666666667 0.07685185185185198 0.6010416666666667 0.1416666666666668 0.6385416666666667 0.14166666666666683
1 0.4046875 0.5453703703703704 0.3645833333333333 0.5453703703703704 0.3645833333333333 0.6138888888888889 0.4046875 0.6138888888888889
5 0.5984375 1.2603656641224842e-16 0.559375 1.2178432058187568e-16 0.559375 0.0490740740740742 0.5984375 0.04907407407407421
11 0.6625 0.5046296296296299 0.6244791666666667 0.5046296296296299 0.6244791666666667 0.5722222222222224 0.6625 0.5722222222222224
4 0.4625 0.11574074074074085 0.4239583333333333 0.11574074074074085 0.4239583333333333 0.18148148148148158 0.4625 0.18148148148148158