0 0.4015625 0.33055555555555566 0.36770833333333336 0.33055555555555566 0.36770833333333336 0.38981481481481495 0.4015625 0.38981481481481495
8 0.334375 0.6916666666666667 0.3072916666666667 0.6916666666666667 0.3072916666666667 0.7388888888888889 0.334375 0.7388888888888889
13 0.3385416666666667 0.19629629629629636 0.30104166666666665 0.19629629629629636 0.30104166666666665 0.26481481481481495 0.3385416666666667 0.26481481481481495
5 0.2119791666666667 0.4212962962962963 0.18020833333333333 0.4212962962962963 0.18020833333333336 0.48055555555555557 0.21197916666666672 0.48055555555555557
10 0.19583333333333333 0.262037037037037 0.16458333333333333 0.262037037037037 0.16458333333333333 0.3175925925925926 0.19583333333333333 0.3175925925925926
7 0.32916666666666666 0.13611111111111115 0.29583333333333334 0.13611111111111115 0.29583333333333334 0.1944444444444445 0.32916666666666666 0.1944444444444445
12 0.4515625 0.7194444444444444 0.409375 0.7194444444444444 0.409375 0.7953703703703704 0.4515625 0.7953703703703704
10 0.42916666666666664 0.5583333333333333 0.39427083333333335 0.5583333333333333 0.39427083333333335 0.6185185185185185 0.42916666666666664 0.6185185185185185
0 0.303125 0.36574074074074087 0.26979166666666665 0.36574074074074087 0.26979166666666665 0.4250000000000001 0.303125 0.4250000000000001
3 0.3234375 0.5305555555555556 0.296875 0.5305555555555556 0.296875 0.575925925925926 0.3234375 0.575925925925926
7 0.45677083333333335 0.3851851851851853 0.42291666666666666 0.3851851851851853 0.42291666666666666 0.44444444444444453 0.45677083333333335 0.44444444444444453
3 0.1848958333333334 0.675 0.15937500000000007 0.675 0.15937500000000007 0.7231481481481481 0.1848958333333334 0.7231481481481481
9 0.3390625 0.2824074074074075 0.3140625 0.2824074074074075 0.3140625 0.32685185185185195 0.3390625 0.32685185185185195
3 0.4359375 0.2425925925925927 0.40989583333333335 0.2425925925925927 0.40989583333333335 0.288888888888889 0.4359375 0.288888888888889
5 0.25312500000000004 0.8018518518518518 0.21979166666666672 0.8018518518518518 0.21979166666666672 0.862037037037037 0.25312500000000004 0.862037037037037
3 0.5125 0.45185185185185195 0.4859375 0.45185185185185195 0.4859375 0.4990740740740743 0.5125 0.4990740740740743
1 0.5864583333333333 0.5759259259259262 0.5520833333333334 0.5759259259259262 0.5520833333333334 0.6361111111111113 0.5864583333333333 0.6361111111111113
1 0.3026041666666667 0.7759259259259259 0.26875 0.7759259259259259 0.26875 0.8361111111111111 0.3026041666666667 0.8361111111111111
2 0.16718750000000007 0.4444444444444444 0.14218750000000005 0.4444444444444444 0.14218750000000005 0.4898148148148148 0.16718750000000007 0.4898148148148148
3 0.22031250000000005 0.4981481481481482 0.19531250000000006 0.4981481481481482 0.19531250000000006 0.5444444444444444 0.22031250000000005 0.5444444444444444
11 0.284375 0.6277777777777778 0.2510416666666667 0.6277777777777778 0.2510416666666667 0.6888888888888889 0.284375 0.6888888888888889
4 0.33177083333333335 0.6083333333333333 0.2984375 0.6083333333333333 0.2984375 0.6685185185185185 0.33177083333333335 0.6685185185185185
9 0.28541666666666665 0.2333333333333334 0.2598958333333333 0.2333333333333334 0.2598958333333333 0.2777777777777779 0.28541666666666665 0.2777777777777779
2 0.4171875 0.48518518518518516 0.390625 0.48518518518518516 0.390625 0.5333333333333333 0.4171875 0.5333333333333333
6 0.25 0.32129629629629636 0.21875 0.3212962962962963 0.21875 0.37870370370370376 0.25 0.3787037037037038
4 0.2427083333333334 0.7240740740740741 0.20937500000000006 0.7240740740740741 0.20937500000000006 0.7824074074074074 0.2427083333333334 0.7824074074074074
2 0.5375 0.2777777777777779 0.5114583333333333 0.2777777777777779 0.5114583333333333 0.3240740740740742 0.5375 0.3240740740740742
11 0.4744791666666667 0.14722222222222234 0.4432291666666667 0.14722222222222234 0.4432291666666667 0.2027777777777779 0.4744791666666667 0.2027777777777779
2 0.26354166666666673 0.475 0.23854166666666674 0.475 0.23854166666666674 0.5212962962962963 0.26354166666666673 0.5212962962962963
8 0.34791666666666665 0.7620370370370371 0.321875 0.7620370370370371 0.321875 0.8101851851851852 0.34791666666666665 0.8101851851851852
6 0.3578125 0.42592592592592604 0.32447916666666665 0.42592592592592604 0.32447916666666665 0.4861111111111111 0.3578125 0.4861111111111111
2 0.3692708333333333 0.5120370370370371 0.3416666666666667 0.5120370370370371 0.3416666666666667 0.5611111111111111 0.3692708333333333 0.5611111111111111