7 0.3776041666666667 0.07500000000000008 0.3463541666666667 0.07500000000000008 0.3463541666666667 0.1287037037037038 0.3776041666666667 0.12870370370370382
7 0.278125 0.5231481481481481 0.2473958333333334 0.5231481481481481 0.2473958333333334 0.5777777777777777 0.278125 0.5777777777777777
8 0.5958333333333333 0.43796296296296305 0.5703125 0.43796296296296305 0.5703125 0.4861111111111113 0.5958333333333333 0.4861111111111113
13 0.290625 0.263888888888889 0.2552083333333333 0.263888888888889 0.2552083333333333 0.3296296296296297 0.290625 0.3296296296296297
2 0.465625 0.4314814814814816 0.4395833333333333 0.4314814814814816 0.4395833333333333 0.47685185185185186 0.465625 0.47685185185185186
5 0.3078125 0.03148148148148155 0.27760416666666665 0.03148148148148155 0.27760416666666665 0.08611111111111118 0.3078125 0.0861111111111112
0 0.653125 0.1907407407407409 0.6203125 0.1907407407407409 0.6203125 0.25092592592592605 0.653125 0.25092592592592605
0 0.5015625 0.8231481481481483 0.4671875 0.8231481481481482 0.46718750000000003 0.8824074074074075 0.5015625000000001 0.8824074074074076
3 0.39375 0.18703703703703714 0.36875 0.18703703703703714 0.36875 0.2314814814814816 0.39375 0.2314814814814816
2 0.5052083333333334 0.2740740740740742 0.4791666666666667 0.2740740740740742 0.4791666666666667 0.32037037037037047 0.5052083333333334 0.32037037037037047
3 0.3546875 0.3351851851851853 0.3296875 0.3351851851851853 0.3296875 0.37962962962962976 0.3546875 0.37962962962962976
3 0.3145833333333333 0.49074074074074076 0.28958333333333336 0.49074074074074076 0.28958333333333336 0.5361111111111111 0.3145833333333333 0.5361111111111111
3 0.42552083333333335 0.03425925925925935 0.4005208333333333 0.03425925925925935 0.4005208333333333 0.07777777777777788 0.42552083333333335 0.07777777777777788
3 0.2828125 0.6324074074074074 0.2567708333333334 0.6324074074074074 0.2567708333333334 0.6759259259259259 0.2828125 0.6759259259259259
2 0.43020833333333336 0.5814814814814815 0.4041666666666667 0.5814814814814815 0.4041666666666667 0.6268518518518519 0.43020833333333336 0.6268518518518519
10 0.6416666666666667 0.27314814814814825 0.6088541666666667 0.27314814814814825 0.6088541666666667 0.3314814814814816 0.6416666666666667 0.3314814814814816
2 0.5364583333333334 0.1212962962962964 0.5109375 0.1212962962962964 0.5109375 0.16851851851851862 0.5364583333333334 0.16851851851851862
6 0.44947916666666665 0.6898148148148148 0.4166666666666667 0.6898148148148148 0.4166666666666667 0.7472222222222222 0.44947916666666665 0.7472222222222222
4 0.5239583333333333 0.7490740740740743 0.49114583333333334 0.7490740740740743 0.49114583333333334 0.8083333333333336 0.5239583333333333 0.8083333333333336
11 0.2229166666666667 0.39166666666666666 0.19479166666666667 0.39166666666666666 0.1947916666666667 0.44722222222222224 0.22291666666666674 0.44722222222222224
5 0.20468750000000005 0.4648148148148148 0.17500000000000007 0.4648148148148148 0.17500000000000007 0.5203703703703704 0.20468750000000005 0.5203703703703704
9 0.234375 0.32314814814814813 0.20989583333333334 0.32314814814814813 0.20989583333333334 0.36574074074074076 0.234375 0.36574074074074076
9 0.26614583333333336 0.18703703703703708 0.2421875 0.18703703703703708 0.2421875 0.2305555555555556 0.26614583333333336 0.2305555555555556
6 0.5614583333333333 0.21666666666666679 0.5291666666666667 0.21666666666666679 0.5291666666666667 0.2750000000000001 0.5614583333333333 0.2750000000000001
8 0.5572916666666666 0.6055555555555557 0.53125 0.6055555555555557 0.53125 0.6509259259259261 0.5572916666666666 0.6509259259259261
4 0.6234375 0.3592592592592594 0.590625 0.3592592592592594 0.590625 0.4175925925925927 0.6234375 0.4175925925925927
10 0.546875 0.6694444444444446 0.5135416666666667 0.6694444444444446 0.5135416666666667 0.728703703703704 0.546875 0.728703703703704
11 0.29010416666666666 0.09907407407407412 0.2598958333333333 0.09907407407407412 0.2598958333333333 0.15370370370370376 0.29010416666666666 0.15370370370370376
1 0.18906250000000005 0.5296296296296297 0.16041666666666674 0.5296296296296297 0.16041666666666674 0.5824074074074074 0.18906250000000005 0.5824074074074074
12 0.5505208333333333 0.46759259259259267 0.5114583333333333 0.46759259259259267 0.5114583333333333 0.5398148148148151 0.5505208333333333 0.5398148148148151
2 0.3921875 0.7314814814814815 0.36614583333333334 0.7314814814814815 0.36614583333333334 0.7777777777777778 0.3921875 0.7777777777777778