0 0.4197916666666667 0.3361111111111112 0.37135416666666665 0.3361111111111112 0.37135416666666665 0.4231481481481483 0.4197916666666667 0.4231481481481483
2 0.6098958333333333 0.23888888888888898 0.571875 0.23888888888888898 0.571875 0.3074074074074075 0.6098958333333333 0.3074074074074075
12 0.4875 0.1750000000000001 0.42916666666666664 0.1750000000000001 0.42916666666666664 0.28055555555555567 0.4875 0.28055555555555567
13 0.6385416666666667 0.652777777777778 0.58125 0.652777777777778 0.58125 0.7555555555555558 0.6385416666666667 0.7555555555555558
7 0.7328125 0.4555555555555557 0.6875 0.45555555555555566 0.6875 0.5370370370370372 0.7328125 0.5370370370370372
4 0.5708333333333333 0.09907407407407419 0.525 0.09907407407407418 0.525 0.18148148148148158 0.5708333333333333 0.18148148148148158
6 0.4635416666666667 0.2935185185185186 0.4161458333333333 0.2935185185185186 0.4161458333333333 0.37962962962962976 0.4635416666666667 0.37962962962962976
0 0.6114583333333333 0.06388888888888902 0.5666666666666667 0.06388888888888902 0.5666666666666667 0.14444444444444457 0.6114583333333333 0.1444444444444446
11 0.7130208333333333 0.5694444444444446 0.6671875 0.5694444444444446 0.6671875 0.651851851851852 0.7130208333333333 0.651851851851852
11 0.6541666666666667 0.5435185185185187 0.6072916666666667 0.5435185185185187 0.6072916666666667 0.6287037037037039 0.6541666666666667 0.6287037037037039
8 0.434375 0.2351851851851853 0.3963541666666667 0.2351851851851853 0.3963541666666667 0.30277777777777787 0.434375 0.30277777777777787
7 0.5692708333333333 0.6398148148148151 0.5203125 0.6398148148148151 0.5203125 0.727777777777778 0.5692708333333333 0.727777777777778
5 0.5421875 0.7564814814814816 0.49375 0.7564814814814816 0.49375 0.8435185185185188 0.5421875 0.8435185185185188
6 0.5921875 0.16574074074074086 0.546875 0.16574074074074086 0.546875 0.24907407407407417 0.5921875 0.24907407407407417
1 0.6911458333333333 0.5009259259259261 0.6453125 0.5009259259259261 0.6453125 0.5833333333333336 0.6911458333333333 0.5833333333333336
1 0.6109375 0.5925925925925928 0.5635416666666667 0.5925925925925928 0.5635416666666667 0.6787037037037039 0.6109375 0.6787037037037039
10 0.5473958333333333 0.2037037037037038 0.5005208333333333 0.2037037037037038 0.5005208333333333 0.2879629629629631 0.5473958333333333 0.2879629629629631
9 0.584375 0.7175925925925928 0.5463541666666667 0.7175925925925928 0.5463541666666667 0.7861111111111113 0.584375 0.7861111111111113
2 0.5239583333333333 0.3277777777777779 0.4864583333333333 0.3277777777777779 0.4864583333333333 0.3953703703703705 0.5239583333333333 0.3953703703703705
3 0.4979166666666667 0.626851851851852 0.45989583333333334 0.6268518518518519 0.45989583333333334 0.6962962962962964 0.4979166666666667 0.6962962962962965
4 0.3958333333333333 0.2666666666666668 0.3484375 0.2666666666666668 0.3484375 0.35277777777777786 0.3958333333333333 0.35277777777777786
9 0.66875 0.6203703703703706 0.63125 0.6203703703703706 0.63125 0.6870370370370372 0.66875 0.6870370370370372
3 0.5411458333333333 0.5833333333333336 0.5036458333333333 0.5833333333333336 0.5036458333333333 0.651851851851852 0.5411458333333333 0.651851851851852
10 0.50625 0.2500000000000001 0.4583333333333333 0.2500000000000001 0.4583333333333333 0.3351851851851853 0.50625 0.3351851851851853
2 0.47708333333333336 0.37037037037037046 0.43854166666666666 0.37037037037037046 0.43854166666666666 0.4407407407407408 0.47708333333333336 0.4407407407407408
5 0.753125 0.5222222222222225 0.7067708333333333 0.5222222222222225 0.7067708333333333 0.6064814814814817 0.753125 0.6064814814814817
3 0.5875 0.5361111111111113 0.5489583333333333 0.5361111111111113 0.5489583333333333 0.6064814814814817 0.5875 0.6064814814814817
3 0.6260416666666667 0.48703703703703727 0.5885416666666666 0.48703703703703727 0.5885416666666666 0.5546296296296298 0.6260416666666667 0.5546296296296298
8 0.5213541666666667 0.15555555555555567 0.48385416666666664 0.15555555555555567 0.48385416666666664 0.22314814814814826 0.5213541666666667 0.22314814814814826
2 0.43333333333333335 0.42222222222222233 0.39479166666666665 0.42222222222222233 0.39479166666666665 0.49074074074074076 0.43333333333333335 0.49074074074074076
2 0.5677083333333334 0.27685185185185196 0.5302083333333333 0.27685185185185196 0.5302083333333333 0.3435185185185186 0.5677083333333334 0.3435185185185186
3 0.671875 0.44351851851851865 0.6348958333333333 0.44351851851851865 0.6348958333333333 0.5083333333333335 0.671875 0.5083333333333335