12 0.45000000000000007 0.7601851851851852 0.3880208333333333 0.7601851851851852 0.38802083333333337 0.8722222222222222 0.4500000000000001 0.8722222222222222
10 0.43020833333333336 0.6472222222222223 0.3807291666666667 0.6472222222222223 0.3807291666666667 0.737037037037037 0.43020833333333336 0.737037037037037
11 0.5677083333333334 0.23796296296296307 0.5208333333333334 0.23796296296296307 0.5208333333333334 0.32222222222222235 0.5677083333333334 0.32222222222222235
13 0.6463541666666667 0.34074074074074084 0.5890625 0.34074074074074084 0.5890625 0.44444444444444453 0.6463541666666667 0.44444444444444453
10 0.4708333333333333 0.7037037037037037 0.4203125 0.7037037037037037 0.4203125 0.7953703703703704 0.4708333333333333 0.7953703703703704
7 0.5010416666666667 0.2351851851851853 0.45416666666666666 0.2351851851851853 0.45416666666666666 0.32037037037037047 0.5010416666666667 0.32037037037037047
6 0.5088541666666667 0.763888888888889 0.459375 0.7638888888888888 0.459375 0.8527777777777779 0.5088541666666667 0.852777777777778
6 0.39166666666666666 0.5805555555555556 0.3421875 0.5805555555555556 0.3421875 0.6703703703703704 0.39166666666666666 0.6703703703703704
7 0.6526041666666667 0.46759259259259267 0.6041666666666666 0.46759259259259267 0.6041666666666666 0.5546296296296298 0.6526041666666667 0.5546296296296298
8 0.47447916666666673 0.8398148148148148 0.4348958333333333 0.8398148148148148 0.43489583333333337 0.9111111111111111 0.4744791666666668 0.9111111111111111
4 0.5166666666666668 0.888888888888889 0.46770833333333345 0.8888888888888888 0.46770833333333345 0.9777777777777777 0.5166666666666668 0.9777777777777777
4 0.36041666666666666 0.6444444444444445 0.31197916666666664 0.6444444444444445 0.31197916666666664 0.7314814814814815 0.36041666666666666 0.7314814814814815
1 0.6145833333333334 0.4111111111111112 0.5666666666666667 0.4111111111111112 0.5666666666666667 0.4962962962962965 0.6145833333333334 0.4962962962962965
3 0.5453125 0.42037037037037045 0.5067708333333333 0.42037037037037045 0.5067708333333333 0.48981481481481504 0.5453125 0.48981481481481504
3 0.5057291666666667 0.35185185185185197 0.4671875 0.35185185185185197 0.4671875 0.4212962962962964 0.5057291666666667 0.4212962962962964
2 0.45208333333333334 0.5925925925925926 0.4125 0.5925925925925926 0.4125 0.662962962962963 0.45208333333333334 0.662962962962963
2 0.4166666666666667 0.5296296296296297 0.3770833333333333 0.5296296296296297 0.3770833333333333 0.600925925925926 0.4166666666666667 0.600925925925926
0 0.3234375 0.5796296296296296 0.2734375 0.5796296296296296 0.2734375 0.6685185185185185 0.3234375 0.6685185185185185
2 0.4953125 0.6518518518518519 0.45625 0.6518518518518519 0.45625 0.7222222222222223 0.4953125 0.7222222222222224
9 0.5984375 0.30462962962962975 0.5609375 0.30462962962962975 0.5609375 0.37222222222222234 0.5984375 0.37222222222222234
3 0.6567708333333333 0.5944444444444447 0.6197916666666666 0.5944444444444447 0.6197916666666666 0.6611111111111113 0.6567708333333333 0.6611111111111113
3 0.5833333333333334 0.47314814814814826 0.5458333333333333 0.47314814814814826 0.5458333333333333 0.540740740740741 0.5833333333333334 0.540740740740741
3 0.621875 0.5361111111111113 0.584375 0.5361111111111113 0.584375 0.603703703703704 0.621875 0.603703703703704
2 0.5348958333333333 0.7166666666666669 0.49583333333333335 0.7166666666666669 0.49583333333333335 0.7879629629629632 0.5348958333333333 0.7879629629629632
5 0.5307291666666667 0.1787037037037038 0.4828125 0.1787037037037038 0.4828125 0.263888888888889 0.5307291666666667 0.263888888888889
11 0.575 0.3500000000000001 0.528125 0.3500000000000001 0.528125 0.4351851851851853 0.575 0.4351851851851853
0 0.5458333333333333 0.8231481481481484 0.496875 0.8231481481481484 0.49687500000000007 0.9120370370370372 0.5458333333333333 0.9120370370370372
8 0.39947916666666666 0.7157407407407408 0.36041666666666666 0.7157407407407408 0.36041666666666666 0.787962962962963 0.39947916666666666 0.787962962962963
5 0.715625 0.47407407407407426 0.66875 0.47407407407407426 0.66875 0.5583333333333336 0.715625 0.5583333333333336
2 0.575 0.7731481481481484 0.5364583333333334 0.7731481481481484 0.5364583333333334 0.8435185185185188 0.575 0.8435185185185188
9 0.6734375 0.4175925925925927 0.6354166666666666 0.4175925925925927 0.6354166666666666 0.48703703703703727 0.6734375 0.48703703703703727
1 0.5395833333333333 0.2981481481481483 0.49270833333333336 0.2981481481481483 0.49270833333333336 0.3833333333333334 0.5395833333333333 0.3833333333333334