13 0.5270833333333333 0.7092592592592595 0.48541666666666666 0.7092592592592595 0.48541666666666666 0.7805555555555558 0.5270833333333333 0.7805555555555558
3 0.5213541666666667 0.5629629629629632 0.49322916666666666 0.5629629629629632 0.49322916666666666 0.6092592592592595 0.5213541666666667 0.6092592592592595
3 0.32083333333333336 0.5527777777777778 0.29270833333333335 0.5527777777777778 0.29270833333333335 0.5981481481481481 0.32083333333333336 0.5981481481481481
3 0.4239583333333333 0.5546296296296296 0.3958333333333333 0.5546296296296296 0.3958333333333333 0.600925925925926 0.4239583333333333 0.600925925925926
2 0.6239583333333333 0.32222222222222235 0.5958333333333333 0.32222222222222235 0.5958333333333333 0.36666666666666675 0.6239583333333333 0.36666666666666675
8 0.4791666666666667 0.0925925925925927 0.4510416666666667 0.0925925925925927 0.4510416666666667 0.1351851851851853 0.4791666666666667 0.1351851851851853
2 0.7229166666666667 0.32037037037037047 0.6963541666666667 0.32037037037037047 0.6963541666666667 0.363888888888889 0.7229166666666667 0.363888888888889
12 0.5364583333333334 0.15092592592592602 0.4953125 0.15092592592592602 0.4953125 0.2175925925925927 0.5364583333333334 0.2175925925925927
7 0.3776041666666667 0.6148148148148148 0.3416666666666667 0.6148148148148148 0.3416666666666667 0.6731481481481482 0.3776041666666667 0.6731481481481482
4 0.3807291666666667 0.08703703703703712 0.34739583333333335 0.08703703703703712 0.34739583333333335 0.1398148148148149 0.3807291666666667 0.13981481481481492
3 0.6260416666666667 0.552777777777778 0.5979166666666667 0.552777777777778 0.5979166666666667 0.5981481481481483 0.6260416666666667 0.5981481481481483
2 0.5234375 0.30925925925925934 0.49583333333333335 0.30925925925925934 0.49583333333333335 0.3537037037037038 0.5234375 0.3537037037037038
3 0.7244791666666667 0.5490740740740743 0.696875 0.5490740740740743 0.696875 0.5953703703703705 0.7244791666666667 0.5953703703703705
2 0.42552083333333335 0.31296296296296305 0.3984375 0.31296296296296305 0.3984375 0.3574074074074075 0.42552083333333335 0.3574074074074075
7 0.6848958333333334 0.6305555555555558 0.65 0.6305555555555558 0.65 0.689814814814815 0.6848958333333334 0.689814814814815
2 0.32760416666666664 0.31203703703703717 0.2989583333333333 0.31203703703703717 0.2989583333333333 0.3555555555555557 0.32760416666666664 0.3555555555555557
6 0.6807291666666667 0.23703703703703713 0.6473958333333333 0.23703703703703713 0.6473958333333333 0.2925925925925927 0.6807291666666667 0.2925925925925927
5 0.37604166666666666 0.7824074074074074 0.34010416666666665 0.7824074074074074 0.34010416666666665 0.8407407407407408 0.37604166666666666 0.8407407407407408
1 0.7317708333333334 0.776851851851852 0.6973958333333333 0.776851851851852 0.6973958333333333 0.8351851851851854 0.7317708333333334 0.8351851851851854
5 0.6770833333333334 0.7898148148148151 0.6421875 0.7898148148148151 0.6421875 0.8472222222222224 0.6770833333333334 0.8472222222222224
8 0.5734375 0.08888888888888902 0.5447916666666667 0.08888888888888902 0.5447916666666667 0.12962962962962973 0.5734375 0.12962962962962973
6 0.375 0.23333333333333342 0.3411458333333333 0.2333333333333334 0.3411458333333333 0.288888888888889 0.375 0.288888888888889
1 0.32916666666666666 0.7916666666666666 0.29375 0.7916666666666666 0.29375 0.850925925925926 0.32916666666666666 0.850925925925926
0 0.7125 0.09166666666666683 0.6807291666666667 0.09166666666666683 0.6807291666666667 0.1444444444444446 0.7125 0.1444444444444446
9 0.4734375 0.7944444444444444 0.44583333333333336 0.7944444444444444 0.44583333333333336 0.8407407407407408 0.4734375 0.8407407407407408
0 0.33697916666666666 0.08703703703703711 0.3020833333333333 0.0870370370370371 0.3020833333333333 0.14537037037037043 0.33697916666666666 0.14537037037037043
10 0.43020833333333336 0.08333333333333343 0.39739583333333334 0.08333333333333341 0.39739583333333334 0.1425925925925927 0.43020833333333336 0.1425925925925927
4 0.621875 0.09814814814814828 0.5833333333333334 0.09814814814814828 0.5833333333333334 0.151851851851852 0.621875 0.15185185185185202
10 0.6661458333333333 0.09907407407407422 0.6348958333333333 0.0990740740740742 0.6348958333333333 0.15648148148148164 0.6661458333333333 0.15648148148148164
11 0.425 0.787962962962963 0.39010416666666664 0.787962962962963 0.39010416666666664 0.8462962962962963 0.425 0.8462962962962963
9 0.5838541666666667 0.7990740740740743 0.5536458333333333 0.7990740740740743 0.5536458333333333 0.8462962962962965 0.5838541666666667 0.8462962962962965
11 0.6322916666666667 0.790740740740741 0.5984375 0.790740740740741 0.5984375 0.8509259259259261 0.6322916666666667 0.8509259259259261