3 0.37083333333333335 0.5527777777777778 0.3416666666666667 0.5527777777777778 0.3416666666666667 0.6 0.37083333333333335 0.6
7 0.3223958333333333 0.6138888888888889 0.2859375 0.6138888888888889 0.2859375 0.674074074074074 0.3223958333333333 0.674074074074074
3 0.2703125 0.5481481481481482 0.24062500000000006 0.5481481481481482 0.24062500000000006 0.5962962962962963 0.2703125 0.5962962962962963
2 0.684375 0.3157407407407408 0.6572916666666667 0.3157407407407408 0.6572916666666667 0.3611111111111112 0.684375 0.3611111111111112
2 0.478125 0.2981481481481483 0.44895833333333335 0.2981481481481483 0.44895833333333335 0.3453703703703705 0.478125 0.3453703703703705
3 0.58125 0.5564814814814817 0.5515625 0.5564814814814817 0.5515625 0.603703703703704 0.58125 0.603703703703704
12 0.49635416666666665 0.1324074074074075 0.4515625 0.1324074074074075 0.4515625 0.20185185185185195 0.49635416666666665 0.20185185185185195
0 0.6791666666666667 0.07592592592592608 0.6463541666666667 0.07592592592592606 0.6463541666666667 0.1296296296296298 0.6791666666666667 0.1296296296296298
3 0.6828125 0.5555555555555558 0.6546875 0.5555555555555558 0.6546875 0.6018518518518521 0.6828125 0.6018518518518521
4 0.3328125 0.059259259259259324 0.296875 0.05925925925925931 0.296875 0.11574074074074081 0.3328125 0.11574074074074082
2 0.2734375 0.29444444444444456 0.24427083333333333 0.29444444444444456 0.24427083333333333 0.34074074074074084 0.2734375 0.34074074074074084
2 0.37395833333333334 0.29907407407407416 0.34479166666666666 0.29907407407407416 0.34479166666666666 0.3462962962962964 0.37395833333333334 0.3462962962962964
8 0.5307291666666667 0.06666666666666678 0.503125 0.06666666666666678 0.503125 0.11018518518518529 0.5307291666666667 0.11018518518518529
5 0.3203125 0.7842592592592592 0.2838541666666667 0.7842592592592592 0.2838541666666667 0.8462962962962963 0.3203125 0.8462962962962963
3 0.4734375 0.5601851851851852 0.44427083333333334 0.5601851851851852 0.44427083333333334 0.6083333333333333 0.4734375 0.6083333333333333
4 0.5786458333333333 0.08240740740740754 0.5447916666666667 0.08240740740740754 0.5447916666666667 0.14074074074074083 0.5786458333333333 0.14074074074074083
8 0.4375 0.06759259259259269 0.409375 0.06759259259259268 0.409375 0.1111111111111112 0.4375 0.11111111111111122
2 0.5822916666666667 0.31481481481481494 0.5536458333333333 0.31481481481481494 0.5536458333333333 0.3601851851851853 0.5822916666666667 0.3601851851851853
13 0.4786458333333333 0.7148148148148148 0.434375 0.7148148148148148 0.434375 0.7888888888888889 0.4786458333333333 0.7888888888888889
7 0.6416666666666667 0.6388888888888891 0.6057291666666667 0.6388888888888891 0.6057291666666667 0.6990740740740743 0.6416666666666667 0.6990740740740743
6 0.3223958333333333 0.21203703703703708 0.2875 0.21203703703703708 0.2875 0.2703703703703705 0.3223958333333333 0.2703703703703705
1 0.6885416666666667 0.790740740740741 0.6536458333333334 0.790740740740741 0.6536458333333334 0.8500000000000002 0.6885416666666667 0.8500000000000002
10 0.3859375 0.05740740740740748 0.35052083333333334 0.05740740740740748 0.35052083333333334 0.11296296296296304 0.3859375 0.11296296296296304
0 0.2864583333333333 0.055555555555555615 0.2520833333333333 0.05555555555555561 0.2520833333333333 0.11944444444444449 0.2864583333333333 0.11944444444444449
10 0.6317708333333333 0.08055555555555569 0.5973958333333333 0.08055555555555569 0.5973958333333333 0.13981481481481495 0.6317708333333333 0.13981481481481497
1 0.27447916666666666 0.7925925925925926 0.23750000000000007 0.7925925925925926 0.23750000000000007 0.8555555555555555 0.27447916666666666 0.8555555555555555
11 0.37447916666666664 0.7907407407407407 0.33489583333333334 0.7907407407407407 0.33489583333333334 0.8574074074074074 0.37447916666666664 0.8574074074074074
9 0.42552083333333335 0.7953703703703704 0.3921875 0.7953703703703704 0.3921875 0.8490740740740741 0.42552083333333335 0.8490740740740741
9 0.5348958333333333 0.8083333333333336 0.5052083333333334 0.8083333333333336 0.5052083333333334 0.8601851851851854 0.5348958333333333 0.8601851851851854
11 0.5864583333333333 0.8046296296296298 0.5489583333333333 0.8046296296296298 0.5489583333333333 0.864814814814815 0.5864583333333333 0.864814814814815
5 0.6322916666666667 0.7990740740740743 0.5953125 0.7990740740740743 0.5953125 0.864814814814815 0.6322916666666667 0.864814814814815
6 0.6421875 0.22222222222222238 0.6088541666666667 0.22222222222222238 0.6088541666666667 0.2879629629629631 0.6421875 0.2879629629629631