1 0.734375 0.5018518518518521 0.6864583333333333 0.5018518518518521 0.6864583333333333 0.5925925925925928 0.734375 0.5925925925925928
5 0.3182291666666667 0.43055555555555564 0.2677083333333333 0.43055555555555564 0.2677083333333333 0.5277777777777778 0.3182291666666667 0.5277777777777778
12 0.6890625 0.652777777777778 0.6307291666666667 0.652777777777778 0.6307291666666667 0.7620370370370373 0.6890625 0.7620370370370373
7 0.35104166666666664 0.6712962962962963 0.30052083333333335 0.6712962962962963 0.30052083333333335 0.7694444444444445 0.35104166666666664 0.7694444444444445
9 0.37447916666666664 0.2685185185185186 0.3333333333333333 0.2685185185185186 0.3333333333333333 0.3435185185185186 0.37447916666666664 0.3435185185185186
4 0.5458333333333333 0.7555555555555558 0.4953125 0.7555555555555558 0.4953125 0.8518518518518521 0.5458333333333333 0.8518518518518521
6 0.5744791666666667 0.6703703703703706 0.5255208333333333 0.6703703703703706 0.5255208333333333 0.7648148148148151 0.5744791666666667 0.7648148148148151
2 0.33177083333333335 0.5611111111111111 0.2921875 0.5611111111111111 0.2921875 0.6398148148148148 0.33177083333333335 0.6398148148148148
7 0.6567708333333333 0.7444444444444447 0.6078125 0.7444444444444447 0.6078125 0.8388888888888891 0.6567708333333333 0.8388888888888891
1 0.45 0.21203703703703713 0.39947916666666666 0.21203703703703713 0.39947916666666666 0.3101851851851853 0.45 0.3101851851851853
3 0.4317708333333333 0.42962962962962975 0.39114583333333336 0.42962962962962975 0.39114583333333336 0.5083333333333333 0.4317708333333333 0.5083333333333333
3 0.5578125 0.21203703703703713 0.5166666666666667 0.21203703703703713 0.5166666666666667 0.2916666666666668 0.5578125 0.2916666666666668
8 0.6015625 0.5925925925925928 0.5625 0.5925925925925928 0.5625 0.6685185185185187 0.6015625 0.6685185185185187
2 0.4578125 0.6888888888888889 0.41770833333333335 0.6888888888888889 0.41770833333333335 0.7675925925925926 0.4578125 0.7675925925925926
3 0.528125 0.29537037037037045 0.4875 0.29537037037037045 0.4875 0.3750000000000001 0.528125 0.3750000000000001
11 0.63125 0.5009259259259261 0.58125 0.5009259259259261 0.58125 0.5972222222222224 0.63125 0.5972222222222224
8 0.7109375 0.589814814814815 0.671875 0.589814814814815 0.671875 0.6638888888888891 0.7109375 0.6638888888888891
6 0.6151041666666667 0.02685185185185198 0.5645833333333333 0.026851851851851977 0.5645833333333333 0.12592592592592605 0.6151041666666667 0.12592592592592608
4 0.475 0.4564814814814816 0.4239583333333333 0.4564814814814816 0.4239583333333333 0.5564814814814815 0.475 0.5564814814814815
2 0.4713541666666667 0.1314814814814816 0.43020833333333336 0.1314814814814816 0.43020833333333336 0.21203703703703713 0.4713541666666667 0.21203703703703713
3 0.5494791666666666 0.42407407407407416 0.5083333333333333 0.42407407407407416 0.5083333333333333 0.5037037037037039 0.5494791666666666 0.5037037037037039
10 0.6708333333333333 0.5444444444444446 0.6255208333333333 0.5444444444444446 0.6255208333333333 0.6296296296296299 0.6708333333333333 0.6296296296296299
0 0.3927083333333333 0.37685185185185194 0.34270833333333334 0.37685185185185194 0.34270833333333334 0.4703703703703705 0.3927083333333333 0.4703703703703705
0 0.659375 0.4111111111111112 0.6125 0.4111111111111112 0.6125 0.502777777777778 0.659375 0.502777777777778
11 0.7130208333333333 0.2500000000000001 0.6640625 0.2500000000000001 0.6640625 0.34074074074074084 0.7130208333333333 0.34074074074074084
9 0.34322916666666664 0.3453703703703705 0.3026041666666667 0.3453703703703705 0.3026041666666667 0.42222222222222233 0.34322916666666664 0.42222222222222233
2 0.49895833333333334 0.05000000000000011 0.46041666666666664 0.05000000000000011 0.46041666666666664 0.1212962962962964 0.49895833333333334 0.1212962962962964
10 0.340625 0.21111111111111117 0.29010416666666666 0.21111111111111117 0.29010416666666666 0.30462962962962975 0.340625 0.30462962962962975
3 0.4197916666666667 0.6398148148148148 0.3765625 0.6398148148148148 0.3765625 0.7194444444444444 0.4197916666666667 0.7194444444444444
2 0.571875 0.34259259259259267 0.5333333333333333 0.34259259259259267 0.5333333333333333 0.4175925925925927 0.571875 0.4175925925925927
5 0.465625 0.3351851851851853 0.41770833333333335 0.3351851851851853 0.41770833333333335 0.42592592592592604 0.465625 0.42592592592592604
13 0.4109375 0.1583333333333334 0.35208333333333336 0.15833333333333338 0.35208333333333336 0.2685185185185186 0.4109375 0.2685185185185186