1 0.6255208333333333 0.8259259259259262 0.5713541666666667 0.8259259259259262 0.5713541666666667 0.9166666666666669 0.6255208333333333 0.9166666666666669
11 0.47916666666666674 0.7796296296296297 0.425 0.7796296296296297 0.42500000000000004 0.8712962962962963 0.4791666666666668 0.8712962962962963
9 0.45625 0.19351851851851862 0.41302083333333334 0.19351851851851862 0.41302083333333334 0.2675925925925927 0.45625 0.2675925925925927
1 0.4401041666666667 0.3064814814814816 0.3880208333333333 0.3064814814814816 0.3880208333333333 0.3953703703703705 0.4401041666666667 0.3953703703703705
10 0.4317708333333333 0.12037037037037047 0.3802083333333333 0.12037037037037047 0.3802083333333333 0.20833333333333343 0.4317708333333333 0.20833333333333343
9 0.4984375 0.1425925925925927 0.4546875 0.1425925925925927 0.4546875 0.21481481481481493 0.4984375 0.21481481481481493
5 0.5541666666666667 0.08333333333333345 0.5005208333333333 0.08333333333333344 0.5005208333333333 0.17314814814814825 0.5541666666666667 0.17314814814814825
2 0.5114583333333333 0.5435185185185186 0.46770833333333334 0.5435185185185185 0.46770833333333334 0.6175925925925927 0.5114583333333333 0.6175925925925928
7 0.6916666666666667 0.1407407407407409 0.6380208333333334 0.1407407407407409 0.6380208333333334 0.23148148148148165 0.6916666666666667 0.23148148148148165
7 0.759375 0.6888888888888891 0.7057291666666666 0.6888888888888891 0.7057291666666666 0.7796296296296299 0.759375 0.7796296296296299
3 0.4822916666666667 0.4629629629629631 0.4390625 0.4629629629629631 0.4390625 0.5361111111111111 0.4822916666666667 0.5361111111111111
3 0.5583333333333333 0.5018518518518521 0.5135416666666667 0.5018518518518521 0.5135416666666667 0.5768518518518521 0.5583333333333333 0.5768518518518521
3 0.671875 0.2740740740740742 0.628125 0.2740740740740742 0.628125 0.3472222222222223 0.671875 0.3472222222222223
2 0.615625 0.12500000000000014 0.5734375 0.1250000000000001 0.5734375 0.1953703703703705 0.615625 0.19537037037037053
2 0.6994791666666667 0.34259259259259267 0.6541666666666667 0.34259259259259267 0.6541666666666667 0.4166666666666668 0.6994791666666667 0.4166666666666668
4 0.75625 0.48425925925925944 0.7020833333333333 0.48425925925925944 0.7020833333333333 0.5768518518518521 0.75625 0.5768518518518521
6 0.35104166666666664 0.600925925925926 0.2953125 0.600925925925926 0.2953125 0.6935185185185185 0.35104166666666664 0.6935185185185185
3 0.5505208333333333 0.2925925925925927 0.5072916666666667 0.2925925925925927 0.5072916666666667 0.36574074074074087 0.5505208333333333 0.36574074074074087
11 0.6177083333333333 0.6324074074074076 0.5640625 0.6324074074074076 0.5640625 0.7231481481481483 0.6177083333333333 0.7231481481481483
3 0.4390625 0.5148148148148148 0.3953125 0.5148148148148148 0.3953125 0.5879629629629629 0.4390625 0.5879629629629629
12 0.7192708333333333 0.727777777777778 0.65625 0.727777777777778 0.65625 0.8370370370370372 0.7192708333333333 0.8370370370370372
10 0.6421875 0.7138888888888891 0.5911458333333334 0.7138888888888891 0.5911458333333334 0.7990740740740743 0.6421875 0.7990740740740743
0 0.5296875 0.20833333333333343 0.4744791666666667 0.20833333333333343 0.4744791666666667 0.301851851851852 0.5296875 0.301851851851852
8 0.6578125 0.603703703703704 0.6140625 0.603703703703704 0.6140625 0.676851851851852 0.6578125 0.676851851851852
8 0.6651041666666667 0.8009259259259262 0.6203125 0.8009259259259262 0.6203125 0.8759259259259261 0.6651041666666667 0.8759259259259261
0 0.56875 0.6842592592592595 0.5145833333333333 0.6842592592592595 0.5145833333333333 0.7759259259259261 0.56875 0.7759259259259261
6 0.7098958333333333 0.5388888888888891 0.6567708333333333 0.5388888888888891 0.6567708333333333 0.6296296296296299 0.7098958333333333 0.6296296296296299
4 0.5838541666666667 0.3555555555555557 0.5296875 0.3555555555555557 0.5296875 0.4462962962962964 0.5838541666666667 0.4462962962962964
13 0.41770833333333335 0.225925925925926 0.3572916666666667 0.22592592592592597 0.3572916666666667 0.3296296296296297 0.41770833333333335 0.3296296296296297
2 0.38697916666666665 0.363888888888889 0.34479166666666666 0.363888888888889 0.34479166666666666 0.43703703703703717 0.38697916666666665 0.43703703703703717
5 0.5072916666666667 0.3361111111111112 0.4546875 0.3361111111111112 0.4546875 0.42777777777777787 0.5072916666666667 0.42777777777777787
2 0.3416666666666667 0.41018518518518526 0.2994791666666667 0.41018518518518526 0.2994791666666667 0.4842592592592593 0.3416666666666667 0.4842592592592593