3 0.5770833333333333 0.5435185185185187 0.5494791666666666 0.5435185185185187 0.5494791666666666 0.5916666666666669 0.5770833333333333 0.5916666666666669
9 0.4203125 0.6990740740740741 0.3932291666666667 0.6990740740740741 0.3932291666666667 0.7472222222222222 0.4203125 0.7472222222222222
10 0.4348958333333333 0.22037037037037047 0.4010416666666667 0.22037037037037047 0.4010416666666667 0.2787037037037038 0.4348958333333333 0.2787037037037038
7 0.5291666666666667 0.6166666666666669 0.49375 0.6166666666666669 0.49375 0.6787037037037039 0.5291666666666667 0.6787037037037039
4 0.5802083333333333 0.15555555555555567 0.546875 0.15555555555555567 0.546875 0.21203703703703713 0.5802083333333333 0.21203703703703713
12 0.4921875 0.14722222222222234 0.45208333333333334 0.14722222222222234 0.45208333333333334 0.21574074074074084 0.4921875 0.21574074074074084
7 0.3255208333333333 0.6064814814814815 0.290625 0.6064814814814815 0.290625 0.6675925925925926 0.3255208333333333 0.6675925925925926
0 0.340625 0.15370370370370376 0.3078125 0.15370370370370376 0.3078125 0.2092592592592593 0.340625 0.2092592592592593
4 0.3885416666666667 0.15185185185185193 0.3546875 0.1518518518518519 0.3546875 0.20740740740740748 0.3885416666666667 0.2074074074074075
13 0.4786458333333333 0.6907407407407408 0.43645833333333334 0.6907407407407408 0.43645833333333334 0.7666666666666667 0.4786458333333333 0.7666666666666667
8 0.5307291666666667 0.15833333333333344 0.5036458333333333 0.15833333333333344 0.5036458333333333 0.20462962962962974 0.5307291666666667 0.20462962962962974
11 0.4239583333333333 0.6111111111111112 0.38958333333333334 0.6111111111111112 0.38958333333333334 0.6712962962962963 0.4239583333333333 0.6712962962962963
11 0.37447916666666664 0.6935185185185185 0.3390625 0.6935185185185185 0.3390625 0.7537037037037037 0.37447916666666664 0.7537037037037037
3 0.475 0.5444444444444444 0.4473958333333333 0.5444444444444444 0.4473958333333333 0.5935185185185186 0.475 0.5935185185185186
9 0.5234375 0.7064814814814817 0.49583333333333335 0.7064814814814817 0.49583333333333335 0.7555555555555558 0.5234375 0.7555555555555558
3 0.371875 0.5388888888888889 0.34375 0.5388888888888889 0.34375 0.587037037037037 0.371875 0.587037037037037
0 0.5796875 0.2287037037037038 0.5453125 0.2287037037037038 0.5453125 0.28703703703703715 0.5796875 0.28703703703703715
5 0.3229166666666667 0.6907407407407408 0.28802083333333334 0.6907407407407408 0.28802083333333334 0.7527777777777778 0.3229166666666667 0.7527777777777778
10 0.48385416666666664 0.22500000000000012 0.44895833333333335 0.22500000000000012 0.44895833333333335 0.2842592592592594 0.48385416666666664 0.2842592592592594
1 0.378125 0.6064814814814815 0.34322916666666664 0.6064814814814815 0.34322916666666664 0.6685185185185185 0.378125 0.6685185185185185
8 0.4359375 0.1611111111111112 0.4088541666666667 0.1611111111111112 0.4088541666666667 0.2064814814814816 0.4359375 0.2064814814814816
6 0.384375 0.22407407407407415 0.35052083333333334 0.22407407407407412 0.35052083333333334 0.2814814814814816 0.384375 0.2814814814814816
1 0.47760416666666666 0.6138888888888889 0.4427083333333333 0.6138888888888889 0.4427083333333333 0.674074074074074 0.47760416666666666 0.674074074074074
6 0.53125 0.22685185185185194 0.4973958333333333 0.22685185185185194 0.4973958333333333 0.2861111111111112 0.53125 0.2861111111111112
3 0.5276041666666667 0.5435185185185187 0.5 0.5435185185185187 0.5 0.5916666666666669 0.5276041666666667 0.5916666666666669
3 0.42552083333333335 0.5351851851851852 0.3984375 0.5351851851851852 0.3984375 0.5833333333333334 0.42552083333333335 0.5833333333333334
2 0.5791666666666667 0.31203703703703717 0.5526041666666667 0.31203703703703717 0.5526041666666667 0.3592592592592594 0.5791666666666667 0.3592592592592594
5 0.5817708333333333 0.6972222222222224 0.5479166666666667 0.6972222222222224 0.5479166666666667 0.7592592592592595 0.5817708333333333 0.7592592592592595
2 0.425 0.30092592592592604 0.39895833333333336 0.30092592592592604 0.39895833333333336 0.3462962962962964 0.425 0.3462962962962964
2 0.378125 0.30277777777777787 0.35104166666666664 0.30277777777777787 0.35104166666666664 0.3490740740740742 0.378125 0.3490740740740742
2 0.4765625 0.3074074074074075 0.4505208333333333 0.3074074074074075 0.4505208333333333 0.3537037037037038 0.4765625 0.3537037037037038
2 0.5291666666666667 0.3064814814814816 0.503125 0.3064814814814816 0.503125 0.35277777777777786 0.5291666666666667 0.35277777777777786