13 0.671875 0.49351851851851875 0.6265625 0.49351851851851875 0.6265625 0.5611111111111113 0.671875 0.5611111111111113
0 0.29635416666666675 0.8240740740740741 0.26093750000000004 0.8240740740740741 0.26093750000000004 0.8824074074074074 0.2963541666666668 0.8824074074074074
0 0.31666666666666665 0.1444444444444445 0.28177083333333336 0.1444444444444445 0.28177083333333336 0.1981481481481482 0.31666666666666665 0.1981481481481482
4 0.296875 0.7416666666666667 0.26093750000000004 0.7416666666666667 0.26093750000000004 0.7981481481481482 0.296875 0.7981481481481482
3 0.5697916666666667 0.8564814814814817 0.5395833333333333 0.8564814814814817 0.5395833333333333 0.9009259259259261 0.5697916666666667 0.9009259259259261
6 0.38385416666666666 0.7574074074074074 0.346875 0.7574074074074074 0.346875 0.812962962962963 0.38385416666666666 0.812962962962963
3 0.5739583333333333 0.15648148148148158 0.5453125 0.15648148148148158 0.5453125 0.1962962962962964 0.5739583333333333 0.1962962962962964
6 0.4015625 0.21018518518518528 0.3671875 0.21018518518518528 0.3671875 0.2620370370370371 0.4015625 0.2620370370370371
2 0.4421875 0.313888888888889 0.4119791666666667 0.313888888888889 0.4119791666666667 0.35462962962962974 0.4421875 0.35462962962962974
7 0.6098958333333333 0.7601851851851854 0.5723958333333333 0.7601851851851854 0.5723958333333333 0.8166666666666669 0.6098958333333333 0.8166666666666669
2 0.44375 0.1425925925925927 0.41510416666666666 0.1425925925925927 0.41510416666666666 0.18425925925925937 0.44375 0.18425925925925937
7 0.6234375 0.2203703703703705 0.5880208333333333 0.22037037037037047 0.5880208333333333 0.2722222222222223 0.6234375 0.2722222222222223
2 0.43333333333333335 0.48703703703703705 0.4015625 0.48703703703703705 0.4015625 0.5305555555555556 0.43333333333333335 0.5305555555555556
2 0.42447916666666674 0.850925925925926 0.39427083333333335 0.850925925925926 0.3942708333333334 0.8972222222222223 0.4244791666666668 0.8972222222222223
3 0.571875 0.6722222222222224 0.5416666666666666 0.6722222222222224 0.5416666666666666 0.7166666666666669 0.571875 0.7166666666666669
3 0.5755208333333334 0.4990740740740743 0.5458333333333333 0.4990740740740743 0.5458333333333333 0.5425925925925928 0.5755208333333334 0.5425925925925928
1 0.7 0.15277777777777793 0.6645833333333333 0.15277777777777793 0.6645833333333333 0.2046296296296298 0.7 0.2046296296296298
3 0.5744791666666667 0.3212962962962964 0.5453125 0.3212962962962964 0.5453125 0.363888888888889 0.5744791666666667 0.363888888888889
2 0.4276041666666667 0.6657407407407407 0.39739583333333334 0.6657407407407407 0.39739583333333334 0.7092592592592593 0.4276041666666667 0.7092592592592593
12 0.35104166666666664 0.45925925925925937 0.309375 0.45925925925925937 0.309375 0.525 0.35104166666666664 0.525
4 0.315625 0.3111111111111112 0.28125 0.3111111111111112 0.28125 0.36574074074074087 0.315625 0.36574074074074087
8 0.30052083333333335 0.39074074074074083 0.271875 0.39074074074074083 0.271875 0.4324074074074075 0.30052083333333335 0.4324074074074075
5 0.7067708333333333 0.24166666666666678 0.6713541666666667 0.24166666666666678 0.6713541666666667 0.29722222222222233 0.7067708333333333 0.29722222222222233
1 0.709375 0.8444444444444447 0.6708333333333333 0.8444444444444447 0.6708333333333333 0.902777777777778 0.709375 0.902777777777778
8 0.29635416666666664 0.5574074074074075 0.26666666666666666 0.5574074074074075 0.26666666666666666 0.5990740740740741 0.29635416666666664 0.5990740740740741
11 0.7072916666666667 0.6759259259259262 0.6703125 0.6759259259259262 0.6703125 0.7342592592592595 0.7072916666666667 0.7342592592592595
10 0.29739583333333336 0.649074074074074 0.26093750000000004 0.649074074074074 0.26093750000000004 0.7046296296296296 0.29739583333333336 0.7046296296296296
10 0.32083333333333336 0.22592592592592597 0.2859375 0.22592592592592597 0.2859375 0.2787037037037038 0.32083333333333336 0.2787037037037038
9 0.7083333333333334 0.400925925925926 0.6765625 0.400925925925926 0.6765625 0.44537037037037047 0.7083333333333334 0.44537037037037047
11 0.7098958333333333 0.31481481481481494 0.6734375 0.31481481481481494 0.6734375 0.37685185185185194 0.7098958333333333 0.37685185185185194
9 0.7026041666666667 0.5824074074074076 0.6739583333333333 0.5824074074074076 0.6739583333333333 0.6333333333333335 0.7026041666666667 0.6333333333333335
5 0.703125 0.7592592592592595 0.6661458333333333 0.7592592592592595 0.6661458333333333 0.8250000000000002 0.703125 0.8250000000000002