4 0.31145833333333334 0.5194444444444445 0.26302083333333337 0.5194444444444445 0.26302083333333337 0.6064814814814815 0.31145833333333334 0.6064814814814815
13 0.6984375 0.40462962962962973 0.6442708333333333 0.40462962962962973 0.6442708333333333 0.5055555555555558 0.6984375 0.5055555555555558
6 0.39791666666666664 0.562037037037037 0.34791666666666665 0.562037037037037 0.34791666666666665 0.649074074074074 0.39791666666666664 0.649074074074074
12 0.4046875 0.24814814814814826 0.3489583333333333 0.24814814814814826 0.3489583333333333 0.35092592592592603 0.4046875 0.35092592592592603
3 0.55 0.7120370370370372 0.515625 0.7120370370370372 0.515625 0.777777777777778 0.55 0.777777777777778
7 0.6015625 0.6351851851851854 0.5588541666666667 0.6351851851851854 0.5588541666666667 0.7166666666666669 0.6015625 0.7166666666666669
2 0.4786458333333333 0.31851851851851865 0.44479166666666664 0.31851851851851865 0.44479166666666664 0.3851851851851853 0.4786458333333333 0.3851851851851853
2 0.44947916666666665 0.49074074074074076 0.415625 0.49074074074074076 0.415625 0.5583333333333333 0.44947916666666665 0.5583333333333333
11 0.759375 0.2537037037037039 0.7171875 0.2537037037037038 0.7171875 0.3333333333333335 0.759375 0.33333333333333354
2 0.5166666666666667 0.14074074074074083 0.48125 0.14074074074074083 0.48125 0.20925925925925937 0.5166666666666667 0.20925925925925937
3 0.6645833333333333 0.0379629629629631 0.6307291666666667 0.037962962962963094 0.6307291666666667 0.10185185185185198 0.6645833333333333 0.10185185185185198
3 0.6125 0.3814814814814816 0.5776041666666667 0.3814814814814816 0.5776041666666667 0.44537037037037047 0.6125 0.44537037037037047
3 0.6385416666666667 0.1990740740740742 0.6036458333333333 0.19907407407407418 0.6036458333333333 0.26481481481481495 0.6385416666666667 0.26481481481481495
9 0.74375 0.3370370370370372 0.7083333333333334 0.33703703703703713 0.7083333333333334 0.40277777777777796 0.74375 0.402777777777778
3 0.5817708333333333 0.5444444444444446 0.5473958333333333 0.5444444444444446 0.5473958333333333 0.6101851851851854 0.5817708333333333 0.6101851851851854
7 0.7005208333333334 0.12500000000000017 0.6583333333333333 0.12500000000000017 0.6583333333333333 0.20277777777777795 0.7005208333333334 0.20277777777777795
9 0.7088541666666667 0.5092592592592595 0.6765625 0.5092592592592595 0.6765625 0.5731481481481484 0.7088541666666667 0.5731481481481484
2 0.41875 0.6675925925925926 0.3828125 0.6675925925925926 0.3828125 0.737037037037037 0.41875 0.737037037037037
6 0.49270833333333336 0.014814814814814916 0.44583333333333336 0.014814814814814914 0.44583333333333336 0.10092592592592603 0.49270833333333336 0.10092592592592603
5 0.6817708333333333 0.665740740740741 0.6401041666666667 0.665740740740741 0.6401041666666667 0.7472222222222225 0.6817708333333333 0.7472222222222225
1 0.7791666666666667 0.08703703703703719 0.7385416666666667 0.08703703703703719 0.7385416666666667 0.16296296296296311 0.7791666666666667 0.16296296296296311
2 0.5421875 1.1418697469827637e-16 0.5067708333333333 1.1033160514540507e-16 0.5067708333333333 0.037037037037037146 0.5421875 0.03703703703703715
5 0.7692708333333333 0.17777777777777792 0.7276041666666667 0.17777777777777792 0.7276041666666667 0.2546296296296298 0.7692708333333333 0.2546296296296298
4 0.3890625 0.0861111111111112 0.34375 0.0861111111111112 0.34375 0.16944444444444454 0.3890625 0.16944444444444454
8 0.3609375 0.16388888888888895 0.32395833333333335 0.16388888888888895 0.32395833333333335 0.2305555555555556 0.3609375 0.2305555555555556
11 0.7 0.5861111111111114 0.6578125 0.5861111111111114 0.6578125 0.665740740740741 0.7 0.665740740740741
1 0.675 0.7388888888888892 0.6322916666666667 0.7388888888888892 0.6322916666666667 0.8194444444444446 0.675 0.8194444444444446
0 0.29635416666666664 0.600925925925926 0.25000000000000006 0.600925925925926 0.25000000000000006 0.6861111111111111 0.29635416666666664 0.6861111111111111
10 0.40572916666666664 8.340071488637762e-17 0.36041666666666666 7.846810972314521e-17 0.36041666666666666 0.07592592592592601 0.40572916666666664 0.07592592592592601
8 0.33489583333333334 0.338888888888889 0.29739583333333336 0.338888888888889 0.29739583333333336 0.4064814814814816 0.33489583333333334 0.4064814814814816
10 0.3260416666666667 0.4231481481481483 0.27447916666666666 0.4231481481481483 0.27447916666666666 0.5138888888888888 0.3260416666666667 0.5138888888888888