4 0.2921875 0.6731481481481482 0.25625000000000003 0.6731481481481482 0.25625000000000003 0.7305555555555555 0.2921875 0.7305555555555555
0 0.2942708333333333 0.7555555555555555 0.25781250000000006 0.7555555555555555 0.25781250000000006 0.8138888888888889 0.2942708333333333 0.8138888888888889
13 0.6635416666666667 0.4092592592592594 0.6208333333333333 0.4092592592592594 0.6208333333333333 0.4768518518518521 0.6635416666666667 0.4768518518518521
2 0.4317708333333333 0.06759259259259269 0.4036458333333333 0.06759259259259268 0.4036458333333333 0.10833333333333342 0.4317708333333333 0.10833333333333343
7 0.6052083333333333 0.6722222222222224 0.5692708333333333 0.6722222222222224 0.5692708333333333 0.727777777777778 0.6052083333333333 0.727777777777778
2 0.43333333333333335 0.2351851851851853 0.40208333333333335 0.2351851851851853 0.40208333333333335 0.27685185185185196 0.43333333333333335 0.27685185185185196
12 0.34375 0.38240740740740753 0.3 0.38240740740740753 0.3 0.45555555555555566 0.34375 0.45555555555555566
1 0.6859375 0.06296296296296311 0.6515625 0.0629629629629631 0.6515625 0.12037037037037053 0.6859375 0.12037037037037053
6 0.38177083333333334 0.6824074074074075 0.34479166666666666 0.6824074074074075 0.34479166666666666 0.7379629629629629 0.38177083333333334 0.7379629629629629
4 0.3072916666666667 0.24722222222222232 0.271875 0.24722222222222232 0.271875 0.29907407407407416 0.3072916666666667 0.29907407407407416
3 0.5609375 0.07500000000000012 0.5317708333333333 0.07500000000000011 0.5317708333333333 0.11388888888888901 0.5609375 0.11388888888888903
2 0.42291666666666666 0.41018518518518526 0.3927083333333333 0.41018518518518526 0.3927083333333333 0.4546296296296297 0.42291666666666666 0.4546296296296297
7 0.6109375 0.14259259259259272 0.5760416666666667 0.1425925925925927 0.5760416666666667 0.19351851851851865 0.6109375 0.19351851851851867
3 0.565625 0.7712962962962965 0.5359375 0.7712962962962965 0.5359375 0.815740740740741 0.565625 0.815740740740741
3 0.5630208333333333 0.23888888888888898 0.5338541666666666 0.23888888888888898 0.5338541666666666 0.27962962962962973 0.5630208333333333 0.27962962962962973
3 0.5682291666666667 0.4129629629629631 0.5369791666666667 0.4129629629629631 0.5369791666666667 0.4564814814814816 0.5682291666666667 0.4564814814814816
2 0.421875 0.587037037037037 0.3921875 0.587037037037037 0.3921875 0.6314814814814815 0.421875 0.6314814814814815
8 0.290625 0.32314814814814824 0.2625 0.32314814814814824 0.2625 0.3648148148148149 0.290625 0.3648148148148149
6 0.38958333333333334 0.13796296296296304 0.35520833333333335 0.137962962962963 0.35520833333333335 0.18888888888888897 0.38958333333333334 0.188888888888889
2 0.42239583333333336 0.7731481481481481 0.39166666666666666 0.7731481481481481 0.39166666666666666 0.8185185185185185 0.42239583333333336 0.8185185185185185
3 0.5666666666666667 0.5861111111111114 0.5359375 0.5861111111111114 0.5359375 0.6296296296296299 0.5666666666666667 0.6296296296296299
0 0.30364583333333334 0.07962962962962969 0.26875 0.07962962962962969 0.26875 0.13240740740740747 0.30364583333333334 0.13240740740740747
11 0.6994791666666667 0.23240740740740756 0.6640625 0.23240740740740756 0.6640625 0.28703703703703715 0.6994791666666667 0.28703703703703715
8 0.2911458333333333 0.4888888888888889 0.26302083333333337 0.4888888888888889 0.26302083333333337 0.5324074074074074 0.2911458333333333 0.5324074074074074
5 0.69375 0.15740740740740758 0.6583333333333333 0.15740740740740758 0.6583333333333333 0.2120370370370372 0.69375 0.2120370370370372
10 0.29375 0.5796296296296296 0.2583333333333334 0.5796296296296296 0.2583333333333334 0.6361111111111111 0.29375 0.6361111111111111
1 0.70625 0.752777777777778 0.6682291666666667 0.752777777777778 0.6682291666666667 0.8120370370370372 0.70625 0.8120370370370372
10 0.3078125 0.15370370370370376 0.27291666666666664 0.15370370370370376 0.27291666666666664 0.21296296296296302 0.3078125 0.21296296296296302
9 0.6973958333333333 0.3064814814814816 0.6671875 0.3064814814814816 0.6671875 0.36203703703703716 0.6973958333333333 0.36203703703703716
9 0.6947916666666667 0.490740740740741 0.6661458333333333 0.490740740740741 0.6661458333333333 0.5462962962962965 0.6947916666666667 0.5462962962962965
11 0.7010416666666667 0.5768518518518521 0.6619791666666667 0.5768518518518521 0.6619791666666667 0.6444444444444447 0.7010416666666667 0.6444444444444447
5 0.6994791666666667 0.6722222222222224 0.6614583333333334 0.6722222222222224 0.6614583333333334 0.7379629629629632 0.6994791666666667 0.7379629629629632