6 0.6453125 0.6407407407407409 0.6104166666666667 0.6407407407407409 0.6104166666666667 0.6981481481481484 0.6453125 0.6981481481481484
2 0.3807291666666667 0.5712962962962963 0.35208333333333336 0.5712962962962963 0.35208333333333336 0.6185185185185185 0.3807291666666667 0.6185185185185185
2 0.4828125 0.5787037037037037 0.4546875 0.5787037037037037 0.4546875 0.625 0.4828125 0.625
3 0.48020833333333335 0.3277777777777779 0.45364583333333336 0.3277777777777779 0.45364583333333336 0.37222222222222234 0.48020833333333335 0.37222222222222234
0 0.2911458333333334 0.8203703703703704 0.2567708333333334 0.8203703703703704 0.2567708333333334 0.8787037037037037 0.29114583333333344 0.8787037037037037
2 0.6854166666666667 0.5638888888888891 0.6572916666666667 0.5638888888888891 0.6572916666666667 0.6101851851851854 0.6854166666666667 0.6101851851851854
3 0.5776041666666667 0.3277777777777779 0.5494791666666666 0.3277777777777779 0.5494791666666666 0.37222222222222234 0.5776041666666667 0.37222222222222234
5 0.3416666666666667 0.1231481481481482 0.309375 0.1231481481481482 0.309375 0.17222222222222228 0.3416666666666667 0.17222222222222228
2 0.5848958333333333 0.5694444444444446 0.55625 0.5694444444444446 0.55625 0.6157407407407409 0.5848958333333333 0.6157407407407409
3 0.675 0.325925925925926 0.646875 0.325925925925926 0.646875 0.37037037037037046 0.675 0.37037037037037046
6 0.32760416666666664 0.6527777777777778 0.29322916666666665 0.6527777777777778 0.29322916666666665 0.7175925925925926 0.32760416666666664 0.7175925925925926
3 0.3796875 0.34074074074074084 0.3515625 0.34074074074074084 0.3515625 0.38425925925925936 0.3796875 0.38425925925925936
2 0.28125 0.5814814814814815 0.25312500000000004 0.5814814814814815 0.25312500000000004 0.6268518518518519 0.28125 0.6268518518518519
5 0.6223958333333334 0.11388888888888903 0.5880208333333333 0.11388888888888903 0.5880208333333333 0.17685185185185198 0.6223958333333334 0.176851851851852
9 0.4239583333333333 0.11759259259259268 0.39739583333333334 0.11759259259259267 0.39739583333333334 0.15925925925925938 0.4239583333333333 0.15925925925925938
7 0.628125 0.2601851851851853 0.5947916666666667 0.2601851851851853 0.5947916666666667 0.3157407407407408 0.628125 0.3157407407407408
7 0.33229166666666665 0.25925925925925936 0.2984375 0.25925925925925936 0.2984375 0.3157407407407408 0.33229166666666665 0.3157407407407408
12 0.48541666666666666 0.7203703703703704 0.4427083333333333 0.7203703703703703 0.4427083333333333 0.7972222222222223 0.48541666666666666 0.7972222222222224
3 0.2859375 0.35277777777777786 0.259375 0.35277777777777786 0.259375 0.3962962962962964 0.2859375 0.3962962962962964
4 0.6447916666666667 0.8046296296296298 0.609375 0.8046296296296298 0.609375 0.8638888888888892 0.6447916666666667 0.8638888888888892
8 0.5333333333333333 0.8203703703703705 0.503125 0.8203703703703705 0.503125 0.8666666666666669 0.5333333333333333 0.8666666666666669
9 0.5229166666666667 0.1212962962962964 0.49583333333333335 0.1212962962962964 0.49583333333333335 0.16203703703703715 0.5229166666666667 0.16203703703703715
8 0.4333333333333334 0.8305555555555556 0.40572916666666664 0.8305555555555556 0.40572916666666675 0.8768518518518519 0.43333333333333346 0.8768518518518519
13 0.4864583333333333 0.17222222222222233 0.44635416666666666 0.17222222222222233 0.44635416666666666 0.23703703703703713 0.4864583333333333 0.23703703703703713
1 0.6640625 0.10462962962962977 0.63125 0.10462962962962977 0.63125 0.15740740740740758 0.6640625 0.15740740740740758
0 0.6927083333333334 0.7972222222222224 0.6567708333333333 0.7972222222222224 0.6567708333333333 0.8611111111111113 0.6927083333333334 0.8611111111111113
4 0.39322916666666674 0.8018518518518518 0.3567708333333333 0.8018518518518518 0.35677083333333337 0.8648148148148148 0.3932291666666668 0.8648148148148148
1 0.2911458333333333 0.13240740740740747 0.25833333333333336 0.13240740740740747 0.25833333333333336 0.19351851851851856 0.2911458333333333 0.19351851851851856
11 0.38333333333333336 0.1148148148148149 0.35104166666666664 0.1148148148148149 0.35104166666666664 0.17314814814814822 0.38333333333333336 0.17314814814814825
11 0.5770833333333333 0.1101851851851853 0.5411458333333333 0.11018518518518529 0.5411458333333333 0.17037037037037048 0.5770833333333333 0.17037037037037048
10 0.3401041666666667 0.8064814814814815 0.30416666666666664 0.8064814814814815 0.30416666666666675 0.8712962962962963 0.34010416666666676 0.8712962962962963
10 0.5932291666666667 0.8055555555555558 0.5578125 0.8055555555555558 0.5578125 0.8722222222222225 0.5932291666666667 0.8722222222222225