6 0.6348958333333333 0.24351851851851863 0.5958333333333333 0.24351851851851863 0.5958333333333333 0.3037037037037038 0.6348958333333333 0.3037037037037038
5 0.6328125 0.7694444444444447 0.5942708333333333 0.7694444444444447 0.5942708333333333 0.827777777777778 0.6328125 0.827777777777778
1 0.48125 0.07592592592592604 0.44375 0.07592592592592604 0.44375 0.1324074074074075 0.48125 0.1324074074074075
7 0.6348958333333333 0.07592592592592606 0.5947916666666667 0.07592592592592606 0.5947916666666667 0.13425925925925938 0.6348958333333333 0.1342592592592594
12 0.5880208333333333 0.06851851851851863 0.5390625 0.06851851851851862 0.5390625 0.13981481481481492 0.5880208333333333 0.13981481481481492
4 0.5770833333333333 0.5074074074074076 0.5395833333333333 0.5074074074074076 0.5395833333333333 0.5694444444444446 0.5770833333333333 0.5694444444444446
7 0.7375 0.5972222222222224 0.6984375 0.5972222222222224 0.6984375 0.6574074074074077 0.7375 0.6574074074074077
10 0.5156250000000001 0.8453703703703704 0.4796875 0.8453703703703703 0.47968750000000004 0.9083333333333334 0.5156250000000001 0.9083333333333335
0 0.4708333333333333 0.2351851851851853 0.434375 0.2351851851851853 0.434375 0.2981481481481483 0.4708333333333333 0.2981481481481483
3 0.5739583333333333 0.5907407407407409 0.5411458333333333 0.5907407407407409 0.5411458333333333 0.6398148148148151 0.5739583333333333 0.6398148148148151
2 0.6869791666666667 0.42407407407407416 0.6546875 0.42407407407407416 0.6546875 0.4712962962962964 0.6869791666666667 0.4712962962962964
2 0.6817708333333333 0.6888888888888891 0.65 0.6888888888888891 0.65 0.7361111111111113 0.6817708333333333 0.7361111111111113
8 0.575 0.24166666666666678 0.5432291666666667 0.24166666666666678 0.5432291666666667 0.288888888888889 0.575 0.288888888888889
10 0.5276041666666667 0.15370370370370381 0.49114583333333334 0.15370370370370381 0.49114583333333334 0.21203703703703713 0.5276041666666667 0.21203703703703713
3 0.4119791666666667 0.5009259259259259 0.37916666666666665 0.5009259259259259 0.37916666666666665 0.549074074074074 0.4119791666666667 0.549074074074074
3 0.4635416666666667 0.5064814814814815 0.43125 0.5064814814814815 0.43125 0.5546296296296296 0.4635416666666667 0.5546296296296296
3 0.6822916666666666 0.5074074074074076 0.6494791666666667 0.5074074074074076 0.6494791666666667 0.5546296296296298 0.6822916666666666 0.5546296296296298
4 0.690625 0.24907407407407417 0.6520833333333333 0.24907407407407417 0.6520833333333333 0.30555555555555564 0.690625 0.30555555555555564
3 0.51875 0.4111111111111112 0.4864583333333333 0.4111111111111112 0.4864583333333333 0.45925925925925937 0.51875 0.45925925925925937
13 0.4713541666666667 0.7564814814814815 0.42291666666666666 0.7564814814814815 0.42291666666666666 0.8277777777777777 0.4713541666666667 0.8277777777777777
2 0.40989583333333335 0.6768518518518518 0.3776041666666667 0.6768518518518518 0.3776041666666667 0.725925925925926 0.40989583333333335 0.725925925925926
11 0.36822916666666666 0.23425925925925933 0.32864583333333336 0.2342592592592593 0.32864583333333336 0.2925925925925927 0.36822916666666666 0.2925925925925927
11 0.5276041666666667 0.23703703703703713 0.49114583333333334 0.23703703703703713 0.49114583333333334 0.29907407407407416 0.5276041666666667 0.29907407407407416
5 0.5213541666666667 0.5842592592592594 0.48125 0.5842592592592593 0.48125 0.6425925925925927 0.5213541666666667 0.6425925925925928
9 0.5171875 0.7620370370370373 0.4875 0.7620370370370373 0.4875 0.815740740740741 0.5171875 0.815740740740741
1 0.4703125 0.6685185185185185 0.4296875 0.6685185185185185 0.4296875 0.7296296296296296 0.4703125 0.7296296296296296
8 0.5255208333333333 0.0712962962962964 0.49375 0.0712962962962964 0.49375 0.11574074074074085 0.5255208333333333 0.11574074074074085
6 0.30416666666666664 0.49537037037037035 0.26666666666666666 0.49537037037037035 0.26666666666666666 0.5583333333333333 0.30416666666666664 0.5583333333333333
0 0.5703125 0.6796296296296298 0.5364583333333334 0.6796296296296298 0.5364583333333334 0.7416666666666669 0.5703125 0.7416666666666669
2 0.4666666666666667 0.41203703703703715 0.4348958333333333 0.41203703703703715 0.4348958333333333 0.463888888888889 0.4666666666666667 0.463888888888889
9 0.5729166666666666 0.7740740740740742 0.5395833333333333 0.7740740740740742 0.5395833333333333 0.827777777777778 0.5729166666666666 0.827777777777778
2 0.3536458333333333 0.6731481481481482 0.3229166666666667 0.6731481481481482 0.3229166666666667 0.7277777777777777 0.3536458333333333 0.7277777777777777