6 0.35104166666666664 0.3990740740740742 0.2994791666666667 0.3990740740740742 0.2994791666666667 0.49722222222222223 0.35104166666666664 0.49722222222222223
4 0.5067708333333333 0.32222222222222235 0.45364583333333336 0.32222222222222235 0.45364583333333336 0.4231481481481483 0.5067708333333333 0.4231481481481483
4 0.321875 0.31851851851851865 0.26979166666666665 0.31851851851851865 0.26979166666666665 0.41574074074074086 0.321875 0.41574074074074086
8 0.37604166666666666 0.49166666666666664 0.3333333333333333 0.49166666666666664 0.3333333333333333 0.5712962962962963 0.37604166666666666 0.5712962962962963
12 0.30833333333333335 0.5638888888888889 0.2447916666666667 0.5638888888888889 0.2447916666666667 0.6824074074074075 0.30833333333333335 0.6824074074074075
10 0.3692708333333333 0.6083333333333333 0.31875 0.6083333333333333 0.31875 0.6981481481481482 0.3692708333333333 0.6981481481481482
3 0.5890625 0.5694444444444446 0.5458333333333333 0.5694444444444446 0.5458333333333333 0.6509259259259261 0.5890625 0.6509259259259261
5 0.5744791666666667 0.3592592592592594 0.5208333333333334 0.3592592592592594 0.5208333333333334 0.45555555555555566 0.5744791666666667 0.45555555555555566
0 0.4395833333333333 0.6388888888888888 0.390625 0.6388888888888888 0.390625 0.7296296296296296 0.4395833333333333 0.7296296296296296
3 0.5609375 0.48981481481481504 0.5171875 0.48981481481481504 0.5171875 0.5712962962962965 0.5609375 0.5712962962962965
2 0.3958333333333333 0.2222222222222223 0.35052083333333334 0.22222222222222227 0.35052083333333334 0.3064814814814816 0.3958333333333333 0.3064814814814816
2 0.5234375 0.0712962962962964 0.4765625 0.0712962962962964 0.4765625 0.15555555555555567 0.5234375 0.15555555555555567
8 0.3223958333333333 0.6703703703703704 0.28229166666666666 0.6703703703703704 0.28229166666666666 0.7416666666666667 0.3223958333333333 0.7416666666666667
3 0.5401041666666667 0.28055555555555567 0.4947916666666667 0.28055555555555567 0.4947916666666667 0.3648148148148149 0.5401041666666667 0.3648148148148149
11 0.5010416666666667 0.7814814814814816 0.44375 0.7814814814814814 0.44375000000000003 0.8879629629629631 0.5010416666666668 0.8879629629629632
3 0.48854166666666665 0.4703703703703705 0.440625 0.4703703703703705 0.440625 0.5574074074074075 0.48854166666666665 0.5574074074074076
11 0.4083333333333333 0.5564814814814815 0.35625 0.5564814814814815 0.35625 0.6509259259259259 0.4083333333333333 0.6509259259259259
1 0.6453125 0.37962962962962976 0.590625 0.37962962962962976 0.590625 0.4805555555555558 0.6453125 0.4805555555555558
9 0.6484375 0.26481481481481495 0.60625 0.26481481481481495 0.60625 0.338888888888889 0.6484375 0.338888888888889
2 0.7036458333333333 0.5425925925925928 0.6588541666666666 0.5425925925925928 0.6588541666666666 0.6259259259259261 0.7036458333333333 0.6259259259259261
13 0.6932291666666667 0.32314814814814824 0.6302083333333334 0.32314814814814824 0.6302083333333334 0.4361111111111112 0.6932291666666667 0.4361111111111112
9 0.6239583333333333 0.1805555555555557 0.5828125 0.18055555555555566 0.5828125 0.25555555555555565 0.6239583333333333 0.25555555555555565
2 0.51875 0.5425925925925927 0.4713541666666667 0.5425925925925926 0.4713541666666667 0.625925925925926 0.51875 0.6259259259259261
5 0.5947916666666667 0.08518518518518531 0.5427083333333333 0.0851851851851853 0.5427083333333333 0.18148148148148158 0.5947916666666667 0.18148148148148158
2 0.6708333333333333 0.4685185185185186 0.628125 0.4685185185185186 0.628125 0.5481481481481484 0.6708333333333333 0.5481481481481484
0 0.5890625 0.22407407407407418 0.5338541666666666 0.22407407407407418 0.5338541666666666 0.3240740740740742 0.5890625 0.3240740740740742
7 0.2734375 0.5 0.2213541666666667 0.5 0.2213541666666667 0.5935185185185186 0.2734375 0.5935185185185186
6 0.659375 0.714814814814815 0.6041666666666666 0.714814814814815 0.6041666666666666 0.815740740740741 0.659375 0.815740740740741
10 0.6973958333333333 0.20740740740740757 0.6421875 0.20740740740740757 0.6421875 0.3037037037037038 0.6973958333333333 0.3037037037037038
7 0.4583333333333333 0.04074074074074084 0.4046875 0.040740740740740834 0.4046875 0.138888888888889 0.4583333333333333 0.138888888888889
3 0.4375 0.17962962962962972 0.39427083333333335 0.17962962962962972 0.39427083333333335 0.25740740740740753 0.4375 0.25740740740740753
1 0.36041666666666666 0.7222222222222222 0.30885416666666665 0.7222222222222222 0.30885416666666665 0.8148148148148148 0.36041666666666666 0.8148148148148148