13 0.403125 0.338888888888889 0.34479166666666666 0.338888888888889 0.34479166666666666 0.4407407407407408 0.403125 0.4407407407407408
0 0.8083333333333333 0.36481481481481504 0.7609375 0.36481481481481504 0.7609375 0.4472222222222224 0.8083333333333333 0.4472222222222224
7 0.5114583333333333 0.16574074074074086 0.46458333333333335 0.16574074074074086 0.46458333333333335 0.2462962962962964 0.5114583333333333 0.2462962962962964
4 0.7875 0.44351851851851876 0.740625 0.44351851851851876 0.740625 0.5250000000000002 0.7875 0.5250000000000002
3 0.4244791666666667 0.5944444444444444 0.3880208333333333 0.5944444444444444 0.3880208333333333 0.6564814814814814 0.4244791666666667 0.6564814814814814
3 0.46875 0.4314814814814816 0.43072916666666666 0.4314814814814816 0.43072916666666666 0.49537037037037035 0.46875 0.49537037037037035
2 0.49739583333333337 0.8592592592592594 0.46145833333333336 0.8592592592592593 0.4614583333333334 0.9194444444444445 0.4973958333333334 0.9194444444444446
6 0.5598958333333334 0.8259259259259262 0.5161458333333333 0.8259259259259262 0.5161458333333334 0.9000000000000002 0.5598958333333334 0.9000000000000002
4 0.6630208333333333 0.802777777777778 0.6171875 0.802777777777778 0.6171875 0.8814814814814816 0.6630208333333333 0.8814814814814816
1 0.2786458333333333 0.6305555555555555 0.23437500000000006 0.6305555555555555 0.23437500000000006 0.7055555555555556 0.2786458333333333 0.7055555555555556
2 0.540625 0.7129629629629631 0.5036458333333333 0.7129629629629631 0.5036458333333333 0.7740740740740742 0.540625 0.7740740740740742
6 0.7140625 0.35462962962962974 0.6666666666666666 0.35462962962962974 0.6666666666666666 0.4361111111111112 0.7140625 0.4361111111111112
7 0.3625 0.6277777777777778 0.3177083333333333 0.6277777777777778 0.3177083333333333 0.7046296296296296 0.3625 0.7046296296296296
2 0.640625 0.4064814814814816 0.6026041666666667 0.4064814814814816 0.6026041666666667 0.4722222222222223 0.640625 0.4722222222222223
2 0.5947916666666667 0.564814814814815 0.5572916666666666 0.564814814814815 0.5572916666666666 0.6268518518518521 0.5947916666666667 0.6268518518518521
3 0.5151041666666667 0.2861111111111112 0.4765625 0.2861111111111112 0.4765625 0.35185185185185197 0.5151041666666667 0.35185185185185197
0 0.6213541666666667 0.9490740740740741 0.5760416666666667 0.9490740740740741 0.5760416666666667 1 0.6213541666666667 1
3 0.384375 0.7407407407407407 0.3489583333333333 0.7407407407407407 0.3489583333333333 0.8009259259259259 0.384375 0.8009259259259259
12 0.6760416666666667 0.6379629629629632 0.621875 0.6379629629629632 0.621875 0.7314814814814817 0.6760416666666667 0.7314814814814817
3 0.5640625 0.12314814814814826 0.525 0.12314814814814826 0.525 0.188888888888889 0.5640625 0.188888888888889
2 0.6921875 0.24907407407407417 0.6526041666666667 0.24907407407407417 0.6526041666666667 0.31481481481481494 0.6921875 0.31481481481481494
8 0.6885416666666667 0.7592592592592595 0.6520833333333333 0.7592592592592595 0.6520833333333333 0.8203703703703705 0.6885416666666667 0.8203703703703705
1 0.44583333333333336 0.015740740740740833 0.3958333333333333 0.015740740740740826 0.3958333333333333 0.09074074074074083 0.44583333333333336 0.09074074074074084
8 0.73125 0.614814814814815 0.6947916666666667 0.614814814814815 0.6947916666666667 0.6759259259259262 0.73125 0.6759259259259262
5 0.296875 0.5407407407407407 0.2510416666666667 0.5407407407407407 0.2510416666666667 0.6194444444444445 0.296875 0.6194444444444445
9 0.3770833333333333 0.25462962962962976 0.3390625 0.25462962962962976 0.3390625 0.32037037037037047 0.3770833333333333 0.32037037037037047
5 0.4296875 0.08611111111111121 0.3828125 0.0861111111111112 0.3828125 0.1675925925925927 0.4296875 0.1675925925925927
10 0.6364583333333333 0.8805555555555558 0.5911458333333334 0.8805555555555558 0.5911458333333334 0.9601851851851851 0.6364583333333333 0.9601851851851851
10 0.7625 0.5222222222222225 0.7151041666666667 0.5222222222222225 0.7151041666666667 0.6055555555555557 0.7625 0.6055555555555557
11 0.3140625 0.46759259259259267 0.26666666666666666 0.46759259259259267 0.26666666666666666 0.5546296296296296 0.3140625 0.5546296296296296
9 0.328125 0.4092592592592594 0.29010416666666666 0.4092592592592594 0.29010416666666666 0.47962962962962963 0.328125 0.47962962962962963
11 0.403125 0.16111111111111118 0.35833333333333334 0.16111111111111118 0.35833333333333334 0.24166666666666678 0.403125 0.24166666666666678