12 0.3296875 0.6314814814814815 0.28020833333333334 0.6314814814814815 0.28020833333333334 0.7287037037037037 0.3296875 0.7287037037037037
5 0.7229166666666667 0.627777777777778 0.684375 0.627777777777778 0.684375 0.7037037037037039 0.7229166666666667 0.7037037037037039
1 0.3067708333333333 0.4601851851851853 0.26666666666666666 0.4601851851851853 0.26666666666666666 0.537962962962963 0.3067708333333333 0.537962962962963
10 0.36302083333333335 0.5342592592592592 0.321875 0.5342592592592592 0.321875 0.6157407407407407 0.36302083333333335 0.6157407407407407
7 0.33645833333333336 0.737037037037037 0.2947916666666667 0.737037037037037 0.2947916666666667 0.8157407407407408 0.33645833333333336 0.8157407407407408
5 0.6052083333333333 0.4583333333333334 0.5651041666666666 0.4583333333333334 0.5651041666666666 0.5361111111111113 0.6052083333333333 0.5361111111111113
7 0.6489583333333333 0.8333333333333336 0.609375 0.8333333333333336 0.609375 0.9111111111111113 0.6489583333333333 0.9111111111111113
1 0.6421875 0.3537037037037038 0.6026041666666667 0.3537037037037038 0.6026041666666667 0.4314814814814816 0.6421875 0.4314814814814816
9 0.6942708333333333 0.44166666666666676 0.6630208333333333 0.44166666666666676 0.6630208333333333 0.5074074074074076 0.6942708333333333 0.5074074074074076
4 0.5697916666666667 0.5694444444444446 0.53125 0.5694444444444446 0.53125 0.6462962962962965 0.5697916666666667 0.6462962962962965
6 0.43385416666666665 0.7148148148148148 0.39375 0.7148148148148148 0.39375 0.7898148148148149 0.43385416666666665 0.7898148148148149
11 0.37916666666666665 0.23425925925925933 0.3385416666666667 0.2342592592592593 0.3385416666666667 0.31203703703703717 0.37916666666666665 0.31203703703703717
2 0.6203125 0.1703703703703705 0.5833333333333334 0.17037037037037048 0.5833333333333334 0.23333333333333348 0.6203125 0.2333333333333335
4 0.44375000000000003 0.8092592592592592 0.4036458333333333 0.8092592592592592 0.40364583333333337 0.8842592592592593 0.44375000000000014 0.8842592592592593
10 0.7453125 0.41111111111111126 0.7020833333333333 0.4111111111111112 0.7020833333333333 0.4962962962962965 0.7453125 0.4962962962962965
2 0.5385416666666667 0.7916666666666669 0.5041666666666667 0.7916666666666669 0.5041666666666667 0.8518518518518521 0.5385416666666667 0.8518518518518521
3 0.5822916666666667 0.7657407407407409 0.5510416666666667 0.7657407407407409 0.5510416666666667 0.8296296296296298 0.5822916666666667 0.8296296296296298
3 0.6109375 0.5611111111111113 0.5791666666666667 0.5611111111111113 0.5791666666666667 0.6231481481481483 0.6109375 0.6231481481481483
3 0.5453125 0.38240740740740753 0.5114583333333333 0.38240740740740753 0.5114583333333333 0.4527777777777779 0.5453125 0.4527777777777779
2 0.6817708333333333 0.7351851851851854 0.65 0.7351851851851854 0.65 0.7981481481481484 0.6817708333333333 0.7981481481481484
3 0.53125 0.29537037037037045 0.49895833333333334 0.29537037037037045 0.49895833333333334 0.3574074074074075 0.53125 0.3574074074074075
8 0.4161458333333333 0.6212962962962963 0.38385416666666666 0.6212962962962963 0.38385416666666666 0.6833333333333333 0.4161458333333333 0.6833333333333333
3 0.5 0.49537037037037046 0.46510416666666665 0.49537037037037035 0.46510416666666665 0.5601851851851853 0.5 0.5601851851851853
2 0.6260416666666667 0.2666666666666668 0.5953125 0.2666666666666668 0.5953125 0.32870370370370383 0.6260416666666667 0.32870370370370383
6 0.5182291666666666 0.09074074074074084 0.478125 0.09074074074074084 0.478125 0.16851851851851862 0.5182291666666666 0.16851851851851862
0 0.39947916666666666 0.42407407407407416 0.35885416666666664 0.42407407407407416 0.35885416666666664 0.5027777777777778 0.39947916666666666 0.5027777777777778
2 0.49166666666666664 0.4027777777777779 0.4588541666666667 0.4027777777777779 0.4588541666666667 0.4666666666666668 0.49166666666666664 0.4666666666666668
0 0.6630208333333333 0.5388888888888891 0.6229166666666667 0.5388888888888891 0.6229166666666667 0.6166666666666669 0.6630208333333333 0.6166666666666669
13 0.6932291666666667 0.32870370370370383 0.64375 0.32870370370370383 0.64375 0.42222222222222233 0.6932291666666667 0.42222222222222233
9 0.7098958333333333 0.5333333333333335 0.675 0.5333333333333335 0.675 0.5981481481481483 0.7098958333333333 0.5981481481481483
11 0.4125 0.5231481481481481 0.37447916666666664 0.5231481481481481 0.37447916666666664 0.5990740740740741 0.4125 0.5990740740740741
8 0.309375 0.5555555555555556 0.2765625 0.5555555555555556 0.2765625 0.6194444444444445 0.309375 0.6194444444444445