4 0.596875 0.48703703703703727 0.54375 0.48703703703703727 0.54375 0.5796296296296298 0.596875 0.5796296296296298
4 0.35 0.3712962962962964 0.29739583333333336 0.3712962962962964 0.29739583333333336 0.4629629629629631 0.35 0.4629629629629631
11 0.5020833333333333 0.6027777777777779 0.4479166666666667 0.6027777777777777 0.4479166666666667 0.6972222222222223 0.5020833333333333 0.6972222222222224
12 0.4192708333333333 0.18055555555555564 0.35520833333333335 0.1805555555555556 0.35520833333333335 0.29074074074074086 0.4192708333333333 0.29074074074074086
8 0.4265625 0.07129629629629639 0.38385416666666666 0.07129629629629637 0.38385416666666666 0.14351851851851863 0.4265625 0.14351851851851863
6 0.5494791666666666 0.5453703703703706 0.49583333333333335 0.5453703703703706 0.49583333333333335 0.6370370370370373 0.5494791666666666 0.6370370370370373
8 0.3302083333333333 0.1981481481481482 0.28854166666666664 0.1981481481481482 0.28854166666666664 0.26944444444444454 0.3302083333333333 0.26944444444444454
5 0.5395833333333333 0.8740740740740743 0.48645833333333344 0.8740740740740743 0.48645833333333344 0.9657407407407408 0.5395833333333333 0.9657407407407408
10 0.2953125 0.24722222222222232 0.24322916666666666 0.24722222222222232 0.24322916666666666 0.33703703703703713 0.2953125 0.33703703703703713
2 0.5979166666666667 0.15833333333333344 0.5541666666666667 0.15833333333333344 0.5541666666666667 0.23425925925925936 0.5979166666666667 0.23425925925925936
2 0.6416666666666667 0.11759259259259272 0.5989583333333334 0.11759259259259272 0.5989583333333334 0.18981481481481494 0.6416666666666667 0.18981481481481496
13 0.634375 0.7509259259259261 0.571875 0.7509259259259261 0.571875 0.8583333333333335 0.634375 0.8583333333333335
3 0.4083333333333333 0.7287037037037037 0.365625 0.7287037037037037 0.365625 0.8009259259259259 0.4083333333333333 0.8009259259259259
2 0.4640625 0.35648148148148157 0.42135416666666664 0.35648148148148157 0.42135416666666664 0.4287037037037038 0.4640625 0.4287037037037038
0 0.6015625 0.690740740740741 0.55 0.690740740740741 0.55 0.7805555555555558 0.6015625 0.7805555555555558
3 0.4401041666666667 0.6842592592592592 0.39791666666666664 0.6842592592592592 0.39791666666666664 0.7592592592592593 0.4401041666666667 0.7592592592592593
2 0.36770833333333336 0.4564814814814816 0.3260416666666667 0.4564814814814816 0.3260416666666667 0.5305555555555556 0.36770833333333336 0.5305555555555556