1 0.7020833333333333 0.5435185185185187 0.659375 0.5435185185185187 0.659375 0.6268518518518521 0.7020833333333333 0.6268518518518521
5 0.3489583333333333 0.1805555555555556 0.309375 0.1805555555555556 0.309375 0.2601851851851853 0.3489583333333333 0.2601851851851853
2 0.5067708333333333 0.5185185185185186 0.4713541666666667 0.5185185185185185 0.4713541666666667 0.588888888888889 0.5067708333333333 0.5888888888888891
7 0.7354166666666667 0.26759259259259277 0.69375 0.2675925925925927 0.69375 0.34907407407407426 0.7354166666666667 0.34907407407407426
9 0.32760416666666664 0.3814814814814816 0.2947916666666667 0.3814814814814816 0.2947916666666667 0.4425925925925927 0.32760416666666664 0.4425925925925927
1 0.36614583333333334 0.47685185185185186 0.3260416666666667 0.47685185185185186 0.3260416666666667 0.5601851851851852 0.36614583333333334 0.5601851851851852
12 0.7307291666666667 0.35370370370370385 0.6791666666666667 0.3537037037037038 0.6791666666666667 0.4546296296296298 0.7307291666666667 0.45462962962962983
4 0.6489583333333333 0.14537037037037054 0.6078125 0.14537037037037054 0.6078125 0.226851851851852 0.6489583333333333 0.226851851851852
3 0.4317708333333333 0.3101851851851853 0.39895833333333336 0.3101851851851853 0.39895833333333336 0.37222222222222234 0.4317708333333333 0.37222222222222234
8 0.625 0.35277777777777786 0.5921875 0.35277777777777786 0.5921875 0.42037037037037045 0.625 0.42037037037037045
7 0.4666666666666667 0.023148148148148244 0.425 0.02314814814814824 0.425 0.09907407407407418 0.4666666666666667 0.09907407407407418
5 0.4234375 0.39814814814814825 0.38385416666666666 0.39814814814814825 0.38385416666666666 0.4777777777777778 0.4234375 0.4777777777777778
3 0.44583333333333336 0.6046296296296296 0.4109375 0.6046296296296296 0.4109375 0.674074074074074 0.44583333333333336 0.674074074074074
2 0.3494791666666667 0.5787037037037037 0.3182291666666667 0.5787037037037037 0.3182291666666667 0.6472222222222223 0.3494791666666667 0.6472222222222223
2 0.40572916666666664 0.11018518518518526 0.3729166666666667 0.11018518518518526 0.3729166666666667 0.1750000000000001 0.40572916666666664 0.1750000000000001
10 0.6666666666666666 0.4500000000000001 0.625 0.4500000000000001 0.625 0.5231481481481484 0.6666666666666666 0.5231481481481484
6 0.6395833333333333 0.24074074074074084 0.5973958333333333 0.24074074074074084 0.5973958333333333 0.32314814814814824 0.6395833333333333 0.32314814814814824
3 0.5020833333333333 0.12592592592592602 0.46927083333333336 0.12592592592592602 0.46927083333333336 0.19351851851851862 0.5020833333333333 0.19351851851851862
3 0.4546875 0.5092592592592593 0.4203125 0.5092592592592593 0.4203125 0.5768518518518518 0.4546875 0.5768518518518518
2 0.5510416666666667 0.12870370370370382 0.51875 0.12870370370370382 0.51875 0.19537037037037047 0.5510416666666667 0.19537037037037047
0 0.38697916666666665 0.2935185185185186 0.3453125 0.2935185185185186 0.3453125 0.3712962962962964 0.38697916666666665 0.3712962962962964
4 0.48020833333333335 0.3074074074074075 0.43854166666666666 0.3074074074074075 0.43854166666666666 0.388888888888889 0.48020833333333335 0.388888888888889
2 0.3375 0.6759259259259259 0.30572916666666666 0.6759259259259259 0.30572916666666666 0.7425925925925926 0.3375 0.7425925925925926
3 0.5208333333333334 0.426851851851852 0.4859375 0.426851851851852 0.4859375 0.49814814814814834 0.5208333333333334 0.49814814814814834
8 0.7151041666666667 0.46759259259259267 0.6817708333333333 0.46759259259259267 0.6817708333333333 0.5324074074074077 0.7151041666666667 0.5324074074074077
13 0.3223958333333333 0.4666666666666668 0.2755208333333333 0.4666666666666668 0.2755208333333333 0.55 0.3223958333333333 0.55
9 0.3333333333333333 0.2879629629629631 0.3 0.2879629629629631 0.3 0.3537037037037038 0.3333333333333333 0.3537037037037038
11 0.6177083333333333 0.4324074074074075 0.575 0.4324074074074075 0.575 0.5138888888888891 0.6177083333333333 0.5138888888888891
10 0.2859375 0.3750000000000001 0.24635416666666668 0.3750000000000001 0.2463541666666667 0.44722222222222235 0.2859375 0.44722222222222235
11 0.5854166666666667 0.7203703703703705 0.5411458333333333 0.7203703703703705 0.5411458333333333 0.8009259259259262 0.5854166666666667 0.8009259259259262
6 0.42500000000000004 0.7935185185185185 0.38385416666666666 0.7935185185185185 0.3838541666666667 0.8722222222222222 0.4250000000000001 0.8722222222222222
0 0.6052083333333333 0.5398148148148151 0.5645833333333333 0.5398148148148151 0.5645833333333333 0.6138888888888892 0.6052083333333333 0.6138888888888892