2 0.6692708333333334 0.3777777777777779 0.6463541666666667 0.3777777777777779 0.6463541666666667 0.4175925925925927 0.6692708333333334 0.4175925925925927
12 0.5130208333333334 0.5629629629629631 0.478125 0.562962962962963 0.478125 0.6250000000000001 0.5130208333333334 0.6250000000000002
6 0.6708333333333333 0.5083333333333335 0.6411458333333333 0.5083333333333335 0.6411458333333333 0.5592592592592595 0.6708333333333333 0.5592592592592595
13 0.7895833333333333 0.5222222222222225 0.753125 0.5222222222222225 0.753125 0.5842592592592595 0.7895833333333333 0.5842592592592595
7 0.6645833333333333 0.6611111111111113 0.6338541666666667 0.6611111111111113 0.6338541666666667 0.7129629629629631 0.6645833333333333 0.7129629629629631
3 0.6171875 0.739814814814815 0.5932291666666667 0.739814814814815 0.5932291666666667 0.7814814814814817 0.6171875 0.7814814814814817
0 0.703125 0.5907407407407409 0.6729166666666667 0.5907407407407409 0.6729166666666667 0.6444444444444447 0.703125 0.6444444444444447
5 0.5260416666666666 0.2879629629629631 0.4984375 0.2879629629629631 0.4984375 0.3361111111111112 0.5260416666666666 0.3361111111111112
10 0.7895833333333333 0.30462962962962986 0.7614583333333333 0.30462962962962986 0.7614583333333333 0.3537037037037039 0.7895833333333333 0.3537037037037039
3 0.740625 0.6814814814814817 0.7166666666666667 0.6814814814814817 0.7166666666666667 0.7240740740740743 0.740625 0.7240740740740743
6 0.7484375 0.3731481481481483 0.7192708333333333 0.37314814814814823 0.7192708333333333 0.4240740740740742 0.7484375 0.42407407407407427
2 0.6234375 0.5925925925925928 0.6005208333333333 0.5925925925925928 0.6005208333333333 0.6342592592592595 0.6234375 0.6342592592592595
1 0.5265625 0.3574074074074075 0.4973958333333333 0.3574074074074075 0.4973958333333333 0.4064814814814816 0.5265625 0.4064814814814816
9 0.7822916666666667 0.45555555555555577 0.759375 0.45555555555555577 0.759375 0.49722222222222245 0.7822916666666667 0.49722222222222245
10 0.5875 0.5814814814814817 0.5583333333333333 0.5814814814814817 0.5583333333333333 0.6333333333333335 0.5875 0.6333333333333335
3 0.5979166666666667 0.22685185185185194 0.575 0.22685185185185194 0.575 0.26481481481481495 0.5979166666666667 0.26481481481481495
7 0.825 0.526851851851852 0.7953125 0.526851851851852 0.7953125 0.577777777777778 0.825 0.577777777777778
3 0.6692708333333334 0.3064814814814816 0.6479166666666667 0.3064814814814816 0.6479166666666667 0.34444444444444455 0.6692708333333334 0.34444444444444455
2 0.7088541666666667 0.24166666666666678 0.6859375 0.24166666666666678 0.6859375 0.2814814814814816 0.7088541666666667 0.2814814814814816
3 0.6276041666666666 0.44722222222222235 0.6052083333333333 0.44722222222222235 0.6052083333333333 0.4861111111111113 0.6276041666666666 0.4861111111111113
2 0.6234375 0.5166666666666668 0.6005208333333333 0.5166666666666668 0.6005208333333333 0.5574074074074076 0.6234375 0.5574074074074076
2 0.6927083333333334 0.8259259259259262 0.6692708333333334 0.8259259259259262 0.6692708333333334 0.8685185185185187 0.6927083333333334 0.8685185185185187
9 0.7453125 0.5240740740740742 0.7213541666666666 0.5240740740740742 0.7213541666666666 0.564814814814815 0.7453125 0.564814814814815
8 0.51875 0.43425925925925934 0.49635416666666665 0.43425925925925934 0.49635416666666665 0.4750000000000002 0.51875 0.4750000000000002
0 0.7119791666666667 0.43981481481481494 0.6838541666666667 0.43981481481481494 0.6838541666666667 0.49166666666666686 0.7119791666666667 0.49166666666666686
11 0.5953125 0.36296296296296304 0.5666666666666667 0.36296296296296304 0.5666666666666667 0.41203703703703715 0.5953125 0.41203703703703715
1 0.5385416666666667 0.8037037037037039 0.5088541666666667 0.8037037037037039 0.5088541666666667 0.8574074074074076 0.5385416666666667 0.8574074074074076
4 0.5635416666666667 0.2861111111111112 0.5354166666666667 0.2861111111111112 0.5354166666666667 0.3361111111111112 0.5635416666666667 0.3361111111111112
8 0.5515625 0.4314814814814816 0.53125 0.4314814814814816 0.53125 0.46944444444444455 0.5515625 0.46944444444444455
5 0.7083333333333334 0.3000000000000001 0.6786458333333333 0.3000000000000001 0.6786458333333333 0.35092592592592603 0.7083333333333334 0.35092592592592603
11 0.7802083333333333 0.7518518518518521 0.7484375 0.7518518518518521 0.7484375 0.8074074074074076 0.7802083333333333 0.8074074074074076
4 0.5911458333333334 0.43333333333333346 0.5635416666666667 0.43333333333333346 0.5635416666666667 0.48333333333333356 0.5911458333333334 0.48333333333333356