4 0.7859375 0.7611111111111113 0.7447916666666666 0.7611111111111113 0.7447916666666666 0.8287037037037039 0.7859375 0.8287037037037039
4 0.7364583333333333 0.3333333333333335 0.6963541666666667 0.3333333333333334 0.6963541666666667 0.39537037037037054 0.7364583333333333 0.3953703703703706
12 0.7197916666666667 0.4750000000000002 0.6692708333333334 0.4750000000000002 0.6692708333333334 0.5583333333333336 0.7197916666666667 0.5583333333333336
7 0.47604166666666664 0.7814814814814814 0.43385416666666665 0.7814814814814814 0.43385416666666665 0.8462962962962963 0.47604166666666664 0.8462962962962963
2 0.64375 0.6870370370370372 0.6098958333333333 0.6870370370370372 0.6098958333333333 0.7407407407407409 0.64375 0.7407407407407409
7 0.4270833333333333 0.24907407407407417 0.3859375 0.24907407407407417 0.3859375 0.31203703703703717 0.4270833333333333 0.31203703703703717
13 0.4078125 0.5212962962962963 0.35625 0.5212962962962963 0.35625 0.6 0.4078125 0.6
2 0.659375 0.8703703703703706 0.6239583333333333 0.8703703703703706 0.6239583333333333 0.9250000000000002 0.659375 0.9250000000000002
11 0.37395833333333334 0.7 0.3307291666666667 0.7 0.3307291666666667 0.7685185185185185 0.37395833333333334 0.7685185185185185
3 0.5156250000000001 0.8787037037037038 0.4812500000000001 0.8787037037037037 0.4812500000000001 0.9324074074074075 0.5156250000000001 0.9324074074074076
6 0.64375 0.22962962962962977 0.6041666666666666 0.22962962962962974 0.6041666666666666 0.2925925925925927 0.64375 0.2925925925925927
3 0.484375 0.5240740740740741 0.44947916666666665 0.524074074074074 0.44947916666666665 0.5759259259259261 0.484375 0.5759259259259262
2 0.6276041666666666 0.5092592592592595 0.59375 0.5092592592592595 0.59375 0.5620370370370372 0.6276041666666666 0.5620370370370372
0 0.7927083333333333 0.8444444444444447 0.7515625 0.8444444444444447 0.7515625 0.9120370370370372 0.7927083333333333 0.9120370370370372
1 0.3838541666666668 0.8685185185185185 0.33958333333333346 0.8685185185185185 0.33958333333333346 0.937962962962963 0.3838541666666668 0.937962962962963
2 0.5921875 0.16851851851851862 0.559375 0.16851851851851862 0.559375 0.21666666666666679 0.5921875 0.21666666666666679
3 0.5 0.6962962962962964 0.46510416666666665 0.6962962962962963 0.46510416666666665 0.7490740740740742 0.5 0.7490740740740743
2 0.6041666666666666 0.3351851851851853 0.5713541666666667 0.3351851851851853 0.5713541666666667 0.3851851851851853 0.6041666666666666 0.3851851851851853
8 0.7510416666666667 0.41111111111111126 0.7171875 0.4111111111111112 0.7171875 0.4657407407407409 0.7510416666666667 0.46574074074074095
3 0.47552083333333334 0.34259259259259267 0.44114583333333335 0.34259259259259267 0.44114583333333335 0.3935185185185186 0.47552083333333334 0.3935185185185186
3 0.4625 0.1787037037037038 0.42916666666666664 0.1787037037037038 0.42916666666666664 0.22777777777777788 0.4625 0.22777777777777788
1 0.34427083333333336 0.17592592592592599 0.30416666666666664 0.17592592592592599 0.30416666666666664 0.23981481481481493 0.34427083333333336 0.23981481481481493
10 0.7776041666666667 0.6685185185185187 0.7369791666666666 0.6685185185185187 0.7369791666666666 0.7351851851851854 0.7776041666666667 0.7351851851851854
6 0.6994791666666667 0.7787037037037039 0.6572916666666667 0.7787037037037039 0.6572916666666667 0.8444444444444447 0.6994791666666667 0.8444444444444447
5 0.34375 0.26944444444444454 0.303125 0.26944444444444454 0.303125 0.3333333333333334 0.34375 0.3333333333333334
0 0.7229166666666667 0.16666666666666682 0.6828125 0.16666666666666682 0.6828125 0.2296296296296298 0.7229166666666667 0.2296296296296298
8 0.7645833333333333 0.5787037037037039 0.7317708333333334 0.5787037037037039 0.7317708333333334 0.6287037037037039 0.7645833333333333 0.6287037037037039
11 0.346875 0.34259259259259267 0.30520833333333336 0.34259259259259267 0.30520833333333336 0.40833333333333344 0.346875 0.40833333333333344
5 0.3854166666666667 0.7898148148148149 0.3421875 0.7898148148148149 0.3421875 0.8583333333333333 0.3854166666666667 0.8583333333333333
9 0.35 0.426851851851852 0.3151041666666667 0.426851851851852 0.3151041666666667 0.4787037037037037 0.35 0.4787037037037037
10 0.728125 0.23981481481481498 0.6885416666666667 0.23981481481481493 0.6885416666666667 0.31203703703703717 0.728125 0.3120370370370372
9 0.3651041666666667 0.612037037037037 0.33229166666666665 0.612037037037037 0.33229166666666665 0.6657407407407407 0.3651041666666667 0.6657407407407407