12 0.509375 0.42962962962962975 0.46927083333333336 0.42962962962962975 0.46927083333333336 0.5027777777777779 0.509375 0.502777777777778
7 0.5729166666666666 0.5824074074074076 0.5395833333333333 0.5824074074074076 0.5395833333333333 0.6425925925925928 0.5729166666666666 0.6425925925925928
7 0.315625 0.49444444444444446 0.28177083333333336 0.49444444444444446 0.28177083333333336 0.5527777777777778 0.315625 0.5527777777777778
0 0.6723958333333333 0.5481481481481484 0.6385416666666667 0.5481481481481484 0.6385416666666667 0.6074074074074076 0.6723958333333333 0.6074074074074076
3 0.3932291666666667 0.1750000000000001 0.36822916666666666 0.1750000000000001 0.36822916666666666 0.21944444444444455 0.3932291666666667 0.21944444444444455
2 0.4479166666666667 0.30462962962962975 0.421875 0.30462962962962975 0.421875 0.35092592592592603 0.4479166666666667 0.35092592592592603
3 0.6322916666666667 0.10740740740740753 0.6067708333333334 0.10740740740740753 0.6067708333333334 0.15000000000000016 0.6322916666666667 0.15000000000000016
2 0.2578125 0.35277777777777786 0.23177083333333334 0.3527777777777778 0.23177083333333334 0.40092592592592596 0.2578125 0.400925925925926
3 0.5385416666666667 0.13703703703703715 0.5125 0.13703703703703715 0.5125 0.18148148148148158 0.5385416666666667 0.18148148148148158
0 0.2796875 0.649074074074074 0.24687500000000007 0.649074074074074 0.24687500000000007 0.7092592592592593 0.2796875 0.7092592592592593
3 0.29375 0.19259259259259265 0.26875 0.19259259259259265 0.26875 0.23796296296296307 0.29375 0.23796296296296307
1 0.2947916666666667 0.04814814814814821 0.2630208333333333 0.048148148148148204 0.2630208333333333 0.10277777777777783 0.2947916666666667 0.10277777777777783
2 0.3572916666666667 0.4074074074074075 0.33177083333333335 0.4074074074074075 0.33177083333333335 0.4546296296296297 0.3572916666666667 0.4546296296296297
3 0.44114583333333335 0.15462962962962973 0.415625 0.15462962962962973 0.415625 0.2000000000000001 0.44114583333333335 0.2000000000000001
2 0.5552083333333333 0.36666666666666675 0.5286458333333334 0.36666666666666675 0.5286458333333334 0.4129629629629631 0.5552083333333333 0.4129629629629631
8 0.4640625 0.5398148148148149 0.43802083333333336 0.5398148148148149 0.43802083333333336 0.5879629629629629 0.4640625 0.5879629629629629
8 0.4140625 0.5462962962962963 0.3875 0.5462962962962963 0.3875 0.5935185185185186 0.4140625 0.5935185185185186
5 0.33958333333333335 0.100925925925926 0.3072916666666667 0.100925925925926 0.3072916666666667 0.15833333333333338 0.33958333333333335 0.15833333333333338
4 0.5583333333333333 0.42777777777777787 0.5255208333333333 0.42777777777777787 0.5255208333333333 0.4861111111111113 0.5583333333333333 0.4861111111111113
4 0.43072916666666666 0.625 0.396875 0.625 0.396875 0.6842592592592592 0.43072916666666666 0.6842592592592592
6 0.35052083333333334 0.23703703703703713 0.31875 0.23703703703703713 0.31875 0.29444444444444456 0.35052083333333334 0.29444444444444456
13 0.3963541666666667 0.08148148148148156 0.3572916666666667 0.08148148148148156 0.3572916666666667 0.150925925925926 0.3963541666666667 0.15092592592592602
2 0.6453125 0.33703703703703713 0.6192708333333333 0.33703703703703713 0.6192708333333333 0.3833333333333334 0.6453125 0.3833333333333334
11 0.5479166666666667 0.1925925925925927 0.515625 0.1925925925925927 0.515625 0.25185185185185194 0.5479166666666667 0.25185185185185194
10 0.49583333333333335 0.21481481481481493 0.4635416666666667 0.21481481481481493 0.4635416666666667 0.2722222222222223 0.49583333333333335 0.2722222222222223
6 0.6109375 0.4148148148148149 0.5786458333333333 0.4148148148148149 0.5786458333333333 0.47314814814814826 0.6109375 0.47314814814814826
1 0.575 0.03703703703703716 0.5416666666666666 0.03703703703703715 0.5416666666666666 0.09351851851851864 0.575 0.09351851851851865