12 0.47239583333333335 0.649074074074074 0.41302083333333334 0.649074074074074 0.41302083333333334 0.7546296296296297 0.47239583333333335 0.7546296296296297
7 0.61875 0.22870370370370383 0.5729166666666666 0.2287037037037038 0.5729166666666666 0.3101851851851853 0.61875 0.3101851851851853
6 0.5276041666666667 0.6037037037037039 0.48020833333333335 0.6037037037037037 0.48020833333333335 0.6898148148148149 0.5276041666666667 0.689814814814815
11 0.503125 0.08333333333333344 0.4578125 0.08333333333333344 0.4578125 0.16203703703703715 0.503125 0.16203703703703715
11 0.5270833333333333 0.1787037037037038 0.4817708333333333 0.1787037037037038 0.4817708333333333 0.2601851851851853 0.5270833333333333 0.2601851851851853
10 0.434375 0.5564814814814815 0.38645833333333335 0.5564814814814815 0.38645833333333335 0.6407407407407407 0.434375 0.6407407407407407
10 0.4817708333333333 0.5777777777777777 0.434375 0.5777777777777777 0.434375 0.662962962962963 0.4817708333333333 0.662962962962963
4 0.36614583333333334 0.6037037037037037 0.31927083333333334 0.6037037037037037 0.31927083333333334 0.687962962962963 0.36614583333333334 0.687962962962963
4 0.5541666666666667 0.7129629629629631 0.5072916666666667 0.7129629629629631 0.5072916666666667 0.7972222222222224 0.5541666666666667 0.7972222222222224
2 0.4942708333333333 0.5092592592592594 0.4578125 0.5092592592592593 0.4578125 0.5750000000000001 0.4942708333333333 0.5750000000000002
7 0.4390625 0.12870370370370382 0.3932291666666667 0.12870370370370382 0.3932291666666667 0.20833333333333343 0.4390625 0.20833333333333343
13 0.5958333333333333 0.1212962962962964 0.540625 0.1212962962962964 0.540625 0.2185185185185186 0.5958333333333333 0.2185185185185186
0 0.5729166666666666 0.6296296296296299 0.5244791666666667 0.6296296296296299 0.5244791666666667 0.7157407407407409 0.5729166666666666 0.7157407407407409
1 0.5744791666666667 0.20462962962962974 0.528125 0.20462962962962974 0.528125 0.28703703703703715 0.5744791666666667 0.28703703703703715
3 0.5984375 0.30925925925925934 0.5625 0.30925925925925934 0.5625 0.37222222222222234 0.5984375 0.37222222222222234
9 0.6307291666666667 0.1666666666666668 0.59375 0.16666666666666677 0.59375 0.23055555555555568 0.6307291666666667 0.2305555555555557
8 0.5041666666666667 0.6972222222222223 0.4671875 0.6972222222222222 0.4671875 0.7629629629629631 0.5041666666666667 0.7629629629629632
5 0.6802083333333333 0.18981481481481496 0.6359375 0.18981481481481496 0.6359375 0.2685185185185186 0.6802083333333333 0.2685185185185186
3 0.459375 0.2287037037037038 0.42291666666666666 0.2287037037037038 0.42291666666666666 0.2935185185185186 0.459375 0.2935185185185186
3 0.5072916666666667 0.2620370370370371 0.4713541666666667 0.2620370370370371 0.4713541666666667 0.3250000000000001 0.5072916666666667 0.3250000000000001
2 0.4015625 0.4546296296296297 0.3640625 0.4546296296296297 0.3640625 0.5212962962962963 0.4015625 0.5212962962962963
6 0.38697916666666665 0.5231481481481481 0.33958333333333335 0.5231481481481481 0.33958333333333335 0.6083333333333333 0.38697916666666665 0.6083333333333333
2 0.590625 0.5611111111111113 0.553125 0.5611111111111113 0.553125 0.627777777777778 0.590625 0.627777777777778
3 0.6411458333333333 0.33703703703703713 0.6052083333333333 0.33703703703703713 0.6052083333333333 0.400925925925926 0.6411458333333333 0.400925925925926
2 0.44427083333333334 0.48703703703703705 0.4078125 0.48703703703703705 0.4078125 0.5518518518518518 0.44427083333333334 0.5518518518518518
1 0.4859375 0.15740740740740752 0.4395833333333333 0.15740740740740752 0.4395833333333333 0.23796296296296307 0.4859375 0.23796296296296307
3 0.5526041666666667 0.27962962962962973 0.5161458333333333 0.27962962962962973 0.5161458333333333 0.3453703703703705 0.5526041666666667 0.3453703703703705
2 0.5432291666666667 0.5398148148148151 0.5057291666666667 0.5398148148148151 0.5057291666666667 0.6055555555555557 0.5432291666666667 0.6055555555555557
5 0.4588541666666667 0.05555555555555566 0.41354166666666664 0.05555555555555565 0.41354166666666664 0.13703703703703715 0.4588541666666667 0.13703703703703715
0 0.321875 0.5740740740740741 0.2734375 0.5740740740740741 0.2734375 0.6583333333333333 0.321875 0.6583333333333333
8 0.41302083333333334 0.6388888888888888 0.37604166666666666 0.6388888888888888 0.37604166666666666 0.7055555555555556 0.41302083333333334 0.7055555555555556
9 0.540625 0.11759259259259269 0.5052083333333334 0.11759259259259269 0.5052083333333334 0.18055555555555566 0.540625 0.18055555555555566