6 0.628125 0.21574074074074087 0.5869791666666667 0.21574074074074084 0.5869791666666667 0.2750000000000001 0.628125 0.2750000000000001
4 0.5760416666666667 0.4814814814814817 0.534375 0.4814814814814817 0.534375 0.5435185185185187 0.5760416666666667 0.5435185185185187
4 0.6828125 0.2166666666666668 0.6416666666666667 0.2166666666666668 0.6416666666666667 0.2750000000000001 0.6828125 0.2750000000000001
8 0.5682291666666667 0.2185185185185186 0.5338541666666666 0.2185185185185186 0.5338541666666666 0.2666666666666668 0.5682291666666667 0.2666666666666668
12 0.5770833333333333 0.04166666666666679 0.5270833333333333 0.04166666666666678 0.5270833333333333 0.11481481481481494 0.5770833333333333 0.11481481481481495
10 0.5171875 0.12870370370370382 0.4822916666666667 0.12870370370370382 0.4822916666666667 0.1925925925925927 0.5171875 0.1925925925925927
3 0.41041666666666665 0.48703703703703705 0.37604166666666666 0.48703703703703705 0.37604166666666666 0.5361111111111111 0.41041666666666665 0.5361111111111111
5 0.5192708333333333 0.5583333333333335 0.48125 0.5583333333333333 0.48125 0.625925925925926 0.5192708333333333 0.6259259259259261
0 0.4630208333333333 0.21944444444444455 0.4265625 0.21944444444444455 0.4265625 0.2777777777777779 0.4630208333333333 0.2777777777777779
3 0.4640625 0.4888888888888889 0.43020833333333336 0.4888888888888889 0.43020833333333336 0.5388888888888889 0.4640625 0.5388888888888889
2 0.684375 0.38796296296296306 0.6494791666666667 0.38796296296296306 0.6494791666666667 0.4407407407407408 0.684375 0.4407407407407408
2 0.6838541666666667 0.6537037037037039 0.6489583333333333 0.6537037037037039 0.6489583333333333 0.7101851851851854 0.6838541666666667 0.7101851851851854
8 0.5130208333333334 0.046296296296296405 0.484375 0.046296296296296405 0.484375 0.09629629629629641 0.5130208333333334 0.09629629629629641
3 0.5744791666666667 0.5675925925925928 0.5395833333333333 0.5675925925925928 0.5395833333333333 0.6203703703703706 0.5744791666666667 0.6203703703703706
11 0.36354166666666665 0.21666666666666676 0.31979166666666664 0.21666666666666673 0.31979166666666664 0.28518518518518526 0.36354166666666665 0.28518518518518526
3 0.5151041666666667 0.38425925925925936 0.4796875 0.38425925925925936 0.4796875 0.4425925925925927 0.5151041666666667 0.4425925925925927
11 0.5208333333333334 0.21296296296296308 0.4822916666666667 0.21296296296296308 0.4822916666666667 0.2750000000000001 0.5208333333333334 0.2750000000000001
1 0.4703125 0.6509259259259259 0.42916666666666664 0.6509259259259259 0.42916666666666664 0.7157407407407408 0.4703125 0.7157407407407408
9 0.51875 0.739814814814815 0.49114583333333334 0.739814814814815 0.49114583333333334 0.7935185185185187 0.51875 0.7935185185185187
2 0.35833333333333334 0.6666666666666666 0.32395833333333335 0.6666666666666666 0.32395833333333335 0.7194444444444444 0.35833333333333334 0.7194444444444444
13 0.4708333333333333 0.7351851851851852 0.4265625 0.7351851851851852 0.4265625 0.8138888888888889 0.4708333333333333 0.8138888888888889
9 0.5734375 0.752777777777778 0.5432291666666667 0.752777777777778 0.5432291666666667 0.801851851851852 0.5734375 0.801851851851852
2 0.4630208333333333 0.38981481481481495 0.43072916666666666 0.38981481481481495 0.43072916666666666 0.4500000000000001 0.4630208333333333 0.4500000000000001
5 0.6375 0.7407407407407409 0.5984375 0.7407407407407409 0.5984375 0.802777777777778 0.6375 0.802777777777778
2 0.4114583333333333 0.662962962962963 0.37864583333333335 0.662962962962963 0.37864583333333335 0.712037037037037 0.4114583333333333 0.712037037037037
0 0.575 0.6509259259259261 0.5359375 0.6509259259259261 0.5359375 0.7194444444444447 0.575 0.7194444444444447
7 0.6234375 0.045370370370370505 0.5864583333333333 0.045370370370370505 0.5864583333333333 0.11018518518518532 0.6234375 0.11018518518518532
6 0.30364583333333334 0.487962962962963 0.26354166666666673 0.487962962962963 0.26354166666666673 0.5555555555555556 0.30364583333333334 0.5555555555555556
10 0.5213541666666667 0.8185185185185188 0.484375 0.8185185185185188 0.48437500000000006 0.8888888888888891 0.5213541666666668 0.8888888888888891
7 0.7364583333333333 0.5620370370370372 0.6963541666666667 0.5620370370370372 0.6963541666666667 0.6268518518518521 0.7364583333333333 0.6268518518518521
3 0.6791666666666667 0.4750000000000002 0.6494791666666667 0.4750000000000002 0.6494791666666667 0.5287037037037039 0.6791666666666667 0.5287037037037039
1 0.46875 0.052777777777777875 0.4322916666666667 0.05277777777777787 0.4322916666666667 0.11666666666666677 0.46875 0.11666666666666677