7 0.4244791666666667 0.5120370370370371 0.37395833333333334 0.5120370370370371 0.37395833333333334 0.600925925925926 0.4244791666666667 0.600925925925926
13 0.3895833333333334 0.7787037037037037 0.33177083333333335 0.7787037037037037 0.3317708333333334 0.8805555555555555 0.38958333333333345 0.8805555555555555
3 0.6604166666666667 0.7842592592592594 0.6234375 0.7842592592592594 0.6234375 0.8481481481481483 0.6604166666666667 0.8481481481481483
6 0.48541666666666666 0.6453703703703705 0.4375 0.6453703703703704 0.4375 0.7296296296296297 0.48541666666666666 0.7296296296296299
2 0.48072916666666665 0.5314814814814814 0.4421875 0.5314814814814814 0.4421875 0.5981481481481481 0.48072916666666665 0.5981481481481481
3 0.4203125 0.3990740740740742 0.3807291666666667 0.3990740740740742 0.3807291666666667 0.46759259259259267 0.4203125 0.46759259259259267
3 0.3484375 0.6231481481481481 0.309375 0.6231481481481481 0.309375 0.6925925925925925 0.3484375 0.6925925925925925
12 0.5932291666666667 0.36666666666666675 0.5354166666666667 0.36666666666666675 0.5354166666666667 0.46944444444444455 0.5932291666666667 0.46944444444444455
1 0.45729166666666665 0.22777777777777788 0.4078125 0.22777777777777788 0.4078125 0.3157407407407408 0.45729166666666665 0.3157407407407408
2 0.5114583333333333 0.5898148148148149 0.4734375 0.5898148148148148 0.4734375 0.6574074074074076 0.5114583333333333 0.6574074074074077
11 0.6078125 0.6583333333333335 0.5604166666666667 0.6583333333333335 0.5604166666666667 0.7407407407407409 0.6078125 0.7407407407407409
2 0.5395833333333333 0.7666666666666668 0.5010416666666667 0.7666666666666668 0.5010416666666667 0.8342592592592595 0.5395833333333333 0.8342592592592595
3 0.5390625 0.6537037037037039 0.5015625 0.6537037037037039 0.5015625 0.7194444444444447 0.5390625 0.7194444444444447
3 0.5677083333333334 0.8212962962962965 0.5307291666666667 0.8212962962962965 0.5307291666666667 0.8851851851851854 0.5677083333333334 0.8851851851851854
0 0.48020833333333335 0.7537037037037037 0.4322916666666667 0.7537037037037037 0.4322916666666667 0.837037037037037 0.48020833333333335 0.837037037037037
6 0.4786458333333334 0.8574074074074074 0.4322916666666667 0.8574074074074074 0.43229166666666674 0.9388888888888889 0.47864583333333344 0.9388888888888889
2 0.5640625 0.9231481481481484 0.5276041666666668 0.9231481481481484 0.5276041666666668 0.9537037037037037 0.5640625 0.9537037037037037
0 0.42083333333333334 0.6212962962962963 0.371875 0.6212962962962963 0.371875 0.7064814814814815 0.42083333333333334 0.7064814814814815
9 0.41250000000000003 0.8537037037037037 0.37395833333333334 0.8537037037037037 0.3739583333333334 0.9212962962962963 0.41250000000000014 0.9212962962962963
7 0.35625000000000007 0.8388888888888889 0.30833333333333335 0.8388888888888889 0.3083333333333334 0.924074074074074 0.3562500000000001 0.924074074074074
10 0.5171875 0.47685185185185197 0.46927083333333336 0.47685185185185186 0.46927083333333336 0.5620370370370371 0.5171875 0.5620370370370372
5 0.6921875 0.6268518518518521 0.6473958333333333 0.6268518518518521 0.6473958333333333 0.7064814814814817 0.6921875 0.7064814814814817
1 0.6645833333333333 0.565740740740741 0.6182291666666667 0.565740740740741 0.6182291666666667 0.6481481481481484 0.6645833333333333 0.6481481481481484
11 0.29010416666666666 0.5962962962962963 0.24010416666666673 0.5962962962962963 0.24010416666666673 0.6842592592592592 0.29010416666666666 0.6842592592592592
2 0.31927083333333334 0.4425925925925927 0.2791666666666667 0.4425925925925927 0.2791666666666667 0.512962962962963 0.31927083333333334 0.512962962962963
8 0.63125 0.5166666666666668 0.5947916666666667 0.5166666666666668 0.5947916666666667 0.5805555555555557 0.63125 0.5805555555555557
4 0.5791666666666667 0.6000000000000002 0.5322916666666667 0.6000000000000002 0.5322916666666667 0.6824074074074076 0.5791666666666667 0.6824074074074076
9 0.41354166666666664 0.75 0.37447916666666664 0.75 0.37447916666666664 0.8185185185185185 0.41354166666666664 0.8185185185185185
4 0.6661458333333333 0.6750000000000002 0.6203125 0.6750000000000002 0.6203125 0.7555555555555558 0.6661458333333333 0.7555555555555558
8 0.6067708333333334 0.5620370370370372 0.5703125 0.5620370370370372 0.5703125 0.6268518518518521 0.6067708333333334 0.6268518518518521
5 0.5453125 0.8601851851851854 0.4968750000000001 0.8601851851851854 0.4968750000000001 0.9453703703703705 0.5453125 0.9453703703703705