1 0.85625 0.7416666666666669 0.8114583333333333 0.7416666666666669 0.8114583333333333 0.8129629629629632 0.85625 0.8129629629629632
4 0.3963541666666667 0.4092592592592594 0.3489583333333333 0.4092592592592594 0.3489583333333333 0.48518518518518516 0.3963541666666667 0.48518518518518516
3 0.6494791666666667 0.2962962962962964 0.6119791666666666 0.2962962962962964 0.6119791666666666 0.3574074074074075 0.6494791666666667 0.3574074074074075
13 0.7765625 0.43148148148148163 0.7192708333333333 0.4314814814814816 0.7192708333333333 0.527777777777778 0.7765625 0.527777777777778
7 0.7583333333333333 0.7064814814814817 0.7119791666666667 0.7064814814814817 0.7119791666666667 0.7870370370370372 0.7583333333333333 0.7870370370370372
3 0.6838541666666667 0.47962962962962985 0.646875 0.47962962962962985 0.646875 0.5379629629629632 0.6838541666666667 0.5379629629629632
11 0.8317708333333333 0.5879629629629631 0.7869791666666667 0.5879629629629631 0.7869791666666667 0.6611111111111113 0.8317708333333333 0.6611111111111113
2 0.54375 0.5351851851851854 0.5057291666666667 0.5351851851851854 0.5057291666666667 0.5962962962962965 0.54375 0.5962962962962965
2 0.6036458333333333 0.8703703703703706 0.5671875 0.8703703703703706 0.5671875 0.927777777777778 0.6036458333333333 0.927777777777778
3 0.7338541666666667 0.8129629629629632 0.6973958333333333 0.8129629629629632 0.6973958333333333 0.8694444444444447 0.7338541666666667 0.8694444444444447
2 0.5760416666666667 0.7064814814814817 0.5380208333333333 0.7064814814814817 0.5380208333333333 0.7657407407407409 0.5760416666666667 0.7657407407407409
2 0.4828125 0.16944444444444454 0.44427083333333334 0.16944444444444454 0.44427083333333334 0.2324074074074075 0.4828125 0.2324074074074075
3 0.7083333333333334 0.6481481481481484 0.6708333333333333 0.6481481481481484 0.6708333333333333 0.7055555555555557 0.7083333333333334 0.7055555555555557
0 0.4854166666666668 0.9092592592592593 0.44114583333333346 0.9092592592592592 0.44114583333333346 0.9805555555555555 0.4854166666666668 0.9805555555555555
2 0.5203125 0.3500000000000001 0.48125 0.3500000000000001 0.48125 0.41018518518518526 0.5203125 0.41018518518518526
6 0.553125 0.8074074074074076 0.5078125 0.8074074074074076 0.5078125000000001 0.8842592592592595 0.553125 0.8842592592592595
7 0.6817708333333333 0.17129629629629645 0.6354166666666666 0.17129629629629645 0.6354166666666666 0.25092592592592605 0.6817708333333333 0.25092592592592605
3 0.6166666666666667 0.1203703703703705 0.5786458333333333 0.12037037037037047 0.5786458333333333 0.1814814814814816 0.6166666666666667 0.18148148148148163
4 0.4697916666666667 0.8314814814814815 0.42552083333333335 0.8314814814814815 0.4255208333333334 0.9055555555555556 0.4697916666666668 0.9055555555555556
1 0.7427083333333333 0.05462962962962978 0.6942708333333333 0.05462962962962977 0.6942708333333333 0.13888888888888903 0.7427083333333333 0.13888888888888903
12 0.46822916666666664 0.5416666666666666 0.4109375 0.5416666666666666 0.4109375 0.6444444444444445 0.46822916666666664 0.6444444444444445
6 0.459375 0.2620370370370371 0.40989583333333335 0.2620370370370371 0.40989583333333335 0.34814814814814826 0.459375 0.34814814814814826
8 0.3963541666666667 0.5009259259259259 0.35885416666666664 0.5009259259259259 0.35885416666666664 0.5611111111111111 0.3963541666666667 0.5611111111111111
5 0.7619791666666667 0.1583333333333335 0.7177083333333333 0.1583333333333335 0.7177083333333333 0.23240740740740756 0.7619791666666667 0.23240740740740756
11 0.7796875 0.2333333333333335 0.7338541666666667 0.2333333333333335 0.7338541666666667 0.30833333333333357 0.7796875 0.30833333333333357
0 0.3578125 0.22962962962962968 0.30833333333333335 0.22962962962962968 0.30833333333333335 0.313888888888889 0.3578125 0.313888888888889
8 0.43125 0.6601851851851852 0.3927083333333333 0.6601851851851852 0.3927083333333333 0.725925925925926 0.43125 0.725925925925926
10 0.45208333333333334 0.7481481481481481 0.40625 0.7481481481481481 0.40625 0.8212962962962963 0.45208333333333334 0.8212962962962963
5 0.8401041666666667 0.6694444444444446 0.7911458333333333 0.6694444444444446 0.7911458333333333 0.7490740740740743 0.8401041666666667 0.7490740740740743
9 0.8119791666666667 0.5092592592592595 0.7776041666666667 0.5092592592592595 0.7776041666666667 0.5694444444444446 0.8119791666666667 0.5694444444444446
9 0.7890625 0.32500000000000023 0.7505208333333333 0.32500000000000023 0.7505208333333333 0.38703703703703723 0.7890625 0.38703703703703723
10 0.3776041666666667 0.3111111111111112 0.3307291666666667 0.3111111111111112 0.3307291666666667 0.3972222222222223 0.3776041666666667 0.3972222222222223