5 0.3572916666666667 0.25555555555555565 0.30572916666666666 0.25555555555555565 0.30572916666666666 0.338888888888889 0.3572916666666667 0.338888888888889
11 0.7744791666666667 0.5305555555555558 0.725 0.5305555555555558 0.725 0.6129629629629632 0.7744791666666667 0.6129629629629632
12 0.5359375 0.6620370370370371 0.47604166666666664 0.6620370370370371 0.47604166666666664 0.7583333333333334 0.5359375 0.7583333333333335
9 0.6088541666666667 0.6972222222222224 0.5682291666666667 0.6972222222222224 0.5682291666666667 0.7629629629629632 0.6088541666666667 0.7629629629629632
9 0.7041666666666667 0.6944444444444446 0.6630208333333333 0.6944444444444446 0.6630208333333333 0.7611111111111113 0.7041666666666667 0.7611111111111113
7 0.6161458333333333 0.8638888888888892 0.5661458333333333 0.8638888888888892 0.5661458333333333 0.9453703703703705 0.6161458333333333 0.9453703703703705
8 0.5776041666666667 0.6407407407407409 0.5364583333333334 0.6407407407407409 0.5364583333333334 0.7074074074074076 0.5776041666666667 0.7074074074074076
7 0.3958333333333333 0.37592592592592605 0.34479166666666666 0.37592592592592605 0.34479166666666666 0.4601851851851853 0.3958333333333333 0.4601851851851853
8 0.5291666666666667 0.19444444444444456 0.4895833333333333 0.19444444444444456 0.4895833333333333 0.25925925925925936 0.5291666666666667 0.25925925925925936
6 0.6229166666666667 0.36296296296296304 0.5729166666666666 0.36296296296296304 0.5729166666666666 0.44444444444444453 0.6229166666666667 0.44444444444444453
4 0.6645833333333333 0.1870370370370372 0.6135416666666667 0.1870370370370372 0.6135416666666667 0.2703703703703705 0.6645833333333333 0.2703703703703705
0 0.47239583333333335 0.5546296296296296 0.42239583333333336 0.5546296296296296 0.42239583333333336 0.6361111111111111 0.47239583333333335 0.6361111111111111
2 0.5432291666666667 0.47314814814814826 0.5020833333333333 0.47314814814814826 0.5020833333333333 0.5398148148148151 0.5432291666666667 0.5398148148148151
1 0.70625 0.3453703703703705 0.6552083333333333 0.3453703703703705 0.6552083333333333 0.42777777777777787 0.70625 0.42777777777777787
4 0.44947916666666665 0.6712962962962963 0.39791666666666664 0.6712962962962963 0.39791666666666664 0.7527777777777778 0.44947916666666665 0.7527777777777778
6 0.6817708333333333 0.7861111111111113 0.6317708333333333 0.7861111111111113 0.6317708333333333 0.8685185185185187 0.6817708333333333 0.8685185185185187
11 0.4104166666666667 0.7851851851851852 0.35885416666666664 0.7851851851851852 0.35885416666666675 0.8685185185185185 0.41041666666666676 0.8685185185185185
3 0.7760416666666666 0.7601851851851854 0.7348958333333333 0.7601851851851854 0.7348958333333333 0.8268518518518521 0.7760416666666666 0.8268518518518521
10 0.6567708333333333 0.6268518518518521 0.6046875 0.6268518518518521 0.6046875 0.7111111111111114 0.6567708333333333 0.7111111111111114
3 0.4322916666666667 0.26944444444444454 0.39114583333333336 0.26944444444444454 0.39114583333333336 0.3361111111111112 0.4322916666666667 0.3361111111111112
2 0.4791666666666668 0.8703703703703703 0.44166666666666676 0.8703703703703703 0.44166666666666676 0.937037037037037 0.4791666666666668 0.937037037037037
2 0.603125 0.24166666666666678 0.565625 0.24166666666666678 0.565625 0.30555555555555564 0.603125 0.30555555555555564
3 0.3734375 0.6314814814814815 0.33489583333333334 0.6314814814814815 0.33489583333333334 0.6953703703703704 0.3734375 0.6953703703703704
3 0.6083333333333333 0.5620370370370372 0.5682291666666667 0.5620370370370372 0.5682291666666667 0.6305555555555558 0.6083333333333333 0.6305555555555558
3 0.41458333333333336 0.5120370370370371 0.37395833333333334 0.5120370370370371 0.37395833333333334 0.5824074074074074 0.41458333333333336 0.5824074074074074
2 0.35520833333333335 0.48518518518518516 0.3145833333333333 0.48518518518518516 0.3145833333333333 0.5509259259259259 0.35520833333333335 0.5509259259259259
2 0.6229166666666667 0.4703703703703705 0.584375 0.4703703703703705 0.584375 0.5370370370370372 0.6229166666666667 0.5370370370370372
5 0.46875 0.4564814814814816 0.42083333333333334 0.4564814814814816 0.42083333333333334 0.5388888888888889 0.46875 0.5388888888888889
0 0.4713541666666667 0.34814814814814826 0.42291666666666666 0.34814814814814826 0.42291666666666666 0.4351851851851853 0.4713541666666667 0.4351851851851853
1 0.546875 0.3361111111111112 0.49583333333333335 0.3361111111111112 0.49583333333333335 0.42037037037037045 0.546875 0.42037037037037045
13 0.6989583333333333 0.4787037037037039 0.6395833333333333 0.4787037037037039 0.6395833333333333 0.5814814814814817 0.6989583333333333 0.5814814814814817
10 0.5333333333333333 0.7898148148148151 0.484375 0.7898148148148151 0.48437500000000006 0.8740740740740743 0.5333333333333333 0.8740740740740743