6 0.3890625 0.5398148148148149 0.3385416666666667 0.5398148148148149 0.3385416666666667 0.6240740740740741 0.3890625 0.6240740740740741
13 0.6708333333333333 0.5250000000000002 0.60625 0.5250000000000002 0.60625 0.6324074074074076 0.6708333333333333 0.6324074074074076
1 0.6270833333333333 0.7175925925925928 0.5765625 0.7175925925925928 0.5765625 0.8009259259259262 0.6270833333333333 0.8009259259259262
5 0.6807291666666667 0.7879629629629632 0.6291666666666667 0.7879629629629632 0.6291666666666667 0.8731481481481483 0.6807291666666667 0.8731481481481483
12 0.359375 0.6203703703703703 0.29791666666666666 0.6203703703703703 0.29791666666666666 0.7212962962962963 0.359375 0.7212962962962963
11 0.6755208333333333 0.7046296296296298 0.6234375 0.7046296296296298 0.6234375 0.790740740740741 0.6755208333333333 0.790740740740741
4 0.33697916666666666 0.46944444444444455 0.2875 0.46944444444444455 0.2875 0.5518518518518518 0.33697916666666666 0.5518518518518518
7 0.6119791666666666 0.4601851851851853 0.5583333333333333 0.4601851851851853 0.5583333333333333 0.5490740740740743 0.6119791666666666 0.5490740740740743
0 0.3802083333333333 0.45555555555555566 0.32916666666666666 0.45555555555555566 0.32916666666666666 0.5407407407407407 0.3802083333333333 0.5407407407407407
2 0.44895833333333335 0.7870370370370371 0.409375 0.7870370370370371 0.409375 0.85 0.44895833333333335 0.85
9 0.6630208333333333 0.6314814814814816 0.6213541666666667 0.6314814814814816 0.6213541666666667 0.6990740740740743 0.6630208333333333 0.6990740740740743
3 0.5817708333333333 0.7462962962962965 0.5401041666666667 0.7462962962962965 0.5401041666666667 0.814814814814815 0.5817708333333333 0.814814814814815
2 0.425 0.5296296296296297 0.384375 0.5296296296296297 0.384375 0.5962962962962963 0.425 0.5962962962962963
0 0.3781250000000001 0.8768518518518519 0.3307291666666668 0.8768518518518519 0.3307291666666668 0.9555555555555556 0.3781250000000001 0.9555555555555556
9 0.6526041666666667 0.45370370370370383 0.6104166666666667 0.45370370370370383 0.6104166666666667 0.5231481481481484 0.6526041666666667 0.5231481481481484
11 0.6223958333333334 0.6407407407407409 0.571875 0.6407407407407409 0.571875 0.7250000000000002 0.6223958333333334 0.7250000000000002
3 0.5703125 0.5712962962962965 0.5276041666666667 0.5712962962962965 0.5276041666666667 0.6407407407407409 0.5703125 0.6407407407407409
1 0.6177083333333333 0.5481481481481484 0.5651041666666666 0.5481481481481484 0.5651041666666666 0.6351851851851854 0.6177083333333333 0.6351851851851854
8 0.33958333333333335 0.5601851851851852 0.3 0.5601851851851852 0.3 0.6240740740740741 0.33958333333333335 0.6240740740740741
6 0.41197916666666673 0.7898148148148149 0.36302083333333335 0.7898148148148149 0.3630208333333334 0.8694444444444445 0.4119791666666668 0.8694444444444445
7 0.634375 0.8037037037037039 0.5833333333333334 0.8037037037037039 0.5833333333333334 0.8870370370370373 0.634375 0.8870370370370373
3 0.5536458333333333 0.3972222222222223 0.5114583333333333 0.3972222222222223 0.5114583333333333 0.4666666666666668 0.5536458333333333 0.4666666666666668
2 0.434375 0.6194444444444445 0.39427083333333335 0.6194444444444445 0.39427083333333335 0.6851851851851852 0.434375 0.6851851851851852
4 0.36979166666666674 0.8 0.32135416666666666 0.8 0.3213541666666667 0.8796296296296297 0.3697916666666668 0.8796296296296297
8 0.3572916666666667 0.7212962962962963 0.31875 0.7212962962962963 0.31875 0.7851851851851852 0.3572916666666667 0.7851851851851852
10 0.4015625 0.7046296296296296 0.35260416666666666 0.7046296296296296 0.35260416666666666 0.7861111111111111 0.4015625 0.7861111111111111
2 0.4197916666666667 0.4425925925925927 0.37916666666666665 0.4425925925925927 0.37916666666666665 0.5083333333333333 0.4197916666666667 0.5083333333333333
2 0.4390625 0.7083333333333334 0.39947916666666666 0.7083333333333334 0.39947916666666666 0.774074074074074 0.4390625 0.774074074074074
3 0.5723958333333333 0.6555555555555558 0.5302083333333333 0.6555555555555558 0.5302083333333333 0.7250000000000002 0.5723958333333333 0.7250000000000002
3 0.5619791666666667 0.4824074074074076 0.5203125 0.4824074074074076 0.5203125 0.5509259259259262 0.5619791666666667 0.5509259259259262
10 0.3963541666666667 0.6212962962962963 0.3453125 0.6212962962962963 0.3453125 0.7046296296296296 0.3963541666666667 0.7046296296296296
5 0.65 0.35092592592592603 0.5963541666666666 0.35092592592592603 0.5963541666666666 0.438888888888889 0.65 0.438888888888889