6 0.41041666666666665 0.15277777777777787 0.375 0.15277777777777787 0.375 0.2037037037037038 0.41041666666666665 0.2037037037037038
4 0.32760416666666664 0.25740740740740753 0.2916666666666667 0.25740740740740753 0.2916666666666667 0.30833333333333346 0.32760416666666664 0.30833333333333346
7 0.6192708333333333 0.7037037037037039 0.5828125 0.7037037037037039 0.5828125 0.7601851851851854 0.6192708333333333 0.7601851851851854
2 0.43697916666666664 0.6101851851851852 0.40729166666666666 0.6101851851851852 0.40729166666666666 0.6527777777777778 0.43697916666666664 0.6527777777777778
7 0.6354166666666666 0.16759259259259274 0.5994791666666667 0.1675925925925927 0.5994791666666667 0.2203703703703705 0.6354166666666666 0.22037037037037052
0 0.30364583333333334 0.7666666666666667 0.2677083333333333 0.7666666666666667 0.2677083333333333 0.825925925925926 0.30364583333333334 0.825925925925926
3 0.5848958333333333 0.44166666666666676 0.5546875 0.44166666666666676 0.5546875 0.4851851851851854 0.5848958333333333 0.4851851851851854
4 0.3046875 0.6851851851851852 0.26875 0.6851851851851852 0.26875 0.7416666666666667 0.3046875 0.7416666666666667
2 0.4546875 0.08425925925925937 0.42604166666666665 0.08425925925925937 0.42604166666666665 0.12870370370370382 0.4546875 0.12870370370370382
1 0.7088541666666667 0.09907407407407423 0.6729166666666667 0.09907407407407423 0.6729166666666667 0.15000000000000016 0.7088541666666667 0.15000000000000016
3 0.5838541666666667 0.10092592592592606 0.5552083333333333 0.10092592592592606 0.5552083333333333 0.14166666666666677 0.5838541666666667 0.14166666666666677
2 0.44166666666666665 0.4287037037037038 0.41302083333333334 0.4287037037037038 0.41302083333333334 0.47314814814814826 0.44166666666666665 0.47314814814814826
2 0.4317708333333333 0.7907407407407407 0.4010416666666667 0.7907407407407407 0.4010416666666667 0.8361111111111111 0.4317708333333333 0.8361111111111111
3 0.5833333333333334 0.26574074074074083 0.5541666666666667 0.26574074074074083 0.5541666666666667 0.3074074074074075 0.5833333333333334 0.3074074074074075
0 0.3255208333333333 0.08888888888888895 0.290625 0.08888888888888895 0.290625 0.14166666666666672 0.3255208333333333 0.14166666666666672
2 0.45260416666666664 0.25555555555555565 0.4234375 0.25555555555555565 0.4234375 0.2962962962962964 0.45260416666666664 0.2962962962962964
12 0.359375 0.40185185185185196 0.3171875 0.40185185185185196 0.3171875 0.46944444444444455 0.359375 0.46944444444444455
6 0.3932291666666667 0.700925925925926 0.3567708333333333 0.700925925925926 0.3567708333333333 0.7574074074074074 0.3932291666666667 0.7574074074074074
3 0.5770833333333333 0.7981481481481484 0.5473958333333333 0.7981481481481484 0.5473958333333333 0.8407407407407409 0.5770833333333333 0.8407407407407409
3 0.5791666666666667 0.6185185185185187 0.5494791666666666 0.6185185185185187 0.5494791666666666 0.6629629629629632 0.5791666666666667 0.6629629629629632
1 0.7161458333333334 0.7879629629629632 0.678125 0.7879629629629632 0.678125 0.8462962962962965 0.7161458333333334 0.8462962962962965
9 0.7140625 0.34814814814814826 0.684375 0.34814814814814826 0.684375 0.39074074074074083 0.7140625 0.39074074074074083
8 0.31145833333333334 0.3277777777777779 0.2796875 0.3277777777777779 0.2796875 0.3777777777777779 0.31145833333333334 0.3777777777777779
13 0.6796875 0.43703703703703717 0.6359375 0.43703703703703717 0.6359375 0.5111111111111113 0.6796875 0.5111111111111113
8 0.3067708333333333 0.5 0.27760416666666665 0.5 0.27760416666666665 0.5425925925925926 0.3067708333333333 0.5425925925925926
11 0.7166666666666667 0.6212962962962965 0.6786458333333333 0.6212962962962965 0.6786458333333333 0.677777777777778 0.7166666666666667 0.677777777777778
5 0.7145833333333333 0.19259259259259276 0.6796875 0.19259259259259276 0.6796875 0.24166666666666678 0.7145833333333333 0.24166666666666678
9 0.7109375 0.5324074074074077 0.6817708333333333 0.5324074074074077 0.6817708333333333 0.5768518518518521 0.7109375 0.5768518518518521
10 0.3302083333333333 0.1657407407407408 0.2947916666666667 0.1657407407407408 0.2947916666666667 0.22222222222222227 0.3302083333333333 0.22222222222222227
10 0.30520833333333336 0.587037037037037 0.2708333333333333 0.587037037037037 0.2708333333333333 0.6481481481481481 0.30520833333333336 0.6481481481481481
11 0.7166666666666667 0.2601851851851853 0.6822916666666666 0.2601851851851853 0.6822916666666666 0.3212962962962964 0.7166666666666667 0.3212962962962964
5 0.7098958333333333 0.7046296296296298 0.675 0.7046296296296298 0.675 0.7694444444444447 0.7098958333333333 0.7694444444444447