1 0.5859375 0.8333333333333336 0.546875 0.8333333333333336 0.546875 0.8944444444444447 0.5859375 0.8944444444444447
7 0.3171875 0.3157407407407408 0.27708333333333335 0.3157407407407408 0.27708333333333335 0.37592592592592605 0.3171875 0.37592592592592605
10 0.5333333333333333 0.7546296296296299 0.4942708333333333 0.7546296296296299 0.4942708333333333 0.814814814814815 0.5333333333333333 0.814814814814815
9 0.5239583333333333 0.15370370370370381 0.490625 0.15370370370370381 0.490625 0.19814814814814824 0.5239583333333333 0.19814814814814824
7 0.42968750000000006 0.8435185185185186 0.3890625 0.8435185185185186 0.38906250000000003 0.9037037037037037 0.4296875000000001 0.9037037037037037
6 0.42239583333333336 0.6703703703703704 0.384375 0.6703703703703704 0.384375 0.7305555555555555 0.42239583333333336 0.7305555555555555
1 0.5817708333333333 0.22685185185185194 0.5416666666666666 0.22685185185185194 0.5416666666666666 0.28703703703703715 0.5817708333333333 0.28703703703703715
8 0.5338541666666666 0.853703703703704 0.49947916666666664 0.853703703703704 0.49947916666666675 0.901851851851852 0.5338541666666666 0.901851851851852
3 0.47239583333333335 0.32314814814814824 0.4401041666666667 0.32314814814814824 0.4401041666666667 0.3712962962962964 0.47239583333333335 0.3712962962962964
6 0.7510416666666667 0.3879629629629631 0.7104166666666667 0.38796296296296306 0.7104166666666667 0.4481481481481483 0.7510416666666667 0.44814814814814835
8 0.47760416666666666 0.675 0.4453125 0.675 0.4453125 0.725 0.47760416666666666 0.725
2 0.3609375 0.5046296296296297 0.32864583333333336 0.5046296296296297 0.32864583333333336 0.5509259259259259 0.3609375 0.5509259259259259
4 0.4765625 0.388888888888889 0.4390625 0.388888888888889 0.4390625 0.45555555555555566 0.4765625 0.45555555555555566
0 0.478125 0.22685185185185194 0.4390625 0.22685185185185194 0.4390625 0.2879629629629631 0.478125 0.2879629629629631
4 0.36770833333333336 0.6657407407407407 0.328125 0.6657407407407407 0.328125 0.725 0.36770833333333336 0.725
3 0.3651041666666667 0.41574074074074086 0.3333333333333333 0.41574074074074086 0.3333333333333333 0.4629629629629631 0.3651041666666667 0.4629629629629631
5 0.415625 0.1425925925925927 0.3776041666666667 0.1425925925925927 0.3776041666666667 0.20092592592592604 0.415625 0.20092592592592604
3 0.6354166666666666 0.4064814814814816 0.6041666666666666 0.4064814814814816 0.6041666666666666 0.45370370370370383 0.6354166666666666 0.45370370370370383
5 0.5322916666666667 0.31481481481481494 0.49322916666666666 0.31481481481481494 0.49322916666666666 0.37592592592592605 0.5322916666666667 0.37592592592592605
2 0.5828125 0.49166666666666686 0.5505208333333333 0.49166666666666686 0.5505208333333333 0.5472222222222224 0.5828125 0.5472222222222224
0 0.5890625 0.6620370370370372 0.5505208333333333 0.6620370370370372 0.5505208333333333 0.7212962962962965 0.5890625 0.7212962962962965
2 0.36354166666666665 0.23796296296296307 0.3328125 0.23796296296296307 0.3328125 0.28518518518518526 0.36354166666666665 0.28518518518518526
2 0.6333333333333333 0.22592592592592606 0.5989583333333334 0.22592592592592603 0.5989583333333334 0.275925925925926 0.6333333333333333 0.275925925925926
11 0.6953125 0.6601851851851854 0.65625 0.6601851851851854 0.65625 0.7222222222222224 0.6953125 0.7222222222222224
12 0.48697916666666674 0.8259259259259261 0.43645833333333334 0.825925925925926 0.4364583333333334 0.9111111111111112 0.4869791666666668 0.9111111111111113
3 0.5307291666666667 0.5064814814814816 0.4984375 0.5064814814814816 0.4984375 0.5546296296296298 0.5307291666666667 0.5546296296296298
3 0.5807291666666666 0.3990740740740742 0.55 0.3990740740740742 0.55 0.45370370370370383 0.5807291666666666 0.45370370370370383
2 0.6854166666666667 0.2296296296296298 0.6552083333333333 0.2296296296296298 0.6552083333333333 0.275925925925926 0.6854166666666667 0.275925925925926
10 0.528125 0.058333333333333445 0.49114583333333334 0.05833333333333344 0.49114583333333334 0.12592592592592602 0.528125 0.12592592592592602
13 0.5854166666666667 0.1324074074074075 0.5385416666666667 0.1324074074074075 0.5385416666666667 0.21296296296296308 0.5854166666666667 0.21296296296296308
11 0.53125 0.665740740740741 0.4942708333333333 0.665740740740741 0.4942708333333333 0.7305555555555557 0.53125 0.7305555555555557
9 0.46927083333333336 0.14444444444444454 0.4395833333333333 0.14444444444444454 0.4395833333333333 0.19444444444444456 0.46927083333333336 0.19444444444444456