12 0.48854166666666665 0.6824074074074075 0.446875 0.6824074074074075 0.446875 0.7592592592592594 0.48854166666666665 0.7592592592592595
11 0.5041666666666667 0.1212962962962964 0.471875 0.1212962962962964 0.471875 0.1787037037037038 0.5041666666666667 0.1787037037037038
10 0.47604166666666664 0.6092592592592593 0.4421875 0.6092592592592593 0.4421875 0.6703703703703704 0.47604166666666664 0.6703703703703704
7 0.37395833333333334 0.25555555555555565 0.3416666666666667 0.25555555555555565 0.3416666666666667 0.313888888888889 0.37395833333333334 0.313888888888889
11 0.4703125 0.21296296296296308 0.43802083333333336 0.21296296296296308 0.43802083333333336 0.2703703703703705 0.4703125 0.2703703703703705
6 0.428125 0.6296296296296297 0.39375 0.6296296296296297 0.39375 0.6916666666666667 0.428125 0.6916666666666667
2 0.4109375 0.562962962962963 0.384375 0.562962962962963 0.384375 0.6111111111111112 0.4109375 0.6111111111111112
13 0.415625 0.15555555555555567 0.37604166666666666 0.15555555555555567 0.37604166666666666 0.22407407407407418 0.415625 0.22407407407407418
7 0.5635416666666667 0.1712962962962964 0.5307291666666667 0.1712962962962964 0.5307291666666667 0.2287037037037038 0.5635416666666667 0.2287037037037038
10 0.5260416666666666 0.589814814814815 0.49270833333333336 0.589814814814815 0.49270833333333336 0.6509259259259261 0.5260416666666666 0.6509259259259261
1 0.42135416666666664 0.2351851851851853 0.3880208333333333 0.2351851851851853 0.3880208333333333 0.2925925925925927 0.42135416666666664 0.2925925925925927
4 0.5885416666666666 0.6425925925925928 0.5557291666666667 0.6425925925925928 0.5557291666666667 0.702777777777778 0.5885416666666666 0.702777777777778
2 0.5145833333333333 0.5175925925925928 0.48854166666666665 0.5175925925925928 0.48854166666666665 0.565740740740741 0.5145833333333333 0.565740740740741
3 0.5260416666666666 0.26481481481481495 0.49947916666666664 0.26481481481481495 0.49947916666666664 0.3101851851851853 0.5260416666666666 0.3101851851851853
6 0.5765625 0.5611111111111113 0.5432291666666667 0.5611111111111113 0.5432291666666667 0.6222222222222225 0.5765625 0.6222222222222225
3 0.3333333333333333 0.3574074074074075 0.3072916666666667 0.3574074074074075 0.3072916666666667 0.4027777777777779 0.3333333333333333 0.4027777777777779
9 0.3625 0.1916666666666667 0.33541666666666664 0.1916666666666667 0.33541666666666664 0.23611111111111116 0.3625 0.23611111111111116
9 0.45625 0.1500000000000001 0.43020833333333336 0.1500000000000001 0.43020833333333336 0.19537037037037047 0.45625 0.19537037037037047
0 0.3807291666666667 0.6537037037037037 0.3458333333333333 0.6537037037037037 0.3458333333333333 0.7148148148148148 0.3807291666666667 0.7148148148148148
5 0.31614583333333335 0.21203703703703708 0.2833333333333333 0.21203703703703708 0.2833333333333333 0.26944444444444454 0.31614583333333335 0.26944444444444454
0 0.6375 0.6157407407407409 0.603125 0.6157407407407409 0.603125 0.677777777777778 0.6375 0.677777777777778
3 0.4739583333333333 0.2935185185185186 0.44895833333333335 0.2935185185185186 0.44895833333333335 0.3398148148148149 0.4739583333333333 0.3398148148148149
5 0.5510416666666667 0.10000000000000012 0.5192708333333333 0.1000000000000001 0.5192708333333333 0.15648148148148158 0.5510416666666667 0.15648148148148158
4 0.3890625 0.737037037037037 0.35572916666666665 0.737037037037037 0.35572916666666665 0.7962962962962963 0.3890625 0.7962962962962963
3 0.4276041666666667 0.3074074074074075 0.4010416666666667 0.3074074074074075 0.4010416666666667 0.3537037037037038 0.4276041666666667 0.3537037037037038
8 0.53125 0.6703703703703706 0.5041666666666667 0.6703703703703706 0.5041666666666667 0.7194444444444447 0.53125 0.7194444444444447
3 0.3770833333333333 0.3333333333333334 0.353125 0.3333333333333334 0.353125 0.3787037037037038 0.3770833333333333 0.3787037037037038
2 0.5614583333333333 0.490740740740741 0.5348958333333333 0.490740740740741 0.5348958333333333 0.5388888888888891 0.5614583333333333 0.5388888888888891
1 0.5140625 0.19537037037037047 0.4822916666666667 0.19537037037037047 0.4822916666666667 0.25185185185185194 0.5140625 0.25185185185185194
2 0.4625 0.5370370370370371 0.4354166666666667 0.5370370370370371 0.4354166666666667 0.5842592592592593 0.4625 0.5842592592592593
2 0.36041666666666666 0.5805555555555556 0.33489583333333334 0.5805555555555556 0.33489583333333334 0.6287037037037037 0.36041666666666666 0.6287037037037037
8 0.43333333333333335 0.7222222222222222 0.40677083333333336 0.7222222222222222 0.40677083333333336 0.7694444444444445 0.43333333333333335 0.7694444444444445