3 0.6734375 0.05000000000000014 0.6432291666666666 0.05000000000000014 0.6432291666666666 0.10000000000000014 0.6734375 0.10000000000000016
7 0.7338541666666667 0.12500000000000017 0.6953125 0.12500000000000017 0.6953125 0.18888888888888905 0.7338541666666667 0.18888888888888905
2 0.5307291666666667 0.23981481481481493 0.49947916666666664 0.23981481481481493 0.49947916666666664 0.2916666666666668 0.5307291666666667 0.2916666666666668
13 0.8005208333333333 0.42962962962962986 0.7526041666666666 0.42962962962962986 0.7526041666666666 0.5092592592592595 0.8005208333333333 0.5092592592592595
7 0.7447916666666666 0.7361111111111113 0.7052083333333333 0.7361111111111113 0.7052083333333333 0.8046296296296298 0.7447916666666666 0.8046296296296298
2 0.5229166666666667 0.04444444444444456 0.49270833333333336 0.04444444444444455 0.49270833333333336 0.09537037037037048 0.5229166666666667 0.09537037037037048
3 0.6994791666666667 0.852777777777778 0.6677083333333333 0.852777777777778 0.6677083333333333 0.9064814814814817 0.6994791666666667 0.9064814814814817
6 0.4765625 0.12685185185185197 0.43854166666666666 0.12685185185185197 0.43854166666666666 0.19074074074074085 0.4765625 0.19074074074074085
3 0.6833333333333333 0.23425925925925942 0.6510416666666666 0.23425925925925942 0.6510416666666666 0.28518518518518526 0.6833333333333333 0.28518518518518526
9 0.8364583333333333 0.527777777777778 0.8072916666666666 0.527777777777778 0.8072916666666666 0.5805555555555557 0.8364583333333333 0.5805555555555557
8 0.3697916666666667 0.5416666666666666 0.3375 0.5416666666666666 0.3375 0.5962962962962963 0.3697916666666667 0.5962962962962963
4 0.38229166666666664 0.2500000000000001 0.34322916666666664 0.2500000000000001 0.34322916666666664 0.31666666666666676 0.38229166666666664 0.31666666666666676
3 0.6963541666666667 0.6407407407407409 0.6640625 0.6407407407407409 0.6640625 0.6953703703703705 0.6963541666666667 0.6953703703703705
2 0.53125 0.652777777777778 0.4984375 0.652777777777778 0.4984375 0.7074074074074076 0.53125 0.7074074074074076
5 0.8229166666666666 0.14537037037037054 0.7854166666666667 0.14537037037037054 0.7854166666666667 0.20740740740740757 0.8229166666666666 0.20740740740740757
1 0.8119791666666667 0.04629629629629647 0.775 0.04629629629629647 0.775 0.10370370370370388 0.8119791666666667 0.10370370370370388
3 0.6932291666666667 0.43981481481481494 0.6609375 0.43981481481481494 0.6609375 0.49351851851851875 0.6932291666666667 0.49351851851851875
2 0.5276041666666667 0.44166666666666676 0.4953125 0.44166666666666676 0.4953125 0.49537037037037057 0.5276041666666667 0.49537037037037057
0 0.375 0.052777777777777854 0.33697916666666666 0.052777777777777854 0.33697916666666666 0.12129629629629637 0.375 0.1212962962962964
10 0.38333333333333336 0.14907407407407416 0.3416666666666667 0.14907407407407414 0.3416666666666667 0.2148148148148149 0.38333333333333336 0.21481481481481493
8 0.3651041666666667 0.3435185185185186 0.33489583333333334 0.3435185185185186 0.33489583333333334 0.4027777777777779 0.3651041666666667 0.4027777777777779
10 0.378125 0.649074074074074 0.334375 0.649074074074074 0.334375 0.7175925925925926 0.378125 0.7175925925925926
4 0.3765625 0.7592592592592593 0.33645833333333336 0.7592592592592593 0.33645833333333336 0.8314814814814815 0.3765625 0.8314814814814815
0 0.3833333333333334 0.8583333333333333 0.3390625 0.8583333333333333 0.33906250000000004 0.9296296296296296 0.38333333333333347 0.9296296296296296
6 0.4869791666666667 0.7657407407407408 0.446875 0.7657407407407407 0.446875 0.8361111111111112 0.4869791666666667 0.8361111111111114
11 0.846875 0.6222222222222225 0.80625 0.6222222222222225 0.80625 0.6925925925925928 0.846875 0.6925925925925928
5 0.8453125 0.7231481481481483 0.8041666666666667 0.7231481481481483 0.8041666666666667 0.7972222222222224 0.8453125 0.7972222222222224
1 0.853125 0.8166666666666669 0.815625 0.8166666666666669 0.815625 0.8898148148148151 0.853125 0.8898148148148151
11 0.8333333333333334 0.22407407407407423 0.7916666666666666 0.22407407407407423 0.7916666666666666 0.28703703703703726 0.8333333333333334 0.28703703703703726
9 0.8328125 0.31851851851851876 0.8015625 0.31851851851851876 0.8015625 0.377777777777778 0.8328125 0.377777777777778
12 0.434375 0.41574074074074086 0.38385416666666666 0.41574074074074086 0.38385416666666666 0.5055555555555555 0.434375 0.5055555555555555
2 0.5338541666666666 0.8666666666666669 0.5041666666666668 0.8666666666666669 0.5041666666666668 0.9231481481481484 0.5338541666666666 0.9231481481481484