6 0.53125 0.5685185185185186 0.4828125 0.5685185185185185 0.4828125 0.6500000000000001 0.53125 0.6500000000000002
5 0.7875 0.46944444444444466 0.7411458333333333 0.46944444444444466 0.7411458333333333 0.5472222222222224 0.7875 0.5472222222222224
5 0.6734375 0.08148148148148163 0.6270833333333333 0.08148148148148161 0.6270833333333333 0.1583333333333335 0.6734375 0.1583333333333335
4 0.421875 0.35462962962962974 0.3734375 0.35462962962962974 0.3734375 0.4361111111111112 0.421875 0.4361111111111112
7 0.6348958333333333 0.10925925925925939 0.5895833333333333 0.10925925925925939 0.5895833333333333 0.18333333333333346 0.6348958333333333 0.1833333333333335
0 0.4015625 0.275925925925926 0.3536458333333333 0.275925925925926 0.3536458333333333 0.3555555555555557 0.4015625 0.3555555555555557
12 0.4744791666666667 0.5175925925925926 0.41510416666666666 0.5175925925925926 0.41510416666666666 0.6175925925925926 0.4744791666666667 0.6175925925925926
1 0.7052083333333333 0.33703703703703713 0.6578125 0.33703703703703713 0.6578125 0.4166666666666668 0.7052083333333333 0.4166666666666668
13 0.746875 0.2972222222222224 0.6916666666666667 0.29722222222222233 0.6916666666666667 0.3907407407407409 0.746875 0.39074074074074094
8 0.4421875 0.4500000000000001 0.403125 0.4500000000000001 0.403125 0.5157407407407407 0.4421875 0.5157407407407407
2 0.5171875 0.38055555555555565 0.4791666666666667 0.38055555555555565 0.4791666666666667 0.44351851851851865 0.5171875 0.44351851851851865
3 0.6171875 0.21388888888888902 0.5796875 0.213888888888889 0.5796875 0.275925925925926 0.6171875 0.275925925925926
2 0.5677083333333334 0.5500000000000002 0.5286458333333334 0.5500000000000002 0.5286458333333334 0.6166666666666669 0.5677083333333334 0.6166666666666669
7 0.7291666666666666 0.41481481481481497 0.6817708333333333 0.4148148148148149 0.6817708333333333 0.49351851851851875 0.7291666666666666 0.49351851851851875
3 0.6880208333333333 0.45555555555555566 0.65 0.45555555555555566 0.65 0.5194444444444447 0.6880208333333333 0.5194444444444447
10 0.5088541666666667 0.48703703703703716 0.45989583333333334 0.48703703703703705 0.45989583333333334 0.5694444444444445 0.5088541666666667 0.5694444444444446
2 0.59375 0.6305555555555558 0.5541666666666667 0.6305555555555558 0.5541666666666667 0.6981481481481484 0.59375 0.6981481481481484
6 0.4635416666666667 0.32222222222222235 0.41458333333333336 0.32222222222222235 0.41458333333333336 0.40462962962962973 0.4635416666666667 0.40462962962962973
11 0.6802083333333333 0.2564814814814816 0.6338541666666667 0.2564814814814816 0.6338541666666667 0.33425925925925937 0.6802083333333333 0.33425925925925937
11 0.6963541666666667 0.15740740740740758 0.6505208333333333 0.15740740740740758 0.6505208333333333 0.2333333333333335 0.6963541666666667 0.2333333333333335
8 0.484375 0.6157407407407408 0.44583333333333336 0.6157407407407407 0.44583333333333336 0.6814814814814816 0.484375 0.6814814814814817
3 0.7088541666666667 0.5333333333333335 0.6713541666666667 0.5333333333333335 0.6713541666666667 0.5962962962962965 0.7088541666666667 0.5962962962962965
1 0.6588541666666666 0.1879629629629631 0.6119791666666666 0.1879629629629631 0.6119791666666666 0.26574074074074083 0.6588541666666666 0.26574074074074083
9 0.7604166666666666 0.39259259259259277 0.7229166666666667 0.3925925925925927 0.7229166666666667 0.4555555555555557 0.7604166666666666 0.45555555555555577
2 0.5453125 0.46203703703703713 0.5067708333333333 0.46203703703703713 0.5067708333333333 0.527777777777778 0.5453125 0.527777777777778
0 0.5536458333333333 0.6490740740740742 0.5036458333333333 0.6490740740740742 0.5036458333333333 0.7333333333333335 0.5536458333333333 0.7333333333333335
2 0.4984375 0.3000000000000001 0.45989583333333334 0.3000000000000001 0.45989583333333334 0.3648148148148149 0.4984375 0.3648148148148149
4 0.5125 0.6879629629629631 0.4635416666666667 0.687962962962963 0.4635416666666667 0.7703703703703705 0.5125 0.7703703703703706
9 0.7119791666666667 0.23981481481481493 0.6755208333333333 0.23981481481481493 0.6755208333333333 0.3000000000000001 0.7119791666666667 0.3000000000000001
3 0.665625 0.37222222222222234 0.628125 0.37222222222222234 0.628125 0.4351851851851853 0.665625 0.4351851851851853
3 0.6395833333333333 0.29907407407407416 0.6015625 0.29907407407407416 0.6015625 0.36203703703703716 0.6395833333333333 0.36203703703703716
10 0.484375 0.40833333333333344 0.4348958333333333 0.40833333333333344 0.4348958333333333 0.49074074074074087 0.484375 0.490740740740741