5 0.4005208333333333 0.19166666666666674 0.35989583333333336 0.1916666666666667 0.35989583333333336 0.25555555555555565 0.4005208333333333 0.25555555555555565
6 0.4296875 0.7175925925925926 0.3875 0.7175925925925926 0.3875 0.7805555555555556 0.4296875 0.7805555555555556
1 0.5895833333333333 0.8759259259259261 0.5536458333333333 0.8759259259259261 0.5536458333333333 0.9370370370370372 0.5895833333333333 0.9370370370370372
7 0.30833333333333335 0.3712962962962964 0.26666666666666666 0.3712962962962964 0.26666666666666666 0.4361111111111112 0.30833333333333335 0.4361111111111112
9 0.5088541666666667 0.19722222222222233 0.475 0.19722222222222233 0.475 0.2527777777777779 0.5088541666666667 0.2527777777777779
4 0.4713541666666667 0.44722222222222235 0.4328125 0.44722222222222235 0.4328125 0.5175925925925926 0.4713541666666667 0.5175925925925926
2 0.359375 0.5564814814814815 0.32708333333333334 0.5564814814814815 0.32708333333333334 0.6064814814814815 0.359375 0.6064814814814815
1 0.5713541666666667 0.27685185185185196 0.5317708333333333 0.27685185185185196 0.5317708333333333 0.34444444444444455 0.5713541666666667 0.34444444444444455
3 0.465625 0.3787037037037038 0.43020833333333336 0.3787037037037038 0.43020833333333336 0.4287037037037038 0.465625 0.4287037037037038
8 0.48020833333333335 0.7231481481481481 0.44947916666666665 0.7231481481481481 0.44947916666666665 0.7787037037037037 0.48020833333333335 0.7787037037037037
2 0.6229166666666667 0.27685185185185196 0.5885416666666666 0.27685185185185196 0.5885416666666666 0.32870370370370383 0.6229166666666667 0.32870370370370383
2 0.35104166666666664 0.288888888888889 0.31979166666666664 0.288888888888889 0.31979166666666664 0.3453703703703705 0.35104166666666664 0.3453703703703705
12 0.49375000000000013 0.8777777777777779 0.44895833333333346 0.8777777777777778 0.44895833333333346 0.9537037037037037 0.49375000000000013 0.9537037037037037
3 0.6317708333333333 0.450925925925926 0.5973958333333333 0.450925925925926 0.5973958333333333 0.5074074074074076 0.6317708333333333 0.5074074074074076
13 0.56875 0.18425925925925937 0.5276041666666667 0.18425925925925937 0.5276041666666667 0.25555555555555565 0.56875 0.25555555555555565
7 0.4375000000000001 0.8842592592592593 0.40052083333333344 0.8842592592592593 0.40052083333333344 0.9462962962962963 0.4375000000000001 0.9462962962962963
3 0.5776041666666667 0.44722222222222235 0.5453125 0.44722222222222235 0.5453125 0.5074074074074076 0.5776041666666667 0.5074074074074076
11 0.5348958333333333 0.7120370370370372 0.4953125 0.7120370370370372 0.4953125 0.7759259259259261 0.5348958333333333 0.7759259259259261
10 0.5364583333333334 0.802777777777778 0.5026041666666666 0.802777777777778 0.5026041666666667 0.8611111111111113 0.5364583333333334 0.8611111111111113
3 0.3614583333333333 0.46759259259259267 0.3265625 0.46759259259259267 0.3265625 0.525 0.3614583333333333 0.525
6 0.7458333333333333 0.43518518518518534 0.703125 0.4351851851851853 0.703125 0.49814814814814834 0.7458333333333333 0.49814814814814834
3 0.5302083333333333 0.551851851851852 0.4953125 0.551851851851852 0.4953125 0.6083333333333335 0.5302083333333333 0.6083333333333335
2 0.6770833333333334 0.2712962962962964 0.6432291666666666 0.2712962962962964 0.6432291666666666 0.3250000000000001 0.6770833333333334 0.3250000000000001
0 0.59375 0.7092592592592595 0.5526041666666667 0.7092592592592595 0.5526041666666667 0.7740740740740742 0.59375 0.7740740740740742
11 0.6963541666666667 0.7064814814814817 0.65625 0.7064814814814817 0.65625 0.7722222222222225 0.6963541666666667 0.7722222222222225
8 0.5401041666666667 0.8944444444444447 0.5104166666666667 0.8944444444444447 0.5104166666666667 0.9472222222222224 0.5401041666666667 0.9472222222222224
2 0.5802083333333333 0.5435185185185187 0.5463541666666667 0.5435185185185187 0.5463541666666667 0.5990740740740743 0.5802083333333333 0.5990740740740743
9 0.4546875 0.19166666666666676 0.42291666666666666 0.19166666666666676 0.42291666666666666 0.24166666666666678 0.4546875 0.24166666666666678
5 0.5239583333333333 0.3648148148148149 0.48541666666666666 0.3648148148148149 0.48541666666666666 0.4324074074074075 0.5239583333333333 0.4324074074074075
0 0.4635416666666667 0.2777777777777779 0.4270833333333333 0.2777777777777779 0.4270833333333333 0.3462962962962964 0.4635416666666667 0.3462962962962964
10 0.5119791666666667 0.10833333333333343 0.4765625 0.10833333333333343 0.4765625 0.16944444444444454 0.5119791666666667 0.16944444444444454
4 0.3734375 0.7203703703703703 0.3359375 0.7203703703703703 0.3359375 0.7851851851851852 0.3734375 0.7851851851851852