5 0.6510416666666666 0.6870370370370372 0.6083333333333333 0.6870370370370372 0.6083333333333333 0.7574074074074076 0.6510416666666666 0.7574074074074076
4 0.6713541666666667 0.15555555555555572 0.6291666666666667 0.15555555555555572 0.6291666666666667 0.22500000000000014 0.6713541666666667 0.22500000000000014
12 0.5588541666666667 0.009259259259259377 0.5078125 0.009259259259259372 0.5078125 0.09444444444444457 0.5588541666666667 0.09444444444444458
7 0.6052083333333333 0.004629629629629756 0.5625 0.004629629629629752 0.5625 0.07407407407407421 0.6052083333333333 0.07407407407407421
1 0.453125 0.05000000000000009 0.4088541666666667 0.05000000000000009 0.4088541666666667 0.12222222222222233 0.453125 0.12222222222222233
4 0.5802083333333333 0.44351851851851865 0.5338541666666666 0.44351851851851865 0.5338541666666666 0.5166666666666668 0.5802083333333333 0.5166666666666668
6 0.61875 0.16574074074074088 0.5755208333333334 0.16574074074074086 0.5755208333333334 0.23703703703703713 0.61875 0.23703703703703713
9 0.5369791666666667 0.7194444444444447 0.5 0.7194444444444447 0.5 0.7787037037037039 0.5369791666666667 0.7787037037037039
3 0.5786458333333333 0.5287037037037039 0.5427083333333333 0.5287037037037039 0.5427083333333333 0.5870370370370372 0.5786458333333333 0.5870370370370372
7 0.7432291666666667 0.4851851851851854 0.6994791666666667 0.4851851851851854 0.6994791666666667 0.5546296296296298 0.7432291666666667 0.5546296296296298
8 0.5572916666666666 0.18333333333333343 0.5213541666666667 0.18333333333333343 0.5213541666666667 0.24074074074074084 0.5572916666666666 0.24074074074074084
3 0.4114583333333333 0.49074074074074076 0.37552083333333336 0.49074074074074076 0.37552083333333336 0.5509259259259259 0.4114583333333333 0.5509259259259259
2 0.6932291666666667 0.5916666666666669 0.6572916666666667 0.5916666666666669 0.6572916666666667 0.6462962962962965 0.6932291666666667 0.6462962962962965
3 0.6822916666666666 0.41018518518518526 0.6447916666666667 0.41018518518518526 0.6447916666666667 0.47407407407407426 0.6822916666666666 0.47407407407407426
9 0.5895833333333333 0.7129629629629631 0.5541666666666667 0.7129629629629631 0.5541666666666667 0.7703703703703706 0.5895833333333333 0.7703703703703706
2 0.6807291666666667 0.32685185185185195 0.6453125 0.32685185185185195 0.6453125 0.38425925925925936 0.6807291666666667 0.38425925925925936
10 0.50625 0.11203703703703714 0.4630208333333333 0.11203703703703714 0.4630208333333333 0.18240740740740752 0.50625 0.18240740740740752
13 0.4890625 0.7203703703703704 0.4359375 0.7203703703703703 0.4359375 0.8092592592592593 0.4890625 0.8092592592592595
2 0.46145833333333336 0.38796296296296306 0.42552083333333335 0.38796296296296306 0.42552083333333335 0.44537037037037047 0.46145833333333336 0.44537037037037047
3 0.46510416666666665 0.47962962962962963 0.42916666666666664 0.47962962962962963 0.42916666666666664 0.5361111111111111 0.46510416666666665 0.5361111111111111
1 0.48072916666666665 0.6416666666666667 0.4354166666666667 0.6416666666666667 0.4354166666666667 0.7157407407407408 0.48072916666666665 0.7157407407407408
3 0.5125 0.36851851851851863 0.4765625 0.36851851851851863 0.4765625 0.42592592592592604 0.5125 0.42592592592592604
8 0.496875 0.03148148148148159 0.4625 0.03148148148148159 0.4625 0.08703703703703715 0.496875 0.08703703703703715
11 0.5125 0.19722222222222233 0.46822916666666664 0.19722222222222233 0.46822916666666664 0.26944444444444454 0.5125 0.26944444444444454
0 0.5875 0.6111111111111113 0.5421875 0.6111111111111113 0.5421875 0.6851851851851853 0.5875 0.6851851851851853
6 0.3067708333333333 0.5203703703703704 0.2645833333333334 0.5203703703703704 0.2645833333333334 0.5925925925925926 0.3067708333333333 0.5925925925925926
0 0.4546875 0.21481481481481493 0.41041666666666665 0.21481481481481493 0.41041666666666665 0.28333333333333344 0.4546875 0.28333333333333344
2 0.421875 0.662962962962963 0.38645833333333335 0.662962962962963 0.38645833333333335 0.7240740740740741 0.421875 0.7240740740740741
11 0.35052083333333334 0.24074074074074084 0.3104166666666667 0.24074074074074084 0.3104166666666667 0.3157407407407408 0.35052083333333334 0.3157407407407408
10 0.5380208333333333 0.7990740740740743 0.4973958333333333 0.7990740740740743 0.49739583333333337 0.8685185185185187 0.5380208333333333 0.8685185185185187
2 0.3651041666666667 0.6814814814814815 0.33229166666666665 0.6814814814814815 0.33229166666666665 0.7379629629629629 0.3651041666666667 0.7379629629629629
5 0.5239583333333333 0.538888888888889 0.4822916666666667 0.5388888888888889 0.4822916666666667 0.6157407407407408 0.5239583333333333 0.6157407407407409