0 0.6984375 0.6888888888888891 0.6552083333333333 0.6888888888888891 0.6552083333333333 0.7722222222222225 0.6984375 0.7722222222222225
5 0.35625 0.4129629629629631 0.3067708333333333 0.4129629629629631 0.3067708333333333 0.5055555555555555 0.35625 0.5055555555555555
4 0.6927083333333334 0.6111111111111113 0.6489583333333333 0.6111111111111113 0.6489583333333333 0.6953703703703705 0.6927083333333334 0.6953703703703705
2 0.5890625 0.5018518518518521 0.5536458333333333 0.5018518518518521 0.5536458333333333 0.5685185185185188 0.5890625 0.5685185185185188
3 0.45677083333333335 0.562962962962963 0.41875 0.562962962962963 0.41875 0.6361111111111111 0.45677083333333335 0.6361111111111111
12 0.6828125 0.43055555555555564 0.6260416666666667 0.43055555555555564 0.6260416666666667 0.5370370370370372 0.6828125 0.5370370370370372
5 0.40625000000000006 0.8444444444444444 0.3619791666666667 0.8444444444444444 0.36197916666666674 0.9212962962962963 0.4062500000000001 0.9212962962962963
13 0.3796875 0.587037037037037 0.32083333333333336 0.587037037037037 0.32083333333333336 0.6981481481481482 0.3796875 0.6981481481481482
3 0.4479166666666667 0.47314814814814826 0.40989583333333335 0.47314814814814826 0.40989583333333335 0.5453703703703704 0.4479166666666667 0.5453703703703704
11 0.43072916666666666 0.662962962962963 0.38333333333333336 0.662962962962963 0.38333333333333336 0.7509259259259259 0.43072916666666666 0.7509259259259259
9 0.38177083333333334 0.6907407407407408 0.34427083333333336 0.6907407407407408 0.34427083333333336 0.7611111111111111 0.38177083333333334 0.7611111111111111
10 0.6473958333333333 0.5500000000000002 0.6015625 0.5500000000000002 0.6015625 0.6361111111111113 0.6473958333333333 0.6361111111111113
3 0.47760416666666666 0.7333333333333333 0.4401041666666667 0.7333333333333333 0.4401041666666667 0.8046296296296296 0.47760416666666666 0.8046296296296296
7 0.45052083333333337 0.8222222222222222 0.4036458333333333 0.8222222222222222 0.40364583333333337 0.9092592592592592 0.4505208333333334 0.9092592592592592
1 0.44114583333333335 0.7379629629629629 0.39427083333333335 0.7379629629629629 0.39427083333333335 0.825 0.44114583333333335 0.825
11 0.3953125 0.762962962962963 0.3484375 0.762962962962963 0.3484375 0.85 0.3953125 0.85
9 0.36041666666666666 0.5166666666666667 0.32083333333333336 0.5166666666666667 0.32083333333333336 0.5907407407407408 0.36041666666666666 0.5907407407407408
0 0.6223958333333334 0.301851851851852 0.5755208333333334 0.301851851851852 0.5755208333333334 0.39074074074074083 0.6223958333333334 0.39074074074074083
6 0.6515625 0.6351851851851854 0.6072916666666667 0.6351851851851854 0.6072916666666667 0.7203703703703705 0.6515625 0.7203703703703705
7 0.409375 0.4888888888888889 0.3614583333333333 0.4888888888888889 0.3614583333333333 0.5796296296296296 0.409375 0.5796296296296296
10 0.6369791666666667 0.4685185185185186 0.590625 0.4685185185185186 0.590625 0.5555555555555558 0.6369791666666667 0.5555555555555558
4 0.6630208333333333 0.2787037037037038 0.6171875 0.2787037037037038 0.6171875 0.36574074074074087 0.6630208333333333 0.36574074074074087
2 0.6067708333333334 0.6685185185185187 0.5713541666666667 0.6685185185185187 0.5713541666666667 0.7361111111111113 0.6067708333333334 0.7361111111111113
3 0.440625 0.3870370370370371 0.4015625 0.3870370370370371 0.4015625 0.4601851851851853 0.440625 0.4601851851851853
3 0.4703125 0.6435185185185185 0.4328125 0.6435185185185185 0.4328125 0.7129629629629629 0.4703125 0.7129629629629629
2 0.6005208333333333 0.5888888888888891 0.5661458333333333 0.5888888888888891 0.5661458333333333 0.6546296296296299 0.6005208333333333 0.6546296296296299
6 0.6286458333333333 0.38611111111111124 0.5817708333333333 0.38611111111111124 0.5817708333333333 0.47407407407407426 0.6286458333333333 0.47407407407407426
8 0.678125 0.5351851851851854 0.6427083333333333 0.5351851851851854 0.6427083333333333 0.6018518518518521 0.678125 0.6018518518518521
8 0.6671875 0.36851851851851863 0.6302083333333334 0.36851851851851863 0.6302083333333334 0.438888888888889 0.6671875 0.438888888888889
2 0.571875 0.3250000000000001 0.534375 0.3250000000000001 0.534375 0.3953703703703705 0.571875 0.3953703703703705
2 0.5822916666666667 0.41203703703703715 0.5447916666666667 0.41203703703703715 0.5447916666666667 0.4824074074074076 0.5822916666666667 0.4824074074074076
1 0.4203125 0.575 0.371875 0.575 0.371875 0.6648148148148149 0.4203125 0.6648148148148149