4 0.5796875 0.06851851851851863 0.5302083333333333 0.06851851851851862 0.5302083333333333 0.14814814814814825 0.5796875 0.14814814814814825
1 0.6453125 0.9435185185185188 0.5932291666666667 0.9435185185185188 0.5932291666666667 0.9777777777777777 0.6453125 0.9777777777777777
13 0.49947916666666664 0.6805555555555557 0.4348958333333333 0.6805555555555556 0.4348958333333333 0.7842592592592593 0.49947916666666664 0.7842592592592594
7 0.37135416666666665 0.4777777777777778 0.31927083333333334 0.4777777777777778 0.31927083333333334 0.5611111111111111 0.37135416666666665 0.5611111111111111
7 0.6442708333333333 0.7685185185185187 0.5927083333333333 0.7685185185185187 0.5927083333333333 0.8518518518518521 0.6442708333333333 0.8518518518518521
2 0.5947916666666667 0.3611111111111112 0.5541666666666667 0.3611111111111112 0.5541666666666667 0.42592592592592604 0.5947916666666667 0.42592592592592604
12 0.6479166666666667 0.21111111111111125 0.5880208333333333 0.21111111111111122 0.5880208333333333 0.30833333333333346 0.6479166666666667 0.30833333333333346
3 0.7041666666666667 0.7416666666666669 0.6609375 0.7416666666666669 0.6609375 0.8129629629629632 0.7041666666666667 0.8129629629629632
2 0.5083333333333333 0.2601851851851853 0.4671875 0.2601851851851853 0.4671875 0.325925925925926 0.5083333333333333 0.325925925925926
3 0.5270833333333333 0.5657407407407409 0.48333333333333334 0.5657407407407408 0.48333333333333334 0.6351851851851853 0.5270833333333333 0.6351851851851854
3 0.6203125 0.6537037037037039 0.575 0.6537037037037039 0.575 0.7259259259259261 0.6203125 0.7259259259259261
2 0.6802083333333333 0.4490740740740742 0.6390625 0.4490740740740742 0.6390625 0.5148148148148151 0.6802083333333333 0.5148148148148151
6 0.7411458333333333 0.4157407407407409 0.6916666666666667 0.41574074074074086 0.6916666666666667 0.4962962962962965 0.7411458333333333 0.4962962962962965
3 0.4390625 0.45925925925925937 0.39375 0.45925925925925937 0.39375 0.5333333333333333 0.4390625 0.5333333333333333
2 0.42552083333333335 0.18333333333333343 0.38385416666666666 0.18333333333333343 0.38385416666666666 0.24722222222222232 0.42552083333333335 0.24722222222222232
1 0.29322916666666665 0.5722222222222222 0.24010416666666673 0.5722222222222222 0.24010416666666673 0.6592592592592592 0.29322916666666665 0.6592592592592592
8 0.6182291666666667 0.12962962962962976 0.5786458333333333 0.12962962962962973 0.5786458333333333 0.19259259259259273 0.6182291666666667 0.19259259259259276
2 0.7682291666666666 0.5416666666666669 0.7276041666666667 0.5416666666666669 0.7276041666666667 0.6074074074074076 0.7682291666666666 0.6074074074074076
6 0.4890625 0.14814814814814825 0.4390625 0.14814814814814825 0.4390625 0.22962962962962974 0.4890625 0.22962962962962974
9 0.5057291666666667 0.8185185185185186 0.46041666666666664 0.8185185185185185 0.46041666666666675 0.8916666666666667 0.5057291666666668 0.8916666666666668
4 0.7447916666666666 0.2574074074074076 0.6953125 0.25740740740740753 0.6953125 0.33796296296296313 0.7447916666666666 0.3379629629629632
0 0.8260416666666667 0.35462962962962985 0.7776041666666667 0.35462962962962985 0.7776041666666667 0.43333333333333357 0.8260416666666667 0.43333333333333357
10 0.7817708333333333 0.29722222222222244 0.7317708333333334 0.29722222222222244 0.7317708333333334 0.37870370370370393 0.7817708333333333 0.37870370370370393
5 0.33958333333333335 0.6212962962962963 0.2864583333333333 0.6212962962962963 0.2864583333333333 0.7083333333333334 0.33958333333333335 0.7083333333333334
5 0.5609375 0.8453703703703705 0.5072916666666667 0.8453703703703705 0.5072916666666667 0.9324074074074076 0.5609375 0.9324074074074076
11 0.37864583333333335 0.6685185185185185 0.325 0.6685185185185185 0.325 0.7564814814814815 0.37864583333333335 0.7564814814814815
8 0.6942708333333333 0.21851851851851867 0.6557291666666667 0.21851851851851867 0.6557291666666667 0.27962962962962973 0.6942708333333333 0.27962962962962973
0 0.49114583333333334 1.0160032704037301e-16 0.4421875 9.627084559963916e-17 0.4421875 0.057407407407407504 0.49114583333333334 0.05740740740740751
3 0.3546875 0.3712962962962964 0.3109375 0.3712962962962964 0.3109375 0.43981481481481494 0.3546875 0.43981481481481494
9 0.42135416666666664 0.7231481481481481 0.37552083333333336 0.7231481481481481 0.37552083333333336 0.7981481481481482 0.42135416666666664 0.7981481481481482
11 0.6057291666666667 0.901851851851852 0.5505208333333333 0.901851851851852 0.5505208333333333 0.9796296296296296 0.6057291666666667 0.9796296296296296
10 0.5359375 0.03240740740740752 0.4828125 0.03240740740740751 0.4828125 0.11851851851851862 0.5359375 0.11851851851851862