6 0.29635416666666664 0.29722222222222233 0.25729166666666664 0.29722222222222233 0.25729166666666664 0.37592592592592605 0.29635416666666664 0.37592592592592605
4 0.2833333333333333 0.47685185185185186 0.24375000000000005 0.47685185185185186 0.24375000000000005 0.5574074074074075 0.2833333333333333 0.5574074074074075
11 0.721875 0.39444444444444454 0.6838541666666667 0.39444444444444454 0.6838541666666667 0.4703703703703705 0.721875 0.4703703703703705
3 0.3484375 0.1944444444444445 0.31666666666666665 0.1944444444444445 0.31666666666666665 0.25925925925925936 0.3484375 0.25925925925925936
0 0.3921875 0.29907407407407416 0.353125 0.29907407407407416 0.353125 0.37592592592592605 0.3921875 0.37592592592592605
2 0.6989583333333333 0.690740740740741 0.6692708333333334 0.690740740740741 0.6692708333333334 0.7490740740740743 0.6989583333333333 0.7490740740740743
2 0.684375 0.20370370370370386 0.6541666666666667 0.20370370370370386 0.6541666666666667 0.2666666666666668 0.684375 0.2666666666666668
9 0.6765625 0.40833333333333344 0.646875 0.40833333333333344 0.646875 0.4703703703703705 0.6765625 0.4703703703703705
3 0.2984375 0.19537037037037042 0.2671875 0.19537037037037042 0.2671875 0.2583333333333334 0.2984375 0.2583333333333334
1 0.6239583333333333 0.4888888888888891 0.5869791666666667 0.4888888888888891 0.5869791666666667 0.5638888888888891 0.6239583333333333 0.5638888888888891
7 0.5807291666666666 0.39074074074074083 0.5421875 0.39074074074074083 0.5421875 0.46944444444444455 0.5807291666666666 0.46944444444444455
3 0.3234375 0.5935185185185186 0.2921875 0.5935185185185186 0.2921875 0.6574074074074074 0.3234375 0.6574074074074074
7 0.6848958333333334 0.2935185185185186 0.6473958333333333 0.2935185185185186 0.6473958333333333 0.3675925925925927 0.6848958333333334 0.3675925925925927
0 0.34010416666666665 0.3851851851851853 0.30052083333333335 0.3851851851851853 0.30052083333333335 0.463888888888889 0.34010416666666665 0.463888888888889
2 0.7322916666666667 0.20740740740740757 0.7020833333333333 0.20740740740740757 0.7020833333333333 0.26759259259259277 0.7322916666666667 0.2675925925925928
8 0.3765625 0.49537037037037035 0.34427083333333336 0.49537037037037035 0.34427083333333336 0.5592592592592592 0.3765625 0.5592592592592592
2 0.6614583333333334 0.5962962962962965 0.6307291666666667 0.5962962962962965 0.6307291666666667 0.6546296296296299 0.6614583333333334 0.6546296296296299
5 0.6411458333333333 0.2925925925925927 0.6010416666666667 0.2925925925925927 0.6010416666666667 0.37314814814814823 0.6411458333333333 0.37314814814814823
2 0.7046875 0.6000000000000002 0.6744791666666666 0.6000000000000002 0.6744791666666666 0.6592592592592594 0.7046875 0.6592592592592594
1 0.7171875 0.4888888888888891 0.6755208333333333 0.4888888888888891 0.6755208333333333 0.5675925925925928 0.7171875 0.5675925925925928
4 0.3875 0.38981481481481495 0.346875 0.38981481481481495 0.346875 0.4685185185185186 0.3875 0.4685185185185186
3 0.2734375 0.6796296296296296 0.2427083333333334 0.6796296296296296 0.2427083333333334 0.7425925925925926 0.2734375 0.7425925925925926
6 0.43333333333333335 0.39074074074074083 0.39375 0.39074074074074083 0.39375 0.4685185185185186 0.43333333333333335 0.4685185185185186
13 0.6770833333333334 0.47962962962962985 0.6265625 0.47962962962962985 0.6265625 0.5750000000000002 0.6770833333333334 0.5750000000000002
5 0.7302083333333333 0.3092592592592594 0.690625 0.30925925925925934 0.690625 0.38333333333333347 0.7302083333333333 0.3833333333333335
10 0.33229166666666665 0.48518518518518516 0.29010416666666666 0.48518518518518516 0.29010416666666666 0.5592592592592592 0.33229166666666665 0.5592592592592592
11 0.6322916666666667 0.3916666666666668 0.5911458333333334 0.3916666666666668 0.5911458333333334 0.4666666666666668 0.6322916666666667 0.4666666666666668
10 0.28958333333333336 0.388888888888889 0.24739583333333334 0.388888888888889 0.24739583333333337 0.46944444444444455 0.28958333333333336 0.46944444444444455
12 0.353125 0.2814814814814816 0.30104166666666665 0.2814814814814816 0.30104166666666665 0.3712962962962964 0.353125 0.3712962962962964
3 0.27291666666666664 0.5962962962962963 0.2427083333333334 0.5962962962962963 0.2427083333333334 0.6537037037037037 0.27291666666666664 0.6537037037037037