3 0.46145833333333336 0.4925925925925926 0.42552083333333335 0.4925925925925926 0.42552083333333335 0.5611111111111111 0.46145833333333336 0.5611111111111111
4 0.6651041666666667 0.6064814814814817 0.6223958333333334 0.6064814814814817 0.6223958333333334 0.6879629629629632 0.6651041666666667 0.6879629629629632
11 0.46041666666666664 0.08518518518518528 0.415625 0.08518518518518527 0.415625 0.16944444444444454 0.46041666666666664 0.16944444444444454
10 0.6848958333333334 0.3379629629629631 0.6416666666666667 0.3379629629629631 0.6416666666666667 0.42222222222222233 0.6848958333333334 0.42222222222222233
4 0.7380208333333333 0.28240740740740755 0.6953125 0.2824074074074075 0.6953125 0.364814814814815 0.7380208333333333 0.36481481481481504
12 0.7052083333333333 0.44351851851851865 0.6526041666666667 0.44351851851851865 0.6526041666666667 0.5425925925925928 0.7052083333333333 0.5425925925925928
7 0.44375 0.37037037037037046 0.39791666666666664 0.37037037037037046 0.39791666666666664 0.4564814814814816 0.44375 0.4564814814814816
0 0.7541666666666667 0.20277777777777795 0.7125 0.20277777777777795 0.7125 0.28240740740740755 0.7541666666666667 0.2824074074074076
8 0.6796875 0.5361111111111113 0.6447916666666667 0.5361111111111113 0.6447916666666667 0.603703703703704 0.6796875 0.603703703703704
11 0.48489583333333336 0.1962962962962964 0.4395833333333333 0.1962962962962964 0.4395833333333333 0.28055555555555567 0.48489583333333336 0.28055555555555567
13 0.42604166666666665 0.2453703703703705 0.3703125 0.2453703703703705 0.3703125 0.3490740740740742 0.42604166666666665 0.3490740740740742
5 0.48072916666666665 9.967264226393736e-17 0.4348958333333333 9.468334048963332e-17 0.4348958333333333 0.0851851851851853 0.48072916666666665 0.0851851851851853
7 0.5234375 0.03055555555555567 0.4786458333333333 0.030555555555555662 0.4786458333333333 0.11481481481481493 0.5234375 0.11481481481481493
9 0.3958333333333333 0.35092592592592603 0.359375 0.35092592592592603 0.359375 0.4185185185185186 0.3958333333333333 0.4185185185185186
10 0.6645833333333333 0.4185185185185186 0.6197916666666666 0.4185185185185186 0.6197916666666666 0.502777777777778 0.6645833333333333 0.502777777777778
3 0.5395833333333333 0.1462962962962964 0.503125 0.1462962962962964 0.503125 0.213888888888889 0.5395833333333333 0.213888888888889
8 0.7130208333333333 0.37592592592592605 0.6791666666666667 0.37592592592592605 0.6791666666666667 0.44166666666666676 0.7130208333333333 0.44166666666666676
3 0.4984375 0.31944444444444453 0.46197916666666666 0.31944444444444453 0.46197916666666666 0.3870370370370371 0.4984375 0.3870370370370371
1 0.5046875 0.11851851851851862 0.4588541666666667 0.11851851851851862 0.4588541666666667 0.2037037037037038 0.5046875 0.2037037037037038
0 0.628125 0.5796296296296298 0.5833333333333334 0.5796296296296298 0.5833333333333334 0.6648148148148151 0.628125 0.6648148148148151
9 0.4375 0.17962962962962972 0.40208333333333335 0.17962962962962972 0.40208333333333335 0.2462962962962964 0.4375 0.2462962962962964
6 0.7015625 0.2527777777777779 0.6588541666666666 0.2527777777777779 0.6588541666666666 0.33425925925925937 0.7015625 0.33425925925925937
3 0.5213541666666667 0.23796296296296307 0.48541666666666666 0.23796296296296307 0.48541666666666666 0.30555555555555564 0.5213541666666667 0.30555555555555564
1 0.4635416666666667 0.28518518518518526 0.41875 0.28518518518518526 0.41875 0.37037037037037046 0.4635416666666667 0.37037037037037046
3 0.4796875 0.40833333333333344 0.4432291666666667 0.40833333333333344 0.4432291666666667 0.47685185185185186 0.4796875 0.47685185185185186
6 0.6463541666666667 0.4990740740740743 0.6015625 0.4990740740740743 0.6015625 0.5833333333333336 0.6463541666666667 0.5833333333333336
5 0.38177083333333334 0.4361111111111112 0.3359375 0.4361111111111112 0.3359375 0.5212962962962963 0.38177083333333334 0.5212962962962963
2 0.58125 0.5722222222222224 0.5463541666666667 0.5722222222222224 0.5463541666666667 0.6361111111111113 0.58125 0.6361111111111113
2 0.6598958333333333 0.23240740740740756 0.625 0.23240740740740756 0.625 0.29907407407407416 0.6598958333333333 0.29907407407407416
2 0.64375 0.31481481481481494 0.6098958333333333 0.31481481481481494 0.6098958333333333 0.3787037037037038 0.64375 0.3787037037037038
2 0.6213541666666667 0.3990740740740742 0.5864583333333333 0.3990740740740742 0.5864583333333333 0.46574074074074084 0.6213541666666667 0.46574074074074084
2 0.6020833333333333 0.4888888888888891 0.5682291666666667 0.4888888888888891 0.5682291666666667 0.5546296296296298 0.6020833333333333 0.5546296296296298