10 0.4786458333333333 0.2824074074074075 0.44114583333333335 0.2824074074074075 0.44114583333333335 0.35462962962962974 0.4786458333333333 0.35462962962962974
6 0.43802083333333336 0.32314814814814824 0.4005208333333333 0.32314814814814824 0.4005208333333333 0.3935185185185186 0.43802083333333336 0.3935185185185186
7 0.5572916666666666 0.6685185185185187 0.5171875 0.6685185185185187 0.5171875 0.7425925925925928 0.5572916666666666 0.7425925925925928
6 0.5625 0.2064814814814816 0.525 0.2064814814814816 0.525 0.275925925925926 0.5625 0.275925925925926
10 0.5182291666666666 0.24074074074074084 0.48125 0.24074074074074084 0.48125 0.3111111111111112 0.5182291666666666 0.3111111111111112
11 0.7072916666666667 0.6111111111111113 0.6692708333333334 0.6111111111111113 0.6692708333333334 0.6833333333333336 0.7072916666666667 0.6833333333333336
3 0.5729166666666666 0.565740740740741 0.5401041666666667 0.565740740740741 0.5401041666666667 0.6250000000000002 0.5729166666666666 0.6250000000000002
3 0.484375 0.6472222222222224 0.45260416666666664 0.6472222222222223 0.45260416666666664 0.7055555555555557 0.484375 0.7055555555555557
0 0.5786458333333333 0.11111111111111123 0.5416666666666666 0.11111111111111122 0.5416666666666666 0.17685185185185195 0.5786458333333333 0.17685185185185195
8 0.4083333333333333 0.263888888888889 0.37864583333333335 0.263888888888889 0.37864583333333335 0.31944444444444453 0.4083333333333333 0.31944444444444453
2 0.4125 0.4407407407407408 0.38125 0.4407407407407408 0.38125 0.49907407407407406 0.4125 0.49907407407407406
3 0.5270833333333333 0.6083333333333335 0.4953125 0.6083333333333335 0.4953125 0.6666666666666669 0.5270833333333333 0.6666666666666669
3 0.6104166666666667 0.5185185185185187 0.5791666666666667 0.5185185185185187 0.5791666666666667 0.5768518518518521 0.6104166666666667 0.5768518518518521
2 0.5828125 0.275925925925926 0.5526041666666667 0.275925925925926 0.5526041666666667 0.3314814814814816 0.5828125 0.3314814814814816
2 0.5416666666666666 0.3101851851851853 0.5119791666666667 0.3101851851851853 0.5119791666666667 0.3648148148148149 0.5416666666666666 0.3648148148148149
5 0.7473958333333334 0.5675925925925928 0.7088541666666667 0.5675925925925928 0.7088541666666667 0.6407407407407409 0.7473958333333334 0.6407407407407409
8 0.49114583333333334 0.19444444444444456 0.46197916666666666 0.19444444444444456 0.46197916666666666 0.24722222222222232 0.49114583333333334 0.24722222222222232
9 0.5770833333333333 0.7472222222222225 0.5453125 0.7472222222222225 0.5453125 0.8083333333333336 0.5770833333333333 0.8083333333333336
3 0.6572916666666667 0.47777777777777797 0.6255208333333333 0.47777777777777797 0.6255208333333333 0.5361111111111113 0.6572916666666667 0.5361111111111113
4 0.5380208333333333 0.14444444444444454 0.5010416666666667 0.14444444444444454 0.5010416666666667 0.21018518518518528 0.5380208333333333 0.21018518518518528
1 0.5989583333333334 0.6240740740740743 0.559375 0.6240740740740743 0.559375 0.6972222222222224 0.5989583333333334 0.6972222222222224
1 0.6791666666666667 0.5398148148148151 0.6401041666666667 0.5398148148148151 0.6401041666666667 0.6111111111111113 0.6791666666666667 0.6111111111111113
11 0.6421875 0.5796296296296298 0.6036458333333333 0.5796296296296298 0.6036458333333333 0.6500000000000002 0.6421875 0.6500000000000002
0 0.3958333333333333 0.3611111111111112 0.3578125 0.3611111111111112 0.3578125 0.43055555555555564 0.3958333333333333 0.43055555555555564
12 0.45677083333333335 0.21481481481481493 0.409375 0.21481481481481493 0.409375 0.30092592592592604 0.45677083333333335 0.30092592592592604
7 0.7229166666666667 0.4962962962962965 0.6828125 0.4962962962962965 0.6828125 0.5703703703703705 0.7229166666666667 0.5703703703703705
13 0.6307291666666667 0.6861111111111113 0.5802083333333333 0.6861111111111113 0.5802083333333333 0.7796296296296299 0.6307291666666667 0.7796296296296299
9 0.6619791666666667 0.6555555555555558 0.6296875 0.6555555555555558 0.6296875 0.7166666666666669 0.6619791666666667 0.7166666666666669
5 0.534375 0.7842592592592594 0.49322916666666666 0.7842592592592594 0.4932291666666667 0.8601851851851854 0.534375 0.8601851851851854
2 0.5 0.3555555555555557 0.46822916666666664 0.3555555555555557 0.46822916666666664 0.4129629629629631 0.5 0.4129629629629631
2 0.4546875 0.3962962962962964 0.42291666666666666 0.3962962962962964 0.42291666666666666 0.4546296296296297 0.4546875 0.4546296296296297
4 0.3723958333333333 0.29537037037037045 0.3333333333333333 0.29537037037037045 0.3333333333333333 0.3648148148148149 0.3723958333333333 0.3648148148148149