7 0.46197916666666666 0.23796296296296307 0.4296875 0.23796296296296307 0.4296875 0.29722222222222233 0.46197916666666666 0.29722222222222233
10 0.5739583333333333 0.6222222222222225 0.540625 0.6222222222222225 0.540625 0.6842592592592595 0.5739583333333333 0.6842592592592595
11 0.6057291666666667 0.1527777777777779 0.5734375 0.15277777777777787 0.5734375 0.2092592592592594 0.6057291666666667 0.20925925925925942
6 0.6276041666666666 0.6129629629629632 0.59375 0.6129629629629632 0.59375 0.6731481481481484 0.6276041666666666 0.6731481481481484
12 0.525 0.6981481481481484 0.484375 0.6981481481481484 0.484375 0.7731481481481484 0.525 0.7731481481481484
9 0.4583333333333333 0.17037037037037048 0.4317708333333333 0.17037037037037048 0.4317708333333333 0.2175925925925927 0.4583333333333333 0.2175925925925927
4 0.42239583333333336 0.7166666666666667 0.38958333333333334 0.7166666666666667 0.38958333333333334 0.7759259259259259 0.42239583333333336 0.7759259259259259
7 0.6578125 0.22407407407407423 0.6255208333333333 0.22407407407407423 0.6255208333333333 0.28055555555555567 0.6578125 0.28055555555555567
4 0.6291666666666667 0.6962962962962965 0.5963541666666666 0.6962962962962965 0.5963541666666666 0.7564814814814816 0.6291666666666667 0.7564814814814816
13 0.5135416666666667 0.15185185185185196 0.475 0.15185185185185196 0.475 0.2212962962962964 0.5135416666666667 0.2212962962962964
1 0.5109375 0.2351851851851853 0.4786458333333333 0.2351851851851853 0.4786458333333333 0.2935185185185186 0.5109375 0.2935185185185186
11 0.5619791666666667 0.2314814814814816 0.5296875 0.2314814814814816 0.5296875 0.2898148148148149 0.5619791666666667 0.2898148148148149
6 0.47291666666666665 0.6259259259259259 0.4395833333333333 0.6259259259259259 0.4395833333333333 0.6888888888888889 0.47291666666666665 0.6888888888888889
3 0.6114583333333333 0.3037037037037038 0.5848958333333333 0.3037037037037038 0.5848958333333333 0.3500000000000001 0.6114583333333333 0.3500000000000001
3 0.4109375 0.32314814814814824 0.384375 0.32314814814814824 0.384375 0.3694444444444446 0.4109375 0.3694444444444446
3 0.4583333333333333 0.31666666666666676 0.4322916666666667 0.31666666666666676 0.4322916666666667 0.3648148148148149 0.4583333333333333 0.3648148148148149
5 0.6541666666666667 0.14907407407407422 0.6213541666666667 0.14907407407407422 0.6213541666666667 0.20648148148148163 0.6541666666666667 0.20648148148148163
10 0.5239583333333333 0.6222222222222225 0.4895833333333333 0.6222222222222225 0.4895833333333333 0.6842592592592595 0.5239583333333333 0.6842592592592595
3 0.5578125 0.31296296296296305 0.5322916666666667 0.31296296296296305 0.5322916666666667 0.3601851851851853 0.5578125 0.3601851851851853
3 0.5098958333333333 0.30925925925925934 0.48385416666666664 0.30925925925925934 0.48385416666666664 0.35648148148148157 0.5098958333333333 0.35648148148148157
2 0.4640625 0.5546296296296296 0.43854166666666666 0.5546296296296296 0.43854166666666666 0.6037037037037037 0.4640625 0.6037037037037037
2 0.5723958333333333 0.5481481481481484 0.5458333333333333 0.5481481481481484 0.5458333333333333 0.5962962962962965 0.5723958333333333 0.5962962962962965
2 0.51875 0.5481481481481484 0.4921875 0.5481481481481484 0.4921875 0.5953703703703705 0.51875 0.5953703703703705
9 0.5557291666666667 0.16481481481481491 0.5291666666666667 0.16481481481481491 0.5291666666666667 0.20925925925925937 0.5557291666666667 0.20925925925925937
1 0.6067708333333334 0.22962962962962977 0.575 0.22962962962962974 0.575 0.2861111111111112 0.6067708333333334 0.2861111111111112
2 0.6213541666666667 0.5388888888888891 0.5947916666666667 0.5388888888888891 0.5947916666666667 0.5870370370370372 0.6213541666666667 0.5870370370370372
8 0.5703125 0.7046296296296298 0.54375 0.7046296296296298 0.54375 0.752777777777778 0.5703125 0.752777777777778
5 0.40989583333333335 0.17314814814814825 0.3770833333333333 0.17314814814814825 0.3770833333333333 0.22962962962962974 0.40989583333333335 0.22962962962962974
8 0.46979166666666666 0.7185185185185186 0.4427083333333333 0.7185185185185186 0.4427083333333333 0.7685185185185185 0.46979166666666666 0.7685185185185185
2 0.41302083333333334 0.5546296296296296 0.38645833333333335 0.5546296296296296 0.38645833333333335 0.6027777777777777 0.41302083333333334 0.6027777777777777
0 0.6802083333333333 0.6879629629629632 0.6463541666666667 0.6879629629629632 0.6463541666666667 0.7481481481481483 0.6802083333333333 0.7481481481481483
0 0.42291666666666666 0.6324074074074074 0.3890625 0.6324074074074074 0.3890625 0.6935185185185185 0.42291666666666666 0.6935185185185185