3 0.5770833333333333 0.5435185185185187 0.5494791666666666 0.5435185185185187 0.5494791666666666 0.5916666666666669 0.5770833333333333 0.5916666666666669
12 0.4921875 0.14722222222222234 0.45208333333333334 0.14722222222222234 0.45208333333333334 0.21666666666666679 0.4921875 0.21666666666666679
5 0.3229166666666667 0.6907407407407408 0.28802083333333334 0.6907407407407408 0.28802083333333334 0.7527777777777778 0.3229166666666667 0.7527777777777778
6 0.38385416666666666 0.2250000000000001 0.35104166666666664 0.22500000000000006 0.35104166666666664 0.2824074074074075 0.38385416666666666 0.2824074074074075
11 0.4234375 0.6111111111111112 0.3890625 0.6111111111111112 0.3890625 0.6712962962962963 0.4234375 0.6712962962962963
0 0.34010416666666665 0.15370370370370376 0.30833333333333335 0.15370370370370376 0.30833333333333335 0.2092592592592593 0.34010416666666665 0.2092592592592593
11 0.3734375 0.6935185185185185 0.3390625 0.6935185185185185 0.3390625 0.7537037037037037 0.3734375 0.7537037037037037
9 0.5234375 0.7064814814814817 0.49583333333333335 0.7064814814814817 0.49583333333333335 0.7555555555555558 0.5234375 0.7555555555555558
4 0.5807291666666666 0.15555555555555567 0.546875 0.15555555555555567 0.546875 0.21203703703703713 0.5807291666666666 0.21203703703703713
7 0.5291666666666667 0.6166666666666669 0.49375 0.6166666666666669 0.49375 0.6787037037037039 0.5291666666666667 0.6787037037037039
10 0.434375 0.22037037037037047 0.4010416666666667 0.22037037037037047 0.4010416666666667 0.2787037037037038 0.434375 0.2787037037037038
7 0.325 0.6074074074074074 0.290625 0.6074074074074074 0.290625 0.6675925925925926 0.325 0.6675925925925926
4 0.3880208333333333 0.15185185185185193 0.3546875 0.1518518518518519 0.3546875 0.20833333333333343 0.3880208333333333 0.20833333333333343
3 0.37135416666666665 0.5388888888888889 0.34375 0.5388888888888889 0.34375 0.5879629629629629 0.37135416666666665 0.5879629629629629
13 0.478125 0.6907407407407408 0.43645833333333334 0.6907407407407408 0.43645833333333334 0.7666666666666667 0.478125 0.7666666666666667
8 0.43645833333333334 0.1611111111111112 0.409375 0.1611111111111112 0.409375 0.2064814814814816 0.43645833333333334 0.2064814814814816
0 0.5796875 0.22777777777777788 0.5453125 0.22777777777777788 0.5453125 0.2879629629629631 0.5796875 0.2879629629629631
1 0.3776041666666667 0.6064814814814815 0.34322916666666664 0.6064814814814815 0.34322916666666664 0.6685185185185185 0.3776041666666667 0.6685185185185185
3 0.4744791666666667 0.5444444444444444 0.4473958333333333 0.5444444444444444 0.4473958333333333 0.5944444444444444 0.4744791666666667 0.5944444444444444
8 0.5307291666666667 0.15833333333333344 0.5041666666666667 0.15833333333333344 0.5041666666666667 0.20462962962962974 0.5307291666666667 0.20462962962962974
10 0.48333333333333334 0.22500000000000012 0.44947916666666665 0.22500000000000012 0.44947916666666665 0.28518518518518526 0.48333333333333334 0.28518518518518526
3 0.425 0.5351851851851852 0.3984375 0.5351851851851852 0.3984375 0.5833333333333334 0.425 0.5833333333333334
1 0.47760416666666666 0.6138888888888889 0.4427083333333333 0.6138888888888889 0.4427083333333333 0.675 0.47760416666666666 0.675
9 0.4197916666666667 0.6990740740740741 0.3927083333333333 0.6990740740740741 0.3927083333333333 0.7472222222222222 0.4197916666666667 0.7472222222222222
3 0.5270833333333333 0.5435185185185187 0.5 0.5435185185185187 0.5 0.5925925925925928 0.5270833333333333 0.5925925925925928
6 0.53125 0.22777777777777788 0.4973958333333333 0.22777777777777788 0.4973958333333333 0.28703703703703715 0.53125 0.28703703703703715
5 0.5817708333333333 0.6972222222222224 0.5473958333333333 0.6972222222222224 0.5473958333333333 0.7592592592592595 0.5817708333333333 0.7592592592592595
2 0.5796875 0.31203703703703717 0.553125 0.31203703703703717 0.553125 0.3592592592592594 0.5796875 0.3592592592592594
2 0.4765625 0.3074074074074075 0.4505208333333333 0.3074074074074075 0.4505208333333333 0.35462962962962974 0.4765625 0.35462962962962974
2 0.3776041666666667 0.30277777777777787 0.35104166666666664 0.30277777777777787 0.35104166666666664 0.3500000000000001 0.3776041666666667 0.3500000000000001
2 0.4244791666666667 0.30092592592592604 0.39895833333333336 0.30092592592592604 0.39895833333333336 0.3462962962962964 0.4244791666666667 0.3462962962962964
2 0.5296875 0.3064814814814816 0.503125 0.3064814814814816 0.503125 0.3537037037037038 0.5296875 0.3537037037037038