12 0.4234375 0.24351851851851863 0.3609375 0.24351851851851863 0.3609375 0.34814814814814826 0.4234375 0.34814814814814826
7 0.49635416666666665 0.7046296296296297 0.4473958333333333 0.7046296296296296 0.4473958333333333 0.7851851851851853 0.49635416666666665 0.7851851851851854
6 0.39739583333333334 0.36666666666666675 0.346875 0.36666666666666675 0.346875 0.450925925925926 0.39739583333333334 0.450925925925926
11 0.6458333333333334 0.6370370370370373 0.5973958333333333 0.6370370370370373 0.5973958333333333 0.7157407407407409 0.6458333333333334 0.7157407407407409
11 0.5848958333333333 0.6129629629629632 0.5369791666666667 0.6129629629629632 0.5369791666666667 0.6925925925925928 0.5848958333333333 0.6925925925925928
10 0.4869791666666667 0.2703703703703705 0.43645833333333334 0.2703703703703705 0.43645833333333334 0.35462962962962974 0.4869791666666667 0.35462962962962974
10 0.4421875 0.3212962962962964 0.39166666666666666 0.3212962962962964 0.39166666666666666 0.40462962962962973 0.4421875 0.40462962962962973
4 0.5151041666666667 0.15462962962962973 0.46510416666666665 0.15462962962962973 0.46510416666666665 0.23796296296296307 0.5151041666666667 0.23796296296296307
4 0.32864583333333336 0.3416666666666668 0.2786458333333333 0.3416666666666668 0.2786458333333333 0.42407407407407416 0.32864583333333336 0.42407407407407416
2 0.4578125 0.4000000000000001 0.4192708333333333 0.4000000000000001 0.4192708333333333 0.463888888888889 0.4578125 0.463888888888889
7 0.6723958333333333 0.5259259259259261 0.6239583333333333 0.5259259259259261 0.6239583333333333 0.6046296296296299 0.6723958333333333 0.6046296296296299
13 0.5651041666666666 0.7175925925925928 0.5072916666666667 0.7175925925925928 0.5072916666666667 0.8129629629629632 0.5651041666666666 0.8129629629629632
0 0.35260416666666666 0.4111111111111112 0.3015625 0.4111111111111112 0.3015625 0.49537037037037035 0.35260416666666666 0.49537037037037035
1 0.5395833333333333 0.6592592592592594 0.490625 0.6592592592592594 0.490625 0.7407407407407409 0.5395833333333333 0.7407407407407409
3 0.4703125 0.6527777777777778 0.4322916666666667 0.6527777777777778 0.4322916666666667 0.7148148148148148 0.4703125 0.7148148148148148
9 0.5109375 0.7750000000000001 0.471875 0.775 0.471875 0.838888888888889 0.5109375 0.8388888888888891
8 0.36770833333333336 0.30462962962962975 0.328125 0.30462962962962975 0.328125 0.3694444444444446 0.36770833333333336 0.3694444444444446
5 0.46718750000000003 0.812037037037037 0.4203125 0.812037037037037 0.42031250000000003 0.8898148148148148 0.46718750000000014 0.8898148148148148
3 0.6083333333333333 0.5129629629629632 0.5692708333333333 0.5129629629629632 0.5692708333333333 0.577777777777778 0.6083333333333333 0.577777777777778
3 0.5583333333333333 0.5592592592592595 0.5203125 0.5592592592592595 0.5203125 0.6212962962962965 0.5583333333333333 0.6212962962962965
2 0.5510416666666667 0.30555555555555564 0.5109375 0.30555555555555564 0.5109375 0.37222222222222234 0.5510416666666667 0.37222222222222234
6 0.5359375 0.22777777777777788 0.48541666666666666 0.22777777777777788 0.48541666666666666 0.3101851851851853 0.5359375 0.3101851851851853
2 0.3645833333333333 0.49537037037037035 0.325 0.49537037037037035 0.325 0.562037037037037 0.3645833333333333 0.562037037037037
3 0.4270833333333333 0.6935185185185185 0.3880208333333333 0.6935185185185185 0.3880208333333333 0.7564814814814815 0.4270833333333333 0.7564814814814815
2 0.5046875 0.3472222222222223 0.465625 0.3472222222222223 0.465625 0.4111111111111112 0.5046875 0.4111111111111112
1 0.6260416666666667 0.5694444444444446 0.5765625 0.5694444444444446 0.5765625 0.6500000000000002 0.6260416666666667 0.6500000000000002
3 0.5171875 0.6074074074074075 0.478125 0.6074074074074074 0.478125 0.6712962962962964 0.5171875 0.6712962962962965
2 0.409375 0.44537037037037047 0.3692708333333333 0.44537037037037047 0.3692708333333333 0.5111111111111111 0.409375 0.5111111111111111
5 0.6901041666666666 0.5925925925925928 0.6416666666666667 0.5925925925925928 0.6416666666666667 0.6722222222222224 0.6901041666666666 0.6722222222222224
0 0.5619791666666667 0.11203703703703716 0.5114583333333333 0.11203703703703714 0.5114583333333333 0.19537037037037047 0.5619791666666667 0.19537037037037047
8 0.45989583333333334 0.2175925925925927 0.42083333333333334 0.2175925925925927 0.42083333333333334 0.2824074074074075 0.45989583333333334 0.2824074074074075
9 0.5979166666666667 0.6861111111111113 0.5598958333333334 0.6861111111111113 0.5598958333333334 0.7481481481481483 0.5979166666666667 0.7481481481481483