7 0.6817708333333333 0.12407407407407423 0.6390625 0.12407407407407423 0.6390625 0.19259259259259276 0.6817708333333333 0.19259259259259276
13 0.5307291666666667 0.11111111111111122 0.4765625 0.11111111111111122 0.4765625 0.19722222222222233 0.5307291666666667 0.19722222222222233
1 0.7140625 1.505295023951955e-16 0.66875 1.4559689723196312e-16 0.66875 0.02500000000000015 0.7140625 0.025000000000000158
2 0.5661458333333333 0.5138888888888891 0.5307291666666667 0.5138888888888891 0.5307291666666667 0.5675925925925928 0.5661458333333333 0.5675925925925928
3 0.434375 0.3277777777777779 0.39895833333333336 0.3277777777777779 0.39895833333333336 0.3833333333333334 0.434375 0.3833333333333334
3 0.6380208333333334 0.23611111111111124 0.6005208333333333 0.23611111111111122 0.6005208333333333 0.2916666666666668 0.6380208333333334 0.2916666666666668
2 0.7572916666666667 0.43518518518518534 0.7234375 0.4351851851851853 0.7234375 0.48981481481481504 0.7572916666666667 0.48981481481481504
7 0.3770833333333333 0.2527777777777779 0.3328125 0.2527777777777779 0.3328125 0.32314814814814824 0.3770833333333333 0.32314814814814824
6 0.7130208333333333 0.5259259259259261 0.6723958333333333 0.5259259259259261 0.6723958333333333 0.5916666666666669 0.7130208333333333 0.5916666666666669
3 0.7328125 0.19907407407407424 0.6984375 0.19907407407407424 0.6984375 0.2537037037037039 0.7328125 0.25370370370370393
3 0.3416666666666667 0.3712962962962964 0.30625 0.3712962962962964 0.30625 0.426851851851852 0.3416666666666667 0.426851851851852
2 0.659375 0.47407407407407426 0.625 0.47407407407407426 0.625 0.526851851851852 0.659375 0.526851851851852
1 0.3223958333333333 0.11759259259259267 0.2791666666666667 0.11759259259259265 0.2791666666666667 0.18981481481481488 0.3223958333333333 0.18981481481481488
11 0.4161458333333333 0.07037037037037044 0.371875 0.07037037037037044 0.371875 0.1425925925925927 0.4161458333333333 0.1425925925925927
8 0.5505208333333333 0.7555555555555558 0.5166666666666667 0.7555555555555558 0.5166666666666667 0.8055555555555558 0.5505208333333333 0.8055555555555558
2 0.465625 0.5648148148148148 0.43020833333333336 0.5648148148148148 0.43020833333333336 0.6194444444444445 0.465625 0.6194444444444445
2 0.37447916666666664 0.5925925925925926 0.34010416666666665 0.5925925925925926 0.34010416666666665 0.6453703703703704 0.37447916666666664 0.6453703703703704
12 0.590625 0.6574074074074077 0.5395833333333333 0.6574074074074077 0.5395833333333333 0.7379629629629632 0.590625 0.7379629629629632
8 0.634375 0.7111111111111114 0.5994791666666667 0.7111111111111114 0.5994791666666667 0.7629629629629632 0.634375 0.7629629629629632
6 0.4317708333333333 0.6472222222222223 0.390625 0.6472222222222223 0.390625 0.7129629629629629 0.4317708333333333 0.7129629629629629
5 0.37135416666666665 0.09629629629629638 0.32708333333333334 0.09629629629629638 0.32708333333333334 0.1685185185185186 0.37135416666666665 0.16851851851851862
4 0.6890625 0.6833333333333336 0.6489583333333333 0.6833333333333336 0.6489583333333333 0.7472222222222225 0.6890625 0.7472222222222225
10 0.453125 0.7861111111111111 0.4119791666666667 0.7861111111111111 0.4119791666666667 0.85 0.453125 0.85
3 0.534375 0.275925925925926 0.5 0.275925925925926 0.5 0.3296296296296297 0.534375 0.3296296296296297
9 0.46197916666666666 0.059259259259259366 0.4265625 0.059259259259259366 0.4265625 0.11666666666666677 0.46197916666666666 0.11666666666666677
5 0.6182291666666667 1.2966514952083317e-16 0.5729166666666666 1.247325443576008e-16 0.5729166666666666 0.06944444444444457 0.6182291666666667 0.06944444444444457
9 0.5583333333333333 0.01481481481481493 0.5203125 0.014814814814814926 0.5203125 0.0740740740740742 0.5583333333333333 0.07407407407407421
4 0.5010416666666667 0.7740740740740741 0.45989583333333334 0.774074074074074 0.45989583333333334 0.8398148148148149 0.5010416666666667 0.839814814814815
0 0.4026041666666667 0.8166666666666667 0.3625 0.8166666666666667 0.36250000000000004 0.8851851851851852 0.40260416666666676 0.8851851851851852
0 0.7786458333333334 0.6351851851851854 0.7411458333333333 0.6351851851851854 0.7411458333333333 0.702777777777778 0.7786458333333334 0.702777777777778
10 0.7296875 0.6629629629629632 0.6911458333333333 0.6629629629629632 0.6911458333333333 0.7314814814814817 0.7296875 0.7314814814814817
11 0.6661458333333333 1.4055089884658744e-16 0.625 1.3607186657192814e-16 0.625 0.04351851851851866 0.6661458333333333 0.043518518518518665