4 0.6067708333333334 0.8240740740740743 0.55625 0.8240740740740743 0.55625 0.9148148148148151 0.6067708333333334 0.9148148148148151
13 0.45364583333333336 0.1712962962962964 0.3932291666666667 0.1712962962962964 0.3932291666666667 0.2814814814814816 0.45364583333333336 0.2814814814814816
7 0.38229166666666664 0.4351851851851853 0.3338541666666667 0.4351851851851853 0.3338541666666667 0.524074074074074 0.38229166666666664 0.524074074074074
0 0.8338541666666667 0.38055555555555576 0.7869791666666667 0.38055555555555576 0.7869791666666667 0.46574074074074095 0.8338541666666667 0.46574074074074095
3 0.58125 0.17314814814814825 0.5416666666666666 0.17314814814814825 0.5416666666666666 0.2453703703703705 0.58125 0.2453703703703705
7 0.5932291666666667 0.04166666666666679 0.5447916666666667 0.04166666666666678 0.5447916666666667 0.12962962962962973 0.5932291666666667 0.12962962962962973
2 0.6765625 0.33240740740740754 0.6369791666666667 0.33240740740740754 0.6369791666666667 0.4037037037037038 0.6765625 0.4037037037037038
2 0.4703125 0.7342592592592593 0.42916666666666664 0.7342592592592593 0.42916666666666664 0.8092592592592592 0.4703125 0.8092592592592592
3 0.4390625 0.42407407407407416 0.39895833333333336 0.42407407407407416 0.39895833333333336 0.4981481481481482 0.4390625 0.4981481481481482
6 0.7484375 0.3157407407407409 0.7010416666666667 0.3157407407407408 0.7010416666666667 0.4009259259259261 0.7484375 0.40092592592592613
2 0.6130208333333333 0.4712962962962964 0.5723958333333333 0.4712962962962964 0.5723958333333333 0.5453703703703706 0.6130208333333333 0.5453703703703706
12 0.6869791666666667 0.5546296296296298 0.6286458333333333 0.5546296296296298 0.6286458333333333 0.6601851851851854 0.6869791666666667 0.6601851851851854
3 0.6479166666666667 0.05833333333333347 0.609375 0.058333333333333466 0.609375 0.1296296296296298 0.6479166666666667 0.1296296296296298
2 0.5421875 0.6000000000000002 0.5020833333333333 0.6000000000000002 0.5020833333333333 0.6740740740740743 0.5421875 0.6740740740740743
3 0.5083333333333333 0.29537037037037045 0.46822916666666664 0.29537037037037045 0.46822916666666664 0.3675925925925927 0.5083333333333333 0.3675925925925927
2 0.740625 0.2166666666666668 0.7036458333333333 0.2166666666666668 0.7036458333333333 0.28425925925925943 0.740625 0.2842592592592595
3 0.3671875 0.5555555555555556 0.3265625 0.5555555555555556 0.3265625 0.6296296296296297 0.3671875 0.6296296296296297
0 0.5713541666666667 0.8861111111111113 0.5208333333333335 0.8861111111111113 0.5208333333333335 0.9416666666666669 0.5713541666666667 0.9416666666666669
6 0.5375 0.7185185185185188 0.4869791666666667 0.7185185185185188 0.4869791666666667 0.8101851851851853 0.5375 0.8101851851851853
8 0.6765625 0.6935185185185188 0.6380208333333334 0.6935185185185188 0.6380208333333334 0.7638888888888891 0.6765625 0.7638888888888891
8 0.7411458333333333 0.5731481481481484 0.703125 0.5731481481481484 0.703125 0.6416666666666668 0.7411458333333333 0.6416666666666668
11 0.49322916666666666 1.0199720331787446e-16 0.44375 9.661102526606898e-17 0.44375 0.08981481481481492 0.49322916666666666 0.08981481481481492
1 0.2828125 0.36388888888888893 0.2296875 0.3638888888888889 0.22968750000000002 0.46111111111111114 0.2828125 0.4611111111111112
4 0.7651041666666667 0.49722222222222245 0.7171875 0.49722222222222245 0.7171875 0.5851851851851854 0.7651041666666667 0.5851851851851854
9 0.4578125 0.06203703703703713 0.4166666666666667 0.06203703703703711 0.4166666666666667 0.13703703703703715 0.4578125 0.13703703703703715
9 0.3848958333333333 0.19814814814814824 0.34479166666666666 0.1981481481481482 0.34479166666666666 0.2722222222222223 0.3848958333333333 0.2722222222222223
10 0.8 0.42962962962962986 0.7520833333333333 0.42962962962962986 0.7520833333333333 0.5166666666666668 0.8 0.5166666666666668
5 0.5270833333333333 1.0953785259040216e-16 0.4791666666666667 1.0432176437181157e-16 0.4791666666666667 0.03796296296296307 0.5270833333333333 0.03796296296296308
11 0.35208333333333336 0.2500000000000001 0.30104166666666665 0.2500000000000001 0.30104166666666665 0.34259259259259267 0.35208333333333336 0.34259259259259267
10 0.64375 0.7546296296296299 0.5942708333333333 0.7546296296296299 0.5942708333333333 0.8444444444444447 0.64375 0.8444444444444447
5 0.32135416666666666 0.31666666666666676 0.2671875 0.31666666666666676 0.2671875 0.413888888888889 0.32135416666666666 0.413888888888889