7 0.6026041666666667 0.38055555555555565 0.5520833333333334 0.38055555555555565 0.5520833333333334 0.47407407407407426 0.6026041666666667 0.47407407407407426
4 0.31197916666666664 0.5138888888888888 0.26302083333333337 0.5138888888888888 0.26302083333333337 0.6037037037037037 0.31197916666666664 0.6037037037037037
6 0.35625 0.6814814814814815 0.3072916666666667 0.6814814814814815 0.3072916666666667 0.7722222222222223 0.35625 0.7722222222222223
2 0.7255208333333333 0.4990740740740743 0.6875 0.4990740740740743 0.6875 0.5694444444444446 0.7255208333333333 0.5694444444444446
9 0.6859375 0.3074074074074075 0.6473958333333333 0.3074074074074075 0.6473958333333333 0.3777777777777779 0.6859375 0.3777777777777779
0 0.378125 0.562037037037037 0.32864583333333336 0.562037037037037 0.32864583333333336 0.6527777777777778 0.378125 0.6527777777777778
0 0.4432291666666667 0.6064814814814815 0.3932291666666667 0.6064814814814815 0.3932291666666667 0.6981481481481482 0.4432291666666667 0.6981481481481482
7 0.7109375 0.400925925925926 0.6640625 0.400925925925926 0.6640625 0.48703703703703727 0.7109375 0.48703703703703727
5 0.7510416666666667 0.35555555555555574 0.703125 0.3555555555555557 0.703125 0.4435185185185187 0.7510416666666667 0.44351851851851876
2 0.7713541666666667 0.4629629629629632 0.7333333333333333 0.4629629629629632 0.7333333333333333 0.5314814814814817 0.7713541666666667 0.5314814814814817
3 0.26979166666666665 0.34259259259259267 0.23020833333333332 0.3425925925925926 0.23020833333333332 0.41481481481481486 0.26979166666666665 0.4148148148148149
3 0.3302083333333333 0.38981481481481495 0.290625 0.38981481481481495 0.290625 0.4629629629629631 0.3302083333333333 0.4629629629629631
11 0.73125 0.27777777777777796 0.68125 0.2777777777777779 0.68125 0.3666666666666668 0.73125 0.36666666666666686
6 0.46458333333333335 0.4888888888888889 0.41510416666666666 0.4888888888888889 0.41510416666666666 0.5796296296296296 0.46458333333333335 0.5796296296296296
3 0.41822916666666665 0.7509259259259259 0.37916666666666665 0.7509259259259259 0.37916666666666665 0.8231481481481482 0.41822916666666665 0.8231481481481482
1 0.6260416666666667 0.2583333333333334 0.5776041666666667 0.2583333333333334 0.5776041666666667 0.3500000000000001 0.6260416666666667 0.3500000000000001
4 0.421875 0.5222222222222223 0.3723958333333333 0.5222222222222223 0.3723958333333333 0.6129629629629629 0.421875 0.6129629629629629
2 0.6604166666666667 0.024074074074074216 0.6229166666666667 0.024074074074074213 0.6229166666666667 0.09351851851851865 0.6604166666666667 0.09351851851851865
3 0.3734375 0.7870370370370371 0.3333333333333333 0.7870370370370371 0.3333333333333333 0.8592592592592593 0.3734375 0.8592592592592593
2 0.6796875 0.10462962962962978 0.6427083333333333 0.10462962962962977 0.6427083333333333 0.1722222222222224 0.6796875 0.1722222222222224
8 0.39375 0.4462962962962964 0.3536458333333333 0.4462962962962964 0.3536458333333333 0.5166666666666667 0.39375 0.5166666666666667
10 0.33177083333333335 0.5935185185185186 0.28229166666666666 0.5935185185185186 0.28229166666666666 0.6861111111111111 0.33177083333333335 0.6861111111111111
3 0.2838541666666667 0.42222222222222233 0.24427083333333333 0.42222222222222233 0.24427083333333335 0.49444444444444446 0.2838541666666667 0.49444444444444446
13 0.6729166666666667 0.21018518518518534 0.6145833333333334 0.21018518518518534 0.6145833333333334 0.31944444444444453 0.6729166666666667 0.31944444444444453
2 0.640625 0.14074074074074086 0.6020833333333333 0.14074074074074083 0.6020833333333333 0.2101851851851853 0.640625 0.21018518518518534
1 0.7104166666666667 0.1907407407407409 0.6598958333333333 0.1907407407407409 0.6598958333333333 0.28055555555555567 0.7104166666666667 0.28055555555555567
11 0.6489583333333333 0.34814814814814826 0.5979166666666667 0.34814814814814826 0.5979166666666667 0.4361111111111112 0.6489583333333333 0.4361111111111112
5 0.6729166666666667 0.4231481481481483 0.6203125 0.4231481481481483 0.6203125 0.5138888888888891 0.6729166666666667 0.5138888888888891
10 0.3567708333333333 0.475 0.3046875 0.475 0.3046875 0.5657407407407408 0.3567708333333333 0.5657407407407408
12 0.4083333333333333 0.6407407407407407 0.34739583333333335 0.6407407407407407 0.34739583333333335 0.7509259259259259 0.4083333333333333 0.7509259259259259