7 0.2791666666666667 0.3740740740740741 0.23802083333333332 0.37407407407407406 0.23802083333333338 0.44629629629629636 0.2791666666666667 0.4462962962962964
10 0.5354166666666667 0.2777777777777779 0.490625 0.2777777777777779 0.490625 0.3555555555555557 0.5354166666666667 0.3555555555555557
7 0.46822916666666664 0.4166666666666668 0.425 0.4166666666666668 0.425 0.49166666666666664 0.46822916666666664 0.49166666666666664
12 0.6255208333333333 0.20092592592592606 0.5713541666666667 0.20092592592592604 0.5713541666666667 0.2962962962962964 0.6255208333333333 0.2962962962962964
13 0.32135416666666666 0.34444444444444455 0.2708333333333333 0.34444444444444455 0.2708333333333333 0.4324074074074075 0.32135416666666666 0.4324074074074075
0 0.4140625 0.37037037037037046 0.37135416666666665 0.37037037037037046 0.37135416666666665 0.4462962962962964 0.4140625 0.4462962962962964
2 0.48854166666666665 0.32037037037037047 0.45364583333333336 0.32037037037037047 0.45364583333333336 0.38055555555555565 0.48854166666666665 0.38055555555555565
3 0.3875 0.48518518518518516 0.353125 0.48518518518518516 0.353125 0.5444444444444444 0.3875 0.5444444444444444
3 0.45260416666666664 0.163888888888889 0.4166666666666667 0.163888888888889 0.4166666666666667 0.22592592592592603 0.45260416666666664 0.22592592592592603
1 0.6317708333333333 0.4990740740740743 0.5869791666666667 0.4990740740740743 0.5869791666666667 0.5787037037037039 0.6317708333333333 0.5787037037037039
3 0.5276041666666667 0.47777777777777797 0.49270833333333336 0.47777777777777797 0.49270833333333336 0.5388888888888891 0.5276041666666667 0.5388888888888891
0 0.3729166666666667 0.20833333333333343 0.3296875 0.2083333333333334 0.3296875 0.2824074074074075 0.3729166666666667 0.2824074074074075
10 0.2604166666666667 0.12777777777777782 0.221875 0.12777777777777782 0.221875 0.18333333333333338 0.2604166666666667 0.18333333333333338
6 0.43125 0.25092592592592605 0.3885416666666667 0.25092592592592605 0.3885416666666667 0.32685185185185195 0.43125 0.32685185185185195
9 0.2942708333333333 0.27314814814814825 0.2604166666666667 0.27314814814814825 0.2604166666666667 0.33240740740740754 0.2942708333333333 0.33240740740740754
8 0.5723958333333333 0.062037037037037154 0.5364583333333334 0.06203703703703714 0.5364583333333334 0.12407407407407418 0.5723958333333333 0.12407407407407418
8 0.5338541666666666 0.08240740740740751 0.4984375 0.08240740740740751 0.4984375 0.14351851851851863 0.5338541666666666 0.14351851851851863
2 0.3927083333333333 0.10555555555555564 0.35833333333333334 0.10555555555555564 0.35833333333333334 0.16388888888888897 0.3927083333333333 0.163888888888889
2 0.4713541666666667 0.23333333333333345 0.43697916666666664 0.23333333333333345 0.43697916666666664 0.2935185185185186 0.4713541666666667 0.2935185185185186
4 0.4984375 0.11018518518518529 0.45416666666666666 0.11018518518518529 0.45416666666666666 0.18611111111111123 0.4984375 0.18611111111111123
9 0.3489583333333333 0.3250000000000001 0.3145833333333333 0.3250000000000001 0.3145833333333333 0.38611111111111124 0.3489583333333333 0.38611111111111124
2 0.4635416666666667 0.6148148148148148 0.42916666666666664 0.6148148148148148 0.42916666666666664 0.675 0.4635416666666667 0.675
5 0.34375 0.08240740740740748 0.30625 0.08240740740740748 0.30625 0.12129629629629635 0.34375 0.12129629629629635
1 0.5578125 0.026851851851851967 0.5140625 0.026851851851851963 0.5140625 0.05000000000000012 0.5578125 0.05000000000000012
11 0.37135416666666665 0.5796296296296296 0.32916666666666666 0.5796296296296296 0.32916666666666666 0.6527777777777778 0.37135416666666665 0.6527777777777778
6 0.31875 0.1555555555555556 0.2755208333333333 0.1555555555555556 0.2755208333333333 0.23148148148148154 0.31875 0.23148148148148154
11 0.4796875 0.030555555555555655 0.4348958333333333 0.030555555555555648 0.4348958333333333 0.10833333333333343 0.4796875 0.10833333333333343