7 0.4421875 0.7212962962962963 0.4078125 0.7212962962962963 0.4078125 0.7824074074074074 0.4421875 0.7824074074074074
6 0.3546875 0.3472222222222223 0.321875 0.3472222222222223 0.321875 0.4064814814814816 0.3546875 0.4064814814814816
5 0.4708333333333333 0.7907407407407407 0.4354166666666667 0.7907407407407407 0.4354166666666667 0.8537037037037037 0.4708333333333333 0.8537037037037037
7 0.6098958333333333 0.5092592592592595 0.5755208333333334 0.5092592592592595 0.5755208333333334 0.5685185185185188 0.6098958333333333 0.5685185185185188
3 0.5395833333333333 0.5055555555555558 0.5119791666666667 0.5055555555555558 0.5119791666666667 0.5537037037037039 0.5395833333333333 0.5537037037037039
1 0.56875 0.5592592592592595 0.5338541666666666 0.5592592592592595 0.5338541666666666 0.6222222222222225 0.56875 0.6222222222222225
2 0.5411458333333333 0.21666666666666679 0.5145833333333333 0.21666666666666679 0.5145833333333333 0.2620370370370371 0.5411458333333333 0.2620370370370371
13 0.6 0.6222222222222225 0.5578125 0.6222222222222225 0.5578125 0.6972222222222224 0.6 0.6972222222222224
3 0.4979166666666667 0.5500000000000002 0.4703125 0.55 0.4703125 0.5990740740740742 0.4979166666666667 0.5990740740740743
6 0.47604166666666664 0.20092592592592604 0.44375 0.20092592592592604 0.44375 0.25740740740740753 0.47604166666666664 0.25740740740740753
4 0.33125 0.28518518518518526 0.29791666666666666 0.28518518518518526 0.29791666666666666 0.34444444444444455 0.33125 0.34444444444444455
3 0.6192708333333333 0.39814814814814825 0.5921875 0.39814814814814825 0.5921875 0.44722222222222235 0.6192708333333333 0.44722222222222235
10 0.43697916666666664 0.24722222222222232 0.4041666666666667 0.24722222222222232 0.4041666666666667 0.30462962962962975 0.43697916666666664 0.30462962962962975
0 0.5145833333333333 0.15370370370370381 0.4817708333333333 0.15370370370370381 0.4817708333333333 0.21111111111111122 0.5145833333333333 0.21111111111111122
8 0.371875 0.24166666666666678 0.3458333333333333 0.24166666666666678 0.3458333333333333 0.28703703703703715 0.371875 0.28703703703703715
0 0.2916666666666667 0.33703703703703713 0.259375 0.33703703703703713 0.259375 0.3953703703703705 0.2916666666666667 0.3953703703703705
9 0.5494791666666666 0.6861111111111113 0.5229166666666667 0.6861111111111113 0.5229166666666667 0.7351851851851854 0.5494791666666666 0.7351851851851854
2 0.4583333333333333 0.3157407407407408 0.4317708333333333 0.3157407407407408 0.4317708333333333 0.3611111111111112 0.4583333333333333 0.3611111111111112
9 0.6333333333333333 0.5805555555555557 0.60625 0.5805555555555557 0.60625 0.6296296296296299 0.6333333333333333 0.6296296296296299
12 0.4192708333333333 0.1777777777777779 0.3796875 0.1777777777777779 0.3796875 0.2453703703703705 0.4192708333333333 0.2453703703703705
3 0.58125 0.4490740740740742 0.553125 0.4490740740740742 0.553125 0.49814814814814834 0.58125 0.49814814814814834
3 0.45416666666666666 0.6111111111111112 0.4265625 0.6111111111111112 0.4265625 0.6601851851851852 0.45416666666666666 0.6601851851851852
11 0.5140625 0.7351851851851853 0.4791666666666667 0.7351851851851852 0.4791666666666667 0.7962962962962964 0.5140625 0.7962962962962965
1 0.4859375 0.6611111111111112 0.4510416666666667 0.6611111111111111 0.4510416666666667 0.7240740740740742 0.4859375 0.7240740740740743
11 0.525 0.6138888888888892 0.490625 0.6138888888888892 0.490625 0.676851851851852 0.525 0.676851851851852
8 0.4484375 0.14351851851851863 0.42291666666666666 0.14351851851851863 0.42291666666666666 0.188888888888889 0.4484375 0.188888888888889
2 0.49947916666666664 0.2620370370370371 0.4734375 0.2620370370370371 0.4734375 0.3064814814814816 0.49947916666666664 0.3064814814814816
2 0.41354166666666664 0.363888888888889 0.38697916666666665 0.363888888888889 0.38697916666666665 0.4092592592592594 0.41354166666666664 0.4092592592592594
2 0.37552083333333336 0.41574074074074086 0.3489583333333333 0.41574074074074086 0.3489583333333333 0.4629629629629631 0.37552083333333336 0.4629629629629631
4 0.4901041666666667 0.09537037037037048 0.4578125 0.09537037037037048 0.4578125 0.1500000000000001 0.4901041666666667 0.1500000000000001
10 0.3958333333333333 0.2916666666666668 0.3625 0.2916666666666668 0.3625 0.3500000000000001 0.3958333333333333 0.3500000000000001
5 0.678125 0.5157407407407409 0.6432291666666666 0.5157407407407409 0.6432291666666666 0.5768518518518521 0.678125 0.5768518518518521