1 0.36770833333333336 0.33240740740740754 0.3177083333333333 0.33240740740740754 0.3177083333333333 0.42037037037037045 0.36770833333333336 0.42037037037037045
5 0.7807291666666667 0.602777777777778 0.7265625 0.602777777777778 0.7265625 0.6981481481481484 0.7807291666666667 0.6981481481481484
7 0.459375 0.13055555555555567 0.4078125 0.13055555555555567 0.4078125 0.2212962962962964 0.459375 0.2212962962962964
12 0.4359375 0.18703703703703714 0.37135416666666665 0.18703703703703714 0.37135416666666665 0.3000000000000001 0.4359375 0.3000000000000001
9 0.7078125 0.7490740740740743 0.6640625 0.7490740740740743 0.6640625 0.8259259259259262 0.7078125 0.8259259259259262
6 0.5401041666666667 0.23981481481481493 0.484375 0.23981481481481493 0.484375 0.3379629629629631 0.5401041666666667 0.3379629629629631
7 0.7645833333333333 0.34537037037037055 0.7057291666666666 0.3453703703703705 0.7057291666666666 0.4481481481481483 0.7645833333333333 0.44814814814814835
4 0.5744791666666667 0.17222222222222233 0.5182291666666666 0.17222222222222233 0.5182291666666666 0.2703703703703705 0.5744791666666667 0.2703703703703705
3 0.6614583333333334 0.5601851851851853 0.615625 0.5601851851851853 0.615625 0.6398148148148151 0.6614583333333334 0.6398148148148151
2 0.7671875 0.48425925925925944 0.7234375 0.48425925925925944 0.7234375 0.5620370370370372 0.7671875 0.5620370370370372
2 0.6489583333333333 0.2962962962962964 0.6041666666666666 0.2962962962962964 0.6041666666666666 0.37407407407407417 0.6489583333333333 0.37407407407407417
3 0.5255208333333333 0.7111111111111112 0.48020833333333335 0.7111111111111111 0.48020833333333335 0.7907407407407409 0.5255208333333333 0.790740740740741
8 0.4984375 0.3212962962962964 0.4546875 0.3212962962962964 0.4546875 0.39814814814814825 0.4984375 0.39814814814814825
8 0.39010416666666664 0.2685185185185186 0.3463541666666667 0.2685185185185186 0.3463541666666667 0.3462962962962964 0.39010416666666664 0.3462962962962964
9 0.7416666666666667 0.6879629629629632 0.7 0.6879629629629632 0.7 0.7601851851851854 0.7416666666666667 0.7601851851851854
3 0.684375 0.36203703703703716 0.6395833333333333 0.36203703703703716 0.6395833333333333 0.4407407407407408 0.684375 0.4407407407407408
3 0.54375 0.5083333333333335 0.49895833333333334 0.5083333333333335 0.49895833333333334 0.5870370370370372 0.54375 0.5870370370370372
3 0.5588541666666667 0.6453703703703706 0.5135416666666667 0.6453703703703706 0.5135416666666667 0.7250000000000002 0.5588541666666667 0.7250000000000002
5 0.6302083333333334 0.627777777777778 0.5765625 0.627777777777778 0.5765625 0.7203703703703705 0.6302083333333334 0.7203703703703705
10 0.4359375 0.32037037037037047 0.38177083333333334 0.32037037037037047 0.38177083333333334 0.4148148148148149 0.4359375 0.4148148148148149
13 0.684375 0.8092592592592595 0.6223958333333334 0.8092592592592595 0.6223958333333334 0.9175925925925928 0.684375 0.9175925925925928
2 0.5734375 0.9046296296296299 0.5291666666666668 0.9046296296296299 0.5291666666666668 0.9814814814814815 0.5734375 0.9814814814814815
0 0.7067708333333333 0.6166666666666669 0.65 0.6166666666666669 0.65 0.714814814814815 0.7067708333333333 0.714814814814815
4 0.6307291666666667 0.4925925925925928 0.5713541666666667 0.4925925925925928 0.5713541666666667 0.5962962962962965 0.6307291666666667 0.5962962962962965
6 0.46718750000000003 0.8490740740740741 0.4109375 0.8490740740740741 0.41093750000000007 0.9462962962962963 0.46718750000000014 0.9462962962962963
2 0.5151041666666667 0.5787037037037038 0.46979166666666666 0.5787037037037037 0.46979166666666666 0.6583333333333334 0.5151041666666667 0.6583333333333335
0 0.44166666666666665 0.450925925925926 0.3875 0.450925925925926 0.3875 0.5453703703703704 0.44166666666666665 0.5453703703703704
11 0.37916666666666665 0.5879629629629629 0.3260416666666667 0.5879629629629629 0.3260416666666667 0.6805555555555556 0.37916666666666665 0.6805555555555556
10 0.7453125 0.8092592592592595 0.6958333333333333 0.8092592592592595 0.6958333333333333 0.8962962962962965 0.7453125 0.8962962962962965
1 0.640625 0.7518518518518521 0.5854166666666667 0.7518518518518521 0.5854166666666667 0.8481481481481483 0.640625 0.8481481481481483
2 0.603125 0.8305555555555557 0.559375 0.8305555555555557 0.559375 0.9083333333333335 0.603125 0.9083333333333335
11 0.4744791666666667 0.3851851851851853 0.42552083333333335 0.3851851851851853 0.42552083333333335 0.4712962962962964 0.4744791666666667 0.4712962962962964