11 0.6973958333333333 0.2842592592592594 0.6473958333333333 0.2842592592592594 0.6473958333333333 0.37592592592592605 0.6973958333333333 0.37592592592592605
7 0.590625 0.25740740740740753 0.5421875 0.25740740740740753 0.5421875 0.3453703703703705 0.590625 0.3453703703703705
0 0.29635416666666664 0.5796296296296296 0.24635416666666674 0.5796296296296296 0.24635416666666674 0.6731481481481482 0.29635416666666664 0.6731481481481482
7 0.6729166666666667 0.6157407407407409 0.6213541666666667 0.6157407407407409 0.6213541666666667 0.7083333333333336 0.6729166666666667 0.7083333333333336
9 0.3796875 0.7351851851851852 0.3385416666666667 0.7351851851851852 0.3385416666666667 0.812037037037037 0.3796875 0.812037037037037
4 0.4739583333333333 0.6537037037037037 0.42239583333333336 0.6537037037037037 0.42239583333333336 0.7490740740740741 0.4739583333333333 0.7490740740740741
0 0.33541666666666664 0.7546296296296297 0.2859375 0.7546296296296297 0.2859375 0.8462962962962963 0.33541666666666664 0.8462962962962963
11 0.7447916666666666 0.4453703703703705 0.6895833333333333 0.44537037037037047 0.6895833333333333 0.5490740740740743 0.7447916666666666 0.5490740740740743
6 0.3609375 0.42962962962962975 0.30885416666666665 0.42962962962962975 0.30885416666666665 0.524074074074074 0.3609375 0.524074074074074
3 0.7119791666666667 0.5814814814814817 0.6734375 0.5814814814814817 0.6734375 0.651851851851852 0.7119791666666667 0.651851851851852
10 0.359375 0.6370370370370371 0.3072916666666667 0.6370370370370371 0.3072916666666667 0.7351851851851852 0.359375 0.7351851851851852
2 0.39531250000000007 0.8222222222222222 0.35520833333333335 0.8222222222222222 0.3552083333333334 0.8962962962962963 0.3953125000000001 0.8962962962962963
5 0.6098958333333333 0.5592592592592595 0.5572916666666666 0.5592592592592595 0.5572916666666666 0.6564814814814817 0.6098958333333333 0.6564814814814817
2 0.3125 0.4787037037037037 0.271875 0.4787037037037037 0.271875 0.5527777777777778 0.3125 0.5527777777777778
8 0.69375 0.49166666666666686 0.6526041666666667 0.49166666666666686 0.6526041666666667 0.5675925925925928 0.69375 0.5675925925925928
12 0.6385416666666667 0.42407407407407416 0.575 0.42407407407407416 0.575 0.5351851851851854 0.6385416666666667 0.5351851851851854
1 0.7197916666666667 0.36203703703703716 0.66875 0.36203703703703716 0.66875 0.4527777777777779 0.7197916666666667 0.4527777777777779
3 0.628125 0.2240740740740742 0.5875 0.22407407407407418 0.5875 0.301851851851852 0.628125 0.301851851851852
6 0.4468750000000001 0.7833333333333333 0.396875 0.7833333333333333 0.39687500000000003 0.875 0.44687500000000013 0.875
10 0.31875 0.6777777777777778 0.26875 0.6777777777777778 0.26875 0.7694444444444445 0.31875 0.7694444444444445
4 0.43020833333333336 0.48703703703703705 0.37864583333333335 0.48703703703703705 0.37864583333333335 0.5814814814814815 0.43020833333333336 0.5814814814814815
1 0.6734375 0.39444444444444454 0.621875 0.39444444444444454 0.621875 0.49166666666666686 0.6734375 0.49166666666666686
13 0.40989583333333335 0.5953703703703703 0.3463541666666667 0.5953703703703703 0.3463541666666667 0.7129629629629629 0.40989583333333335 0.7129629629629629
9 0.33489583333333334 0.5555555555555556 0.29583333333333334 0.5555555555555556 0.29583333333333334 0.6277777777777778 0.33489583333333334 0.6277777777777778
2 0.44375 0.5796296296296296 0.4015625 0.5796296296296296 0.4015625 0.6592592592592592 0.44375 0.6592592592592592
2 0.42239583333333336 0.7166666666666667 0.38229166666666664 0.7166666666666667 0.38229166666666664 0.7870370370370371 0.42239583333333336 0.7870370370370371
3 0.5791666666666667 0.4685185185185186 0.5359375 0.4685185185185186 0.5359375 0.5462962962962965 0.5791666666666667 0.5462962962962965
3 0.6473958333333333 0.5324074074074077 0.6052083333333333 0.5324074074074077 0.6052083333333333 0.6055555555555557 0.6473958333333333 0.6055555555555557
5 0.56875 0.37222222222222234 0.5151041666666667 0.37222222222222234 0.5151041666666667 0.46944444444444455 0.56875 0.46944444444444455
3 0.6052083333333333 0.35462962962962974 0.5635416666666667 0.35462962962962974 0.5635416666666667 0.426851851851852 0.6052083333333333 0.426851851851852
2 0.3776041666666667 0.5361111111111111 0.3380208333333333 0.5361111111111111 0.3380208333333333 0.6055555555555555 0.3776041666666667 0.6055555555555555
8 0.65 0.32037037037037047 0.6109375 0.32037037037037047 0.6109375 0.3925925925925927 0.65 0.3925925925925927