10 0.46041666666666664 0.30462962962962975 0.42916666666666664 0.30462962962962975 0.42916666666666664 0.3601851851851853 0.46041666666666664 0.3601851851851853
0 0.5630208333333333 0.37314814814814823 0.5302083333333333 0.37314814814814823 0.5302083333333333 0.42962962962962975 0.5630208333333333 0.42962962962962975
7 0.5598958333333334 0.1740740740740742 0.5276041666666667 0.1740740740740742 0.5276041666666667 0.23055555555555565 0.5598958333333334 0.23055555555555565
7 0.68125 0.36666666666666675 0.6494791666666667 0.36666666666666675 0.6494791666666667 0.42222222222222233 0.68125 0.42222222222222233
13 0.5796875 0.22407407407407418 0.5411458333333333 0.22407407407407418 0.5411458333333333 0.2925925925925927 0.5796875 0.2925925925925927
12 0.6927083333333334 0.6129629629629632 0.6557291666666667 0.6129629629629632 0.6557291666666667 0.6796296296296298 0.6927083333333334 0.6796296296296298
3 0.6572916666666667 0.24814814814814826 0.6322916666666667 0.24814814814814826 0.6322916666666667 0.2935185185185186 0.6572916666666667 0.2935185185185186
10 0.6703125 0.5009259259259261 0.6390625 0.5009259259259261 0.6390625 0.5564814814814817 0.6703125 0.5564814814814817
6 0.6098958333333333 0.41203703703703715 0.578125 0.41203703703703715 0.578125 0.46759259259259267 0.6098958333333333 0.46759259259259267
3 0.5875 0.4962962962962965 0.5635416666666667 0.4962962962962965 0.5635416666666667 0.5388888888888891 0.5875 0.5388888888888891
3 0.48854166666666665 0.6305555555555556 0.46458333333333335 0.6305555555555555 0.46458333333333335 0.6731481481481483 0.48854166666666665 0.6731481481481484
3 0.7260416666666667 0.40740740740740755 0.7015625 0.4074074074074075 0.7015625 0.4500000000000002 0.7260416666666667 0.45000000000000023
0 0.6380208333333334 0.33055555555555566 0.6057291666666667 0.33055555555555566 0.6057291666666667 0.38796296296296306 0.6380208333333334 0.38796296296296306
2 0.6572916666666667 0.44722222222222235 0.6333333333333333 0.44722222222222235 0.6333333333333333 0.490740740740741 0.6572916666666667 0.490740740740741
11 0.6838541666666667 0.1620370370370372 0.653125 0.1620370370370372 0.653125 0.21759259259259275 0.6838541666666667 0.21759259259259275
2 0.6203125 0.47777777777777797 0.5963541666666666 0.47777777777777797 0.5963541666666666 0.5212962962962965 0.6203125 0.5212962962962965
5 0.49114583333333334 0.4314814814814816 0.4588541666666667 0.4314814814814816 0.4588541666666667 0.4861111111111112 0.49114583333333334 0.4861111111111113
8 0.6046875 0.6138888888888892 0.5796875 0.6138888888888892 0.5796875 0.6574074074074077 0.6046875 0.6574074074074077
2 0.5385416666666667 0.4629629629629631 0.5130208333333334 0.4629629629629631 0.5130208333333334 0.5074074074074076 0.5385416666666667 0.5074074074074076
2 0.7390625 0.26666666666666683 0.7145833333333333 0.2666666666666668 0.7145833333333333 0.3111111111111113 0.7390625 0.31111111111111134
4 0.5989583333333334 0.5537037037037039 0.5677083333333334 0.5537037037037039 0.5677083333333334 0.6083333333333335 0.5989583333333334 0.6083333333333335
9 0.5833333333333334 0.29444444444444456 0.5583333333333333 0.29444444444444456 0.5583333333333333 0.3398148148148149 0.5833333333333334 0.3398148148148149
1 0.5864583333333333 0.6787037037037039 0.5557291666666667 0.6787037037037039 0.5557291666666667 0.7324074074074076 0.5864583333333333 0.7324074074074076
11 0.5645833333333333 0.5740740740740743 0.5333333333333333 0.5740740740740743 0.5333333333333333 0.6296296296296299 0.5645833333333333 0.6296296296296299
4 0.5359375 0.652777777777778 0.5046875 0.652777777777778 0.5046875 0.7064814814814817 0.5359375 0.7064814814814817
1 0.7848958333333333 0.48981481481481504 0.7541666666666667 0.48981481481481504 0.7541666666666667 0.5453703703703706 0.7848958333333333 0.5453703703703706
2 0.45416666666666666 0.45740740740740754 0.42916666666666664 0.45740740740740754 0.42916666666666664 0.5037037037037037 0.45416666666666666 0.5037037037037037
5 0.5489583333333333 0.7064814814814817 0.51875 0.7064814814814817 0.51875 0.7592592592592595 0.5489583333333333 0.7592592592592595
3 0.5020833333333333 0.49166666666666675 0.4765625 0.49166666666666664 0.4765625 0.5361111111111112 0.5020833333333333 0.5361111111111113
9 0.5354166666666667 0.263888888888889 0.509375 0.263888888888889 0.509375 0.30925925925925934 0.5354166666666667 0.30925925925925934
8 0.6182291666666667 0.6611111111111113 0.5921875 0.6611111111111113 0.5921875 0.7046296296296298 0.6182291666666667 0.7046296296296298
6 0.5151041666666667 0.34259259259259267 0.4817708333333333 0.34259259259259267 0.4817708333333333 0.400925925925926 0.5151041666666667 0.400925925925926