1 0.6020833333333333 0.9694444444444444 0.5536458333333333 0.9694444444444444 0.5536458333333333 1 0.6020833333333333 1
11 0.8145833333333333 0.45462962962962983 0.765625 0.45462962962962983 0.765625 0.5453703703703706 0.8145833333333333 0.5453703703703706
0 0.25260416666666674 0.512962962962963 0.20156250000000006 0.512962962962963 0.20156250000000006 0.6083333333333333 0.25260416666666674 0.6083333333333333
6 0.378125 0.20277777777777786 0.3265625 0.20277777777777783 0.3265625 0.2981481481481483 0.378125 0.2981481481481483
5 0.7567708333333333 0.6055555555555557 0.703125 0.6055555555555557 0.703125 0.7055555555555557 0.7567708333333333 0.7055555555555557
6 0.31197916666666664 0.35833333333333345 0.26145833333333335 0.35833333333333345 0.26145833333333335 0.45370370370370383 0.31197916666666664 0.45370370370370383
7 0.6645833333333333 0.8120370370370372 0.6140625 0.8120370370370372 0.6140625 0.9083333333333335 0.6645833333333333 0.9083333333333335
4 0.4125 0.13055555555555565 0.3625 0.13055555555555562 0.3625 0.225925925925926 0.4125 0.22592592592592603
7 0.725 0.6833333333333336 0.6770833333333334 0.6833333333333336 0.6770833333333334 0.7759259259259261 0.725 0.7759259259259261
4 0.28072916666666664 0.4342592592592593 0.22864583333333338 0.43425925925925923 0.22864583333333338 0.5324074074074074 0.28072916666666664 0.5324074074074074
5 0.6333333333333333 0.9074074074074077 0.5854166666666667 0.9074074074074077 0.5854166666666667 0.9953703703703703 0.6333333333333333 0.9953703703703703
13 0.6333333333333333 0.6435185185185187 0.5692708333333333 0.6435185185185187 0.5692708333333333 0.7611111111111113 0.6333333333333333 0.7611111111111113
8 0.39010416666666664 0.4759259259259259 0.34375 0.4759259259259259 0.34375 0.5611111111111111 0.39010416666666664 0.5611111111111111
12 0.4328125 0.3787037037037038 0.36822916666666666 0.3787037037037038 0.36822916666666666 0.49907407407407406 0.4328125 0.49907407407407406
0 0.4395833333333333 0.05370370370370379 0.3875 0.05370370370370378 0.3875 0.15092592592592602 0.4395833333333333 0.15092592592592602
2 0.559375 0.22037037037037047 0.5177083333333333 0.22037037037037047 0.5177083333333333 0.29907407407407416 0.559375 0.29907407407407416
2 0.37083333333333335 0.6814814814814815 0.3307291666666667 0.6814814814814815 0.3307291666666667 0.7592592592592593 0.37083333333333335 0.7592592592592593
2 0.3359375 0.75 0.2953125 0.75 0.2953125 0.825925925925926 0.3359375 0.825925925925926
10 0.22343750000000007 0.587037037037037 0.1723958333333334 0.587037037037037 0.1723958333333334 0.6842592592592592 0.22343750000000007 0.6842592592592592
3 0.6760416666666667 0.37685185185185194 0.6359375 0.37685185185185194 0.6359375 0.45370370370370383 0.6760416666666667 0.45370370370370383
3 0.5067708333333333 0.625925925925926 0.465625 0.6259259259259259 0.465625 0.7055555555555557 0.5067708333333333 0.7055555555555557
2 0.5880208333333333 0.14722222222222234 0.5479166666666667 0.14722222222222234 0.5479166666666667 0.22314814814814826 0.5880208333333333 0.22314814814814826
2 0.5338541666666666 0.42407407407407416 0.4921875 0.42407407407407416 0.4921875 0.502777777777778 0.5338541666666666 0.502777777777778
10 0.47760416666666666 0.03333333333333343 0.4265625 0.03333333333333342 0.4265625 0.0787037037037038 0.47760416666666666 0.0787037037037038
1 0.7854166666666667 0.5287037037037039 0.7364583333333333 0.5287037037037039 0.7364583333333333 0.6231481481481483 0.7854166666666667 0.6231481481481483
3 0.7083333333333334 0.30277777777777787 0.6692708333333334 0.30277777777777787 0.6692708333333334 0.37685185185185194 0.7083333333333334 0.37685185185185194
8 0.45260416666666664 0.32037037037037047 0.4114583333333333 0.32037037037037047 0.4114583333333333 0.3990740740740742 0.45260416666666664 0.3990740740740742
3 0.4557291666666668 0.9037037037037037 0.4151041666666668 0.9037037037037037 0.4151041666666668 0.9796296296296296 0.4557291666666668 0.9796296296296296
3 0.4833333333333334 0.8361111111111111 0.44375 0.8361111111111111 0.44375000000000003 0.9120370370370371 0.48333333333333345 0.9120370370370371
9 0.5921875 0.7416666666666669 0.5505208333333333 0.7416666666666669 0.5505208333333333 0.8203703703703705 0.5921875 0.8203703703703705
9 0.6520833333333333 0.5870370370370372 0.6119791666666666 0.5870370370370372 0.6119791666666666 0.665740740740741 0.6520833333333333 0.665740740740741