11 0.5395833333333333 0.10185185185185196 0.4921875 0.10185185185185196 0.4921875 0.18055555555555566 0.5395833333333333 0.18055555555555566
4 0.5817708333333333 0.7509259259259261 0.5307291666666667 0.7509259259259261 0.5307291666666667 0.8361111111111114 0.5817708333333333 0.8361111111111114
10 0.6333333333333333 0.5731481481481484 0.58125 0.5731481481481484 0.58125 0.6601851851851854 0.6333333333333333 0.6601851851851854
10 0.6744791666666666 0.5222222222222225 0.6223958333333334 0.5222222222222225 0.6223958333333334 0.6101851851851854 0.6744791666666666 0.6101851851851854
12 0.6645833333333333 0.6351851851851854 0.6015625 0.6351851851851854 0.6015625 0.739814814814815 0.6645833333333333 0.739814814814815
6 0.7130208333333333 0.463888888888889 0.6625 0.463888888888889 0.6625 0.5481481481481484 0.7130208333333333 0.5481481481481484
11 0.5328125 0.20833333333333343 0.48333333333333334 0.20833333333333343 0.48333333333333334 0.29074074074074086 0.5328125 0.29074074074074086
4 0.7421875 0.5324074074074077 0.6921875 0.5324074074074077 0.6921875 0.6157407407407409 0.7421875 0.6157407407407409
7 0.45364583333333336 0.3111111111111112 0.4041666666666667 0.3111111111111112 0.4041666666666667 0.3935185185185186 0.45364583333333336 0.3935185185185186
1 0.4921875 0.26111111111111124 0.4432291666666667 0.26111111111111124 0.4432291666666667 0.34259259259259267 0.4921875 0.34259259259259267
6 0.59375 0.6259259259259261 0.5421875 0.6259259259259261 0.5421875 0.7120370370370372 0.59375 0.7120370370370372
3 0.5526041666666667 0.28055555555555567 0.5130208333333334 0.28055555555555567 0.5130208333333334 0.3462962962962964 0.5526041666666667 0.3462962962962964
13 0.4713541666666667 0.18796296296296308 0.4109375 0.18796296296296308 0.4109375 0.288888888888889 0.4713541666666667 0.288888888888889
3 0.47291666666666665 0.38055555555555565 0.43333333333333335 0.38055555555555565 0.43333333333333335 0.4462962962962964 0.47291666666666665 0.4462962962962964
7 0.60625 0.11018518518518532 0.5588541666666667 0.11018518518518532 0.5588541666666667 0.18888888888888902 0.60625 0.18888888888888905
5 0.5786458333333333 0.05000000000000013 0.5291666666666667 0.05000000000000012 0.5291666666666667 0.1324074074074075 0.5786458333333333 0.1324074074074075
3 0.43645833333333334 0.43333333333333346 0.3963541666666667 0.43333333333333346 0.3963541666666667 0.5 0.43645833333333334 0.5
2 0.5166666666666667 0.6240740740740742 0.47552083333333334 0.6240740740740741 0.47552083333333334 0.6925925925925926 0.5166666666666667 0.6925925925925928
3 0.5921875 0.2212962962962964 0.553125 0.2212962962962964 0.553125 0.2861111111111112 0.5921875 0.2861111111111112
3 0.5119791666666667 0.325925925925926 0.47291666666666665 0.325925925925926 0.47291666666666665 0.39074074074074083 0.5119791666666667 0.39074074074074083
2 0.6796875 0.40833333333333344 0.6390625 0.40833333333333344 0.6390625 0.4768518518518521 0.6796875 0.4768518518518521
8 0.6166666666666667 0.7074074074074076 0.5755208333333334 0.7074074074074076 0.5755208333333334 0.7759259259259261 0.6166666666666667 0.7759259259259261
5 0.3880208333333333 0.3074074074074075 0.3390625 0.3074074074074075 0.3390625 0.388888888888889 0.3880208333333333 0.388888888888889
8 0.69375 0.5953703703703705 0.653125 0.5953703703703705 0.653125 0.6629629629629632 0.69375 0.6629629629629632
2 0.5583333333333333 0.5750000000000002 0.5177083333333333 0.5750000000000002 0.5177083333333333 0.6425925925925928 0.5583333333333333 0.6425925925925928
2 0.5994791666666667 0.5157407407407409 0.5588541666666667 0.5157407407407409 0.5588541666666667 0.5833333333333336 0.5994791666666667 0.5833333333333336
2 0.6432291666666666 0.463888888888889 0.6026041666666667 0.463888888888889 0.6026041666666667 0.5314814814814817 0.6432291666666666 0.5314814814814817
0 0.5546875 0.6796296296296298 0.503125 0.6796296296296298 0.503125 0.7657407407407409 0.5546875 0.7657407407407409
9 0.42239583333333336 0.25925925925925936 0.3828125 0.25925925925925936 0.3828125 0.3250000000000001 0.42239583333333336 0.3250000000000001
0 0.7802083333333333 0.47592592592592614 0.7296875 0.47592592592592614 0.7296875 0.5601851851851853 0.7802083333333333 0.5601851851851853
9 0.5 0.15925925925925938 0.4609375 0.15925925925925938 0.4609375 0.22407407407407418 0.5 0.22407407407407418
1 0.5677083333333334 0.16296296296296306 0.5192708333333333 0.16296296296296306 0.5192708333333333 0.24351851851851863 0.5677083333333334 0.24351851851851863