1 0.7322916666666667 0.7962962962962965 0.6942708333333333 0.7962962962962965 0.6942708333333333 0.8546296296296299 0.7322916666666667 0.8546296296296299
4 0.4203125 0.1148148148148149 0.3848958333333333 0.1148148148148149 0.3848958333333333 0.1675925925925927 0.4203125 0.1675925925925927
7 0.6796875 0.6500000000000002 0.6421875 0.6500000000000002 0.6421875 0.7037037037037039 0.6796875 0.7037037037037039
3 0.3203125 0.5953703703703703 0.29010416666666666 0.5953703703703703 0.29010416666666666 0.6388888888888888 0.3203125 0.6388888888888888
3 0.7213541666666666 0.5611111111111113 0.690625 0.5611111111111113 0.690625 0.6055555555555557 0.7213541666666666 0.6055555555555557
13 0.5333333333333333 0.727777777777778 0.48854166666666665 0.727777777777778 0.48854166666666665 0.7953703703703706 0.5333333333333333 0.7953703703703706
2 0.5166666666666667 0.34074074074074084 0.4864583333333333 0.34074074074074084 0.4864583333333333 0.38425925925925936 0.5166666666666667 0.38425925925925936
3 0.4171875 0.5861111111111111 0.38645833333333335 0.5861111111111111 0.38645833333333335 0.6305555555555555 0.4171875 0.6305555555555555
2 0.6119791666666666 0.33240740740740754 0.5822916666666667 0.33240740740740754 0.5822916666666667 0.37314814814814823 0.6119791666666666 0.37314814814814823
6 0.65625 0.24814814814814826 0.6208333333333333 0.24814814814814826 0.6208333333333333 0.30092592592592604 0.65625 0.30092592592592604
7 0.3703125 0.675 0.3333333333333333 0.675 0.3333333333333333 0.7314814814814815 0.3703125 0.7314814814814815
8 0.46822916666666664 0.11851851851851862 0.4401041666666667 0.11851851851851862 0.4401041666666667 0.1601851851851853 0.46822916666666664 0.1601851851851853
10 0.3729166666666667 0.13055555555555565 0.33645833333333336 0.13055555555555562 0.33645833333333336 0.1833333333333334 0.3729166666666667 0.18333333333333343
2 0.41458333333333336 0.3435185185185186 0.3854166666666667 0.3435185185185186 0.3854166666666667 0.3870370370370371 0.41458333333333336 0.3870370370370371
5 0.3838541666666667 0.8268518518518518 0.3458333333333333 0.8268518518518518 0.3458333333333334 0.8842592592592593 0.3838541666666668 0.8842592592592593
6 0.36666666666666664 0.26944444444444454 0.3307291666666667 0.26944444444444454 0.3307291666666667 0.32314814814814824 0.36666666666666664 0.32314814814814824
4 0.6114583333333333 0.10648148148148161 0.5760416666666667 0.10648148148148161 0.5760416666666667 0.15833333333333346 0.6114583333333333 0.1583333333333335
8 0.5588541666666667 0.11481481481481494 0.5296875 0.11481481481481493 0.5296875 0.15648148148148158 0.5588541666666667 0.15648148148148158
3 0.521875 0.5879629629629631 0.4895833333333333 0.5879629629629631 0.4895833333333333 0.6314814814814816 0.521875 0.6314814814814816
3 0.6244791666666667 0.5731481481481484 0.5942708333333333 0.5731481481481484 0.5942708333333333 0.6166666666666669 0.6244791666666667 0.6166666666666669
2 0.7119791666666667 0.32222222222222235 0.6822916666666666 0.32222222222222235 0.6822916666666666 0.363888888888889 0.7119791666666667 0.363888888888889
2 0.3265625 0.35648148148148157 0.29739583333333336 0.35648148148148157 0.29739583333333336 0.3990740740740742 0.3265625 0.3990740740740742
12 0.5213541666666667 0.17222222222222233 0.47760416666666666 0.17222222222222233 0.47760416666666666 0.23796296296296307 0.5213541666666667 0.23796296296296307
9 0.5765625 0.8240740740740743 0.5463541666666667 0.8240740740740743 0.5463541666666667 0.8694444444444447 0.5765625 0.8694444444444447
9 0.4802083333333334 0.8333333333333334 0.44895833333333335 0.8333333333333334 0.4489583333333334 0.8777777777777778 0.48020833333333346 0.8777777777777778
5 0.6359375 0.7990740740740743 0.5973958333333333 0.7990740740740743 0.5973958333333333 0.8583333333333335 0.6359375 0.8583333333333335
0 0.32083333333333336 0.12407407407407413 0.2859375 0.12407407407407413 0.2859375 0.1768518518518519 0.32083333333333336 0.1768518518518519
1 0.33281250000000007 0.8342592592592593 0.29583333333333334 0.8342592592592593 0.2958333333333334 0.8925925925925926 0.3328125000000001 0.8925925925925926
11 0.4312500000000001 0.8305555555555556 0.3921875 0.8305555555555556 0.3921875000000001 0.887962962962963 0.43125000000000013 0.887962962962963
10 0.6536458333333334 0.10370370370370384 0.6182291666666667 0.10370370370370384 0.6182291666666667 0.1592592592592594 0.6536458333333334 0.1592592592592594
0 0.70625 0.10740740740740756 0.6713541666666667 0.10740740740740756 0.6713541666666667 0.16018518518518535 0.70625 0.16018518518518535
11 0.6854166666666667 0.7972222222222224 0.6505208333333333 0.7972222222222224 0.6505208333333333 0.8592592592592595 0.6854166666666667 0.8592592592592595