4 0.40572916666666664 0.1685185185185186 0.3619791666666667 0.16851851851851857 0.3619791666666667 0.2500000000000001 0.40572916666666664 0.2500000000000001
0 0.25781250000000006 0.7453703703703703 0.21406250000000007 0.7453703703703703 0.21406250000000007 0.8277777777777777 0.25781250000000006 0.8277777777777777
2 0.45989583333333334 0.5212962962962963 0.4244791666666667 0.5212962962962963 0.4244791666666667 0.5898148148148148 0.45989583333333334 0.5898148148148148
2 0.5026041666666666 0.3592592592592594 0.46927083333333336 0.3592592592592594 0.46927083333333336 0.4250000000000001 0.5026041666666666 0.4250000000000001
5 0.759375 0.45648148148148165 0.7151041666666667 0.4564814814814816 0.7151041666666667 0.5398148148148151 0.759375 0.5398148148148151
6 0.490625 0.22407407407407418 0.4473958333333333 0.22407407407407418 0.4473958333333333 0.3064814814814816 0.490625 0.3064814814814816
11 0.740625 0.5416666666666669 0.6989583333333333 0.5416666666666669 0.6989583333333333 0.6203703703703706 0.740625 0.6203703703703706
3 0.5911458333333334 0.6175925925925928 0.5578125 0.6175925925925928 0.5578125 0.6814814814814817 0.5911458333333334 0.6814814814814817
12 0.3859375 0.45370370370370383 0.33125 0.45370370370370383 0.33125 0.5527777777777778 0.3859375 0.5527777777777778
3 0.5031250000000002 0.9351851851851853 0.47031250000000013 0.9351851851851852 0.47031250000000013 0.9990740740740741 0.5031250000000002 0.9990740740740741
13 0.6760416666666667 0.6555555555555558 0.6239583333333333 0.6555555555555558 0.6239583333333333 0.7481481481481483 0.6760416666666667 0.7481481481481483
3 0.628125 0.4611111111111112 0.5953125 0.4611111111111112 0.5953125 0.5231481481481484 0.628125 0.5231481481481484
1 0.7802083333333333 0.39444444444444465 0.7385416666666667 0.39444444444444465 0.7385416666666667 0.4750000000000002 0.7802083333333333 0.4750000000000002
2 0.5463541666666667 0.1925925925925927 0.5125 0.1925925925925927 0.5125 0.25925925925925936 0.5463541666666667 0.25925925925925936
2 0.4234375 0.6953703703703704 0.3880208333333333 0.6953703703703704 0.3880208333333333 0.7648148148148148 0.4234375 0.7648148148148148
2 0.38072916666666673 0.8583333333333333 0.3463541666666667 0.8583333333333333 0.34635416666666674 0.924074074074074 0.3807291666666668 0.924074074074074
7 0.5651041666666666 0.8935185185185187 0.5244791666666668 0.8935185185185187 0.5244791666666668 0.9694444444444444 0.5651041666666666 0.9694444444444444
8 0.3546875 0.35185185185185197 0.31927083333333334 0.35185185185185197 0.31927083333333334 0.4166666666666668 0.3546875 0.4166666666666668
7 0.6822916666666666 0.3972222222222223 0.6411458333333333 0.3972222222222223 0.6411458333333333 0.4750000000000002 0.6822916666666666 0.4750000000000002
3 0.5458333333333333 0.7814814814814817 0.5114583333333333 0.7814814814814817 0.5114583333333333 0.8462962962962965 0.5458333333333333 0.8462962962962965
3 0.6661458333333333 0.301851851851852 0.6322916666666667 0.301851851851852 0.6322916666666667 0.36574074074074087 0.6661458333333333 0.36574074074074087
4 0.30885416666666665 0.5805555555555556 0.26302083333333337 0.5805555555555556 0.26302083333333337 0.6638888888888889 0.30885416666666665 0.6638888888888889
9 0.6776041666666667 0.7953703703703706 0.64375 0.7953703703703706 0.64375 0.8583333333333335 0.6776041666666667 0.8583333333333335
9 0.7166666666666667 0.6259259259259261 0.6833333333333333 0.6259259259259261 0.6833333333333333 0.689814814814815 0.7166666666666667 0.689814814814815
5 0.6421875 0.927777777777778 0.6005208333333333 0.927777777777778 0.6005208333333333 1 0.6421875 1
11 0.6640625 0.8611111111111113 0.6223958333333334 0.8611111111111113 0.6223958333333334 0.9388888888888891 0.6640625 0.9388888888888891
10 0.3828125 0.25185185185185194 0.3390625 0.25185185185185194 0.3390625 0.3333333333333334 0.3828125 0.3333333333333334
8 0.3098958333333333 0.5111111111111111 0.27395833333333336 0.5111111111111111 0.27395833333333336 0.5768518518518518 0.3098958333333333 0.5768518518518518
0 0.4270833333333333 0.08703703703703713 0.38229166666666664 0.08703703703703712 0.38229166666666664 0.17222222222222233 0.4270833333333333 0.17222222222222233
6 0.36302083333333335 0.7481481481481481 0.31614583333333335 0.7481481481481481 0.31614583333333335 0.8305555555555556 0.36302083333333335 0.8305555555555556
10 0.2864583333333333 0.6685185185185185 0.2395833333333334 0.6685185185185185 0.2395833333333334 0.7546296296296297 0.2864583333333333 0.7546296296296297