4 0.30625 0.3694444444444446 0.2635416666666667 0.3694444444444446 0.2635416666666667 0.45555555555555566 0.30625 0.45555555555555566
6 0.29322916666666665 0.5537037037037037 0.2515625000000001 0.5537037037037037 0.2515625000000001 0.637962962962963 0.29322916666666665 0.637962962962963
2 0.7411458333333333 0.4296296296296298 0.709375 0.42962962962962975 0.709375 0.4925925925925928 0.7411458333333333 0.4925925925925928
2 0.6666666666666666 0.7944444444444446 0.6333333333333333 0.7944444444444446 0.6333333333333333 0.8611111111111113 0.6666666666666666 0.8611111111111113
7 0.590625 0.564814814814815 0.5494791666666666 0.564814814814815 0.5494791666666666 0.6490740740740742 0.590625 0.6490740740740742
2 0.746875 0.33981481481481496 0.7140625 0.3398148148148149 0.7140625 0.40370370370370384 0.746875 0.4037037037037039
2 0.6973958333333333 0.4166666666666668 0.6640625 0.4166666666666668 0.6640625 0.48333333333333356 0.6973958333333333 0.48333333333333356
3 0.3307291666666667 0.6851851851851852 0.29739583333333336 0.6851851851851852 0.29739583333333336 0.7527777777777778 0.3307291666666667 0.7527777777777778
11 0.73125 0.6175925925925928 0.6895833333333333 0.6175925925925928 0.6895833333333333 0.7009259259259262 0.73125 0.7009259259259262
7 0.6807291666666667 0.6972222222222224 0.6395833333333333 0.6972222222222224 0.6395833333333333 0.7805555555555558 0.6807291666666667 0.7805555555555558
9 0.6864583333333333 0.602777777777778 0.6541666666666667 0.602777777777778 0.6541666666666667 0.6685185185185187 0.6864583333333333 0.6685185185185187
5 0.7260416666666667 0.6972222222222224 0.6848958333333334 0.6972222222222224 0.6848958333333334 0.7796296296296299 0.7260416666666667 0.7796296296296299
0 0.34791666666666665 0.4842592592592593 0.30520833333333336 0.4842592592592593 0.30520833333333336 0.5685185185185185 0.34791666666666665 0.5685185185185185
3 0.32135416666666666 0.19351851851851856 0.2875 0.19351851851851856 0.2875 0.26111111111111124 0.32135416666666666 0.26111111111111124
4 0.3963541666666667 0.49444444444444446 0.3541666666666667 0.49444444444444446 0.3541666666666667 0.5777777777777777 0.3963541666666667 0.5777777777777777
2 0.7140625 0.8166666666666669 0.6807291666666667 0.8166666666666669 0.6807291666666667 0.8814814814814816 0.7140625 0.8814814814814816
5 0.6359375 0.6750000000000002 0.5927083333333333 0.6750000000000002 0.5927083333333333 0.7601851851851854 0.6359375 0.7601851851851854
1 0.646875 0.48981481481481504 0.60625 0.48981481481481504 0.60625 0.5722222222222224 0.646875 0.5722222222222224
1 0.7354166666666667 0.5212962962962965 0.6947916666666667 0.5212962962962965 0.6947916666666667 0.603703703703704 0.7354166666666667 0.603703703703704
13 0.6953125 0.4925925925925928 0.6453125 0.4925925925925928 0.6453125 0.5944444444444447 0.6953125 0.5944444444444447
10 0.296875 0.4601851851851853 0.2541666666666667 0.4601851851851853 0.2541666666666667 0.5462962962962963 0.296875 0.5462962962962963
11 0.6427083333333333 0.5814814814814817 0.5984375 0.5814814814814817 0.5984375 0.6675925925925928 0.6427083333333333 0.6675925925925928
6 0.446875 0.5074074074074074 0.39947916666666666 0.5074074074074074 0.39947916666666666 0.5962962962962963 0.446875 0.5962962962962963
8 0.39895833333333336 0.4027777777777779 0.3625 0.4027777777777779 0.3625 0.4787037037037037 0.39895833333333336 0.4787037037037037
0 0.3932291666666667 0.5851851851851851 0.34739583333333335 0.5851851851851851 0.34739583333333335 0.6759259259259259 0.3932291666666667 0.6759259259259259
3 0.2791666666666667 0.6666666666666666 0.24635416666666674 0.6666666666666666 0.24635416666666674 0.7305555555555555 0.2791666666666667 0.7305555555555555
10 0.3536458333333333 0.3814814814814816 0.3078125 0.3814814814814816 0.3078125 0.4703703703703705 0.3536458333333333 0.4703703703703705
3 0.3614583333333333 0.288888888888889 0.32395833333333335 0.288888888888889 0.32395833333333335 0.36666666666666675 0.3614583333333333 0.36666666666666675
3 0.31145833333333334 0.27685185185185196 0.27708333333333335 0.27685185185185196 0.27708333333333335 0.3435185185185186 0.31145833333333334 0.3435185185185186
12 0.34739583333333335 0.5731481481481482 0.29583333333333334 0.5731481481481482 0.29583333333333334 0.675 0.34739583333333335 0.675