12 0.43802083333333336 0.7518518518518519 0.396875 0.7518518518518519 0.396875 0.825925925925926 0.43802083333333336 0.825925925925926
10 0.4401041666666667 0.5925925925925926 0.40677083333333336 0.5925925925925926 0.40677083333333336 0.6518518518518519 0.4401041666666667 0.6518518518518519
3 0.34322916666666664 0.5231481481481481 0.3171875 0.5231481481481481 0.3171875 0.5694444444444444 0.34322916666666664 0.5694444444444444
13 0.39947916666666666 0.2120370370370371 0.3609375 0.21203703703703708 0.3609375 0.2787037037037038 0.39947916666666666 0.2787037037037038
3 0.4864583333333333 0.29444444444444456 0.46041666666666664 0.29444444444444456 0.46041666666666664 0.3398148148148149 0.4864583333333333 0.3398148148148149
3 0.19218750000000007 0.6064814814814815 0.1666666666666667 0.6064814814814815 0.1666666666666667 0.6527777777777778 0.19218750000000007 0.6527777777777778
6 0.3890625 0.43981481481481494 0.3572916666666667 0.43981481481481494 0.3572916666666667 0.4981481481481482 0.3890625 0.4981481481481482
3 0.534375 0.5240740740740742 0.5078125 0.5240740740740742 0.5078125 0.5712962962962965 0.534375 0.5712962962962965
9 0.34375 0.22685185185185192 0.31927083333333334 0.22685185185185192 0.31927083333333334 0.2722222222222223 0.34375 0.2722222222222223
7 0.48541666666666666 0.43981481481481494 0.453125 0.43981481481481494 0.453125 0.49814814814814823 0.48541666666666666 0.49814814814814834
8 0.33697916666666666 0.7546296296296297 0.3109375 0.7546296296296297 0.3109375 0.8018518518518518 0.33697916666666666 0.8018518518518518
0 0.44375 0.36666666666666675 0.41041666666666665 0.36666666666666675 0.41041666666666665 0.42407407407407416 0.44375 0.42407407407407416
2 0.4390625 0.524074074074074 0.41354166666666664 0.524074074074074 0.41354166666666664 0.5703703703703704 0.4390625 0.5703703703703704
2 0.5802083333333333 0.37037037037037046 0.5546875 0.37037037037037046 0.5546875 0.4148148148148149 0.5802083333333333 0.4148148148148149
2 0.29375 0.44814814814814824 0.2682291666666667 0.44814814814814824 0.2682291666666667 0.4925925925925926 0.29375 0.4925925925925926
10 0.25104166666666666 0.2157407407407408 0.2203125 0.2157407407407408 0.2203125 0.27129629629629637 0.25104166666666666 0.2712962962962964
1 0.2916666666666667 0.75 0.2583333333333334 0.75 0.2583333333333334 0.8092592592592592 0.2916666666666667 0.8092592592592592
2 0.2015625 0.3787037037037037 0.1765625 0.3787037037037037 0.1765625 0.42407407407407405 0.2015625 0.42407407407407405
3 0.24427083333333338 0.4518518518518519 0.21979166666666672 0.45185185185185184 0.21979166666666672 0.49722222222222223 0.24427083333333338 0.49722222222222223
7 0.39427083333333335 0.1500000000000001 0.36302083333333335 0.1500000000000001 0.36302083333333335 0.2037037037037038 0.39427083333333335 0.2037037037037038
6 0.29791666666666666 0.29444444444444456 0.2671875 0.29444444444444456 0.2671875 0.35185185185185197 0.29791666666666666 0.35185185185185197
0 0.34322916666666664 0.3601851851851853 0.3109375 0.3601851851851853 0.3109375 0.4166666666666668 0.34322916666666664 0.4166666666666668
2 0.38958333333333334 0.5268518518518519 0.36354166666666665 0.5268518518518519 0.36354166666666665 0.5740740740740741 0.38958333333333334 0.5740740740740741
8 0.3328125 0.6824074074074075 0.30625 0.6824074074074075 0.30625 0.7287037037037037 0.3328125 0.7287037037037037
5 0.24895833333333336 0.3731481481481482 0.2171875 0.3731481481481482 0.21718750000000003 0.4314814814814815 0.2489583333333334 0.4314814814814816
9 0.3890625 0.29074074074074086 0.3645833333333333 0.29074074074074086 0.3645833333333333 0.33703703703703713 0.3890625 0.33703703703703713
11 0.29270833333333335 0.5990740740740741 0.2593750000000001 0.5990740740740741 0.2593750000000001 0.6592592592592592 0.29270833333333335 0.6592592592592592
4 0.2395833333333334 0.675 0.20729166666666674 0.675 0.20729166666666674 0.7342592592592593 0.2395833333333334 0.7342592592592593
1 0.5880208333333333 0.6722222222222224 0.5546875 0.6722222222222224 0.5546875 0.7314814814814817 0.5880208333333333 0.7314814814814817
5 0.2411458333333334 0.7518518518518519 0.2083333333333334 0.7518518518518519 0.2083333333333334 0.8111111111111111 0.2411458333333334 0.8111111111111111
11 0.5364583333333334 0.21574074074074084 0.5026041666666666 0.21574074074074084 0.5026041666666666 0.2740740740740742 0.5364583333333334 0.2740740740740742
4 0.3385416666666667 0.600925925925926 0.3072916666666667 0.600925925925926 0.3072916666666667 0.6583333333333333 0.3385416666666667 0.6583333333333333