4 0.5234375 0.06296296296296307 0.47708333333333336 0.06296296296296307 0.47708333333333336 0.13055555555555567 0.5234375 0.13055555555555567
7 0.5567708333333333 0.5814814814814817 0.5088541666666667 0.5814814814814817 0.5088541666666667 0.651851851851852 0.5567708333333333 0.651851851851852
2 0.6520833333333333 0.7861111111111113 0.6145833333333334 0.7861111111111113 0.6145833333333334 0.8435185185185188 0.6520833333333333 0.8435185185185188
13 0.49635416666666665 0.7305555555555556 0.4390625 0.7305555555555555 0.4390625 0.8157407407407409 0.49635416666666665 0.815740740740741
7 0.6020833333333333 0.7675925925925928 0.5552083333333333 0.7675925925925928 0.5552083333333333 0.839814814814815 0.6020833333333333 0.839814814814815
3 0.6770833333333334 0.19537037037037053 0.6390625 0.19537037037037053 0.6390625 0.24907407407407417 0.6770833333333334 0.24907407407407417
4 0.5651041666666666 0.23888888888888898 0.51875 0.23888888888888898 0.51875 0.30925925925925934 0.5651041666666666 0.30925925925925934
9 0.5385416666666667 0.7666666666666668 0.49947916666666664 0.7666666666666668 0.49947916666666664 0.8212962962962965 0.5385416666666667 0.8212962962962965
3 0.4578125 0.13425925925925936 0.42083333333333334 0.13425925925925936 0.42083333333333334 0.18611111111111123 0.4578125 0.18611111111111123
1 0.4979166666666667 0.6546296296296298 0.45 0.6546296296296297 0.45 0.7250000000000001 0.4979166666666667 0.7250000000000002
3 0.41458333333333336 0.04907407407407416 0.378125 0.04907407407407415 0.378125 0.10277777777777786 0.41458333333333336 0.10277777777777786
0 0.5723958333333333 0.15833333333333344 0.5260416666666666 0.15833333333333344 0.5260416666666666 0.22777777777777788 0.5723958333333333 0.22777777777777788
3 0.6776041666666667 0.11111111111111126 0.6395833333333333 0.11111111111111124 0.6395833333333333 0.16666666666666682 0.6776041666666667 0.16666666666666682
5 0.5916666666666667 0.8555555555555557 0.54375 0.8555555555555557 0.54375 0.926851851851852 0.5916666666666667 0.926851851851852
8 0.5083333333333333 0.22592592592592603 0.4713541666666667 0.22592592592592603 0.4713541666666667 0.2814814814814816 0.5083333333333333 0.2814814814814816
11 0.5432291666666667 0.839814814814815 0.4947916666666667 0.839814814814815 0.49479166666666674 0.9111111111111113 0.5432291666666667 0.9111111111111113
2 0.42135416666666675 0.8111111111111111 0.38385416666666666 0.8111111111111111 0.3838541666666667 0.8694444444444445 0.4213541666666668 0.8694444444444445
10 0.5192708333333333 0.14074074074074083 0.47291666666666665 0.14074074074074083 0.47291666666666665 0.20833333333333343 0.5192708333333333 0.20833333333333343
1 0.48906250000000007 0.8222222222222223 0.4427083333333333 0.8222222222222222 0.44270833333333337 0.8925925925925927 0.4890625000000001 0.8925925925925928
6 0.6239583333333333 0.09074074074074087 0.5776041666666667 0.09074074074074087 0.5776041666666667 0.15833333333333346 0.6239583333333333 0.1583333333333335
6 0.5625 0.3175925925925927 0.5151041666666667 0.3175925925925927 0.5151041666666667 0.388888888888889 0.5625 0.388888888888889
2 0.4296875 0.7333333333333333 0.3921875 0.7333333333333333 0.3921875 0.7907407407407407 0.4296875 0.7907407407407407
3 0.4625 0.052777777777777875 0.42552083333333335 0.05277777777777787 0.42552083333333335 0.1064814814814816 0.4625 0.1064814814814816
5 0.6020833333333333 0.690740740740741 0.5536458333333333 0.690740740740741 0.5536458333333333 0.7638888888888891 0.6020833333333333 0.7638888888888891
12 0.6328125 0.1629629629629631 0.5776041666666667 0.16296296296296306 0.5776041666666667 0.2500000000000001 0.6328125 0.2500000000000001
10 0.571875 0.06944444444444456 0.5291666666666667 0.06944444444444454 0.5291666666666667 0.14074074074074083 0.571875 0.14074074074074083
2 0.6510416666666666 0.8768518518518521 0.6098958333333333 0.8768518518518521 0.6098958333333333 0.9388888888888891 0.6510416666666666 0.9388888888888891
0 0.6177083333333333 0.25092592592592605 0.5729166666666666 0.25092592592592605 0.5729166666666666 0.3240740740740742 0.6177083333333333 0.3240740740740742
2 0.36979166666666674 0.799074074074074 0.33229166666666665 0.799074074074074 0.3322916666666667 0.8601851851851852 0.3697916666666668 0.8601851851851852
11 0.5515625 0.6675925925925928 0.5052083333333334 0.6675925925925928 0.5052083333333334 0.7407407407407409 0.5515625 0.7407407407407409