2 0.5744791666666667 0.5370370370370372 0.5421875 0.5370370370370372 0.5421875 0.5851851851851854 0.5744791666666667 0.5851851851851854
1 0.5760416666666667 0.2666666666666668 0.5380208333333333 0.2666666666666668 0.5380208333333333 0.32685185185185195 0.5760416666666667 0.32685185185185195
7 0.31145833333333334 0.35185185185185197 0.27239583333333334 0.35185185185185197 0.27239583333333334 0.4129629629629631 0.31145833333333334 0.4129629629629631
6 0.7432291666666667 0.4324074074074076 0.7036458333333333 0.4324074074074075 0.7036458333333333 0.4925925925925928 0.7432291666666667 0.4925925925925928
9 0.5166666666666667 0.18796296296296308 0.48802083333333335 0.18796296296296308 0.48802083333333335 0.23796296296296307 0.5166666666666667 0.23796296296296307
2 0.3546875 0.5370370370370371 0.321875 0.5370370370370371 0.321875 0.5842592592592593 0.3546875 0.5842592592592593
3 0.5229166666666667 0.5416666666666669 0.4901041666666667 0.5416666666666669 0.4901041666666667 0.589814814814815 0.5229166666666667 0.589814814814815
1 0.5723958333333333 0.8731481481481483 0.5328125000000001 0.8731481481481483 0.5328125000000001 0.9342592592592595 0.5723958333333333 0.9342592592592595
4 0.36041666666666666 0.7018518518518518 0.321875 0.7018518518518518 0.321875 0.762962962962963 0.36041666666666666 0.762962962962963
10 0.5234375 0.7953703703703706 0.48541666666666666 0.7953703703703706 0.48541666666666666 0.8555555555555557 0.5234375 0.8555555555555557
3 0.6276041666666666 0.44444444444444453 0.5958333333333333 0.44444444444444453 0.5958333333333333 0.49351851851851875 0.6276041666666666 0.49351851851851875
13 0.5791666666666667 0.1750000000000001 0.5359375 0.1750000000000001 0.5359375 0.24907407407407417 0.5791666666666667 0.24907407407407417
2 0.35833333333333334 0.2740740740740742 0.32708333333333334 0.2740740740740742 0.32708333333333334 0.3212962962962964 0.35833333333333334 0.3212962962962964
8 0.46875 0.7148148148148148 0.4359375 0.7148148148148148 0.4359375 0.762962962962963 0.46875 0.762962962962963
8 0.5213541666666668 0.8907407407407409 0.48802083333333346 0.8907407407407409 0.48802083333333346 0.9425925925925928 0.5213541666666668 0.9425925925925928
2 0.6817708333333333 0.26944444444444454 0.6515625 0.26944444444444454 0.6515625 0.31666666666666676 0.6817708333333333 0.31666666666666676
4 0.46822916666666664 0.43425925925925934 0.43020833333333336 0.43425925925925934 0.43020833333333336 0.4935185185185185 0.46822916666666664 0.4935185185185185
7 0.4166666666666668 0.8759259259259259 0.37656250000000013 0.8759259259259259 0.37656250000000013 0.9361111111111111 0.4166666666666668 0.9361111111111111
5 0.4125 0.1777777777777779 0.371875 0.1777777777777779 0.371875 0.23796296296296307 0.4125 0.23796296296296307
12 0.4734375000000001 0.8731481481481481 0.42604166666666676 0.8731481481481481 0.42604166666666676 0.9462962962962963 0.4734375000000001 0.9462962962962963
3 0.35833333333333334 0.45185185185185195 0.3255208333333333 0.45185185185185195 0.3255208333333333 0.49907407407407406 0.35833333333333334 0.49907407407407406
3 0.4661458333333333 0.3611111111111112 0.4348958333333333 0.3611111111111112 0.4348958333333333 0.41018518518518526 0.4661458333333333 0.41018518518518526
11 0.521875 0.7037037037037039 0.48385416666666664 0.7037037037037039 0.48385416666666664 0.7648148148148151 0.521875 0.7648148148148151
11 0.684375 0.702777777777778 0.6458333333333334 0.702777777777778 0.6458333333333334 0.7638888888888891 0.684375 0.7638888888888891
2 0.6265625 0.2740740740740742 0.5958333333333333 0.2740740740740742 0.5958333333333333 0.3212962962962964 0.6265625 0.3212962962962964
6 0.415625 0.7037037037037037 0.3765625 0.7037037037037037 0.3765625 0.7648148148148148 0.415625 0.7648148148148148
5 0.5265625 0.3537037037037038 0.4869791666666667 0.3537037037037038 0.4869791666666667 0.41574074074074086 0.5265625 0.41574074074074086
0 0.5802083333333333 0.7018518518518521 0.5401041666666667 0.7018518518518521 0.5401041666666667 0.7648148148148151 0.5802083333333333 0.7648148148148151
0 0.46875 0.263888888888889 0.43385416666666665 0.263888888888889 0.43385416666666665 0.325925925925926 0.46875 0.325925925925926
10 0.5239583333333333 0.10277777777777788 0.4895833333333333 0.10277777777777788 0.4895833333333333 0.1611111111111112 0.5239583333333333 0.1611111111111112
3 0.5744791666666667 0.44351851851851865 0.5463541666666667 0.44351851851851865 0.5463541666666667 0.490740740740741 0.5744791666666667 0.490740740740741
9 0.46510416666666665 0.18148148148148158 0.4354166666666667 0.18148148148148158 0.4354166666666667 0.2324074074074075 0.46510416666666665 0.2324074074074075