12 0.503125 0.5351851851851853 0.45677083333333335 0.5351851851851852 0.45677083333333335 0.6212962962962963 0.503125 0.6212962962962965
7 0.5890625 0.4527777777777779 0.5505208333333333 0.4527777777777779 0.5505208333333333 0.5259259259259261 0.5890625 0.5259259259259261
7 0.5072916666666668 0.8870370370370372 0.47031250000000013 0.8870370370370371 0.47031250000000013 0.9574074074074074 0.5072916666666668 0.9574074074074074
0 0.58125 0.2740740740740742 0.54375 0.2740740740740742 0.54375 0.3453703703703705 0.58125 0.3453703703703705
3 0.3307291666666667 0.6888888888888889 0.3026041666666667 0.6888888888888889 0.3026041666666667 0.7416666666666667 0.3307291666666667 0.7416666666666667
2 0.4109375 0.6185185185185185 0.38125 0.6185185185185185 0.38125 0.674074074074074 0.4109375 0.674074074074074
3 0.32135416666666666 0.2583333333333334 0.29322916666666665 0.2583333333333334 0.29322916666666665 0.31203703703703717 0.32135416666666666 0.31203703703703717
2 0.4151041666666668 0.9601851851851851 0.38489583333333344 0.9601851851851851 0.38489583333333344 1 0.4151041666666668 1
3 0.32708333333333334 0.426851851851852 0.2984375 0.426851851851852 0.2984375 0.48148148148148145 0.32708333333333334 0.48148148148148145
0 0.5901041666666667 0.9796296296296296 0.5520833333333334 0.9796296296296296 0.5520833333333334 1 0.5901041666666667 1
3 0.32864583333333347 0.8666666666666667 0.3000000000000001 0.8666666666666667 0.3000000000000001 0.9194444444444444 0.32864583333333347 0.9194444444444444
1 0.25312500000000004 0.8351851851851851 0.21822916666666672 0.8351851851851851 0.21822916666666672 0.9027777777777778 0.25312500000000004 0.9027777777777778
2 0.4578125 0.7962962962962963 0.4276041666666667 0.7962962962962963 0.4276041666666667 0.8518518518518519 0.4578125 0.8518518518518519
3 0.3260416666666667 0.6 0.296875 0.6 0.296875 0.6546296296296297 0.3260416666666667 0.6546296296296297
2 0.4588541666666667 0.4425925925925927 0.42864583333333334 0.4425925925925927 0.42864583333333334 0.49907407407407406 0.4588541666666667 0.49907407407407406
8 0.5453125 0.6361111111111113 0.5145833333333333 0.6361111111111113 0.5145833333333333 0.690740740740741 0.5453125 0.690740740740741
8 0.5421875 0.7250000000000002 0.5119791666666667 0.7250000000000002 0.5119791666666667 0.7814814814814817 0.5421875 0.7814814814814817
5 0.29010416666666666 0.7685185185185185 0.25312500000000004 0.7685185185185185 0.25312500000000004 0.8361111111111111 0.29010416666666666 0.8361111111111111
4 0.49947916666666664 0.4490740740740742 0.4625 0.4490740740740742 0.4625 0.5185185185185186 0.49947916666666664 0.5185185185185187
4 0.5947916666666667 0.7111111111111114 0.5567708333333333 0.7111111111111114 0.5567708333333333 0.7824074074074077 0.5947916666666667 0.7824074074074077
6 0.3671875 0.7759259259259259 0.3307291666666667 0.7759259259259259 0.3307291666666667 0.8435185185185186 0.3671875 0.8435185185185186
13 0.29322916666666665 0.6648148148148149 0.24947916666666672 0.6648148148148149 0.24947916666666672 0.7481481481481481 0.29322916666666665 0.7481481481481481
2 0.453125 0.2787037037037038 0.4234375 0.2787037037037038 0.4234375 0.33425925925925937 0.453125 0.33425925925925937
11 0.3671875 0.4212962962962964 0.3302083333333333 0.4212962962962964 0.3302083333333333 0.49074074074074076 0.3671875 0.49074074074074076
10 0.3729166666666667 0.5175925925925926 0.33645833333333336 0.5175925925925926 0.33645833333333336 0.5861111111111111 0.3729166666666667 0.5861111111111111
6 0.4984375 0.35462962962962974 0.46145833333333336 0.35462962962962974 0.46145833333333336 0.4231481481481483 0.4984375 0.4231481481481483
1 0.28229166666666666 0.3435185185185186 0.24635416666666668 0.3435185185185186 0.24635416666666668 0.413888888888889 0.28229166666666666 0.413888888888889