4 0.5583333333333333 0.8435185185185188 0.5088541666666667 0.8435185185185188 0.5088541666666667 0.926851851851852 0.5583333333333333 0.926851851851852
3 0.7177083333333333 0.4361111111111112 0.6791666666666667 0.4361111111111112 0.6791666666666667 0.5000000000000002 0.7177083333333333 0.5000000000000002
11 0.5234375 0.01851851851851863 0.47552083333333334 0.018518518518518625 0.47552083333333334 0.09814814814814825 0.5234375 0.09814814814814825
0 0.24427083333333338 0.5898148148148148 0.19531250000000006 0.5898148148148148 0.19531250000000006 0.6722222222222223 0.24427083333333338 0.6722222222222223
2 0.4791666666666667 0.5203703703703704 0.4401041666666667 0.5203703703703704 0.4401041666666667 0.5833333333333334 0.4791666666666667 0.5833333333333334
4 0.3390625 0.6518518518518519 0.28958333333333336 0.6518518518518519 0.28958333333333336 0.737037037037037 0.3390625 0.737037037037037
7 0.6958333333333333 0.338888888888889 0.6489583333333333 0.338888888888889 0.6489583333333333 0.4166666666666668 0.6958333333333333 0.4166666666666668
2 0.303125 0.3694444444444446 0.2640625 0.3694444444444446 0.26406250000000003 0.43333333333333346 0.303125 0.43333333333333346
2 0.39479166666666665 0.43333333333333346 0.3536458333333333 0.43333333333333346 0.3536458333333333 0.5 0.39479166666666665 0.5
11 0.6921875 0.16481481481481497 0.6463541666666667 0.16481481481481497 0.6463541666666667 0.2425925925925927 0.6921875 0.2425925925925927
13 0.5979166666666667 0.1500000000000001 0.54375 0.1500000000000001 0.54375 0.24166666666666678 0.5979166666666667 0.24166666666666678
2 0.5703125 0.5925925925925928 0.53125 0.5925925925925928 0.53125 0.6583333333333335 0.5703125 0.6583333333333335
3 0.6317708333333333 0.36574074074074087 0.59375 0.36574074074074087 0.59375 0.42777777777777787 0.6317708333333333 0.42777777777777787
7 0.43802083333333336 0.1111111111111112 0.39166666666666666 0.11111111111111119 0.39166666666666666 0.1898148148148149 0.43802083333333336 0.1898148148148149
3 0.5510416666666667 0.2925925925925927 0.5125 0.2925925925925927 0.5125 0.3574074074074075 0.5510416666666667 0.3574074074074075
1 0.7713541666666667 0.22129629629629646 0.7239583333333334 0.22129629629629646 0.7239583333333334 0.3009259259259261 0.7713541666666667 0.30092592592592615
12 0.44166666666666665 0.6444444444444445 0.38333333333333336 0.6444444444444445 0.38333333333333336 0.7425925925925926 0.44166666666666665 0.7425925925925926
6 0.6026041666666667 0.6962962962962965 0.5552083333333333 0.6962962962962965 0.5552083333333333 0.7759259259259261 0.6026041666666667 0.7759259259259261
2 0.6604166666666667 0.6611111111111113 0.6192708333333333 0.6611111111111113 0.6192708333333333 0.728703703703704 0.6604166666666667 0.728703703703704
3 0.37447916666666664 0.16018518518518526 0.33541666666666664 0.16018518518518524 0.33541666666666664 0.22314814814814823 0.37447916666666664 0.22314814814814826
5 0.7328125 0.201851851851852 0.6854166666666667 0.201851851851852 0.6854166666666667 0.2796296296296298 0.7328125 0.27962962962962984
3 0.4583333333333333 0.22500000000000012 0.4197916666666667 0.22500000000000012 0.4197916666666667 0.288888888888889 0.4583333333333333 0.288888888888889
9 0.6447916666666667 0.1305555555555557 0.60625 0.1305555555555557 0.60625 0.19629629629629644 0.6447916666666667 0.19629629629629644
8 0.4578125 0.774074074074074 0.4166666666666667 0.774074074074074 0.4166666666666667 0.8416666666666667 0.4578125 0.8416666666666667
6 0.32447916666666665 0.4666666666666668 0.27760416666666665 0.4666666666666668 0.27760416666666665 0.5462962962962963 0.32447916666666665 0.5462962962962963
5 0.48489583333333336 1.0057978804108354e-16 0.4390625 9.559048626677952e-17 0.4390625 0.07037037037037047 0.48489583333333336 0.07037037037037047
9 0.5583333333333333 0.05462962962962975 0.5203125 0.05462962962962975 0.5203125 0.1212962962962964 0.5583333333333333 0.1212962962962964
1 0.4348958333333333 8.969403871532929e-17 0.3890625 8.470473694102526e-17 0.3890625 0.0435185185185186 0.4348958333333333 0.04351851851851861
8 0.36770833333333336 0.7092592592592593 0.328125 0.7092592592592593 0.328125 0.7768518518518519 0.36770833333333336 0.7768518518518519
10 0.2942708333333333 0.6083333333333333 0.24218750000000006 0.6083333333333333 0.24218750000000006 0.7 0.2942708333333333 0.7
10 0.5109375 0.8000000000000002 0.46041666666666664 0.8 0.46041666666666675 0.8870370370370372 0.5109375000000002 0.8870370370370373
0 0.6015625 0.8657407407407409 0.5515625 0.8657407407407409 0.5515625 0.9546296296296296 0.6015625 0.9546296296296296