9 0.38333333333333336 0.39444444444444454 0.3536458333333333 0.39444444444444454 0.3536458333333333 0.4462962962962964 0.38333333333333336 0.4462962962962964
12 0.7046875 0.5101851851851854 0.6588541666666666 0.5101851851851854 0.6588541666666666 0.5916666666666669 0.7046875 0.5916666666666669
2 0.5651041666666666 0.4648148148148149 0.5348958333333333 0.4648148148148149 0.5348958333333333 0.5175925925925928 0.5651041666666666 0.5175925925925928
10 0.37447916666666664 0.2120370370370371 0.3375 0.21203703703703708 0.3375 0.27962962962962973 0.37447916666666664 0.27962962962962973
6 0.5192708333333333 0.45370370370370383 0.4822916666666667 0.45370370370370383 0.4822916666666667 0.5203703703703705 0.5192708333333333 0.5203703703703706
13 0.39427083333333335 0.46759259259259267 0.3489583333333333 0.46759259259259267 0.3489583333333333 0.5462962962962963 0.39427083333333335 0.5462962962962963
3 0.5708333333333333 0.702777777777778 0.5416666666666666 0.702777777777778 0.5416666666666666 0.7546296296296299 0.5708333333333333 0.7546296296296299
1 0.690625 0.2666666666666668 0.6520833333333333 0.2666666666666668 0.6520833333333333 0.3351851851851853 0.690625 0.3351851851851853
3 0.5588541666666667 0.38425925925925936 0.5291666666666667 0.38425925925925936 0.5291666666666667 0.43703703703703717 0.5588541666666667 0.43703703703703717
11 0.6046875 0.2750000000000001 0.5666666666666667 0.2750000000000001 0.5666666666666667 0.3435185185185186 0.6046875 0.3435185185185186
3 0.43697916666666664 0.637962962962963 0.40729166666666666 0.637962962962963 0.40729166666666666 0.6898148148148148 0.43697916666666664 0.6898148148148148
7 0.5270833333333333 0.6222222222222225 0.490625 0.6222222222222225 0.490625 0.6879629629629632 0.5270833333333333 0.6879629629629632
3 0.6005208333333333 0.09814814814814828 0.5692708333333333 0.09814814814814828 0.5692708333333333 0.15555555555555567 0.6005208333333333 0.15555555555555567
7 0.35208333333333336 0.4712962962962964 0.3151041666666667 0.4712962962962964 0.3151041666666667 0.5370370370370371 0.35208333333333336 0.5370370370370371
2 0.5125 0.2981481481481483 0.4828125 0.2981481481481483 0.4828125 0.35185185185185197 0.5125 0.35185185185185197
6 0.4270833333333333 0.29444444444444456 0.3885416666666667 0.29444444444444456 0.3885416666666667 0.36203703703703716 0.4270833333333333 0.36203703703703716
2 0.5645833333333333 0.5462962962962965 0.534375 0.5462962962962965 0.534375 0.6000000000000002 0.5645833333333333 0.6000000000000002
3 0.5098958333333333 0.20555555555555566 0.4791666666666667 0.20555555555555566 0.4791666666666667 0.26111111111111124 0.5098958333333333 0.26111111111111124
5 0.4703125 0.2000000000000001 0.43125 0.2000000000000001 0.43125 0.2685185185185186 0.4703125 0.2685185185185186
10 0.6109375 0.5361111111111113 0.5739583333333333 0.5361111111111113 0.5739583333333333 0.6009259259259261 0.6109375 0.6009259259259261
8 0.6880208333333333 0.3611111111111112 0.6578125 0.3611111111111112 0.6578125 0.41574074074074086 0.6880208333333333 0.41574074074074086
0 0.4708333333333333 0.3787037037037038 0.43333333333333335 0.3787037037037038 0.43333333333333335 0.44537037037037047 0.4708333333333333 0.44537037037037047
2 0.4630208333333333 0.12777777777777788 0.43125 0.12777777777777788 0.43125 0.18240740740740752 0.4630208333333333 0.18240740740740752
9 0.42864583333333334 0.47314814814814826 0.396875 0.47314814814814826 0.396875 0.525 0.42864583333333334 0.525
1 0.65625 0.7657407407407409 0.6197916666666666 0.7657407407407409 0.6197916666666666 0.8287037037037039 0.65625 0.8287037037037039
5 0.6916666666666667 0.1722222222222224 0.6526041666666667 0.1722222222222224 0.6526041666666667 0.24166666666666678 0.6916666666666667 0.24166666666666678
0 0.48333333333333334 0.5472222222222223 0.44583333333333336 0.5472222222222223 0.44583333333333336 0.6148148148148148 0.48333333333333334 0.6148148148148148
2 0.4901041666666667 0.7861111111111112 0.4609375 0.7861111111111111 0.4609375 0.8361111111111112 0.4901041666666667 0.8361111111111114
11 0.4046875 0.7101851851851851 0.3692708333333333 0.7101851851851851 0.3692708333333333 0.7731481481481481 0.4046875 0.7731481481481481
8 0.6484375 0.3574074074074075 0.6182291666666667 0.3574074074074075 0.6182291666666667 0.413888888888889 0.6484375 0.413888888888889
4 0.6104166666666667 0.3611111111111112 0.5703125 0.3611111111111112 0.5703125 0.43333333333333346 0.6104166666666667 0.43333333333333346
4 0.6473958333333333 0.176851851851852 0.6088541666666667 0.176851851851852 0.6088541666666667 0.2453703703703705 0.6473958333333333 0.2453703703703705