4 0.6625 0.3972222222222223 0.6130208333333333 0.3972222222222223 0.6130208333333333 0.4814814814814817 0.6625 0.4814814814814817
11 0.4171875 0.7111111111111111 0.3692708333333333 0.7111111111111111 0.3692708333333333 0.7925925925925926 0.4171875 0.7925925925925926
10 0.5947916666666667 0.36574074074074087 0.54375 0.36574074074074087 0.54375 0.45185185185185195 0.5947916666666667 0.45185185185185195
12 0.6 0.23055555555555565 0.5380208333333333 0.23055555555555565 0.5380208333333333 0.3361111111111112 0.6 0.3361111111111112
10 0.5609375 0.2962962962962964 0.5098958333333333 0.2962962962962964 0.5098958333333333 0.3814814814814816 0.5609375 0.3814814814814816
13 0.36302083333333335 0.5666666666666667 0.30572916666666666 0.5666666666666667 0.30572916666666666 0.6648148148148149 0.36302083333333335 0.6648148148148149
7 0.35989583333333336 0.4583333333333334 0.3125 0.4583333333333334 0.3125 0.5398148148148149 0.35989583333333336 0.5398148148148149
4 0.5333333333333333 0.1000000000000001 0.48385416666666664 0.1000000000000001 0.48385416666666664 0.18518518518518529 0.5333333333333333 0.18518518518518529
7 0.4822916666666667 0.7388888888888889 0.43333333333333335 0.7388888888888889 0.43333333333333335 0.8222222222222222 0.4822916666666667 0.8222222222222222
6 0.5291666666666667 0.22500000000000012 0.4791666666666667 0.22500000000000012 0.4791666666666667 0.30925925925925934 0.5291666666666667 0.30925925925925934
6 0.6255208333333333 0.44537037037037047 0.575 0.44537037037037047 0.575 0.5305555555555558 0.6255208333333333 0.5305555555555558
9 0.3848958333333333 0.649074074074074 0.346875 0.649074074074074 0.346875 0.7138888888888889 0.3848958333333333 0.7138888888888889
1 0.39010416666666664 0.5277777777777778 0.34270833333333334 0.5277777777777778 0.34270833333333334 0.6092592592592593 0.39010416666666664 0.6092592592592593
3 0.3572916666666667 0.35092592592592603 0.31979166666666664 0.35092592592592603 0.31979166666666664 0.41574074074074086 0.3572916666666667 0.41574074074074086
11 0.421875 0.6 0.37447916666666664 0.6 0.37447916666666664 0.6814814814814815 0.421875 0.6814814814814815
5 0.44791666666666674 0.7824074074074074 0.39947916666666666 0.7824074074074074 0.3994791666666667 0.8638888888888889 0.4479166666666668 0.8638888888888889
3 0.4796875 0.6398148148148148 0.44114583333333335 0.6398148148148148 0.44114583333333335 0.7046296296296296 0.4796875 0.7046296296296296
3 0.3848958333333333 0.42037037037037045 0.346875 0.42037037037037045 0.346875 0.4842592592592593 0.3848958333333333 0.4842592592592593
2 0.5567708333333333 0.4287037037037038 0.5166666666666667 0.4287037037037038 0.5166666666666667 0.4962962962962965 0.5567708333333333 0.4962962962962965
9 0.32395833333333335 0.5111111111111111 0.2859375 0.5111111111111111 0.2859375 0.575925925925926 0.32395833333333335 0.575925925925926
8 0.5604166666666667 0.17962962962962972 0.5203125 0.17962962962962972 0.5203125 0.24722222222222232 0.5604166666666667 0.24722222222222232
1 0.4505208333333333 0.6648148148148149 0.40260416666666665 0.6648148148148149 0.40260416666666665 0.7462962962962963 0.4505208333333333 0.7462962962962963
3 0.415625 0.49537037037037035 0.3776041666666667 0.49537037037037035 0.3776041666666667 0.5601851851851852 0.415625 0.5601851851851852
2 0.5213541666666667 0.3555555555555557 0.4817708333333333 0.3555555555555557 0.4817708333333333 0.42222222222222233 0.5213541666666667 0.42222222222222233
3 0.4479166666666667 0.5592592592592592 0.40989583333333335 0.5592592592592592 0.40989583333333335 0.625 0.4479166666666667 0.625
2 0.4890625 0.27685185185185196 0.44947916666666665 0.27685185185185196 0.44947916666666665 0.3435185185185186 0.4890625 0.3435185185185186
2 0.4557291666666667 0.2074074074074075 0.4161458333333333 0.2074074074074075 0.4161458333333333 0.2740740740740742 0.4557291666666667 0.2740740740740742
5 0.2989583333333333 0.426851851851852 0.2526041666666667 0.426851851851852 0.2526041666666667 0.5074074074074074 0.2989583333333333 0.5074074074074074
0 0.6927083333333334 0.4722222222222223 0.6421875 0.4722222222222223 0.6421875 0.5583333333333336 0.6927083333333334 0.5583333333333336
2 0.5854166666666667 0.5018518518518521 0.5453125 0.5018518518518521 0.5453125 0.5703703703703705 0.5854166666666667 0.5703703703703705
0 0.49947916666666664 0.15370370370370381 0.44947916666666665 0.15370370370370381 0.44947916666666665 0.23888888888888898 0.49947916666666664 0.23888888888888898
8 0.6208333333333333 0.32685185185185195 0.5817708333333333 0.32685185185185195 0.5817708333333333 0.3935185185185186 0.6208333333333333 0.3935185185185186