12 0.45781250000000007 0.8342592592592593 0.409375 0.8342592592592593 0.40937500000000004 0.9092592592592592 0.4578125000000001 0.9092592592592592
5 0.4140625 0.1361111111111112 0.37604166666666666 0.1361111111111112 0.37604166666666666 0.19444444444444456 0.4140625 0.19444444444444456
1 0.55625 0.8472222222222224 0.5171875 0.8472222222222224 0.5171875 0.9083333333333335 0.55625 0.9083333333333335
10 0.5083333333333333 0.7583333333333334 0.46822916666666664 0.7583333333333333 0.46822916666666664 0.8203703703703705 0.5083333333333333 0.8203703703703705
7 0.39791666666666675 0.8351851851851851 0.359375 0.8351851851851851 0.35937500000000006 0.8981481481481481 0.3979166666666668 0.8981481481481481
5 0.5223958333333333 0.32037037037037047 0.48333333333333334 0.32037037037037047 0.48333333333333334 0.37962962962962976 0.5223958333333333 0.37962962962962976
7 0.30833333333333335 0.29722222222222233 0.26979166666666665 0.29722222222222233 0.26979166666666665 0.35648148148148157 0.30833333333333335 0.35648148148148157
1 0.5760416666666667 0.23981481481481493 0.5375 0.23981481481481493 0.5375 0.29907407407407416 0.5760416666666667 0.29907407407407416
9 0.5208333333333334 0.15833333333333344 0.48802083333333335 0.15833333333333344 0.48802083333333335 0.20462962962962974 0.5208333333333334 0.20462962962962974
4 0.4640625 0.39814814814814825 0.4265625 0.39814814814814825 0.4265625 0.4564814814814816 0.4640625 0.4564814814814816
6 0.4 0.6592592592592592 0.3619791666666667 0.6592592592592592 0.3619791666666667 0.7203703703703703 0.4 0.7203703703703703
11 0.6729166666666667 0.6851851851851853 0.6348958333333333 0.6851851851851853 0.6348958333333333 0.7481481481481483 0.6729166666666667 0.7481481481481483
2 0.6802083333333333 0.24907407407407417 0.65 0.24907407407407417 0.65 0.30555555555555564 0.6802083333333333 0.30555555555555564
4 0.3458333333333333 0.6555555555555556 0.30833333333333335 0.6555555555555556 0.30833333333333335 0.7166666666666667 0.3458333333333333 0.7166666666666667
10 0.5317708333333333 0.06666666666666678 0.4895833333333333 0.06666666666666678 0.4895833333333333 0.1314814814814816 0.5317708333333333 0.1314814814814816
2 0.34479166666666666 0.48333333333333334 0.3145833333333333 0.48333333333333334 0.3145833333333333 0.5370370370370371 0.34479166666666666 0.5370370370370371
3 0.353125 0.4027777777777779 0.3223958333333333 0.4027777777777779 0.3223958333333333 0.4500000000000001 0.353125 0.4500000000000001
3 0.4640625 0.32314814814814824 0.43333333333333335 0.32314814814814824 0.43333333333333335 0.37037037037037046 0.4640625 0.37037037037037046
3 0.5713541666666667 0.4129629629629631 0.5364583333333334 0.4129629629629631 0.5364583333333334 0.463888888888889 0.5713541666666667 0.463888888888889
2 0.35885416666666664 0.2231481481481482 0.32760416666666664 0.2231481481481482 0.32760416666666664 0.2703703703703705 0.35885416666666664 0.2703703703703705
3 0.6213541666666667 0.42407407407407416 0.5911458333333334 0.42407407407407416 0.5911458333333334 0.47314814814814826 0.6213541666666667 0.47314814814814826
8 0.453125 0.6759259259259259 0.42291666666666666 0.6759259259259259 0.42291666666666666 0.7240740740740741 0.453125 0.7240740740740741
3 0.5135416666666667 0.5092592592592594 0.4817708333333333 0.5092592592592593 0.4817708333333333 0.5620370370370371 0.5135416666666667 0.5620370370370372
2 0.6265625 0.25185185185185194 0.5958333333333333 0.25185185185185194 0.5958333333333333 0.2981481481481483 0.6265625 0.2981481481481483
6 0.7369791666666666 0.4194444444444446 0.6984375 0.41944444444444456 0.6984375 0.4805555555555558 0.7369791666666666 0.4805555555555558
0 0.565625 0.677777777777778 0.5260416666666666 0.677777777777778 0.5260416666666666 0.739814814814815 0.565625 0.739814814814815
2 0.5661458333333333 0.5111111111111113 0.534375 0.5111111111111113 0.534375 0.5592592592592595 0.5661458333333333 0.5592592592592595
0 0.4708333333333333 0.22962962962962974 0.4322916666666667 0.22962962962962974 0.4322916666666667 0.29074074074074086 0.4708333333333333 0.29074074074074086
13 0.5838541666666667 0.14722222222222234 0.5380208333333333 0.14722222222222234 0.5380208333333333 0.22314814814814826 0.5838541666666667 0.22314814814814826
9 0.46822916666666664 0.14444444444444454 0.4359375 0.14444444444444454 0.4359375 0.19722222222222233 0.46822916666666664 0.19722222222222233
11 0.5083333333333333 0.6694444444444445 0.4708333333333333 0.6694444444444444 0.4708333333333333 0.726851851851852 0.5083333333333333 0.7268518518518521
8 0.5020833333333334 0.8546296296296297 0.4708333333333333 0.8546296296296296 0.4708333333333334 0.9037037037037038 0.5020833333333334 0.9037037037037039