10 0.33697916666666666 0.7675925925925926 0.2911458333333333 0.7675925925925926 0.2911458333333333 0.8481481481481481 0.33697916666666666 0.8481481481481481
12 0.6494791666666667 0.46759259259259267 0.5942708333333333 0.46759259259259267 0.5942708333333333 0.565740740740741 0.6494791666666667 0.565740740740741
13 0.4822916666666668 0.8907407407407407 0.4276041666666668 0.8907407407407407 0.4276041666666668 0.9879629629629629 0.4822916666666668 0.9879629629629629
3 0.671875 0.7694444444444447 0.6369791666666667 0.7694444444444447 0.6369791666666667 0.8305555555555557 0.671875 0.8305555555555557
3 0.5052083333333334 0.601851851851852 0.46875 0.6018518518518519 0.46875 0.6666666666666667 0.5052083333333334 0.6666666666666669
2 0.5489583333333333 0.6398148148148151 0.5130208333333334 0.6398148148148151 0.5130208333333334 0.7037037037037039 0.5489583333333333 0.7037037037037039
9 0.42812500000000014 0.8648148148148148 0.3916666666666668 0.8648148148148148 0.3916666666666668 0.9305555555555556 0.42812500000000014 0.9305555555555556
2 0.440625 0.6203703703703703 0.4036458333333333 0.6203703703703703 0.4036458333333333 0.6851851851851852 0.440625 0.6851851851851852
3 0.5760416666666667 0.9287037037037039 0.5411458333333333 0.9287037037037039 0.5411458333333333 0.9898148148148148 0.5760416666666667 0.9898148148148148
10 0.6130208333333333 0.6138888888888892 0.5682291666666667 0.6138888888888892 0.5682291666666667 0.6925925925925928 0.6130208333333333 0.6925925925925928
2 0.5921875 0.689814814814815 0.5552083333333333 0.689814814814815 0.5552083333333333 0.7546296296296299 0.5921875 0.7546296296296299
5 0.46979166666666666 0.2842592592592594 0.42239583333333336 0.2842592592592594 0.42239583333333336 0.36666666666666675 0.46979166666666666 0.36666666666666675
1 0.7479166666666667 0.6796296296296298 0.7046875 0.6796296296296298 0.7046875 0.7564814814814816 0.7479166666666667 0.7564814814814816
0 0.5583333333333333 0.8111111111111113 0.5130208333333334 0.8111111111111113 0.5130208333333334 0.8916666666666668 0.5583333333333333 0.8916666666666668
3 0.38229166666666664 0.37685185185185194 0.34427083333333336 0.37685185185185194 0.34427083333333336 0.4425925925925927 0.38229166666666664 0.4425925925925927
7 0.45677083333333346 0.9583333333333334 0.4151041666666668 0.9583333333333334 0.4151041666666668 1 0.45677083333333346 1
7 0.6161458333333333 0.7888888888888891 0.5713541666666667 0.7888888888888891 0.5713541666666667 0.8675925925925928 0.6161458333333333 0.8675925925925928
3 0.39739583333333334 0.5694444444444444 0.35885416666666664 0.5694444444444444 0.35885416666666664 0.637962962962963 0.39739583333333334 0.637962962962963
0 0.4666666666666667 0.725 0.42083333333333334 0.725 0.42083333333333334 0.8064814814814815 0.4666666666666667 0.8064814814814815
8 0.5552083333333333 0.40462962962962973 0.5182291666666666 0.40462962962962973 0.5182291666666666 0.4685185185185186 0.5552083333333333 0.4685185185185186
9 0.48958333333333337 0.8435185185185187 0.45260416666666664 0.8435185185185186 0.45260416666666675 0.9083333333333334 0.4895833333333334 0.9083333333333335
5 0.3796875 0.6259259259259259 0.33125 0.6259259259259259 0.33125 0.7092592592592593 0.3796875 0.7092592592592593
2 0.33177083333333335 0.5925925925925926 0.2942708333333333 0.5925925925925926 0.2942708333333333 0.6592592592592592 0.33177083333333335 0.6592592592592592
11 0.48020833333333335 0.4666666666666668 0.4322916666666667 0.4666666666666668 0.4322916666666667 0.5509259259259259 0.48020833333333335 0.5509259259259259
4 0.45208333333333334 0.3537037037037038 0.40520833333333334 0.3537037037037038 0.40520833333333334 0.4361111111111112 0.45208333333333334 0.4361111111111112
2 0.6734375 0.9351851851851853 0.6385416666666667 0.9351851851851853 0.6385416666666667 0.9962962962962963 0.6734375 0.9962962962962963
6 0.40625 0.7407407407407407 0.359375 0.7407407407407407 0.359375 0.8231481481481482 0.40625 0.8231481481481482
6 0.5296875 0.7009259259259261 0.48333333333333334 0.700925925925926 0.48333333333333334 0.7814814814814816 0.5296875 0.7814814814814817
4 0.5270833333333333 0.5157407407407408 0.4786458333333333 0.5157407407407407 0.4786458333333333 0.6000000000000001 0.5270833333333333 0.6000000000000002
1 0.5166666666666667 0.3435185185185186 0.4708333333333333 0.3435185185185186 0.4708333333333333 0.42592592592592604 0.5166666666666667 0.42592592592592604
8 0.5359375 0.45555555555555566 0.4979166666666667 0.45555555555555566 0.4979166666666667 0.5222222222222225 0.5359375 0.5222222222222225