12 0.4520833333333334 0.8425925925925926 0.3984375 0.8425925925925926 0.39843750000000006 0.9342592592592592 0.45208333333333345 0.9342592592592592
1 0.6119791666666666 0.3037037037037038 0.5682291666666667 0.3037037037037038 0.5682291666666667 0.37407407407407417 0.6119791666666666 0.37407407407407417
10 0.5083333333333334 0.7935185185185186 0.4625 0.7935185185185185 0.4625000000000001 0.862962962962963 0.5083333333333334 0.8629629629629632
7 0.34427083333333336 0.27314814814814825 0.30104166666666665 0.27314814814814825 0.30104166666666665 0.3435185185185186 0.34427083333333336 0.3435185185185186
2 0.3671875 0.4740740740740741 0.3302083333333333 0.4740740740740741 0.3302083333333333 0.5314814814814814 0.3671875 0.5314814814814814
3 0.6453125 0.5009259259259261 0.609375 0.5009259259259261 0.609375 0.5564814814814817 0.6453125 0.5564814814814817
9 0.5619791666666667 0.20185185185185195 0.5260416666666666 0.20185185185185195 0.5260416666666666 0.26296296296296306 0.5619791666666667 0.26296296296296306
3 0.5333333333333333 0.552777777777778 0.4973958333333333 0.552777777777778 0.4973958333333333 0.6092592592592595 0.5333333333333333 0.6092592592592595
8 0.4625 0.6953703703703704 0.42604166666666665 0.6953703703703704 0.42604166666666665 0.7509259259259259 0.4625 0.7509259259259259
4 0.3546875 0.6342592592592593 0.3109375 0.6342592592592593 0.3109375 0.7046296296296296 0.3546875 0.7046296296296296
9 0.5098958333333333 0.17592592592592604 0.475 0.17592592592592604 0.475 0.2324074074074075 0.5098958333333333 0.2324074074074075
1 0.5484375 0.8925925925925928 0.5057291666666668 0.8925925925925928 0.5057291666666668 0.9638888888888889 0.5484375 0.9638888888888889
7 0.39375000000000004 0.8314814814814815 0.3489583333333333 0.8314814814814815 0.34895833333333337 0.9009259259259259 0.3937500000000001 0.9009259259259259
2 0.3958333333333333 0.22037037037037044 0.3609375 0.2203703703703704 0.3609375 0.275925925925926 0.3958333333333333 0.275925925925926
3 0.3796875 0.3935185185185186 0.34375 0.3935185185185186 0.34375 0.4500000000000001 0.3796875 0.4500000000000001
3 0.5947916666666667 0.47592592592592614 0.5572916666666666 0.47592592592592614 0.5572916666666666 0.5314814814814817 0.5947916666666667 0.5314814814814817
3 0.49322916666666666 0.35185185185185197 0.4578125 0.35185185185185197 0.4578125 0.40833333333333344 0.49322916666666666 0.40833333333333344
11 0.6760416666666667 0.7703703703703706 0.6322916666666667 0.7703703703703706 0.6322916666666667 0.839814814814815 0.6760416666666667 0.839814814814815
13 0.625 0.20740740740740754 0.5729166666666666 0.2074074074074075 0.5729166666666666 0.29907407407407416 0.625 0.29907407407407416
2 0.6604166666666667 0.32870370370370383 0.6255208333333333 0.32870370370370383 0.6255208333333333 0.38425925925925936 0.6604166666666667 0.38425925925925936
6 0.4078125 0.6620370370370371 0.3640625 0.6620370370370371 0.3640625 0.7333333333333333 0.4078125 0.7333333333333333
6 0.759375 0.5287037037037039 0.7161458333333334 0.5287037037037039 0.7161458333333334 0.5990740740740743 0.759375 0.5990740740740743
2 0.7135416666666666 0.3500000000000001 0.6786458333333333 0.3500000000000001 0.6786458333333333 0.40462962962962973 0.7135416666666666 0.40462962962962973
8 0.4947916666666668 0.8935185185185186 0.4583333333333334 0.8935185185185185 0.4583333333333334 0.9490740740740741 0.4947916666666668 0.9490740740740741
4 0.4895833333333333 0.41944444444444456 0.44583333333333336 0.41944444444444456 0.44583333333333336 0.49074074074074087 0.4895833333333333 0.490740740740741
10 0.5786458333333333 0.11944444444444455 0.5359375 0.11944444444444455 0.5359375 0.1898148148148149 0.5786458333333333 0.1898148148148149
0 0.5098958333333333 0.2537037037037038 0.465625 0.2537037037037038 0.465625 0.325925925925926 0.5098958333333333 0.325925925925926
5 0.5526041666666667 0.363888888888889 0.509375 0.363888888888889 0.509375 0.4407407407407408 0.5526041666666667 0.4407407407407408
11 0.5151041666666667 0.7055555555555557 0.47239583333333335 0.7055555555555556 0.47239583333333335 0.7796296296296298 0.5151041666666667 0.7796296296296299
5 0.4583333333333333 0.14537037037037048 0.41458333333333336 0.14537037037037048 0.41458333333333336 0.2185185185185186 0.4583333333333333 0.2185185185185186
2 0.5828125 0.565740740740741 0.5479166666666667 0.565740740740741 0.5479166666666667 0.6287037037037039 0.5828125 0.6287037037037039
0 0.5713541666666667 0.728703703703704 0.5276041666666667 0.728703703703704 0.5276041666666667 0.8000000000000002 0.5713541666666667 0.8000000000000002