6 0.5807291666666666 0.15092592592592602 0.5307291666666667 0.15092592592592602 0.5307291666666667 0.23425925925925936 0.5807291666666666 0.23425925925925936
7 0.7036458333333333 0.5037037037037039 0.6520833333333333 0.5037037037037039 0.6520833333333333 0.5888888888888891 0.7036458333333333 0.5888888888888891
4 0.38385416666666666 0.1824074074074075 0.3359375 0.18240740740740746 0.3359375 0.2620370370370371 0.38385416666666666 0.2620370370370371
5 0.7208333333333333 0.5851851851851854 0.6671875 0.5851851851851854 0.6671875 0.6750000000000002 0.7208333333333333 0.6750000000000002
7 0.5088541666666667 0.6037037037037039 0.45729166666666665 0.6037037037037037 0.45729166666666665 0.6898148148148149 0.5088541666666667 0.689814814814815
1 0.5572916666666666 0.577777777777778 0.5046875 0.577777777777778 0.5046875 0.665740740740741 0.5572916666666666 0.665740740740741
3 0.5385416666666667 0.5138888888888891 0.49635416666666665 0.5138888888888891 0.49635416666666665 0.5833333333333336 0.5385416666666667 0.5833333333333336
2 0.40208333333333335 0.33703703703703713 0.36302083333333335 0.33703703703703713 0.36302083333333335 0.4027777777777779 0.40208333333333335 0.4027777777777779
13 0.5786458333333333 0.6500000000000002 0.5145833333333333 0.6500000000000002 0.5145833333333333 0.7564814814814816 0.5786458333333333 0.7564814814814816
3 0.4427083333333333 0.5583333333333333 0.4015625 0.5583333333333333 0.4015625 0.6259259259259259 0.4427083333333333 0.6259259259259259
8 0.5114583333333333 0.11851851851851862 0.471875 0.11851851851851862 0.471875 0.18425925925925937 0.5114583333333333 0.18425925925925937
4 0.565625 0.07962962962962974 0.515625 0.07962962962962973 0.515625 0.16203703703703715 0.565625 0.16203703703703715
0 0.39791666666666664 0.25185185185185194 0.3489583333333333 0.25185185185185194 0.3489583333333333 0.33425925925925937 0.39791666666666664 0.33425925925925937
6 0.44114583333333335 0.22777777777777788 0.3927083333333333 0.22777777777777788 0.3927083333333333 0.30925925925925934 0.44114583333333335 0.30925925925925934
10 0.4864583333333333 0.20185185185185195 0.43697916666666664 0.20185185185185195 0.43697916666666664 0.28518518518518526 0.4864583333333333 0.28518518518518526
3 0.5833333333333334 0.48333333333333356 0.5411458333333333 0.48333333333333356 0.5411458333333333 0.552777777777778 0.5833333333333334 0.552777777777778
11 0.6697916666666667 0.6111111111111113 0.6171875 0.6111111111111113 0.6171875 0.6990740740740743 0.6697916666666667 0.6990740740740743
0 0.6114583333333333 0.05833333333333346 0.5619791666666667 0.05833333333333345 0.5619791666666667 0.14074074074074086 0.6114583333333333 0.1407407407407409
9 0.615625 0.6407407407407409 0.5739583333333333 0.6407407407407409 0.5739583333333333 0.7101851851851854 0.615625 0.7101851851851854
12 0.4739583333333333 0.12407407407407418 0.41458333333333336 0.12407407407407418 0.41458333333333336 0.22314814814814826 0.4739583333333333 0.22314814814814826
1 0.6526041666666667 0.5259259259259261 0.5984375 0.5259259259259261 0.5984375 0.614814814814815 0.6526041666666667 0.614814814814815
11 0.6078125 0.5509259259259262 0.5546875 0.5509259259259262 0.5546875 0.6388888888888891 0.6078125 0.6388888888888891
2 0.49635416666666665 0.28333333333333344 0.45625 0.28333333333333344 0.45625 0.3500000000000001 0.49635416666666665 0.3500000000000001
3 0.4890625 0.5351851851851853 0.446875 0.5351851851851852 0.446875 0.6055555555555556 0.4890625 0.6055555555555557
9 0.51875 0.6907407407407409 0.4765625 0.6907407407407408 0.4765625 0.7611111111111112 0.51875 0.7611111111111113
10 0.53125 0.17222222222222233 0.48072916666666665 0.17222222222222233 0.48072916666666665 0.25555555555555565 0.53125 0.25555555555555565
8 0.42135416666666664 0.16481481481481491 0.3828125 0.16481481481481491 0.3828125 0.2287037037037038 0.42135416666666664 0.2287037037037038
3 0.6369791666666667 0.4601851851851853 0.5942708333333333 0.4601851851851853 0.5942708333333333 0.5314814814814817 0.6369791666666667 0.5314814814814817
2 0.590625 0.23055555555555565 0.55 0.23055555555555565 0.55 0.29722222222222233 0.590625 0.29722222222222233
2 0.5442708333333334 0.25092592592592605 0.5041666666666667 0.25092592592592605 0.5041666666666667 0.3175925925925927 0.5442708333333334 0.3175925925925927
2 0.446875 0.3074074074074075 0.4078125 0.3074074074074075 0.4078125 0.37222222222222234 0.446875 0.37222222222222234
5 0.47291666666666665 0.7037037037037037 0.42135416666666664 0.7037037037037037 0.42135416666666664 0.7888888888888889 0.47291666666666665 0.7888888888888889