0 0.55625 0.07500000000000012 0.5072916666666667 0.07500000000000011 0.5072916666666667 0.16296296296296306 0.55625 0.16296296296296306
5 0.7265625 0.8092592592592595 0.6770833333333334 0.8092592592592595 0.6770833333333334 0.8990740740740742 0.7265625 0.8990740740740742
4 0.5151041666666667 0.113888888888889 0.4640625 0.113888888888889 0.4640625 0.20555555555555566 0.5151041666666667 0.20555555555555566
5 0.5354166666666667 0.9740740740740741 0.48645833333333344 0.9740740740740741 0.48645833333333344 1 0.5354166666666667 1
7 0.6838541666666667 0.8518518518518521 0.6302083333333334 0.8518518518518521 0.6302083333333334 0.9462962962962965 0.6838541666666667 0.9462962962962965
10 0.603125 0.07314814814814828 0.5541666666666667 0.07314814814814828 0.5541666666666667 0.12870370370370382 0.603125 0.12870370370370382
7 0.5890625 0.9185185185185187 0.5364583333333334 0.9185185185185187 0.5364583333333334 1 0.5890625 1
11 0.8270833333333333 0.7129629629629631 0.7739583333333333 0.7129629629629631 0.7739583333333333 0.8083333333333336 0.8270833333333333 0.8083333333333336
2 0.63125 0.3064814814814816 0.5901041666666667 0.3064814814814816 0.5901041666666667 0.3787037037037038 0.63125 0.3787037037037038
12 0.4713541666666667 0.33055555555555566 0.4119791666666667 0.33055555555555566 0.4119791666666667 0.4351851851851853 0.4713541666666667 0.4351851851851853
10 0.24479166666666669 0.3546296296296297 0.1953125 0.35462962962962963 0.19531250000000003 0.44259259259259265 0.2447916666666667 0.4425925925925927
2 0.35 0.5472222222222223 0.309375 0.5472222222222223 0.309375 0.6185185185185185 0.35 0.6185185185185185
2 0.6729166666666667 0.263888888888889 0.6322916666666667 0.263888888888889 0.6322916666666667 0.3351851851851853 0.6729166666666667 0.3351851851851853
13 0.5953125 0.7314814814814817 0.5328125 0.7314814814814817 0.5328125 0.8435185185185188 0.5953125 0.8435185185185188
4 0.32708333333333334 0.2750000000000001 0.27760416666666665 0.2750000000000001 0.27760416666666665 0.3611111111111112 0.32708333333333334 0.3611111111111112
2 0.303125 0.5824074074074074 0.26250000000000007 0.5824074074074074 0.26250000000000007 0.6537037037037037 0.303125 0.6537037037037037
6 0.3765625 0.23333333333333342 0.328125 0.2333333333333334 0.328125 0.3175925925925927 0.3765625 0.3175925925925927
2 0.5609375 0.4564814814814816 0.5182291666666666 0.4564814814814816 0.5182291666666666 0.5296296296296299 0.5609375 0.5296296296296299
3 0.7083333333333334 0.5351851851851854 0.665625 0.5351851851851854 0.665625 0.6092592592592595 0.7083333333333334 0.6092592592592595
3 0.7536458333333333 0.4925925925925928 0.7119791666666667 0.4925925925925928 0.7119791666666667 0.565740740740741 0.7536458333333333 0.565740740740741
3 0.41458333333333336 0.7814814814814814 0.37135416666666665 0.7814814814814814 0.37135416666666665 0.8555555555555555 0.41458333333333336 0.8555555555555555
3 0.4864583333333333 0.6157407407407408 0.44427083333333334 0.6157407407407407 0.44427083333333334 0.688888888888889 0.4864583333333333 0.6888888888888891
1 0.7807291666666667 0.7611111111111113 0.7270833333333333 0.7611111111111113 0.7270833333333333 0.8546296296296299 0.7807291666666667 0.8546296296296299
8 0.5119791666666667 0.3064814814814816 0.46822916666666664 0.3064814814814816 0.46822916666666664 0.38425925925925936 0.5119791666666667 0.38425925925925936
0 0.28958333333333336 0.31018518518518523 0.23958333333333334 0.3101851851851852 0.23958333333333334 0.39907407407407414 0.28958333333333336 0.3990740740740742
6 0.46770833333333334 0.15277777777777787 0.4171875 0.15277777777777787 0.4171875 0.24074074074074084 0.46770833333333334 0.24074074074074084
3 0.37239583333333337 0.8212962962962963 0.3307291666666667 0.8212962962962963 0.33072916666666674 0.8935185185185185 0.3723958333333334 0.8935185185185185
8 0.4140625 0.388888888888889 0.3729166666666667 0.388888888888889 0.3729166666666667 0.4601851851851853 0.4140625 0.4601851851851853
9 0.5390625 0.7935185185185187 0.4953125 0.7935185185185187 0.49531250000000004 0.8694444444444447 0.5390625 0.8694444444444447
9 0.6317708333333333 0.7018518518518521 0.5890625 0.7018518518518521 0.5890625 0.7759259259259261 0.6317708333333333 0.7759259259259261