1 0.34635416666666674 0.8527777777777777 0.30625 0.8527777777777777 0.3062500000000001 0.9138888888888889 0.3463541666666668 0.9138888888888889
11 0.73125 0.8490740740740743 0.6890625 0.8490740740740743 0.6890625 0.9111111111111113 0.73125 0.9111111111111113
5 0.39739583333333345 0.8611111111111112 0.3567708333333334 0.8611111111111112 0.3567708333333334 0.9212962962962963 0.39739583333333345 0.9212962962962963
4 0.6104166666666667 0.09629629629629642 0.5713541666666667 0.09629629629629642 0.5713541666666667 0.151851851851852 0.6104166666666667 0.15185185185185202
6 0.5598958333333334 0.09444444444444457 0.51875 0.09444444444444455 0.51875 0.1490740740740742 0.5598958333333334 0.1490740740740742
6 0.4552083333333333 0.09444444444444454 0.41458333333333336 0.09444444444444453 0.41458333333333336 0.14814814814814825 0.4552083333333333 0.14814814814814825
0 0.6625 0.08888888888888902 0.6239583333333333 0.08888888888888902 0.6239583333333333 0.14537037037037054 0.6625 0.14537037037037054
7 0.4619791666666667 0.8537037037037037 0.42083333333333334 0.8537037037037037 0.4208333333333334 0.9148148148148149 0.4619791666666668 0.9148148148148149
7 0.5651041666666666 0.8657407407407409 0.5239583333333334 0.8657407407407409 0.5239583333333334 0.9231481481481484 0.5651041666666666 0.9231481481481484
10 0.7125 0.0981481481481483 0.675 0.0981481481481483 0.675 0.15462962962962978 0.7125 0.15462962962962978
2 0.7177083333333333 0.3453703703703705 0.6864583333333333 0.3453703703703705 0.6864583333333333 0.39074074074074083 0.7177083333333333 0.39074074074074083
2 0.6677083333333333 0.3500000000000001 0.6359375 0.3500000000000001 0.6359375 0.3953703703703705 0.6677083333333333 0.3953703703703705
13 0.5119791666666667 0.6870370370370371 0.4630208333333333 0.687037037037037 0.4630208333333333 0.7611111111111112 0.5119791666666667 0.7611111111111113
4 0.4005208333333333 0.0935185185185186 0.3619791666666667 0.0935185185185186 0.3619791666666667 0.14907407407407416 0.4005208333333333 0.1490740740740742
12 0.5104166666666666 0.24814814814814826 0.4630208333333333 0.24814814814814826 0.4630208333333333 0.31666666666666676 0.5104166666666666 0.31666666666666676
1 0.6729166666666667 0.8564814814814817 0.6354166666666666 0.8564814814814817 0.6354166666666666 0.9175925925925928 0.6729166666666667 0.9175925925925928
9 0.5604166666666667 0.6972222222222224 0.5265625 0.6972222222222224 0.5265625 0.7444444444444447 0.5604166666666667 0.7444444444444447
3 0.6744791666666666 0.603703703703704 0.6421875 0.603703703703704 0.6421875 0.6500000000000002 0.6744791666666666 0.6500000000000002
10 0.3015625 0.10092592592592597 0.2635416666666667 0.10092592592592597 0.2635416666666667 0.15740740740740747 0.3015625 0.15740740740740747
2 0.2942708333333333 0.3398148148148149 0.26197916666666665 0.3398148148148149 0.26197916666666665 0.3935185185185186 0.2942708333333333 0.3935185185185186
5 0.6171875 0.8564814814814817 0.5734375 0.8564814814814817 0.5734375 0.9175925925925928 0.6171875 0.9175925925925928
3 0.7296875 0.6046296296296299 0.696875 0.6046296296296299 0.696875 0.6500000000000002 0.7296875 0.6500000000000002
2 0.34791666666666665 0.3490740740740742 0.315625 0.3490740740740742 0.315625 0.400925925925926 0.34791666666666665 0.400925925925926
3 0.3411458333333333 0.600925925925926 0.3078125 0.600925925925926 0.3078125 0.6462962962962963 0.3411458333333333 0.6462962962962963
3 0.453125 0.5120370370370371 0.42083333333333334 0.5120370370370371 0.42083333333333334 0.5592592592592592 0.453125 0.5592592592592592
8 0.5572916666666666 0.2564814814814816 0.525 0.2564814814814816 0.525 0.3074074074074075 0.5572916666666666 0.3074074074074075
3 0.29270833333333335 0.6037037037037037 0.26093750000000004 0.6037037037037037 0.26093750000000004 0.65 0.29270833333333335 0.65
2 0.5609375 0.42777777777777787 0.5286458333333334 0.42777777777777787 0.5286458333333334 0.47407407407407426 0.5609375 0.47407407407407426
0 0.3541666666666667 0.09722222222222231 0.315625 0.09722222222222231 0.315625 0.15462962962962967 0.3541666666666667 0.15462962962962967
9 0.45 0.7018518518518518 0.4161458333333333 0.7018518518518518 0.4161458333333333 0.7490740740740741 0.45 0.7490740740740741
11 0.29375000000000007 0.8425925925925926 0.25520833333333337 0.8425925925925926 0.25520833333333337 0.9074074074074074 0.2937500000000001 0.9074074074074074
8 0.44635416666666666 0.25555555555555565 0.4166666666666667 0.25555555555555565 0.4166666666666667 0.30833333333333346 0.44635416666666666 0.30833333333333346