4 0.5692708333333333 0.5935185185185188 0.5171875 0.5935185185185188 0.5171875 0.690740740740741 0.5692708333333333 0.690740740740741
2 0.5265625 0.33055555555555566 0.4859375 0.33055555555555566 0.4859375 0.40462962962962973 0.5265625 0.40462962962962973
7 0.48541666666666666 1.005230914300119e-16 0.43802083333333336 9.536369982249296e-17 0.43802083333333336 0.014814814814814914 0.48541666666666666 0.01481481481481492
2 0.6473958333333333 0.05185185185185199 0.6088541666666667 0.05185185185185198 0.6088541666666667 0.12314814814814831 0.6473958333333333 0.12314814814814831
2 0.3890625 0.6259259259259259 0.346875 0.6259259259259259 0.346875 0.7027777777777777 0.3890625 0.7027777777777777
6 0.6598958333333333 0.1444444444444446 0.6104166666666667 0.1444444444444446 0.6104166666666667 0.23611111111111127 0.6598958333333333 0.23611111111111127
2 0.4552083333333333 0.46944444444444455 0.41458333333333336 0.46944444444444455 0.41458333333333336 0.5444444444444444 0.4552083333333333 0.5444444444444444
2 0.5854166666666667 0.18611111111111123 0.5463541666666667 0.18611111111111123 0.5463541666666667 0.2583333333333334 0.5854166666666667 0.2583333333333334
7 0.28072916666666664 0.35000000000000003 0.23072916666666668 0.35 0.2307291666666667 0.44259259259259265 0.28072916666666664 0.4425925925925927
3 0.4796875 0.03888888888888899 0.4395833333333333 0.03888888888888898 0.4395833333333333 0.11296296296296307 0.4796875 0.11296296296296307
5 0.22291666666666668 0.24722222222222223 0.175 0.24722222222222223 0.175 0.3351851851851852 0.22291666666666668 0.3351851851851852
3 0.2838541666666667 0.4740740740740741 0.24375000000000005 0.4740740740740741 0.24375000000000005 0.5481481481481482 0.2838541666666667 0.5481481481481482
13 0.3572916666666667 0.058333333333333404 0.2984375 0.0583333333333334 0.2984375 0.1657407407407408 0.3572916666666667 0.1657407407407408
3 0.3484375 0.3250000000000001 0.3078125 0.3250000000000001 0.3078125 0.400925925925926 0.3484375 0.400925925925926
4 0.725 0.25092592592592605 0.6765625 0.25092592592592605 0.6765625 0.3398148148148149 0.725 0.3398148148148149
3 0.41302083333333334 0.16851851851851862 0.3723958333333333 0.16851851851851862 0.3723958333333333 0.24444444444444455 0.41302083333333334 0.24444444444444455
1 0.18958333333333333 0.33240740740740743 0.140625 0.33240740740740743 0.140625 0.42407407407407405 0.18958333333333333 0.42407407407407405
9 0.2760416666666667 0.1157407407407408 0.23645833333333333 0.1157407407407408 0.23645833333333333 0.18703703703703708 0.2760416666666667 0.18703703703703708
6 0.46197916666666666 0.6018518518518519 0.4125 0.6018518518518519 0.4125 0.6925925925925925 0.46197916666666666 0.6925925925925925
8 0.6005208333333333 0.5555555555555558 0.5604166666666667 0.5555555555555558 0.5604166666666667 0.6296296296296299 0.6005208333333333 0.6296296296296299
0 0.7494791666666667 0.18611111111111128 0.7020833333333333 0.18611111111111128 0.7020833333333333 0.27407407407407425 0.7494791666666667 0.2740740740740743
10 0.6958333333333333 0.31851851851851865 0.6473958333333333 0.31851851851851865 0.6473958333333333 0.4074074074074075 0.6958333333333333 0.4074074074074075
9 0.34791666666666665 7.16645163945488e-17 0.3104166666666667 6.758236039739097e-17 0.3104166666666667 0.05185185185185193 0.34791666666666665 0.051851851851851934
12 0.6005208333333333 0.413888888888889 0.5385416666666667 0.413888888888889 0.5385416666666667 0.527777777777778 0.6005208333333333 0.527777777777778
11 0.24739583333333334 0.17407407407407413 0.19895833333333332 0.17407407407407413 0.19895833333333332 0.26388888888888895 0.24739583333333334 0.263888888888889
10 0.5380208333333333 0.6740740740740743 0.48489583333333336 0.6740740740740743 0.48489583333333336 0.7731481481481484 0.5380208333333333 0.7731481481481484
0 0.509375 0.7574074074074075 0.4578125 0.7574074074074074 0.4578125 0.8527777777777779 0.509375 0.852777777777778
8 0.65625 0.41018518518518526 0.6182291666666667 0.41018518518518526 0.6182291666666667 0.4814814814814817 0.65625 0.4814814814814817