6 0.5364583333333334 0.9259259259259262 0.4916666666666668 0.9259259259259262 0.4916666666666668 0.9981481481481481 0.5364583333333334 0.9981481481481481
11 0.5510416666666667 0.14814814814814825 0.5072916666666667 0.14814814814814825 0.5072916666666667 0.2185185185185186 0.5510416666666667 0.2185185185185186
4 0.4343750000000001 0.8925925925925926 0.38906250000000014 0.8925925925925926 0.38906250000000014 0.9666666666666667 0.4343750000000001 0.9666666666666667
2 0.38645833333333335 0.10000000000000007 0.35260416666666666 0.10000000000000007 0.35260416666666666 0.1546296296296297 0.38645833333333335 0.15462962962962973
3 0.5994791666666667 0.8666666666666669 0.5625 0.8666666666666669 0.5625 0.9250000000000002 0.5994791666666667 0.9250000000000002
9 0.5364583333333334 0.22592592592592603 0.5010416666666667 0.22592592592592603 0.5010416666666667 0.2814814814814816 0.5364583333333334 0.2814814814814816
0 0.5489583333333333 0.7564814814814816 0.5052083333333334 0.7564814814814816 0.5052083333333334 0.8287037037037039 0.5489583333333333 0.8287037037037039
3 0.590625 0.9546296296296296 0.5552083333333333 0.9546296296296296 0.5552083333333333 1 0.590625 1
2 0.6479166666666667 0.27314814814814825 0.6119791666666666 0.27314814814814825 0.6119791666666666 0.32870370370370383 0.6479166666666667 0.32870370370370383
1 0.48333333333333334 0.2916666666666668 0.440625 0.2916666666666668 0.440625 0.3601851851851853 0.48333333333333334 0.3601851851851853
7 0.5302083333333333 0.3925925925925927 0.48541666666666666 0.3925925925925927 0.48541666666666666 0.4648148148148149 0.5302083333333333 0.4648148148148149
2 0.4317708333333333 0.19722222222222233 0.39739583333333334 0.19722222222222233 0.39739583333333334 0.2537037037037038 0.4317708333333333 0.2537037037037038
3 0.3796875 0.7916666666666666 0.34322916666666664 0.7916666666666666 0.34322916666666664 0.8490740740740741 0.3796875 0.8490740740740741
3 0.32343750000000004 0.8537037037037037 0.2875 0.8537037037037037 0.28750000000000003 0.9101851851851852 0.3234375000000001 0.9101851851851852
2 0.65625 0.18981481481481496 0.6213541666666667 0.18981481481481496 0.6213541666666667 0.2453703703703705 0.65625 0.2453703703703705
0 0.4927083333333334 0.8240740740740742 0.4479166666666667 0.8240740740740741 0.44791666666666674 0.8972222222222224 0.49270833333333347 0.8972222222222225
7 0.6 0.2425925925925927 0.5567708333333333 0.2425925925925927 0.5567708333333333 0.31296296296296305 0.6 0.31296296296296305
2 0.4359375 0.11851851851851862 0.40208333333333335 0.11851851851851862 0.40208333333333335 0.17314814814814825 0.4359375 0.17314814814814825
5 0.5927083333333333 0.31944444444444453 0.546875 0.31944444444444453 0.546875 0.39444444444444454 0.5927083333333333 0.39444444444444454
4 0.4979166666666667 0.7370370370370372 0.45364583333333336 0.737037037037037 0.45364583333333336 0.8120370370370371 0.4979166666666667 0.8120370370370372
8 0.4401041666666667 0.7268518518518519 0.4041666666666667 0.7268518518518519 0.4041666666666667 0.7870370370370371 0.4401041666666667 0.7870370370370371
1 0.5 0.12870370370370382 0.45677083333333335 0.12870370370370382 0.45677083333333335 0.20185185185185195 0.5 0.20185185185185195
6 0.5036458333333333 0.6546296296296298 0.459375 0.6546296296296297 0.459375 0.7277777777777779 0.5036458333333333 0.727777777777778
5 0.6 0.15740740740740752 0.5557291666666667 0.15740740740740752 0.5557291666666667 0.23425925925925936 0.6 0.23425925925925936
13 0.4953125 0.19907407407407418 0.44166666666666665 0.19907407407407418 0.44166666666666665 0.2879629629629631 0.4953125 0.2879629629629631
12 0.5520833333333334 0.8305555555555557 0.5005208333333333 0.8305555555555557 0.5005208333333334 0.9259259259259262 0.5520833333333334 0.9259259259259262
3 0.36927083333333344 0.8768518518518519 0.3338541666666668 0.8768518518518519 0.3338541666666668 0.9361111111111111 0.36927083333333344 0.9361111111111111
11 0.5380208333333333 0.30277777777777787 0.4953125 0.30277777777777787 0.4953125 0.3814814814814816 0.5380208333333333 0.3814814814814816
10 0.44062500000000004 0.8083333333333333 0.39479166666666665 0.8083333333333333 0.3947916666666667 0.8842592592592593 0.4406250000000001 0.8842592592592593
10 0.4817708333333334 0.9092592592592592 0.4401041666666668 0.9092592592592592 0.4401041666666668 0.9824074074074074 0.4817708333333334 0.9824074074074074