7 0.5515625 0.6212962962962965 0.5088541666666667 0.6212962962962965 0.5088541666666667 0.6981481481481484 0.5515625 0.6981481481481484
6 0.5421875 0.7879629629629632 0.5 0.7879629629629632 0.5000000000000001 0.8638888888888892 0.5421875 0.8638888888888892
12 0.37083333333333335 0.6268518518518519 0.3177083333333333 0.6268518518518519 0.3177083333333333 0.725 0.37083333333333335 0.725
10 0.459375 0.6657407407407407 0.41510416666666666 0.6657407407407407 0.41510416666666666 0.7462962962962963 0.459375 0.7462962962962963
13 0.6708333333333333 0.8185185185185188 0.621875 0.8185185185185188 0.621875 0.9092592592592594 0.6708333333333333 0.9092592592592594
0 0.5864583333333333 0.7129629629629631 0.5453125 0.7129629629629631 0.5453125 0.7898148148148151 0.5864583333333333 0.7898148148148151
0 0.5822916666666667 0.8870370370370373 0.540625 0.8870370370370373 0.540625 0.9629629629629629 0.5822916666666667 0.9629629629629629
3 0.48958333333333337 0.8537037037037039 0.4557291666666667 0.8537037037037037 0.45572916666666674 0.9157407407407409 0.4895833333333334 0.915740740740741
2 0.49895833333333334 0.6879629629629631 0.46510416666666665 0.687962962962963 0.46510416666666665 0.7490740740740742 0.49895833333333334 0.7490740740740743
3 0.5078125 0.5203703703703705 0.4734375 0.5203703703703704 0.4734375 0.5833333333333335 0.5078125 0.5833333333333336
7 0.7046875 0.8444444444444447 0.665625 0.8444444444444447 0.665625 0.9175925925925928 0.7046875 0.9175925925925928
3 0.6322916666666667 0.6555555555555558 0.5994791666666667 0.6555555555555558 0.5994791666666667 0.7157407407407409 0.6322916666666667 0.7157407407407409
1 0.4296875 0.3870370370370371 0.3859375 0.3870370370370371 0.3859375 0.46759259259259267 0.4296875 0.46759259259259267
8 0.3994791666666667 0.8361111111111111 0.365625 0.8361111111111111 0.36562500000000003 0.899074074074074 0.3994791666666668 0.899074074074074
2 0.5265625000000002 0.9592592592592593 0.4932291666666668 0.9592592592592593 0.4932291666666668 1 0.5265625000000002 1
2 0.5973958333333333 0.47407407407407426 0.5640625 0.47407407407407426 0.5640625 0.5342592592592594 0.5973958333333333 0.5342592592592594
9 0.6578125 0.9175925925925928 0.6244791666666667 0.9175925925925928 0.6244791666666667 0.975925925925926 0.6578125 0.975925925925926
2 0.4921875 0.7750000000000001 0.4588541666666667 0.775 0.4588541666666667 0.8351851851851853 0.4921875 0.8351851851851854
8 0.3604166666666667 0.8157407407407408 0.3260416666666667 0.8157407407407408 0.32604166666666673 0.8787037037037037 0.3604166666666668 0.8787037037037037
1 0.3604166666666668 0.8916666666666667 0.3171875000000001 0.8916666666666667 0.3171875000000001 0.9694444444444444 0.3604166666666668 0.9694444444444444
11 0.44427083333333345 0.9259259259259259 0.40052083333333344 0.9259259259259259 0.40052083333333344 1 0.44427083333333345 1
9 0.6239583333333333 0.8259259259259262 0.590625 0.8259259259259262 0.590625 0.8861111111111113 0.6239583333333333 0.8861111111111113
6 0.615625 0.9777777777777777 0.575 0.9777777777777777 0.575 1 0.615625 1
11 0.6807291666666667 0.5824074074074076 0.6385416666666667 0.5824074074074076 0.6385416666666667 0.6611111111111113 0.6807291666666667 0.6611111111111113
4 0.4463541666666667 0.8416666666666667 0.40572916666666664 0.8416666666666667 0.40572916666666675 0.9166666666666666 0.4463541666666668 0.9166666666666666