2 0.2911458333333333 0.4777777777777778 0.25781250000000006 0.4777777777777778 0.25781250000000006 0.537962962962963 0.2911458333333333 0.537962962962963
7 0.31197916666666675 0.8361111111111111 0.2708333333333333 0.8361111111111111 0.27083333333333337 0.9092592592592592 0.3119791666666668 0.9092592592592592
3 0.7109375 0.8814814814814816 0.6755208333333333 0.8814814814814816 0.6755208333333333 0.9425925925925928 0.7109375 0.9425925925925928
3 0.27291666666666664 0.7379629629629629 0.23906250000000007 0.7379629629629629 0.23906250000000007 0.7972222222222223 0.27291666666666664 0.7972222222222223
12 0.5276041666666667 0.3379629629629631 0.475 0.3379629629629631 0.475 0.4324074074074075 0.5276041666666667 0.4324074074074075
2 0.6244791666666667 0.5675925925925928 0.5890625 0.5675925925925928 0.5890625 0.6287037037037039 0.6244791666666667 0.6287037037037039
2 0.396875 0.5166666666666667 0.3619791666666667 0.5166666666666667 0.3619791666666667 0.5777777777777777 0.396875 0.5777777777777777
7 0.6515625 0.9240740740740743 0.6067708333333334 0.9240740740740743 0.6067708333333334 1 0.6515625 1
3 0.5963541666666666 0.8509259259259261 0.5609375 0.8509259259259261 0.5609375 0.9129629629629632 0.5963541666666666 0.9129629629629632
4 0.43072916666666666 0.24814814814814826 0.3875 0.24814814814814826 0.3875 0.3250000000000001 0.43072916666666666 0.3250000000000001
3 0.4859375000000001 0.8231481481481483 0.4510416666666667 0.8231481481481482 0.45104166666666673 0.8842592592592594 0.48593750000000013 0.8842592592592595
3 0.37395833333333334 0.7805555555555556 0.33958333333333335 0.7805555555555556 0.33958333333333335 0.8398148148148148 0.37395833333333334 0.8398148148148148
13 0.48072916666666676 0.9740740740740741 0.43333333333333346 0.9740740740740741 0.43333333333333346 1 0.48072916666666676 1
10 0.3770833333333333 0.23055555555555562 0.334375 0.2305555555555556 0.334375 0.3074074074074075 0.3770833333333333 0.3074074074074075
8 0.5880208333333333 0.2703703703703705 0.5520833333333334 0.2703703703703705 0.5520833333333334 0.3333333333333334 0.5880208333333333 0.3333333333333334
6 0.3494791666666667 0.3962962962962964 0.30833333333333335 0.3962962962962964 0.30833333333333335 0.4703703703703705 0.3494791666666667 0.4703703703703705
0 0.3255208333333333 0.2083333333333334 0.2828125 0.2083333333333334 0.2828125 0.28333333333333344 0.3255208333333333 0.28333333333333344
8 0.47760416666666666 0.23611111111111122 0.44583333333333336 0.23611111111111122 0.44583333333333336 0.30092592592592604 0.47760416666666666 0.30092592592592604
10 0.6572916666666667 0.27314814814814825 0.609375 0.27314814814814825 0.609375 0.3601851851851853 0.6572916666666667 0.3601851851851853
4 0.7182291666666667 0.288888888888889 0.6697916666666667 0.288888888888889 0.6697916666666667 0.37222222222222234 0.7182291666666667 0.37222222222222234
0 0.7713541666666667 0.3074074074074076 0.7229166666666667 0.3074074074074075 0.7229166666666667 0.3907407407407409 0.7713541666666667 0.39074074074074094
6 0.7057291666666666 0.4805555555555558 0.6588541666666666 0.4805555555555558 0.6588541666666666 0.564814814814815 0.7057291666666666 0.564814814814815
2 0.746875 0.5935185185185188 0.709375 0.5935185185185188 0.709375 0.6592592592592594 0.746875 0.6592592592592594
2 0.5135416666666667 0.5287037037037038 0.4734375 0.5287037037037037 0.4734375 0.5962962962962964 0.5135416666666667 0.5962962962962965