13 0.48802083333333335 0.7296296296296297 0.428125 0.7296296296296296 0.428125 0.8435185185185187 0.48802083333333335 0.8435185185185188
10 0.3921875 0.2916666666666668 0.3458333333333333 0.2916666666666668 0.3458333333333333 0.37962962962962976 0.3921875 0.37962962962962976
9 0.428125 0.7657407407407407 0.38958333333333334 0.7657407407407407 0.38958333333333334 0.8398148148148148 0.428125 0.8398148148148148
6 0.34375 0.32222222222222235 0.2989583333333333 0.32222222222222235 0.2989583333333333 0.4074074074074075 0.34375 0.4074074074074075
11 0.3864583333333334 0.7777777777777778 0.3385416666666667 0.7777777777777778 0.33854166666666674 0.8694444444444445 0.38645833333333346 0.8694444444444445
3 0.415625 0.6074074074074074 0.3770833333333333 0.6074074074074074 0.3770833333333333 0.6805555555555556 0.415625 0.6805555555555556
3 0.4635416666666667 0.5944444444444444 0.42552083333333335 0.5944444444444444 0.42552083333333335 0.6666666666666666 0.4635416666666667 0.6666666666666666
7 0.33177083333333335 0.7175925925925926 0.28541666666666665 0.7175925925925926 0.28541666666666665 0.8055555555555556 0.33177083333333335 0.8055555555555556
4 0.3390625 0.2462962962962964 0.29375 0.2462962962962964 0.29375 0.33240740740740754 0.3390625 0.33240740740740754
0 0.2947916666666667 0.2722222222222223 0.25104166666666666 0.2722222222222223 0.25104166666666666 0.3555555555555557 0.2947916666666667 0.3555555555555557
5 0.33906250000000004 0.7981481481481482 0.3046875 0.7981481481481482 0.30468750000000006 0.8611111111111112 0.3390625000000001 0.8611111111111112
6 0.4859375 0.24907407407407417 0.4390625 0.24907407407407417 0.4390625 0.338888888888889 0.4859375 0.338888888888889
0 0.5338541666666666 0.22407407407407418 0.4859375 0.22407407407407418 0.4859375 0.31481481481481494 0.5338541666666666 0.31481481481481494
7 0.5244791666666667 0.6379629629629631 0.47604166666666664 0.637962962962963 0.47604166666666664 0.7305555555555556 0.5244791666666667 0.7305555555555557
3 0.365625 0.6342592592592593 0.32760416666666664 0.6342592592592593 0.32760416666666664 0.7064814814814815 0.365625 0.7064814814814815
2 0.49166666666666664 0.3314814814814816 0.45364583333333336 0.3314814814814816 0.45364583333333336 0.4037037037037038 0.49166666666666664 0.4037037037037038
11 0.4234375 0.6796296296296296 0.3765625 0.6796296296296296 0.3765625 0.7685185185185185 0.4234375 0.7685185185185185
1 0.3802083333333333 0.6953703703703704 0.3333333333333333 0.6953703703703704 0.3333333333333333 0.7851851851851852 0.3802083333333333 0.7851851851851852
12 0.44166666666666665 0.18611111111111123 0.3848958333333333 0.18611111111111123 0.3848958333333333 0.29444444444444456 0.44166666666666665 0.29444444444444456
8 0.38333333333333336 0.23425925925925933 0.34791666666666665 0.2342592592592593 0.34791666666666665 0.30277777777777787 0.38333333333333336 0.30277777777777787
9 0.528125 0.727777777777778 0.4890625 0.727777777777778 0.4890625 0.802777777777778 0.528125 0.802777777777778
1 0.47552083333333334 0.6583333333333333 0.4270833333333333 0.6583333333333333 0.4270833333333333 0.75 0.47552083333333334 0.75
10 0.4395833333333333 0.2712962962962964 0.3927083333333333 0.2712962962962964 0.3927083333333333 0.3611111111111112 0.4395833333333333 0.3611111111111112
4 0.5276041666666667 0.1490740740740742 0.48072916666666665 0.1490740740740742 0.48072916666666665 0.23796296296296307 0.5276041666666667 0.23796296296296307
8 0.4765625 0.18055555555555566 0.4395833333333333 0.18055555555555566 0.4395833333333333 0.25092592592592605 0.4765625 0.25092592592592605
3 0.5145833333333333 0.5694444444444445 0.47552083333333334 0.5694444444444444 0.47552083333333334 0.6435185185185186 0.5145833333333333 0.6435185185185187
3 0.5625 0.5453703703703706 0.5234375 0.5453703703703706 0.5234375 0.6203703703703706 0.5625 0.6203703703703706
2 0.3890625 0.3777777777777779 0.3536458333333333 0.3777777777777779 0.3536458333333333 0.44537037037037047 0.3890625 0.44537037037037047
2 0.34427083333333336 0.40462962962962973 0.30833333333333335 0.40462962962962973 0.30833333333333335 0.47314814814814826 0.34427083333333336 0.47314814814814826
2 0.4395833333333333 0.3592592592592594 0.403125 0.3592592592592594 0.403125 0.4287037037037038 0.4395833333333333 0.4287037037037038
2 0.540625 0.3111111111111112 0.5026041666666666 0.3111111111111112 0.5026041666666666 0.38425925925925936 0.540625 0.38425925925925936
5 0.5864583333333333 0.6916666666666669 0.5369791666666667 0.6916666666666669 0.5369791666666667 0.7861111111111113 0.5864583333333333 0.7861111111111113
5 0.5864583333333333 0.6925925925925928 0.5369791666666667 0.6925925925925928 0.5369791666666667 0.7870370370370372 0.5864583333333333 0.7870370370370372