11 0.69375 0.25925925925925936 0.6411458333333333 0.25925925925925936 0.6411458333333333 0.35277777777777786 0.69375 0.35277777777777786
2 0.4713541666666667 0.5953703703703703 0.42864583333333334 0.5953703703703703 0.42864583333333334 0.6731481481481482 0.4713541666666667 0.6731481481481482
7 0.6807291666666667 0.45185185185185195 0.6291666666666667 0.45185185185185195 0.6291666666666667 0.5453703703703706 0.6807291666666667 0.5453703703703706
1 0.6479166666666667 0.1944444444444446 0.5963541666666666 0.19444444444444456 0.5963541666666666 0.2861111111111112 0.6479166666666667 0.2861111111111112
6 0.3546875 0.524074074074074 0.3020833333333333 0.524074074074074 0.3020833333333333 0.6185185185185185 0.3546875 0.6185185185185185
7 0.509375 0.19907407407407418 0.4583333333333333 0.19907407407407418 0.4583333333333333 0.29074074074074086 0.509375 0.29074074074074086
11 0.6067708333333334 0.14259259259259272 0.5546875 0.1425925925925927 0.5546875 0.23518518518518533 0.6067708333333334 0.23518518518518533
3 0.703125 0.38796296296296306 0.6619791666666667 0.38796296296296306 0.6619791666666667 0.46203703703703713 0.703125 0.46203703703703713
4 0.43385416666666665 0.5231481481481481 0.38125 0.5231481481481481 0.38125 0.6185185185185185 0.43385416666666665 0.6185185185185185
3 0.5572916666666666 0.3916666666666668 0.5151041666666667 0.3916666666666668 0.5151041666666667 0.4666666666666668 0.5572916666666666 0.4666666666666668
5 0.6130208333333333 0.4500000000000001 0.5630208333333333 0.4500000000000001 0.5630208333333333 0.540740740740741 0.6130208333333333 0.540740740740741
2 0.325 0.6083333333333333 0.2828125 0.6083333333333333 0.2828125 0.6851851851851852 0.325 0.6851851851851852
3 0.5296875 0.1425925925925927 0.4890625 0.1425925925925927 0.4890625 0.21574074074074084 0.5296875 0.21574074074074084
6 0.5359375 0.7805555555555557 0.48333333333333334 0.7805555555555556 0.4833333333333334 0.8750000000000001 0.5359375 0.8750000000000002
3 0.5442708333333334 0.2685185185185186 0.5026041666666666 0.2685185185185186 0.5026041666666666 0.3435185185185186 0.5442708333333334 0.3435185185185186
1 0.6182291666666667 0.2583333333333334 0.5661458333333333 0.2583333333333334 0.5661458333333333 0.35277777777777786 0.6182291666666667 0.35277777777777786
8 0.6619791666666667 0.3277777777777779 0.6197916666666666 0.3277777777777779 0.6197916666666666 0.4037037037037038 0.6619791666666667 0.4037037037037038
4 0.5213541666666667 0.6425925925925927 0.46875 0.6425925925925926 0.46875 0.738888888888889 0.5213541666666667 0.7388888888888892
10 0.4161458333333333 0.7175925925925926 0.36354166666666665 0.7175925925925926 0.36354166666666665 0.812962962962963 0.4161458333333333 0.812962962962963
9 0.36666666666666664 0.6583333333333333 0.325 0.6583333333333333 0.325 0.7333333333333333 0.36666666666666664 0.7333333333333333
2 0.49687500000000007 0.8555555555555556 0.4552083333333333 0.8555555555555555 0.4552083333333334 0.9305555555555557 0.4968750000000001 0.9305555555555558
2 0.4 0.6018518518518519 0.3572916666666667 0.6018518518518519 0.3572916666666667 0.6796296296296296 0.4 0.6796296296296296
5 0.5229166666666667 0.3212962962962964 0.4713541666666667 0.3212962962962964 0.4713541666666667 0.4148148148148149 0.5229166666666667 0.4148148148148149
0 0.34427083333333336 0.7185185185185186 0.2921875 0.7185185185185186 0.2921875 0.8148148148148148 0.34427083333333336 0.8148148148148148
2 0.49114583333333334 0.7305555555555556 0.4484375 0.7305555555555555 0.4484375 0.8074074074074075 0.49114583333333334 0.8074074074074076
8 0.5760416666666667 0.20462962962962974 0.5338541666666666 0.20462962962962974 0.5338541666666666 0.28055555555555567 0.5760416666666667 0.28055555555555567
9 0.45937500000000003 0.7851851851851852 0.4171875 0.7851851851851852 0.41718750000000004 0.8601851851851852 0.45937500000000014 0.8601851851851852
13 0.44895833333333335 0.6435185185185185 0.3859375 0.6435185185185185 0.3859375 0.7583333333333333 0.44895833333333335 0.7583333333333333
3 0.6317708333333333 0.3972222222222223 0.590625 0.3972222222222223 0.590625 0.4703703703703705 0.6317708333333333 0.4703703703703705
12 0.5994791666666667 0.3101851851851853 0.5369791666666667 0.3101851851851853 0.5369791666666667 0.42777777777777787 0.5994791666666667 0.42777777777777787
0 0.4302083333333334 0.8472222222222222 0.37552083333333336 0.8472222222222222 0.3755208333333334 0.9472222222222222 0.43020833333333347 0.9472222222222222
10 0.39010416666666675 0.7805555555555556 0.33489583333333334 0.7805555555555556 0.3348958333333334 0.8814814814814815 0.3901041666666668 0.8814814814814815