7 0.2916666666666667 0.2046296296296297 0.25729166666666664 0.2046296296296297 0.25729166666666664 0.2583333333333334 0.2916666666666667 0.2583333333333334
2 0.459375 0.10185185185185196 0.43072916666666666 0.10185185185185196 0.43072916666666666 0.14444444444444454 0.459375 0.14444444444444454
11 0.20104166666666667 0.29907407407407405 0.1671875 0.29907407407407405 0.1671875 0.35462962962962963 0.20104166666666667 0.35462962962962963
3 0.32447916666666665 0.45740740740740754 0.2947916666666667 0.45740740740740754 0.2947916666666667 0.5018518518518519 0.32447916666666665 0.5018518518518519
1 0.19791666666666666 0.14537037037037043 0.1640625 0.14537037037037043 0.1640625 0.19722222222222227 0.19791666666666666 0.19722222222222227
4 0.6072916666666667 0.5953703703703705 0.5703125 0.5953703703703705 0.5703125 0.651851851851852 0.6072916666666667 0.651851851851852
7 0.2953125 0.7444444444444445 0.2588541666666667 0.7444444444444445 0.2588541666666667 0.8018518518518518 0.2953125 0.8018518518518518
2 0.4635416666666667 0.26944444444444454 0.434375 0.26944444444444454 0.434375 0.31203703703703717 0.4635416666666667 0.31203703703703717
3 0.33489583333333334 0.6435185185185185 0.30520833333333336 0.6435185185185185 0.30520833333333336 0.687962962962963 0.33489583333333334 0.687962962962963
3 0.3234375 0.2879629629629631 0.2942708333333333 0.2879629629629631 0.2942708333333333 0.33055555555555566 0.3234375 0.33055555555555566
12 0.5677083333333334 0.4324074074074075 0.5223958333333333 0.4324074074074075 0.5223958333333333 0.502777777777778 0.5677083333333334 0.502777777777778
2 0.471875 0.6305555555555555 0.44114583333333335 0.6305555555555555 0.44114583333333335 0.6731481481481482 0.471875 0.6731481481481482
3 0.32135416666666666 0.12407407407407413 0.29270833333333335 0.12407407407407413 0.29270833333333335 0.16481481481481486 0.32135416666666666 0.16481481481481486
2 0.4802083333333334 0.8175925925925925 0.44947916666666665 0.8175925925925925 0.4494791666666667 0.862037037037037 0.48020833333333346 0.862037037037037
13 0.24635416666666674 0.4518518518518519 0.20312500000000006 0.45185185185185184 0.20312500000000006 0.5194444444444445 0.24635416666666674 0.5194444444444445
6 0.5276041666666667 0.7194444444444447 0.4901041666666667 0.7194444444444447 0.4901041666666667 0.777777777777778 0.5276041666666667 0.777777777777778
4 0.5953125 0.16574074074074086 0.559375 0.16574074074074086 0.559375 0.2185185185185186 0.5953125 0.2185185185185186
0 0.5895833333333333 0.0916666666666668 0.5541666666666667 0.0916666666666668 0.5541666666666667 0.14537037037037048 0.5895833333333333 0.14537037037037048
3 0.3427083333333334 0.825 0.31302083333333336 0.825 0.3130208333333334 0.8703703703703703 0.34270833333333345 0.8703703703703703
1 0.21875000000000006 0.8379629629629629 0.18385416666666674 0.8379629629629629 0.18385416666666674 0.8962962962962963 0.21875000000000006 0.8962962962962963
2 0.4708333333333333 0.44444444444444453 0.4401041666666667 0.44444444444444453 0.4401041666666667 0.487962962962963 0.4708333333333333 0.487962962962963
8 0.6151041666666667 0.5222222222222225 0.5854166666666667 0.5222222222222225 0.5854166666666667 0.5675925925925928 0.6151041666666667 0.5675925925925928
9 0.1979166666666667 0.5777777777777777 0.16875000000000007 0.5777777777777777 0.16875000000000007 0.6231481481481481 0.1979166666666667 0.6231481481481481
10 0.6135416666666667 0.6935185185185188 0.5755208333333334 0.6935185185185188 0.5755208333333334 0.7490740740740743 0.6135416666666667 0.7490740740740743
9 0.19843750000000002 0.39166666666666666 0.171875 0.39166666666666666 0.17187500000000003 0.43425925925925923 0.19843750000000007 0.43425925925925923
11 0.20468750000000005 0.6537037037037037 0.1692708333333334 0.6537037037037037 0.1692708333333334 0.7111111111111111 0.20468750000000005 0.7111111111111111
5 0.20729166666666674 0.737037037037037 0.17291666666666672 0.737037037037037 0.17291666666666672 0.7935185185185185 0.20729166666666674 0.7935185185185185
6 0.5057291666666667 0.16481481481481491 0.4703125 0.16481481481481491 0.4703125 0.2185185185185186 0.5057291666666667 0.2185185185185186
5 0.20364583333333333 0.21018518518518522 0.1703125 0.21018518518518522 0.1703125 0.275 0.20364583333333333 0.275
10 0.5989583333333334 0.24722222222222232 0.5645833333333333 0.24722222222222232 0.5645833333333333 0.31203703703703717 0.5989583333333334 0.31203703703703717
8 0.6010416666666667 0.34814814814814826 0.5729166666666666 0.34814814814814826 0.5729166666666666 0.4037037037037038 0.6010416666666667 0.4037037037037038
0 0.6265625 0.7787037037037039 0.5885416666666666 0.7787037037037039 0.5885416666666666 0.839814814814815 0.6265625 0.839814814814815