11 0.7005208333333334 0.6787037037037039 0.6625 0.6787037037037039 0.6625 0.739814814814815 0.7005208333333334 0.739814814814815
1 0.5947916666666667 0.8601851851851854 0.5546875 0.8601851851851854 0.5546875 0.9212962962962965 0.5947916666666667 0.9212962962962965
3 0.47239583333333335 0.35462962962962974 0.4401041666666667 0.35462962962962974 0.4401041666666667 0.40185185185185196 0.47239583333333335 0.40185185185185196
2 0.684375 0.24722222222222232 0.6536458333333334 0.24722222222222232 0.6536458333333334 0.29444444444444456 0.684375 0.29444444444444456
4 0.375 0.7074074074074074 0.3359375 0.7074074074074074 0.3359375 0.7685185185185185 0.375 0.7685185185185185
1 0.5807291666666666 0.25185185185185194 0.540625 0.25185185185185194 0.540625 0.32037037037037047 0.5807291666666666 0.32037037037037047
9 0.51875 0.18055555555555566 0.48802083333333335 0.18055555555555566 0.48802083333333335 0.22777777777777788 0.51875 0.22777777777777788
5 0.41354166666666664 0.18055555555555566 0.37395833333333334 0.18055555555555566 0.37395833333333334 0.24074074074074084 0.41354166666666664 0.24074074074074084
0 0.47239583333333335 0.2601851851851853 0.434375 0.2601851851851853 0.434375 0.32222222222222235 0.47239583333333335 0.32222222222222235
3 0.6354166666666666 0.4287037037037038 0.6046875 0.4287037037037038 0.6046875 0.4768518518518521 0.6354166666666666 0.4768518518518521
7 0.31614583333333335 0.3592592592592594 0.2765625 0.3592592592592594 0.2765625 0.42037037037037045 0.31614583333333335 0.42037037037037045
2 0.3645833333333333 0.5416666666666666 0.33229166666666665 0.5416666666666666 0.33229166666666665 0.5898148148148148 0.3645833333333333 0.5898148148148148
7 0.43906250000000013 0.8768518518518519 0.3984375000000001 0.8768518518518519 0.3984375000000001 0.937962962962963 0.43906250000000013 0.937962962962963
4 0.47760416666666666 0.42962962962962975 0.43854166666666666 0.42962962962962975 0.43854166666666666 0.49074074074074076 0.47760416666666666 0.49074074074074076
6 0.7515625 0.401851851851852 0.7114583333333333 0.40185185185185196 0.7114583333333333 0.46296296296296313 0.7515625 0.4629629629629632
5 0.53125 0.34444444444444455 0.49322916666666666 0.34444444444444455 0.49322916666666666 0.4037037037037038 0.53125 0.4037037037037038
10 0.5229166666666667 0.0925925925925927 0.48541666666666666 0.0925925925925927 0.48541666666666666 0.15185185185185196 0.5229166666666667 0.15185185185185196
8 0.48489583333333336 0.7046296296296297 0.4510416666666667 0.7046296296296296 0.4510416666666667 0.7629629629629631 0.48489583333333336 0.7629629629629632
0 0.596875 0.6879629629629632 0.5541666666666667 0.6879629629629632 0.5541666666666667 0.7537037037037039 0.596875 0.7537037037037039
3 0.36875 0.4546296296296297 0.334375 0.4546296296296297 0.334375 0.5046296296296297 0.36875 0.5046296296296297
3 0.5828125 0.43055555555555564 0.5520833333333334 0.43055555555555564 0.5520833333333334 0.4768518518518521 0.5828125 0.4768518518518521
8 0.5432291666666667 0.8851851851851854 0.5098958333333334 0.8851851851851854 0.5098958333333334 0.9342592592592595 0.5432291666666667 0.9342592592592595
2 0.3609375 0.2787037037037038 0.3307291666666667 0.2787037037037038 0.3307291666666667 0.325925925925926 0.3609375 0.325925925925926
3 0.5348958333333333 0.5324074074074077 0.5015625 0.5324074074074077 0.5015625 0.5870370370370372 0.5348958333333333 0.5870370370370372
10 0.5416666666666666 0.7870370370370372 0.503125 0.7870370370370372 0.503125 0.8472222222222224 0.5416666666666666 0.8472222222222224
12 0.4947916666666668 0.8675925925925927 0.44687500000000013 0.8675925925925926 0.44687500000000013 0.9416666666666668 0.4947916666666668 0.9416666666666669
2 0.6296875 0.25555555555555565 0.6 0.25555555555555565 0.6 0.301851851851852 0.6296875 0.301851851851852
6 0.43125 0.7046296296296296 0.390625 0.7046296296296296 0.390625 0.7657407407407407 0.43125 0.7657407407407407
2 0.5833333333333334 0.5194444444444447 0.5541666666666667 0.5194444444444447 0.5541666666666667 0.5768518518518521 0.5833333333333334 0.5768518518518521
9 0.46510416666666665 0.17592592592592604 0.43385416666666665 0.17592592592592604 0.43385416666666665 0.22777777777777788 0.46510416666666665 0.22777777777777788
11 0.5359375 0.6981481481481484 0.5005208333333333 0.6981481481481484 0.5005208333333333 0.7592592592592595 0.5359375 0.7592592592592595
13 0.58125 0.1611111111111112 0.5359375 0.1611111111111112 0.5359375 0.23981481481481493 0.58125 0.23981481481481493