9 0.5536458333333333 0.1712962962962964 0.5203125 0.1712962962962964 0.5203125 0.22222222222222232 0.5536458333333333 0.22222222222222232
5 0.6161458333333333 0.17129629629629642 0.5729166666666666 0.1712962962962964 0.5729166666666666 0.23148148148148162 0.6161458333333333 0.23148148148148165
1 0.42760416666666673 0.8527777777777777 0.38333333333333336 0.8527777777777777 0.3833333333333334 0.9148148148148149 0.4276041666666668 0.9148148148148149
9 0.4984375 0.17222222222222233 0.4661458333333333 0.17222222222222233 0.4661458333333333 0.22962962962962974 0.4984375 0.22962962962962974
7 0.7104166666666667 0.3500000000000001 0.6671875 0.3500000000000001 0.6671875 0.41203703703703715 0.7104166666666667 0.41203703703703715
7 0.58125 0.8694444444444447 0.5369791666666667 0.8694444444444447 0.5369791666666667 0.9379629629629632 0.58125 0.9379629629629632
4 0.5447916666666667 0.426851851851852 0.503125 0.426851851851852 0.503125 0.490740740740741 0.5447916666666667 0.490740740740741
8 0.5296875 0.7009259259259262 0.49322916666666666 0.7009259259259262 0.49322916666666666 0.7620370370370373 0.5296875 0.7620370370370373
4 0.6458333333333334 0.702777777777778 0.6026041666666667 0.702777777777778 0.6026041666666667 0.7657407407407409 0.6458333333333334 0.7657407407407409
6 0.590625 0.7009259259259262 0.5484375 0.7009259259259262 0.5484375 0.7638888888888891 0.590625 0.7638888888888891
13 0.453125 0.15740740740740752 0.4010416666666667 0.15740740740740752 0.4010416666666667 0.2314814814814816 0.453125 0.2314814814814816
3 0.4348958333333333 0.4231481481481483 0.39739583333333334 0.4231481481481483 0.39739583333333334 0.48518518518518516 0.4348958333333333 0.48518518518518516
3 0.38125 0.4287037037037038 0.34427083333333336 0.4287037037037038 0.34427083333333336 0.4824074074074074 0.38125 0.4824074074074074
2 0.6588541666666666 0.2703703703703705 0.621875 0.2703703703703705 0.621875 0.31851851851851865 0.6588541666666666 0.31851851851851865
1 0.4473958333333333 0.25555555555555565 0.4036458333333333 0.25555555555555565 0.4036458333333333 0.31666666666666676 0.4473958333333333 0.31666666666666676
3 0.546875 0.3490740740740742 0.5098958333333333 0.3490740740740742 0.5098958333333333 0.40462962962962973 0.546875 0.40462962962962973
2 0.6510416666666666 0.5398148148148151 0.6151041666666667 0.5398148148148151 0.6151041666666667 0.5907407407407409 0.6510416666666666 0.5907407407407409
3 0.4828125 0.5342592592592592 0.4473958333333333 0.5342592592592592 0.4473958333333333 0.5833333333333334 0.4828125 0.5833333333333334
3 0.6520833333333333 0.4527777777777779 0.6161458333333333 0.4527777777777779 0.6161458333333333 0.5018518518518521 0.6520833333333333 0.5018518518518521
12 0.5328125000000001 0.8601851851851853 0.4796875000000001 0.8601851851851852 0.4796875000000001 0.9342592592592593 0.5328125000000001 0.9342592592592595
6 0.275 0.4055555555555556 0.23125 0.40555555555555556 0.23125000000000004 0.46851851851851856 0.275 0.4685185185185186
10 0.4796875 0.7814814814814814 0.4359375 0.7814814814814814 0.4359375 0.8416666666666667 0.4796875 0.8416666666666667
0 0.42552083333333335 0.6907407407407408 0.38333333333333336 0.6907407407407408 0.38333333333333336 0.7537037037037037 0.42552083333333335 0.7537037037037037
10 0.5020833333333333 0.08333333333333344 0.459375 0.08333333333333344 0.459375 0.14722222222222234 0.5020833333333333 0.14722222222222234
2 0.42916666666666664 0.5222222222222223 0.3958333333333333 0.5222222222222223 0.3958333333333333 0.575 0.42916666666666664 0.575
11 0.3223958333333333 0.674074074074074 0.28072916666666664 0.674074074074074 0.28072916666666664 0.7435185185185185 0.3223958333333333 0.7435185185185185
2 0.38697916666666665 0.25185185185185194 0.353125 0.25185185185185194 0.353125 0.3064814814814816 0.38697916666666665 0.3064814814814816
11 0.4822916666666667 0.6861111111111111 0.4421875 0.6861111111111111 0.4421875 0.7564814814814815 0.4822916666666667 0.7564814814814815
2 0.334375 0.24722222222222232 0.30052083333333335 0.24722222222222232 0.30052083333333335 0.301851851851852 0.334375 0.301851851851852
0 0.5515625 0.2527777777777779 0.5083333333333333 0.2527777777777779 0.5083333333333333 0.31851851851851865 0.5515625 0.31851851851851865
5 0.4942708333333333 0.3379629629629631 0.45 0.3379629629629631 0.45 0.4074074074074075 0.4942708333333333 0.4074074074074075
8 0.4697916666666668 0.8805555555555555 0.43645833333333345 0.8805555555555555 0.43645833333333345 0.9259259259259259 0.4697916666666668 0.9259259259259259