1 0.33645833333333336 0.7277777777777777 0.2859375 0.7277777777777777 0.2859375 0.8166666666666667 0.33645833333333336 0.8166666666666667
10 0.35572916666666665 0.6138888888888889 0.3046875 0.6138888888888889 0.3046875 0.700925925925926 0.35572916666666665 0.700925925925926
1 0.6442708333333333 0.43981481481481494 0.5927083333333333 0.43981481481481494 0.5927083333333333 0.5305555555555558 0.6442708333333333 0.5305555555555558
9 0.6583333333333333 0.32037037037037047 0.6145833333333334 0.32037037037037047 0.6145833333333334 0.3962962962962964 0.6583333333333333 0.3962962962962964
2 0.5442708333333334 0.11666666666666678 0.5036458333333333 0.11666666666666677 0.5036458333333333 0.18796296296296308 0.5442708333333334 0.18796296296296308
11 0.47187500000000004 0.8185185185185185 0.4203125 0.8185185185185185 0.42031250000000003 0.9074074074074074 0.4718750000000001 0.9074074074074074
5 0.5786458333333333 0.40555555555555567 0.5270833333333333 0.40555555555555567 0.5270833333333333 0.4962962962962965 0.5786458333333333 0.4962962962962965
6 0.6328125 0.7824074074074077 0.5828125 0.7824074074074077 0.5828125 0.8685185185185187 0.6328125 0.8685185185185187
3 0.4822916666666667 0.5009259259259259 0.4401041666666667 0.5009259259259259 0.4401041666666667 0.575925925925926 0.4822916666666667 0.575925925925926
3 0.5557291666666667 0.5361111111111113 0.5145833333333333 0.5361111111111113 0.5145833333333333 0.6083333333333335 0.5557291666666667 0.6083333333333335
2 0.40989583333333335 0.2351851851851853 0.36875 0.2351851851851853 0.36875 0.30925925925925934 0.40989583333333335 0.30925925925925934
4 0.32864583333333336 0.30925925925925934 0.2765625 0.30925925925925934 0.2765625 0.4000000000000001 0.32864583333333336 0.4000000000000001
8 0.371875 0.49907407407407406 0.32916666666666666 0.49907407407407406 0.32916666666666666 0.5703703703703704 0.371875 0.5703703703703704
7 0.4828125 0.0675925925925927 0.4322916666666667 0.0675925925925927 0.4322916666666667 0.15648148148148158 0.4828125 0.15648148148148158
3 0.5494791666666666 0.3250000000000001 0.5078125 0.3250000000000001 0.5078125 0.3972222222222223 0.5494791666666666 0.3972222222222223
6 0.35052083333333334 0.3990740740740742 0.3 0.3990740740740742 0.3 0.487962962962963 0.35052083333333334 0.487962962962963
8 0.303125 0.6675925925925926 0.26354166666666673 0.6675925925925926 0.26354166666666673 0.7361111111111112 0.303125 0.7361111111111112
5 0.6161458333333333 0.14259259259259272 0.5651041666666666 0.1425925925925927 0.5651041666666666 0.23148148148148162 0.6161458333333333 0.23148148148148165
3 0.4552083333333333 0.19907407407407418 0.4140625 0.19907407407407418 0.4140625 0.27314814814814825 0.4552083333333333 0.27314814814814825
12 0.29322916666666665 0.562037037037037 0.23437500000000006 0.562037037037037 0.23437500000000006 0.6657407407407407 0.29322916666666665 0.6657407407407407
2 0.6895833333333333 0.6175925925925928 0.6489583333333333 0.6175925925925928 0.6489583333333333 0.6888888888888891 0.6895833333333333 0.6888888888888891
3 0.5776041666666667 0.6194444444444447 0.5364583333333334 0.6194444444444447 0.5364583333333334 0.6916666666666669 0.5776041666666667 0.6916666666666669
7 0.26562500000000006 0.48518518518518516 0.21510416666666674 0.48518518518518516 0.21510416666666674 0.5722222222222222 0.26562500000000006 0.5722222222222222
0 0.5984375 0.2750000000000001 0.5473958333333333 0.2750000000000001 0.5473958333333333 0.3648148148148149 0.5984375 0.3648148148148149
9 0.6369791666666667 0.23796296296296307 0.5963541666666666 0.23796296296296307 0.5963541666666666 0.30925925925925934 0.6369791666666667 0.30925925925925934
4 0.5119791666666667 0.35462962962962974 0.4609375 0.35462962962962974 0.4609375 0.44444444444444453 0.5119791666666667 0.44444444444444453
2 0.5078125 0.5777777777777778 0.465625 0.5777777777777777 0.465625 0.6527777777777779 0.5078125 0.652777777777778
2 0.6625 0.5361111111111113 0.6229166666666667 0.5361111111111113 0.6229166666666667 0.6064814814814817 0.6625 0.6064814814814817
10 0.7026041666666667 0.2898148148148149 0.6572916666666667 0.2898148148148149 0.6572916666666667 0.36574074074074087 0.7026041666666667 0.36574074074074087
13 0.6916666666666667 0.39444444444444454 0.6338541666666667 0.39444444444444454 0.6338541666666667 0.49444444444444463 0.6916666666666667 0.49444444444444463
0 0.42552083333333335 0.6583333333333333 0.375 0.6583333333333333 0.375 0.7444444444444445 0.42552083333333335 0.7444444444444445
11 0.3984375 0.5685185185185185 0.35 0.5685185185185185 0.35 0.649074074074074 0.3984375 0.649074074074074